Year	DOY	Hour	Min	 Dectime	  HDD1_h	  HDD2_c	HDD3_Tmean	HDD4_T5d	   P_day	  DaysSR	GDD_EveTr	GDD_DecTr	GDD_Grass	SDD_EveTr	SDD_DecTr	SDD_Grass	    Tmin	    Tmax	   DLHrs	LAI_EveTr	LAI_DecTr	LAI_Grass	DecidCap	Porosity	AlbEveTr	AlbDecTr	AlbGrass	WU_EveTr1	WU_EveTr2	WU_EveTr3	WU_DecTr1	WU_DecTr2	WU_DecTr3	WU_Grass1	WU_Grass2	WU_Grass3	LAIlumps	 AlbSnow	DensSnow_Paved	DensSnow_Bldgs	DensSnow_EveTr	DensSnow_DecTr	DensSnow_Grass	DensSnow_BSoil	DensSnow_Water	      a1	      a2	      a3
2018	  1	  23	 55	  0.9965	  0.0000	 14.2995	    0.0730	  7.7502	 29.5667	  0.0000	   0.2000	   0.2000	   0.2000	-450.0000	-450.0000	-450.0000	  3.6000	  6.6000	 12.7500	   4.0003	   1.0006	   1.6006	  0.3001	  0.5999	  0.1000	  0.1600	  0.1900	   0.0000	   0.0000	   0.0000	   0.0000	   0.0000	   0.0000	   0.0000	   0.0000	   0.0000	  0.2317	  0.0000	        0.0000	        0.0000	        0.0000	        0.0000	        0.0000	        0.0000	        0.0000	  0.3415	  0.2793	-23.1053
2018	  2	  23	 55	  1.9965	  0.0000	  3.5105	    0.0175	  3.1900	  0.9667	  0.0000	   4.1000	   4.1000	   4.1000	-450.0000	-450.0000	-450.0000	  4.8000	  6.5000	 27.1667	   4.0160	   1.0303	   1.6309	  0.3034	  0.5973	  0.1000	  0.1600	  0.1900	   0.0000	   0.0000	   0.0000	   0.0000	   0.0000	   0.0000	   0.0000	   0.0000	   0.0000	  0.2320	  0.0000	        0.0000	        0.0000	        0.0000	        0.0000	        0.0000	        0.0000	        0.0000	  0.3415	  0.2793	-23.1053
2018	  3	  23	 55	  2.9965	  0.0000	1505.4464	    5.2060	  3.5932	 15.2083	  0.0000	   0.0000	   0.0000	   0.0000	-450.0000	-450.0000	-450.0000	  2.6000	  5.0000	  5.7500	   4.0160	   1.0303	   1.6309	  0.3034	  0.5973	  0.1000	  0.1600	  0.1900	   0.0000	   0.0000	   0.0000	   0.0000	   0.0000	   0.0000	   0.0000	   0.0000	   0.0000	  0.2370	  0.0000	        0.0000	        0.0000	        0.0000	        0.0000	        0.0000	        0.0000	        0.0000	  0.3415	  0.2793	-23.1053
2018	  4	  23	 55	  3.9965	  0.0000	  9.4740	    0.0260	  3.1028	  0.0167	  0.0000	   0.0000	   0.0000	   0.0000	-450.0000	-450.0000	-450.0000	  2.2000	  3.5000	 19.0000	   4.0160	   1.0303	   1.6309	  0.3034	  0.5973	  0.1000	  0.1600	  0.1900	   0.0000	   0.0000	   0.0000	   0.0000	   0.0000	   0.0000	   0.0000	   0.0000	   0.0000	  0.2370	  0.0000	        0.0000	        0.0000	        0.0000	        0.0000	        0.0000	        0.0000	        0.0000	  0.3415	  0.2793	-23.1053
2018	  5	  23	 55	  4.9965	  0.0000	1154.3867	    2.2299	  2.9282	  0.0000	  1.0000	   0.0000	   0.0000	   0.0000	-450.0000	-450.0000	-450.0000	  0.8167	  2.8000	  6.5833	   4.0160	   1.0303	   1.6309	  0.3034	  0.5973	  0.1000	  0.1600	  0.1900	   0.0000	   0.0000	   0.0000	   0.0000	   0.0000	   0.0000	   0.0000	   0.0000	   0.0000	  0.2370	  0.0000	        0.0000	        0.0000	        0.0000	        0.0000	        0.0000	        0.0000	        0.0000	  0.3415	  0.2793	-23.1053
2018	  6	  23	 55	  5.9965	  0.0000	 16.4412	   -0.0412	  0.9402	  0.0000	  3.0000	   0.0000	   0.0000	   0.0000	-450.0000	-450.0000	-450.0000	 -6.0500	  0.8000	 55.0000	   4.0160	   1.0303	   1.6309	  0.3034	  0.5973	  0.1000	  0.1600	  0.1900	   0.0000	   0.0000	   0.0000	   0.0000	   0.0000	   0.0000	   0.0000	   0.0000	   0.0000	  0.2370	  0.0000	        0.0000	        0.0000	        0.0000	        0.0000	        0.0000	        0.0000	        0.0000	  0.3415	  0.2793	-23.1053
2018	  7	  23	 55	  6.9965	  0.0000	 10.0684	    0.0019	  0.0427	  0.0000	  5.0000	   0.0000	   0.0000	   0.0000	-450.0000	-450.0000	-450.0000	 -7.9000	  4.4000	 23.3333	   4.0160	   1.0303	   1.6309	  0.3034	  0.5973	  0.1000	  0.1600	  0.1900	   0.0000	   0.0000	   0.0000	   0.0000	   0.0000	   0.0000	   0.0000	   0.0000	   0.0000	  0.2370	  0.0000	        0.0000	        0.0000	        0.0000	        0.0000	        0.0000	        0.0000	        0.0000	  0.3415	  0.2793	-23.1053
2018	  8	  23	 55	  7.9965	  0.0000	1556.5758	    4.1228	  0.8587	  0.0000	  6.0000	   0.0000	   0.0000	   0.0000	-450.0000	-450.0000	-450.0000	  0.2000	  4.3000	 15.6667	   4.0160	   1.0303	   1.6309	  0.3034	  0.5973	  0.1000	  0.1600	  0.1900	   0.0000	   0.0000	   0.0000	   0.0000	   0.0000	   0.0000	   0.0000	   0.0000	   0.0000	  0.2370	  0.0000	        0.0000	        0.0000	        0.0000	        0.0000	        0.0000	        0.0000	        0.0000	  0.3415	  0.2793	-23.1053
2018	  9	  23	 55	  8.9965	  0.0000	1625.3172	    3.2475	  1.3365	  0.0000	  7.0000	   0.0000	   0.0000	   0.0000	-450.0000	-450.0000	-450.0000	 -0.9000	  4.6000	 16.1667	   4.0160	   1.0303	   1.6309	  0.3034	  0.5973	  0.1000	  0.1600	  0.1900	   0.0000	   0.0000	   0.0000	   0.0000	   0.0000	   0.0000	   0.0000	   0.0000	   0.0000	  0.2370	  0.0000	        0.0000	        0.0000	        0.0000	        0.0000	        0.0000	        0.0000	        0.0000	  0.3415	  0.2793	-23.1053
2018	 10	  23	 55	  9.9965	  0.0000	3393.6722	   10.2994	  3.1291	 38.1583	  0.0000	   0.0000	   0.0000	   0.0000	-450.0000	-450.0000	-450.0000	  2.1000	  3.9000	  5.7500	   4.0160	   1.0303	   1.6309	  0.3034	  0.5973	  0.1000	  0.1600	  0.1900	   0.0000	   0.0000	   0.0000	   0.0000	   0.0000	   0.0000	   0.0000	   0.0000	   0.0000	  0.2370	  0.0000	        0.0000	        0.0000	        0.0000	        0.0000	        0.0000	        0.0000	        0.0000	  0.3415	  0.2793	-23.1053
2018	 11	  23	 55	 10.9965	  0.0000	7104.8820	   21.3802	  6.7793	 22.9917	  0.0000	   0.0000	   0.0000	   0.0000	-450.0000	-450.0000	-450.0000	 -0.4000	  3.5000	122.3333	   4.0160	   1.0303	   1.6309	  0.3034	  0.5973	  0.1000	  0.1600	  0.1900	   0.0000	   0.0000	   0.0000	   0.0000	   0.0000	   0.0000	   0.0000	   0.0000	   0.0000	  0.2370	  0.0000	        0.0000	        0.0000	        0.0000	        0.0000	        0.0000	        0.0000	        0.0000	  0.3415	  0.2793	-23.1053
2018	 12	  23	 55	 11.9965	  0.0000	 13.7928	    0.0150	  5.0345	  0.3667	  0.0000	   0.0000	   0.0000	   0.0000	-450.0000	-450.0000	-450.0000	 -0.5000	  2.0000	 47.3333	   4.0160	   1.0303	   1.6309	  0.3034	  0.5973	  0.1000	  0.1600	  0.1900	   0.0000	   0.0000	   0.0000	   0.0000	   0.0000	   0.0000	   0.0000	   0.0000	   0.0000	  0.2370	  0.0000	        0.0000	        0.0000	        0.0000	        0.0000	        0.0000	        0.0000	        0.0000	  0.3415	  0.2793	-23.1053
2018	 13	  23	 55	 12.9965	  0.0000	2517.5671	    0.9225	  4.2121	  0.1917	  0.0000	   0.0000	   0.0000	   0.0000	-450.0000	-450.0000	-450.0000	 -0.7917	  0.7000	 38.8333	   4.0160	   1.0303	   1.6309	  0.3034	  0.5973	  0.1000	  0.1600	  0.1900	   0.0000	   0.0000	   0.0000	   0.0000	   0.0000	   0.0000	   0.0000	   0.0000	   0.0000	  0.2370	  0.0000	        0.0000	        0.0000	        0.0000	        0.0000	        0.0000	        0.0000	        0.0000	  0.3415	  0.2793	-23.1053
2018	 14	  23	 55	 13.9965	  0.0000	2940.5188	   -0.7878	  3.2121	  0.0000	  1.0000	   0.0000	   0.0000	   0.0000	-450.0000	-450.0000	-450.0000	 -1.7833	  0.0010	 50.0833	   4.0160	   1.0303	   1.6309	  0.3034	  0.5973	  0.1000	  0.1600	  0.1900	   0.0000	   0.0000	   0.0000	   0.0000	   0.0000	   0.0000	   0.0000	   0.0000	   0.0000	  0.2370	  0.0000	        0.0000	        0.0000	        0.0000	        0.0000	        0.0000	        0.0000	        0.0000	  0.3415	  0.2793	-23.1053
2018	 15	  23	 55	 14.9965	  0.0000	1259.8587	   -0.2040	  2.5289	  5.4000	  0.0000	   0.0000	   0.0000	   0.0000	-450.0000	-450.0000	-450.0000	 -1.9000	  0.8833	  4.5000	   4.0160	   1.0303	   1.6309	  0.3034	  0.5973	  0.1000	  0.1600	  0.1900	   0.0000	   0.0000	   0.0000	   0.0000	   0.0000	   0.0000	   0.0000	   0.0000	   0.0000	  0.2370	  0.0000	        0.0000	        0.0000	        0.0000	        0.0000	        0.0000	        0.0000	        0.0000	  0.3415	  0.2793	-23.1053
2018	 16	  23	 55	 15.9965	  0.0000	 27.5527	    0.0820	  5.1843	 60.3667	  0.0000	   0.0000	   0.0000	   0.0000	-450.0000	-450.0000	-450.0000	  0.4000	  3.7000	119.8333	   4.0160	   1.0303	   1.6309	  0.3034	  0.5973	  0.1000	  0.1600	  0.1900	   0.0000	   0.0000	   0.0000	   0.0000	   0.0000	   0.0000	   0.0000	   0.0000	   0.0000	  0.2370	  0.0000	        0.0000	        0.0000	        0.0000	        0.0000	        0.0000	        0.0000	        0.0000	  0.3415	  0.2793	-23.1053
2018	 17	  23	 55	 16.9965	  0.0000	 12.6250	    0.0236	  4.2138	  0.1250	  0.0000	   0.0000	   0.0000	   0.0000	-450.0000	-450.0000	-450.0000	  0.7000	  3.3000	 42.0833	   4.0160	   1.0303	   1.6309	  0.3034	  0.5973	  0.1000	  0.1600	  0.1900	   0.0000	   0.0000	   0.0000	   0.0000	   0.0000	   0.0000	   0.0000	   0.0000	   0.0000	  0.2370	  0.0000	        0.0000	        0.0000	        0.0000	        0.0000	        0.0000	        0.0000	        0.0000	  0.3415	  0.2793	-23.1053
2018	 18	  23	 55	 17.9965	  0.0000	 12.9231	    0.0064	  3.1780	  0.0083	  0.0000	   0.0000	   0.0000	   0.0000	-450.0000	-450.0000	-450.0000	 -1.1667	  1.5000	 44.0833	   4.0160	   1.0303	   1.6309	  0.3034	  0.5973	  0.1000	  0.1600	  0.1900	   0.0000	   0.0000	   0.0000	   0.0000	   0.0000	   0.0000	   0.0000	   0.0000	   0.0000	  0.2370	  0.0000	        0.0000	        0.0000	        0.0000	        0.0000	        0.0000	        0.0000	        0.0000	  0.3415	  0.2793	-23.1053
2018	 19	  23	 55	 18.9965	  0.0000	1988.1991	   -2.8392	  1.9746	  0.0000	  1.0000	   0.0000	   0.0000	   0.0000	-450.0000	-450.0000	-450.0000	 -3.8000	  0.8000	 25.5000	   4.0160	   1.0303	   1.6309	  0.3034	  0.5973	  0.1000	  0.1600	  0.1900	   0.0000	   0.0000	   0.0000	   0.0000	   0.0000	   0.0000	   0.0000	   0.0000	   0.0000	  0.2370	  0.0000	        0.0000	        0.0000	        0.0000	        0.0000	        0.0000	        0.0000	        0.0000	  0.3415	  0.2793	-23.1053
2018	 20	  23	 55	 19.9965	  0.0000	1211.7256	    0.3946	  1.6586	  0.3000	  0.0000	   0.0000	   0.0000	   0.0000	-450.0000	-450.0000	-450.0000	 -1.1000	  1.2000	 10.7500	   4.0160	   1.0303	   1.6309	  0.3034	  0.5973	  0.1000	  0.1600	  0.1900	   0.0000	   0.0000	   0.0000	   0.0000	   0.0000	   0.0000	   0.0000	   0.0000	   0.0000	  0.2370	  0.0000	        0.0000	        0.0000	        0.0000	        0.0000	        0.0000	        0.0000	        0.0000	  0.3415	  0.2793	-23.1053
2018	 21	  23	 55	 20.9965	  0.0000	1260.3454	    0.2827	  1.3834	  0.0000	  1.0000	   0.0000	   0.0000	   0.0000	-450.0000	-450.0000	-450.0000	 -0.4000	  1.0000	 10.5833	   4.0160	   1.0303	   1.6309	  0.3034	  0.5973	  0.1000	  0.1600	  0.1900	   0.0000	   0.0000	   0.0000	   0.0000	   0.0000	   0.0000	   0.0000	   0.0000	   0.0000	  0.2370	  0.0000	        0.0000	        0.0000	        0.0000	        0.0000	        0.0000	        0.0000	        0.0000	  0.3415	  0.2793	-23.1053
2018	 22	  23	 55	 21.9965	  0.0000	1287.3983	   -0.5111	  1.0045	  0.0000	  2.0000	   0.0000	   0.0000	   0.0000	-450.0000	-450.0000	-450.0000	 -2.0000	  0.6000	 11.4167	   4.0160	   1.0303	   1.6309	  0.3034	  0.5973	  0.1000	  0.1600	  0.1900	   0.0000	   0.0000	   0.0000	   0.0000	   0.0000	   0.0000	   0.0000	   0.0000	   0.0000	  0.2370	  0.0000	        0.0000	        0.0000	        0.0000	        0.0000	        0.0000	        0.0000	        0.0000	  0.3415	  0.2793	-23.1053
2018	 23	  23	 55	 22.9965	  0.0000	  8.6234	    0.0244	  0.9777	 28.0583	  0.0000	   0.0000	   0.0000	   0.0000	-450.0000	-450.0000	-450.0000	 -0.4000	  4.9500	  8.0833	   4.0160	   1.0303	   1.6309	  0.3034	  0.5973	  0.1000	  0.1600	  0.1900	   0.0000	   0.0000	   0.0000	   0.0000	   0.0000	   0.0000	   0.0000	   0.0000	   0.0000	  0.2370	  0.0000	        0.0000	        0.0000	        0.0000	        0.0000	        0.0000	        0.0000	        0.0000	  0.3415	  0.2793	-23.1053
2018	 24	  23	 55	 23.9965	  0.0000	1710.0300	   11.3819	  3.0585	 20.3833	  0.0000	   1.9500	   1.9500	   1.9500	-450.0000	-450.0000	-450.0000	  5.0000	  8.9000	  5.6667	   4.0181	   1.0342	   1.6349	  0.3038	  0.5970	  0.1000	  0.1600	  0.1900	   0.0000	   0.0000	   0.0000	   0.0000	   0.0000	   0.0000	   0.0000	   0.0000	   0.0000	  0.2377	  0.0000	        0.0000	        0.0000	        0.0000	        0.0000	        0.0000	        0.0000	        0.0000	  0.3415	  0.2793	-23.1053
2018	 25	  23	 55	 24.9965	  0.0000	2807.8003	   16.1697	  5.6807	  5.0000	  0.0000	   2.7500	   2.7500	   2.7500	-450.0000	-450.0000	-450.0000	  5.3000	  6.3000	 15.0000	   4.0210	   1.0397	   1.6405	  0.3044	  0.5965	  0.1000	  0.1600	  0.1900	   0.0000	   0.0000	   0.0000	   0.0000	   0.0000	   0.0000	   0.0000	   0.0000	   0.0000	  0.2387	  0.0000	        0.0000	        0.0000	        0.0000	        0.0000	        0.0000	        0.0000	        0.0000	  0.3415	  0.2793	-23.1053
2018	 26	  23	 55	 25.9965	  0.0000	 18.1004	    0.0777	  6.8392	  7.3250	  0.0000	   0.0000	   0.0000	   0.0000	-450.0000	-450.0000	-450.0000	  2.3750	  5.7000	 13.5000	   4.0210	   1.0397	   1.6405	  0.3044	  0.5965	  0.1000	  0.1600	  0.1900	   0.0000	   0.0000	   0.0000	   0.0000	   0.0000	   0.0000	   0.0000	   0.0000	   0.0000	  0.2387	  0.0000	        0.0000	        0.0000	        0.0000	        0.0000	        0.0000	        0.0000	        0.0000	  0.3415	  0.2793	-23.1053
2018	 27	  23	 55	 26.9965	  0.0000	 11.8758	    0.0264	  5.0305	 19.1917	  0.0000	   0.0000	   0.0000	   0.0000	-450.0000	-450.0000	-450.0000	 -2.8000	  4.5000	 28.5833	   4.0210	   1.0397	   1.6405	  0.3044	  0.5965	  0.1000	  0.1600	  0.1900	   0.0000	   0.0000	   0.0000	   0.0000	   0.0000	   0.0000	   0.0000	   0.0000	   0.0000	  0.2387	  0.0000	        0.0000	        0.0000	        0.0000	        0.0000	        0.0000	        0.0000	        0.0000	  0.3415	  0.2793	-23.1053
2018	 28	  23	 55	 27.9965	  0.0000	1445.9904	    8.4050	  5.7054	  5.8417	  0.0000	   0.4500	   0.4500	   0.4500	-450.0000	-450.0000	-450.0000	  3.6000	  7.3000	  9.3333	   4.0215	   1.0406	   1.6414	  0.3045	  0.5964	  0.1000	  0.1600	  0.1900	   0.0000	   0.0000	   0.0000	   0.0000	   0.0000	   0.0000	   0.0000	   0.0000	   0.0000	  0.2388	  0.0000	        0.0000	        0.0000	        0.0000	        0.0000	        0.0000	        0.0000	        0.0000	  0.3415	  0.2793	-23.1053
2018	 29	  23	 55	 28.9965	  0.0000	4961.9868	   19.1994	  8.4042	135.0833	  0.0000	   0.0000	   0.0000	   0.0000	-450.0000	-450.0000	-450.0000	  2.5000	  7.2000	 13.1667	   4.0215	   1.0406	   1.6414	  0.3045	  0.5964	  0.1000	  0.1600	  0.1900	   0.0000	   0.0000	   0.0000	   0.0000	   0.0000	   0.0000	   0.0000	   0.0000	   0.0000	  0.2388	  0.0000	        0.0000	        0.0000	        0.0000	        0.0000	        0.0000	        0.0000	        0.0000	  0.3415	  0.2793	-23.1053
2018	 30	  23	 55	 29.9965	  0.0000	2644.2332	    9.2401	  8.5714	  0.0000	  1.0000	   0.0000	   0.0000	   0.0000	-450.0000	-450.0000	-450.0000	 -0.4000	  5.5000	 29.6667	   4.0215	   1.0406	   1.6414	  0.3045	  0.5964	  0.1000	  0.1600	  0.1900	   0.0000	   0.0000	   0.0000	   0.0000	   0.0000	   0.0000	   0.0000	   0.0000	   0.0000	  0.2388	  0.0000	        0.0000	        0.0000	        0.0000	        0.0000	        0.0000	        0.0000	        0.0000	  0.3415	  0.2793	-23.1053
2018	 31	  23	 55	 30.9965	  0.0000	3346.6416	   12.0004	  9.2572	 44.2167	  0.0000	   0.0000	   0.0000	   0.0000	-450.0000	-450.0000	-450.0000	  1.5000	  5.3000	 21.0833	   4.0215	   1.0406	   1.6414	  0.3045	  0.5964	  0.1000	  0.1600	  0.1900	   0.0000	   0.0000	   0.0000	   0.0000	   0.0000	   0.0000	   0.0000	   0.0000	   0.0000	  0.2388	  0.0000	        0.0000	        0.0000	        0.0000	        0.0000	        0.0000	        0.0000	        0.0000	  0.3415	  0.2793	-23.1053
2018	 32	  23	 55	 31.9965	  0.0000	2955.4796	   10.6922	  9.5442	 27.3833	  0.0000	   0.0000	   0.0000	   0.0000	-450.0000	-450.0000	-450.0000	  0.7000	  4.5000	 26.9167	   4.0215	   1.0406	   1.6414	  0.3045	  0.5964	  0.1000	  0.1600	  0.1900	   0.0000	   0.0000	   0.0000	   0.0000	   0.0000	   0.0000	   0.0000	   0.0000	   0.0000	  0.2388	  0.0000	        0.0000	        0.0000	        0.0000	        0.0000	        0.0000	        0.0000	        0.0000	  0.3415	  0.2793	-23.1053
2018	 33	  23	 55	 32.9965	  0.0000	1837.4199	   -3.9425	  6.8469	  1.5083	  0.0000	   0.0000	   0.0000	   0.0000	-450.0000	-450.0000	-450.0000	 -5.1000	  3.0000	 16.9167	   4.0215	   1.0406	   1.6414	  0.3045	  0.5964	  0.1000	  0.1600	  0.1900	   0.0000	   0.0000	   0.0000	   0.0000	   0.0000	   0.0000	   0.0000	   0.0000	   0.0000	  0.2388	  0.0000	        0.0000	        0.0000	        0.0000	        0.0000	        0.0000	        0.0000	        0.0000	  0.3415	  0.2793	-23.1053
2018	 34	  23	 55	 33.9965	  0.0000	1262.8128	   -4.2116	  4.6352	  0.2250	  0.0000	   0.0000	   0.0000	   0.0000	-450.0000	-450.0000	-450.0000	 -5.1000	 -2.2000	  9.4167	   4.0215	   1.0406	   1.6414	  0.3045	  0.5964	  0.1000	  0.1600	  0.1900	   0.0000	   0.0000	   0.0000	   0.0000	   0.0000	   0.0000	   0.0000	   0.0000	   0.0000	  0.2388	  0.0000	        0.0000	        0.0000	        0.0000	        0.0000	        0.0000	        0.0000	        0.0000	  0.3415	  0.2793	-23.1053
2018	 35	  23	 55	 34.9965	  0.0000	1484.7325	   -5.0654	  2.6951	  0.0000	  1.0000	   0.0000	   0.0000	   0.0000	-450.0000	-450.0000	-450.0000	 -6.6917	 -2.2000	 15.4167	   4.0215	   1.0406	   1.6414	  0.3045	  0.5964	  0.1000	  0.1600	  0.1900	   0.0000	   0.0000	   0.0000	   0.0000	   0.0000	   0.0000	   0.0000	   0.0000	   0.0000	  0.2388	  0.0000	        0.0000	        0.0000	        0.0000	        0.0000	        0.0000	        0.0000	        0.0000	  0.3415	  0.2793	-23.1053
2018	 36	  23	 55	 35.9965	  0.0000	2089.3160	  -13.1091	 -0.4658	  0.0000	  2.0000	   0.0000	   0.0000	   0.0000	-450.0000	-450.0000	-450.0000	 -9.1000	 -2.9000	 26.5833	   4.0215	   1.0406	   1.6414	  0.3045	  0.5964	  0.1000	  0.1600	  0.1900	   0.0000	   0.0000	   0.0000	   0.0000	   0.0000	   0.0000	   0.0000	   0.0000	   0.0000	  0.2388	  0.0000	        0.0000	        0.0000	        0.0000	        0.0000	        0.0000	        0.0000	        0.0000	  0.3415	  0.2793	-23.1053
2018	 37	  23	 55	 36.9965	  0.0000	1453.5935	   -4.8769	 -1.3480	  0.3000	  0.0000	   0.0000	   0.0000	   0.0000	-450.0000	-450.0000	-450.0000	 -8.5000	 -0.8000	  9.6667	   4.0215	   1.0406	   1.6414	  0.3045	  0.5964	  0.1000	  0.1600	  0.1900	   0.0000	   0.0000	   0.0000	   0.0000	   0.0000	   0.0000	   0.0000	   0.0000	   0.0000	  0.2388	  0.0000	        0.0000	        0.0000	        0.0000	        0.0000	        0.0000	        0.0000	        0.0000	  0.3415	  0.2793	-23.1053
2018	 38	  23	 55	 37.9965	  0.0000	1680.5434	   -0.7005	 -1.2185	  5.1583	  0.0000	   0.0000	   0.0000	   0.0000	-450.0000	-450.0000	-450.0000	 -3.7000	  2.0000	 16.3333	   4.0215	   1.0406	   1.6414	  0.3045	  0.5964	  0.1000	  0.1600	  0.1900	   0.0000	   0.0000	   0.0000	   0.0000	   0.0000	   0.0000	   0.0000	   0.0000	   0.0000	  0.2388	  0.0000	        0.0000	        0.0000	        0.0000	        0.0000	        0.0000	        0.0000	        0.0000	  0.3415	  0.2793	-23.1053
2018	 39	  23	 55	 38.9965	  0.0000	2430.0835	    3.9406	 -0.1867	  0.0000	  1.0000	   0.0000	   0.0000	   0.0000	-450.0000	-450.0000	-450.0000	 -0.1000	  2.5000	 39.7500	   4.0215	   1.0406	   1.6414	  0.3045	  0.5964	  0.1000	  0.1600	  0.1900	   0.0000	   0.0000	   0.0000	   0.0000	   0.0000	   0.0000	   0.0000	   0.0000	   0.0000	  0.2388	  0.0000	        0.0000	        0.0000	        0.0000	        0.0000	        0.0000	        0.0000	        0.0000	  0.3415	  0.2793	-23.1053
2018	 40	  23	 55	 39.9965	  0.0000	  3.5084	   -0.0072	 -0.0868	  0.0000	  4.0000	   0.0000	   0.0000	   0.0000	-450.0000	-450.0000	-450.0000	 -2.7000	  1.6000	 21.0833	   4.0215	   1.0406	   1.6414	  0.3045	  0.5964	  0.1000	  0.1600	  0.1900	   0.0000	   0.0000	   0.0000	   0.0000	   0.0000	   0.0000	   0.0000	   0.0000	   0.0000	  0.2388	  0.0000	        0.0000	        0.0000	        0.0000	        0.0000	        0.0000	        0.0000	        0.0000	  0.3415	  0.2793	-23.1053
2018	 41	  23	 55	 40.9965	  0.0000	1423.2368	   -0.4252	 -0.1545	  0.0000	  5.0000	   0.0000	   0.0000	   0.0000	-450.0000	-450.0000	-450.0000	 -2.0000	  0.9000	 16.5833	   4.0215	   1.0406	   1.6414	  0.3045	  0.5964	  0.1000	  0.1600	  0.1900	   0.0000	   0.0000	   0.0000	   0.0000	   0.0000	   0.0000	   0.0000	   0.0000	   0.0000	  0.2388	  0.0000	        0.0000	        0.0000	        0.0000	        0.0000	        0.0000	        0.0000	        0.0000	  0.3415	  0.2793	-23.1053
2018	 42	  23	 55	 41.9965	  0.0000	1570.3837	    0.5266	 -0.0183	  6.6917	  0.0000	   0.0000	   0.0000	   0.0000	-450.0000	-450.0000	-450.0000	 -1.5000	  2.6000	 14.6667	   4.0215	   1.0406	   1.6414	  0.3045	  0.5964	  0.1000	  0.1600	  0.1900	   0.0000	   0.0000	   0.0000	   0.0000	   0.0000	   0.0000	   0.0000	   0.0000	   0.0000	  0.2388	  0.0000	        0.0000	        0.0000	        0.0000	        0.0000	        0.0000	        0.0000	        0.0000	  0.3415	  0.2793	-23.1053
2018	 43	  23	 55	 42.9965	  0.0000	1813.3098	    3.2750	  0.6404	 46.6167	  0.0000	   0.0000	   0.0000	   0.0000	-450.0000	-450.0000	-450.0000	  0.6000	  3.2000	 21.9167	   4.0215	   1.0406	   1.6414	  0.3045	  0.5964	  0.1000	  0.1600	  0.1900	   0.0000	   0.0000	   0.0000	   0.0000	   0.0000	   0.0000	   0.0000	   0.0000	   0.0000	  0.2388	  0.0000	        0.0000	        0.0000	        0.0000	        0.0000	        0.0000	        0.0000	        0.0000	  0.3415	  0.2793	-23.1053
2018	 44	  23	 55	 43.9965	  0.0000	3348.7747	    7.1719	  1.9467	  0.2083	  0.0000	   0.0000	   0.0000	   0.0000	-450.0000	-450.0000	-450.0000	  1.5000	  2.7000	 59.4167	   4.0215	   1.0406	   1.6414	  0.3045	  0.5964	  0.1000	  0.1600	  0.1900	   0.0000	   0.0000	   0.0000	   0.0000	   0.0000	   0.0000	   0.0000	   0.0000	   0.0000	  0.2388	  0.0000	        0.0000	        0.0000	        0.0000	        0.0000	        0.0000	        0.0000	        0.0000	  0.3415	  0.2793	-23.1053
2018	 45	  23	 55	 44.9965	  0.0000	2881.1240	    5.9533	  2.7480	  0.0000	  1.0000	   0.0000	   0.0000	   0.0000	-450.0000	-450.0000	-450.0000	 -0.3583	  4.2000	 51.9167	   4.0215	   1.0406	   1.6414	  0.3045	  0.5964	  0.1000	  0.1600	  0.1900	   0.0000	   0.0000	   0.0000	   0.0000	   0.0000	   0.0000	   0.0000	   0.0000	   0.0000	  0.2388	  0.0000	        0.0000	        0.0000	        0.0000	        0.0000	        0.0000	        0.0000	        0.0000	  0.3415	  0.2793	-23.1053
2018	 46	  23	 55	 45.9965	  0.0000	1602.4126	    1.2280	  2.4440	  3.2250	  0.0000	   0.0000	   0.0000	   0.0000	-450.0000	-450.0000	-450.0000	 -0.6000	  2.7000	 19.0000	   4.0215	   1.0406	   1.6414	  0.3045	  0.5964	  0.1000	  0.1600	  0.1900	   0.0000	   0.0000	   0.0000	   0.0000	   0.0000	   0.0000	   0.0000	   0.0000	   0.0000	  0.2388	  0.0000	        0.0000	        0.0000	        0.0000	        0.0000	        0.0000	        0.0000	        0.0000	  0.3415	  0.2793	-23.1053
2018	 47	  23	 55	 46.9965	  0.0000	2981.2922	    5.1773	  2.9907	  4.5750	  0.0000	   0.0000	   0.0000	   0.0000	-450.0000	-450.0000	-450.0000	 -0.3000	  3.3000	 43.4167	   4.0215	   1.0406	   1.6414	  0.3045	  0.5964	  0.1000	  0.1600	  0.1900	   0.0000	   0.0000	   0.0000	   0.0000	   0.0000	   0.0000	   0.0000	   0.0000	   0.0000	  0.2388	  0.0000	        0.0000	        0.0000	        0.0000	        0.0000	        0.0000	        0.0000	        0.0000	  0.3415	  0.2793	-23.1053
2018	 48	  23	 55	 47.9965	  0.0000	2412.8135	    0.5940	  2.5113	  0.0000	  1.0000	   0.0000	   0.0000	   0.0000	-450.0000	-450.0000	-450.0000	 -3.3000	  2.0000	 38.0833	   4.0215	   1.0406	   1.6414	  0.3045	  0.5964	  0.1000	  0.1600	  0.1900	   0.0000	   0.0000	   0.0000	   0.0000	   0.0000	   0.0000	   0.0000	   0.0000	   0.0000	  0.2388	  0.0000	        0.0000	        0.0000	        0.0000	        0.0000	        0.0000	        0.0000	        0.0000	  0.3415	  0.2793	-23.1053
2018	 49	  23	 55	 48.9965	  0.0000	 11.9422	    0.0200	  2.2677	 15.2417	  0.0000	   0.0000	   0.0000	   0.0000	-450.0000	-450.0000	-450.0000	  0.8000	  3.0000	 36.5000	   4.0215	   1.0406	   1.6414	  0.3045	  0.5964	  0.1000	  0.1600	  0.1900	   0.0000	   0.0000	   0.0000	   0.0000	   0.0000	   0.0000	   0.0000	   0.0000	   0.0000	  0.2388	  0.0000	        0.0000	        0.0000	        0.0000	        0.0000	        0.0000	        0.0000	        0.0000	  0.3415	  0.2793	-23.1053
2018	 50	  23	 55	 49.9965	  0.0000	3830.2870	    4.8480	  2.7837	 36.5333	  0.0000	   0.0000	   0.0000	   0.0000	-450.0000	-450.0000	-450.0000	  0.5000	  1.6000	 71.5833	   4.0215	   1.0406	   1.6414	  0.3045	  0.5964	  0.1000	  0.1600	  0.1900	   0.0000	   0.0000	   0.0000	   0.0000	   0.0000	   0.0000	   0.0000	   0.0000	   0.0000	  0.2388	  0.0000	        0.0000	        0.0000	        0.0000	        0.0000	        0.0000	        0.0000	        0.0000	  0.3415	  0.2793	-23.1053
2018	 51	  23	 55	 50.9965	  0.0000	2779.0439	    1.3366	  2.4943	  0.0000	  1.0000	   0.0000	   0.0000	   0.0000	-450.0000	-450.0000	-450.0000	 -0.8000	  1.6000	 46.5833	   4.0215	   1.0406	   1.6414	  0.3045	  0.5964	  0.1000	  0.1600	  0.1900	   0.0000	   0.0000	   0.0000	   0.0000	   0.0000	   0.0000	   0.0000	   0.0000	   0.0000	  0.2388	  0.0000	        0.0000	        0.0000	        0.0000	        0.0000	        0.0000	        0.0000	        0.0000	  0.3415	  0.2793	-23.1053
2018	 52	  23	 55	 51.9965	  0.0000	 18.1661	   -0.0143	  1.5984	 15.3250	  0.0000	   0.0000	   0.0000	   0.0000	-450.0000	-450.0000	-450.0000	 -4.1333	  0.6000	 78.7500	   4.0215	   1.0406	   1.6414	  0.3045	  0.5964	  0.1000	  0.1600	  0.1900	   0.0000	   0.0000	   0.0000	   0.0000	   0.0000	   0.0000	   0.0000	   0.0000	   0.0000	  0.2388	  0.0000	        0.0000	        0.0000	        0.0000	        0.0000	        0.0000	        0.0000	        0.0000	  0.3415	  0.2793	-23.1053
2018	 53	  23	 55	 52.9965	  0.0000	2434.8419	   -8.7051	 -0.4623	  0.0000	  1.0000	   0.0000	   0.0000	   0.0000	-450.0000	-450.0000	-450.0000	 -6.6000	 -1.2000	 36.0833	   4.0215	   1.0406	   1.6414	  0.3045	  0.5964	  0.1000	  0.1600	  0.1900	   0.0000	   0.0000	   0.0000	   0.0000	   0.0000	   0.0000	   0.0000	   0.0000	   0.0000	  0.2388	  0.0000	        0.0000	        0.0000	        0.0000	        0.0000	        0.0000	        0.0000	        0.0000	  0.3415	  0.2793	-23.1053
2018	 54	  23	 55	 53.9965	  0.0000	  3.5056	   -0.0076	 -0.4015	  0.0000	  4.0000	   0.0000	   0.0000	   0.0000	-450.0000	-450.0000	-450.0000	 -3.0000	  0.7000	 18.6667	   4.0215	   1.0406	   1.6414	  0.3045	  0.5964	  0.1000	  0.1600	  0.1900	   0.0000	   0.0000	   0.0000	   0.0000	   0.0000	   0.0000	   0.0000	   0.0000	   0.0000	  0.2388	  0.0000	        0.0000	        0.0000	        0.0000	        0.0000	        0.0000	        0.0000	        0.0000	  0.3415	  0.2793	-23.1053
2018	 55	  23	 55	 54.9965	  0.0000	 10.5618	   -0.0384	 -1.1849	  0.0000	  6.0000	   0.0000	   0.0000	   0.0000	-450.0000	-450.0000	-450.0000	 -5.2583	 -0.7000	 28.7500	   4.0215	   1.0406	   1.6414	  0.3045	  0.5964	  0.1000	  0.1600	  0.1900	   0.0000	   0.0000	   0.0000	   0.0000	   0.0000	   0.0000	   0.0000	   0.0000	   0.0000	  0.2388	  0.0000	        0.0000	        0.0000	        0.0000	        0.0000	        0.0000	        0.0000	        0.0000	  0.3415	  0.2793	-23.1053
2018	 56	  23	 55	 55.9965	  0.0000	1847.8024	  -10.9642	 -3.1407	  0.0000	  7.0000	   0.0000	   0.0000	   0.0000	-450.0000	-450.0000	-450.0000	 -8.5000	 -4.3000	 26.0833	   4.0215	   1.0406	   1.6414	  0.3045	  0.5964	  0.1000	  0.1600	  0.1900	   0.0000	   0.0000	   0.0000	   0.0000	   0.0000	   0.0000	   0.0000	   0.0000	   0.0000	  0.2388	  0.0000	        0.0000	        0.0000	        0.0000	        0.0000	        0.0000	        0.0000	        0.0000	  0.3415	  0.2793	-23.1053
2018	 57	  23	 55	 56.9965	  0.0000	 10.6471	   -0.0623	 -3.9158	  0.0000	  9.0000	   0.0000	   0.0000	   0.0000	-450.0000	-450.0000	-450.0000	 -9.4000	 -2.5000	 32.1667	   4.0215	   1.0406	   1.6414	  0.3045	  0.5964	  0.1000	  0.1600	  0.1900	   0.0000	   0.0000	   0.0000	   0.0000	   0.0000	   0.0000	   0.0000	   0.0000	   0.0000	  0.2388	  0.0000	        0.0000	        0.0000	        0.0000	        0.0000	        0.0000	        0.0000	        0.0000	  0.3415	  0.2793	-23.1053
2018	 58	  23	 55	 57.9965	  0.0000	 10.6319	   -0.1017	 -5.2053	  0.2500	  0.0000	   0.0000	   0.0000	   0.0000	-450.0000	-450.0000	-450.0000	-12.4500	 -6.1000	 27.3333	   4.0215	   1.0406	   1.6414	  0.3045	  0.5964	  0.1000	  0.1600	  0.1900	   0.0000	   0.0000	   0.0000	   0.0000	   0.0000	   0.0000	   0.0000	   0.0000	   0.0000	  0.2388	  0.0000	        0.0000	        0.0000	        0.0000	        0.0000	        0.0000	        0.0000	        0.0000	  0.3415	  0.2793	-23.1053
2018	 59	  23	 55	 58.9965	  0.0000	1968.3622	  -19.1953	 -8.0033	  0.0000	  1.0000	   0.0000	   0.0000	   0.0000	-450.0000	-450.0000	-450.0000	-12.5000	 -6.9000	 29.0000	   4.0215	   1.0406	   1.6414	  0.3045	  0.5964	  0.1000	  0.1600	  0.1900	   0.0000	   0.0000	   0.0000	   0.0000	   0.0000	   0.0000	   0.0000	   0.0000	   0.0000	  0.2388	  0.0000	        0.0000	        0.0000	        0.0000	        0.0000	        0.0000	        0.0000	        0.0000	  0.3415	  0.2793	-23.1053
2018	 60	  23	 55	 59.9965	  0.0000	2237.7967	  -17.7852	 -9.9597	  0.0000	  2.0000	   0.0000	   0.0000	   0.0000	-450.0000	-450.0000	-450.0000	-12.0000	 -4.8000	 31.0833	   4.0215	   1.0406	   1.6414	  0.3045	  0.5964	  0.1000	  0.1600	  0.1900	   0.0000	   0.0000	   0.0000	   0.0000	   0.0000	   0.0000	   0.0000	   0.0000	   0.0000	  0.2388	  0.0000	        0.0000	        0.0000	        0.0000	        0.0000	        0.0000	        0.0000	        0.0000	  0.3415	  0.2793	-23.1053
2018	 61	  23	 55	 60.9965	  0.0000	1576.3217	   -7.4587	 -9.4595	  0.0000	  3.0000	   0.0000	   0.0000	   0.0000	-450.0000	-450.0000	-450.0000	 -6.7000	 -3.4083	 20.8333	   4.0215	   1.0406	   1.6414	  0.3045	  0.5964	  0.1000	  0.1600	  0.1900	   0.0000	   0.0000	   0.0000	   0.0000	   0.0000	   0.0000	   0.0000	   0.0000	   0.0000	  0.2388	  0.0000	        0.0000	        0.0000	        0.0000	        0.0000	        0.0000	        0.0000	        0.0000	  0.3415	  0.2793	-23.1053
2018	 62	  23	 55	 61.9965	  0.0000	1614.1494	   -4.4394	 -8.4555	  0.0000	  4.0000	   0.0000	   0.0000	   0.0000	-450.0000	-450.0000	-450.0000	 -3.8000	 -0.8000	 20.5000	   4.0215	   1.0406	   1.6414	  0.3045	  0.5964	  0.1000	  0.1600	  0.1900	   0.0000	   0.0000	   0.0000	   0.0000	   0.0000	   0.0000	   0.0000	   0.0000	   0.0000	  0.2388	  0.0000	        0.0000	        0.0000	        0.0000	        0.0000	        0.0000	        0.0000	        0.0000	  0.3415	  0.2793	-23.1053
2018	 63	  23	 55	 62.9965	  0.0000	1605.2787	   -2.8676	 -7.3379	  0.0000	  5.0000	   0.0000	   0.0000	   0.0000	-450.0000	-450.0000	-450.0000	 -3.8000	 -0.4000	 22.7500	   4.0215	   1.0406	   1.6414	  0.3045	  0.5964	  0.1000	  0.1600	  0.1900	   0.0000	   0.0000	   0.0000	   0.0000	   0.0000	   0.0000	   0.0000	   0.0000	   0.0000	  0.2388	  0.0000	        0.0000	        0.0000	        0.0000	        0.0000	        0.0000	        0.0000	        0.0000	  0.3415	  0.2793	-23.1053
2018	 64	  23	 55	 63.9965	  0.0000	2493.3165	   -2.4431	 -6.3589	 12.8750	  0.0000	   0.0000	   0.0000	   0.0000	-450.0000	-450.0000	-450.0000	 -2.1000	 -0.1000	 42.9167	   4.0215	   1.0406	   1.6414	  0.3045	  0.5964	  0.1000	  0.1600	  0.1900	   0.0000	   0.0000	   0.0000	   0.0000	   0.0000	   0.0000	   0.0000	   0.0000	   0.0000	  0.2388	  0.0000	        0.0000	        0.0000	        0.0000	        0.0000	        0.0000	        0.0000	        0.0000	  0.3415	  0.2793	-23.1053
2018	 65	  23	 55	 64.9965	  0.0000	3740.9690	    2.5509	 -4.5770	  3.2083	  0.0000	   0.0000	   0.0000	   0.0000	-450.0000	-450.0000	-450.0000	 -1.5000	  2.0000	 67.0833	   4.0215	   1.0406	   1.6414	  0.3045	  0.5964	  0.1000	  0.1600	  0.1900	   0.0000	   0.0000	   0.0000	   0.0000	   0.0000	   0.0000	   0.0000	   0.0000	   0.0000	  0.2388	  0.0000	        0.0000	        0.0000	        0.0000	        0.0000	        0.0000	        0.0000	        0.0000	  0.3415	  0.2793	-23.1053
2018	 66	  23	 55	 65.9965	  0.0000	4344.5021	   10.8610	 -1.4894	  1.4500	  0.0000	   0.0000	   0.0000	   0.0000	-450.0000	-450.0000	-450.0000	 -0.0333	  4.5000	 73.2500	   4.0215	   1.0406	   1.6414	  0.3045	  0.5964	  0.1000	  0.1600	  0.1900	   0.0000	   0.0000	   0.0000	   0.0000	   0.0000	   0.0000	   0.0000	   0.0000	   0.0000	  0.2388	  0.0000	        0.0000	        0.0000	        0.0000	        0.0000	        0.0000	        0.0000	        0.0000	  0.3415	  0.2793	-23.1053
2018	 67	  23	 55	 66.9965	  0.0000	2868.3783	    0.1692	 -1.1577	 11.3000	  0.0000	   0.0000	   0.0000	   0.0000	-450.0000	-450.0000	-450.0000	 -1.1000	  0.7000	 51.5000	   4.0215	   1.0406	   1.6414	  0.3045	  0.5964	  0.1000	  0.1600	  0.1900	   0.0000	   0.0000	   0.0000	   0.0000	   0.0000	   0.0000	   0.0000	   0.0000	   0.0000	  0.2388	  0.0000	        0.0000	        0.0000	        0.0000	        0.0000	        0.0000	        0.0000	        0.0000	  0.3415	  0.2793	-23.1053
2018	 68	  23	 55	 67.9965	  0.0000	  3.5239	   -0.0077	 -1.0497	  0.0000	  3.0000	   0.0000	   0.0000	   0.0000	-450.0000	-450.0000	-450.0000	 -3.5000	  0.2000	 55.7500	   4.0215	   1.0406	   1.6414	  0.3045	  0.5964	  0.1000	  0.1600	  0.1900	   0.0000	   0.0000	   0.0000	   0.0000	   0.0000	   0.0000	   0.0000	   0.0000	   0.0000	  0.2388	  0.0000	        0.0000	        0.0000	        0.0000	        0.0000	        0.0000	        0.0000	        0.0000	  0.3415	  0.2793	-23.1053
2018	 69	  23	 55	 68.9965	  0.0000	2589.4684	   -3.7546	 -1.5907	  0.0000	  4.0000	   0.0000	   0.0000	   0.0000	-450.0000	-450.0000	-450.0000	 -6.0000	  2.2000	 40.0833	   4.0215	   1.0406	   1.6414	  0.3045	  0.5964	  0.1000	  0.1600	  0.1900	   0.0000	   0.0000	   0.0000	   0.0000	   0.0000	   0.0000	   0.0000	   0.0000	   0.0000	  0.2388	  0.0000	        0.0000	        0.0000	        0.0000	        0.0000	        0.0000	        0.0000	        0.0000	  0.3415	  0.2793	-23.1053
2018	 70	  23	 55	 69.9965	  0.0000	4096.5867	    6.6041	  0.0483	 48.6000	  0.0000	   0.0000	   0.0000	   0.0000	-450.0000	-450.0000	-450.0000	 -2.2000	  3.0833	 77.5000	   4.0215	   1.0406	   1.6414	  0.3045	  0.5964	  0.1000	  0.1600	  0.1900	   0.0000	   0.0000	   0.0000	   0.0000	   0.0000	   0.0000	   0.0000	   0.0000	   0.0000	  0.2388	  0.0000	        0.0000	        0.0000	        0.0000	        0.0000	        0.0000	        0.0000	        0.0000	  0.3415	  0.2793	-23.1053
2018	 71	  23	 55	 70.9965	  0.0000	2612.5203	   12.3356	  2.5057	  7.6667	  0.0000	   0.0000	   0.0000	   0.0000	-450.0000	-450.0000	-450.0000	  2.8000	  5.9000	 38.5833	   4.0215	   1.0406	   1.6414	  0.3045	  0.5964	  0.1000	  0.1600	  0.1900	   0.0000	   0.0000	   0.0000	   0.0000	   0.0000	   0.0000	   0.0000	   0.0000	   0.0000	  0.2388	  0.0000	        0.0000	        0.0000	        0.0000	        0.0000	        0.0000	        0.0000	        0.0000	  0.3415	  0.2793	-23.1053
2018	 72	  23	 55	 71.9965	  0.0000	2951.9081	    7.1206	  3.4287	  0.0000	  1.0000	   0.0000	   0.0000	   0.0000	-450.0000	-450.0000	-450.0000	  1.3083	  2.9000	 51.7500	   4.0215	   1.0406	   1.6414	  0.3045	  0.5964	  0.1000	  0.1600	  0.1900	   0.0000	   0.0000	   0.0000	   0.0000	   0.0000	   0.0000	   0.0000	   0.0000	   0.0000	  0.2388	  0.0000	        0.0000	        0.0000	        0.0000	        0.0000	        0.0000	        0.0000	        0.0000	  0.3415	  0.2793	-23.1053
2018	 73	  23	 55	 72.9965	  0.0000	2565.7147	    3.8192	  3.5068	  0.0000	  2.0000	   0.0000	   0.0000	   0.0000	-450.0000	-450.0000	-450.0000	 -2.1667	  3.5000	 42.9167	   4.0215	   1.0406	   1.6414	  0.3045	  0.5964	  0.1000	  0.1600	  0.1900	   0.0000	   0.0000	   0.0000	   0.0000	   0.0000	   0.0000	   0.0000	   0.0000	   0.0000	  0.2388	  0.0000	        0.0000	        0.0000	        0.0000	        0.0000	        0.0000	        0.0000	        0.0000	  0.3415	  0.2793	-23.1053
2018	 74	  23	 55	 73.9965	  0.0000	 10.4065	   -0.0238	  1.7899	  0.0000	  4.0000	   0.0000	   0.0000	   0.0000	-450.0000	-450.0000	-450.0000	 -4.0333	  0.7000	 27.6667	   4.0215	   1.0406	   1.6414	  0.3045	  0.5964	  0.1000	  0.1600	  0.1900	   0.0000	   0.0000	   0.0000	   0.0000	   0.0000	   0.0000	   0.0000	   0.0000	   0.0000	  0.2388	  0.0000	        0.0000	        0.0000	        0.0000	        0.0000	        0.0000	        0.0000	        0.0000	  0.3415	  0.2793	-23.1053
2018	 75	  23	 55	 74.9965	  0.0000	2389.4524	   -8.8438	 -0.3369	  0.0000	  5.0000	   0.0000	   0.0000	   0.0000	-450.0000	-450.0000	-450.0000	 -6.7000	 -0.5000	 34.8333	   4.0215	   1.0406	   1.6414	  0.3045	  0.5964	  0.1000	  0.1600	  0.1900	   0.0000	   0.0000	   0.0000	   0.0000	   0.0000	   0.0000	   0.0000	   0.0000	   0.0000	  0.2388	  0.0000	        0.0000	        0.0000	        0.0000	        0.0000	        0.0000	        0.0000	        0.0000	  0.3415	  0.2793	-23.1053
2018	 76	  23	 55	 75.9965	  0.0000	 11.7220	   -0.0546	 -1.7029	  0.0000	  7.0000	   0.0000	   0.0000	   0.0000	-450.0000	-450.0000	-450.0000	 -7.6000	 -0.4000	 35.2500	   4.0215	   1.0406	   1.6414	  0.3045	  0.5964	  0.1000	  0.1600	  0.1900	   0.0000	   0.0000	   0.0000	   0.0000	   0.0000	   0.0000	   0.0000	   0.0000	   0.0000	  0.2388	  0.0000	        0.0000	        0.0000	        0.0000	        0.0000	        0.0000	        0.0000	        0.0000	  0.3415	  0.2793	-23.1053
2018	 77	  23	 55	 76.9965	  0.0000	 13.7003	   -0.0533	 -2.5653	  0.0000	  9.0000	   0.0000	   0.0000	   0.0000	-450.0000	-450.0000	-450.0000	-10.0000	  2.1000	 47.8333	   4.0215	   1.0406	   1.6414	  0.3045	  0.5964	  0.1000	  0.1600	  0.1900	   0.0000	   0.0000	   0.0000	   0.0000	   0.0000	   0.0000	   0.0000	   0.0000	   0.0000	  0.2388	  0.0000	        0.0000	        0.0000	        0.0000	        0.0000	        0.0000	        0.0000	        0.0000	  0.3415	  0.2793	-23.1053
2018	 78	  23	 55	 77.9965	  0.0000	2327.3251	   -1.3543	 -2.3231	  1.7500	  0.0000	   0.0000	   0.0000	   0.0000	-450.0000	-450.0000	-450.0000	 -7.2000	  3.0000	 30.6667	   4.0215	   1.0406	   1.6414	  0.3045	  0.5964	  0.1000	  0.1600	  0.1900	   0.0000	   0.0000	   0.0000	   0.0000	   0.0000	   0.0000	   0.0000	   0.0000	   0.0000	  0.2388	  0.0000	        0.0000	        0.0000	        0.0000	        0.0000	        0.0000	        0.0000	        0.0000	  0.3415	  0.2793	-23.1053
2018	 79	  23	 55	 78.9965	  0.0000	2641.2173	    2.7435	 -1.3098	  0.0000	  1.0000	   0.0000	   0.0000	   0.0000	-450.0000	-450.0000	-450.0000	 -3.1000	  5.4000	 42.3333	   4.0215	   1.0406	   1.6414	  0.3045	  0.5964	  0.1000	  0.1600	  0.1900	   0.0000	   0.0000	   0.0000	   0.0000	   0.0000	   0.0000	   0.0000	   0.0000	   0.0000	  0.2388	  0.0000	        0.0000	        0.0000	        0.0000	        0.0000	        0.0000	        0.0000	        0.0000	  0.3415	  0.2793	-23.1053
2018	 80	  23	 55	 79.9965	  0.0000	2229.4933	    5.2389	 -0.0001	  4.7667	  0.0000	   0.0000	   0.0000	   0.0000	-450.0000	-450.0000	-450.0000	 -2.1000	  5.0000	 31.6667	   4.0215	   1.0406	   1.6414	  0.3045	  0.5964	  0.1000	  0.1600	  0.1900	   0.0000	   0.0000	   0.0000	   0.0000	   0.0000	   0.0000	   0.0000	   0.0000	   0.0000	  0.2388	  0.0000	        0.0000	        0.0000	        0.0000	        0.0000	        0.0000	        0.0000	        0.0000	  0.3415	  0.2793	-23.1053
2018	 81	  23	 55	 80.9965	  0.0000	2928.2256	    4.3231	  0.8646	  1.2667	  0.0000	   0.0000	   0.0000	   0.0000	-450.0000	-450.0000	-450.0000	 -0.5000	  3.4000	 46.7500	   4.0215	   1.0406	   1.6414	  0.3045	  0.5964	  0.1000	  0.1600	  0.1900	   0.0000	   0.0000	   0.0000	   0.0000	   0.0000	   0.0000	   0.0000	   0.0000	   0.0000	  0.2388	  0.0000	        0.0000	        0.0000	        0.0000	        0.0000	        0.0000	        0.0000	        0.0000	  0.3415	  0.2793	-23.1053
2018	 82	  23	 55	 81.9965	  0.0000	1793.7373	    1.1066	  0.9130	  0.0000	  1.0000	   0.0000	   0.0000	   0.0000	-450.0000	-450.0000	-450.0000	 -1.5000	  2.0000	 27.5833	   4.0215	   1.0406	   1.6414	  0.3045	  0.5964	  0.1000	  0.1600	  0.1900	   0.0000	   0.0000	   0.0000	   0.0000	   0.0000	   0.0000	   0.0000	   0.0000	   0.0000	  0.2388	  0.0000	        0.0000	        0.0000	        0.0000	        0.0000	        0.0000	        0.0000	        0.0000	  0.3415	  0.2793	-23.1053
2018	 83	  23	 55	 82.9965	  0.0000	3163.3438	    6.2253	  1.9755	  1.7083	  0.0000	   0.0000	   0.0000	   0.0000	-450.0000	-450.0000	-450.0000	  0.9000	  3.1000	 60.5000	   4.0215	   1.0406	   1.6414	  0.3045	  0.5964	  0.1000	  0.1600	  0.1900	   0.0000	   0.0000	   0.0000	   0.0000	   0.0000	   0.0000	   0.0000	   0.0000	   0.0000	  0.2388	  0.0000	        0.0000	        0.0000	        0.0000	        0.0000	        0.0000	        0.0000	        0.0000	  0.3415	  0.2793	-23.1053
2018	 84	  23	 55	 83.9965	  0.0000	2339.0934	   10.4140	  3.6632	  0.0000	  1.0000	   0.0000	   0.0000	   0.0000	-450.0000	-450.0000	-450.0000	  2.1000	  7.2000	 39.0833	   4.0215	   1.0406	   1.6414	  0.3045	  0.5964	  0.1000	  0.1600	  0.1900	   0.0000	   0.0000	   0.0000	   0.0000	   0.0000	   0.0000	   0.0000	   0.0000	   0.0000	  0.2388	  0.0000	        0.0000	        0.0000	        0.0000	        0.0000	        0.0000	        0.0000	        0.0000	  0.3415	  0.2793	-23.1053
2018	 85	  23	 55	 84.9965	  0.0000	1825.0147	    4.5374	  3.8380	  2.9500	  0.0000	   0.0000	   0.0000	   0.0000	-450.0000	-450.0000	-450.0000	 -1.6917	  5.6000	 29.4167	   4.0215	   1.0406	   1.6414	  0.3045	  0.5964	  0.1000	  0.1600	  0.1900	   0.0000	   0.0000	   0.0000	   0.0000	   0.0000	   0.0000	   0.0000	   0.0000	   0.0000	  0.2388	  0.0000	        0.0000	        0.0000	        0.0000	        0.0000	        0.0000	        0.0000	        0.0000	  0.3415	  0.2793	-23.1053
2018	 86	  23	 55	 85.9965	  0.0000	 15.4787	   -0.0092	  2.4863	  2.5167	  0.0000	   0.0000	   0.0000	   0.0000	-450.0000	-450.0000	-450.0000	 -2.8333	  1.3000	 65.0000	   4.0215	   1.0406	   1.6414	  0.3045	  0.5964	  0.1000	  0.1600	  0.1900	   0.0000	   0.0000	   0.0000	   0.0000	   0.0000	   0.0000	   0.0000	   0.0000	   0.0000	  0.2388	  0.0000	        0.0000	        0.0000	        0.0000	        0.0000	        0.0000	        0.0000	        0.0000	  0.3415	  0.2793	-23.1053
2018	 87	  23	 55	 86.9965	  0.0000	2859.3917	   -1.8557	  1.6179	  0.0000	  1.0000	   0.0000	   0.0000	   0.0000	-450.0000	-450.0000	-450.0000	 -5.4000	  2.6000	 49.4167	   4.0215	   1.0406	   1.6414	  0.3045	  0.5964	  0.1000	  0.1600	  0.1900	   0.0000	   0.0000	   0.0000	   0.0000	   0.0000	   0.0000	   0.0000	   0.0000	   0.0000	  0.2388	  0.0000	        0.0000	        0.0000	        0.0000	        0.0000	        0.0000	        0.0000	        0.0000	  0.3415	  0.2793	-23.1053
2018	 88	  23	 55	 87.9965	  0.0000	2476.8599	    1.9853	  1.6914	  0.0000	  2.0000	   0.0000	   0.0000	   0.0000	-450.0000	-450.0000	-450.0000	 -3.3000	  4.5000	 42.7500	   4.0215	   1.0406	   1.6414	  0.3045	  0.5964	  0.1000	  0.1600	  0.1900	   0.0000	   0.0000	   0.0000	   0.0000	   0.0000	   0.0000	   0.0000	   0.0000	   0.0000	  0.2388	  0.0000	        0.0000	        0.0000	        0.0000	        0.0000	        0.0000	        0.0000	        0.0000	  0.3415	  0.2793	-23.1053
2018	 89	  23	 55	 88.9965	  0.0000	 12.9830	    0.0057	  1.7165	  0.0000	  4.0000	   0.0000	   0.0000	   0.0000	-450.0000	-450.0000	-450.0000	 -4.0000	  5.9000	 46.3333	   4.0215	   1.0406	   1.6414	  0.3045	  0.5964	  0.1000	  0.1600	  0.1900	   0.0000	   0.0000	   0.0000	   0.0000	   0.0000	   0.0000	   0.0000	   0.0000	   0.0000	  0.2388	  0.0000	        0.0000	        0.0000	        0.0000	        0.0000	        0.0000	        0.0000	        0.0000	  0.3415	  0.2793	-23.1053
2018	 90	  23	 55	 89.9965	  0.0000	 12.9145	    0.0220	  2.1059	  0.0000	  6.0000	   0.0000	   0.0000	   0.0000	-450.0000	-450.0000	-450.0000	 -4.7000	  7.3000	 46.9167	   4.0215	   1.0406	   1.6414	  0.3045	  0.5964	  0.1000	  0.1600	  0.1900	   0.0000	   0.0000	   0.0000	   0.0000	   0.0000	   0.0000	   0.0000	   0.0000	   0.0000	  0.2388	  0.0000	        0.0000	        0.0000	        0.0000	        0.0000	        0.0000	        0.0000	        0.0000	  0.3415	  0.2793	-23.1053
2018	 91	  23	 55	 90.9965	  0.0000	2516.7920	    7.1091	  3.1065	  0.0000	  7.0000	   0.0000	   0.0000	   0.0000	-450.0000	-450.0000	-450.0000	 -1.4667	  6.4000	 41.1667	   4.0215	   1.0406	   1.6414	  0.3045	  0.5964	  0.1000	  0.1600	  0.1900	   0.0000	   0.0000	   0.0000	   0.0000	   0.0000	   0.0000	   0.0000	   0.0000	   0.0000	  0.2388	  0.0000	        0.0000	        0.0000	        0.0000	        0.0000	        0.0000	        0.0000	        0.0000	  0.3415	  0.2793	-23.1053
2018	 92	  23	 55	 91.9965	  0.0000	 13.6258	    0.0056	  2.6552	  0.0000	  9.0000	   0.0000	   0.0000	   0.0000	-450.0000	-450.0000	-450.0000	 -4.0000	  6.3000	 50.5833	   4.0215	   1.0406	   1.6414	  0.3045	  0.5964	  0.1000	  0.1600	  0.1900	   0.0000	   0.0000	   0.0000	   0.0000	   0.0000	   0.0000	   0.0000	   0.0000	   0.0000	  0.2388	  0.0000	        0.0000	        0.0000	        0.0000	        0.0000	        0.0000	        0.0000	        0.0000	  0.3415	  0.2793	-23.1053
2018	 93	  23	 55	 92.9965	  0.0000	2664.3302	    4.9713	  3.1185	 24.1333	  0.0000	   0.0000	   0.0000	   0.0000	-450.0000	-450.0000	-450.0000	 -3.1000	  4.1667	 30.3333	   4.0215	   1.0406	   1.6414	  0.3045	  0.5964	  0.1000	  0.1600	  0.1900	   0.0000	   0.0000	   0.0000	   0.0000	   0.0000	   0.0000	   0.0000	   0.0000	   0.0000	  0.2388	  0.0000	        0.0000	        0.0000	        0.0000	        0.0000	        0.0000	        0.0000	        0.0000	  0.3415	  0.2793	-23.1053
2018	 94	  23	 55	 93.9965	  0.0000	5204.0252	   38.4642	 10.1876	 98.9583	  0.0000	   1.9500	   1.9500	   1.9500	-450.0000	-450.0000	-450.0000	  4.2000	  9.7000	 71.5000	   4.0235	   1.0445	   1.6454	  0.3049	  0.5960	  0.1000	  0.1600	  0.1900	   0.0000	   0.0000	   0.0000	   0.0000	   0.0000	   0.0000	   0.0000	   0.0000	   0.0000	  0.2395	  0.0000	        0.0000	        0.0000	        0.0000	        0.0000	        0.0000	        0.0000	        0.0000	  0.3415	  0.2793	-23.1053
2018	 95	  23	 55	 94.9965	  0.0000	2470.3646	   16.3750	 11.4251	 24.9500	  0.0000	   3.4042	   3.4042	   3.4042	-450.0000	-450.0000	-450.0000	  3.9083	  9.0000	 36.2500	   4.0271	   1.0514	   1.6523	  0.3057	  0.5954	  0.1000	  0.1600	  0.1900	   0.0000	   0.0000	   0.0000	   0.0000	   0.0000	   0.0000	   0.0000	   0.0000	   0.0000	  0.2407	  0.0000	        0.0000	        0.0000	        0.0000	        0.0000	        0.0000	        0.0000	        0.0000	  0.3415	  0.2793	-23.1053
2018	 96	  23	 55	 95.9965	  0.0000	3215.8730	   16.9845	 12.5370	  0.0000	  1.0000	   0.0000	   0.0000	   0.0000	-450.0000	-450.0000	-450.0000	  2.3000	  7.3000	 61.4167	   4.0271	   1.0514	   1.6523	  0.3057	  0.5954	  0.1000	  0.1600	  0.1900	   0.0000	   0.0000	   0.0000	   0.0000	   0.0000	   0.0000	   0.0000	   0.0000	   0.0000	  0.2407	  0.0000	        0.0000	        0.0000	        0.0000	        0.0000	        0.0000	        0.0000	        0.0000	  0.3415	  0.2793	-23.1053
2018	 97	  23	 55	 96.9965	  0.0000	 13.1758	    0.1014	 11.8290	  0.0000	  3.0000	   5.8000	   5.8000	   5.8000	-450.0000	-450.0000	-450.0000	  2.3000	 13.5000	 48.5833	   4.0363	   1.0688	   1.6701	  0.3076	  0.5939	  0.1000	  0.1600	  0.1900	   0.0000	   0.0000	   0.0000	   0.0000	   0.0000	   0.0000	   0.0000	   0.0000	   0.0000	  0.2417	  0.0000	        0.0000	        0.0000	        0.0000	        0.0000	        0.0000	        0.0000	        0.0000	  0.3415	  0.2793	-23.1053
2018	 98	  23	 55	 97.9965	  0.0000	2835.6472	   33.5741	 16.1780	  0.0000	  4.0000	  11.9000	  11.9000	  11.9000	-450.0000	-450.0000	-450.0000	  4.6000	 17.6000	 52.1667	   4.0489	   1.0927	   1.6944	  0.3103	  0.5918	  0.1000	  0.1600	  0.1900	   0.0000	   0.0000	   0.0000	   0.0000	   0.0000	   0.0000	   0.0000	   0.0000	   0.0000	  0.2480	  0.0000	        0.0000	        0.0000	        0.0000	        0.0000	        0.0000	        0.0000	        0.0000	  0.3415	  0.2793	-23.1053
2018	 99	  23	 55	 98.9965	  0.0000	 12.9982	    0.1058	 14.4210	  0.0000	  6.0000	  19.4000	  19.4000	  19.4000	-450.0000	-450.0000	-450.0000	  4.6000	 12.9000	 50.2500	   4.0860	   1.1630	   1.7660	  0.3181	  0.5855	  0.1000	  0.1600	  0.1900	   0.0000	   0.0000	   0.0000	   0.0000	   0.0000	   0.0000	   0.0000	   0.0000	   0.0000	  0.2535	  0.0000	        0.0000	        0.0000	        0.0000	        0.0000	        0.0000	        0.0000	        0.0000	  0.3415	  0.2793	-23.1053
2018	100	  23	 55	 99.9965	  0.0000	2485.6329	   17.7200	 15.0808	  0.0000	  7.0000	  21.7708	  21.7708	  21.7708	-450.0000	-450.0000	-450.0000	  3.6417	 11.1000	 38.8333	   4.1090	   1.2069	   1.8105	  0.3230	  0.5816	  0.1000	  0.1600	  0.1900	   0.0000	   0.0000	   0.0000	   0.0000	   0.0000	   0.0000	   0.0000	   0.0000	   0.0000	  0.2681	  0.0000	        0.0000	        0.0000	        0.0000	        0.0000	        0.0000	        0.0000	        0.0000	  0.3415	  0.2793	-23.1053
2018	101	  23	 55	100.9965	  0.0000	 14.0062	    0.0950	 13.3636	  0.0000	  9.0000	  26.2708	  26.2708	  26.2708	-450.0000	-450.0000	-450.0000	  1.1000	 13.4000	 51.0000	   4.1622	   1.3083	   1.9136	  0.3343	  0.5726	  0.1000	  0.1600	  0.1900	   0.0000	   0.0000	   0.0000	   0.0000	   0.0000	   0.0000	   0.0000	   0.0000	   0.0000	  0.2766	  0.0000	        0.0000	        0.0000	        0.0000	        0.0000	        0.0000	        0.0000	        0.0000	  0.3415	  0.2793	-23.1053
2018	102	  23	 55	101.9965	  0.0000	3007.0812	   27.4854	 16.1880	  0.0000	 10.0000	  30.1208	  30.1208	  30.1208	-450.0000	-450.0000	-450.0000	  2.1000	 15.6000	 48.8333	   4.1941	   1.3692	   1.9754	  0.3410	  0.5672	  0.1000	  0.1600	  0.1900	   0.0000	   0.0000	   0.0000	   0.0000	   0.0000	   0.0000	   0.0000	   0.0000	   0.0000	  0.2967	  0.0000	        0.0000	        0.0000	        0.0000	        0.0000	        0.0000	        0.0000	        0.0000	  0.3415	  0.2793	-23.1053
2018	103	  23	 55	102.9965	  0.0000	 14.1277	    0.1680	 16.4674	  0.0000	 12.0000	  44.6208	  44.6208	  44.6208	-450.0000	-450.0000	-450.0000	  4.5000	 20.0000	 51.0000	   4.2810	   1.5354	   2.1441	  0.3595	  0.5524	  0.1000	  0.1600	  0.1900	   0.0000	   0.0000	   0.0000	   0.0000	   0.0000	   0.0000	   0.0000	   0.0000	   0.0000	  0.3100	  0.0000	        0.0000	        0.0000	        0.0000	        0.0000	        0.0000	        0.0000	        0.0000	  0.3415	  0.2793	-23.1053
2018	104	  23	 55	103.9965	  0.0000	 14.6576	    0.1764	 17.2401	  0.0000	 14.0000	  60.6208	  60.6208	  60.6208	   0.0000	   0.0000	   0.0000	  6.1000	 19.9000	 48.9167	   4.4010	   1.7662	   2.3778	  0.3851	  0.5319	  0.1000	  0.1600	  0.1900	   0.0000	   0.0000	   0.0000	   0.0000	   0.0000	   0.0000	   0.0000	   0.0000	   0.0000	  0.3448	  0.0000	        0.0000	        0.0000	        0.0000	        0.0000	        0.0000	        0.0000	        0.0000	  0.3415	  0.2793	-23.1053
2018	105	  23	 55	104.9965	  0.0000	2371.0384	   21.4739	 18.0869	 30.8333	  0.0000	  65.0708	  65.0708	  65.0708	   0.0000	   0.0000	   0.0000	  7.4000	 11.5000	 39.8333	   4.4701	   1.8993	   2.5125	  0.3999	  0.5201	  0.1000	  0.1600	  0.1900	   0.0000	   0.0000	   0.0000	   0.0000	   0.0000	   0.0000	   0.0000	   0.0000	   0.0000	  0.3900	  0.0000	        0.0000	        0.0000	        0.0000	        0.0000	        0.0000	        0.0000	        0.0000	  0.3415	  0.2793	-23.1053
2018	106	  23	 55	105.9965	  0.0000	2675.0546	   26.1382	 19.6972	  0.1667	  0.0000	  70.3708	  70.3708	  70.3708	   0.0000	   0.0000	   0.0000	  8.2000	 12.4000	 47.7500	   4.5448	   2.0437	   2.6586	  0.4160	  0.5072	  0.1000	  0.1600	  0.1900	   0.0000	   0.0000	   0.0000	   0.0000	   0.0000	   0.0000	   0.0000	   0.0000	   0.0000	  0.4154	  0.0000	        0.0000	        0.0000	        0.0000	        0.0000	        0.0000	        0.0000	        0.0000	  0.3415	  0.2793	-23.1053
2018	107	  23	 55	106.9965	  0.0000	1927.5221	   16.5430	 19.0663	  0.0083	  0.0000	  73.9208	  73.9208	  73.9208	   0.0000	   0.0000	   0.0000	  6.5000	 10.6000	 32.5000	   4.6233	   2.1958	   2.8123	  0.4329	  0.4937	  0.1000	  0.1600	  0.1900	   0.0000	   0.0000	   0.0000	   0.0000	   0.0000	   0.0000	   0.0000	   0.0000	   0.0000	  0.4421	  0.0000	        0.0000	        0.0000	        0.0000	        0.0000	        0.0000	        0.0000	        0.0000	  0.3415	  0.2793	-23.1053
2018	108	  23	 55	107.9965	  0.0000	2546.0610	   29.4164	 21.1363	  0.0000	  1.0000	  80.5708	  80.5708	  80.5708	   0.0000	   0.0000	   0.0000	  8.1000	 15.2000	 40.9167	   4.7090	   2.3621	   2.9802	  0.4513	  0.4789	  0.1000	  0.1600	  0.1900	   0.0000	   0.0000	   0.0000	   0.0000	   0.0000	   0.0000	   0.0000	   0.0000	   0.0000	  0.4713	  0.0000	        0.0000	        0.0000	        0.0000	        0.0000	        0.0000	        0.0000	        0.0000	  0.3415	  0.2793	-23.1053
2018	109	  23	 55	108.9965	  0.0000	2424.3495	   29.5342	 22.8159	  0.0000	  2.0000	  87.6208	  87.6208	  87.6208	   0.0000	   0.0000	   0.0000	  8.7000	 15.4000	 39.0833	   4.8022	   2.5435	   3.1633	  0.4715	  0.4628	  0.1000	  0.1600	  0.1900	   0.0000	   0.0000	   0.0000	   0.0000	   0.0000	   0.0000	   0.0000	   0.0000	   0.0000	  0.5032	  0.0000	        0.0000	        0.0000	        0.0000	        0.0000	        0.0000	        0.0000	        0.0000	  0.3415	  0.2793	-23.1053
2018	110	  23	 55	109.9965	  0.0000	 13.3512	    0.1920	 21.7820	  0.0000	  4.0000	 109.5208	 109.5208	 109.5208	   0.0000	   0.0000	   0.0000	  9.8000	 22.1000	 50.8333	   5.0239	   2.9762	   3.5997	  0.5196	  0.4243	  0.1000	  0.1600	  0.1900	   0.0000	   0.0000	   0.0000	   0.0000	   0.0000	   0.0000	   0.0000	   0.0000	   0.0000	  0.5391	  0.0000	        0.0000	        0.0000	        0.0000	        0.0000	        0.0000	        0.0000	        0.0000	  0.3415	  0.2793	-23.1053
2018	111	  23	 55	110.9965	  0.0000	2589.1939	   27.2984	 22.8853	  0.0000	  5.0000	 114.6750	 114.6750	 114.6750	   0.0000	   0.0000	   0.0000	  6.9083	 13.4000	 48.7500	   5.1000	   3.2158	   3.8411	  0.5462	  0.4030	  0.1000	  0.1600	  0.1900	   0.0000	   0.0000	   0.0000	   0.0000	   0.0000	   0.0000	   0.0000	   0.0000	   0.0000	  0.6211	  0.0000	        0.0000	        0.0000	        0.0000	        0.0000	        0.0000	        0.0000	        0.0000	  0.3415	  0.2793	-23.1053
2018	112	  23	 55	111.9965	  0.0000	2740.1656	   25.1133	 23.3309	  0.0000	  6.0000	 118.6750	 118.6750	 118.6750	   0.0000	   0.0000	   0.0000	  6.0000	 12.0000	 50.9167	   5.1000	   3.4645	   4.0916	  0.5738	  0.3809	  0.1000	  0.1600	  0.1900	   0.0000	   0.0000	   0.0000	   0.0000	   0.0000	   0.0000	   0.0000	   0.0000	   0.0000	  0.6642	  0.0000	        0.0000	        0.0000	        0.0000	        0.0000	        0.0000	        0.0000	        0.0000	  0.3415	  0.2793	-23.1053
2018	113	  23	 55	112.9965	  0.0000	4114.9559	   38.8966	 26.4441	147.6667	  0.0000	 123.9292	 123.9292	 123.9292	   0.0000	   0.0000	   0.0000	  7.5083	 13.0000	 84.8333	   5.1000	   3.7250	   4.3538	  0.6028	  0.3578	  0.1000	  0.1600	  0.1900	   0.0000	   0.0000	   0.0000	   0.0000	   0.0000	   0.0000	   0.0000	   0.0000	   0.0000	  0.7094	  0.0000	        0.0000	        0.0000	        0.0000	        0.0000	        0.0000	        0.0000	        0.0000	  0.3415	  0.2793	-23.1053
2018	114	  23	 55	113.9965	  0.0000	1498.1839	   11.8668	 23.5286	 11.1667	  0.0000	 127.0417	 127.0417	 127.0417	   0.0000	   0.0000	   0.0000	  6.8250	  9.4000	 22.5833	   5.1000	   3.9928	   4.6233	  0.6325	  0.3340	  0.1000	  0.1600	  0.1900	   0.0000	   0.0000	   0.0000	   0.0000	   0.0000	   0.0000	   0.0000	   0.0000	   0.0000	  0.7559	  0.0000	        0.0000	        0.0000	        0.0000	        0.0000	        0.0000	        0.0000	        0.0000	  0.3415	  0.2793	-23.1053
2018	115	  23	 55	114.9965	  0.0000	2752.9941	   24.0185	 23.6266	  0.0000	  1.0000	 130.9917	 130.9917	 130.9917	   0.0000	   0.0000	   0.0000	  6.7000	 11.2000	 53.4167	   5.1000	   4.2697	   4.9018	  0.6633	  0.3094	  0.1000	  0.1600	  0.1900	   0.0000	   0.0000	   0.0000	   0.0000	   0.0000	   0.0000	   0.0000	   0.0000	   0.0000	  0.8039	  0.0000	        0.0000	        0.0000	        0.0000	        0.0000	        0.0000	        0.0000	        0.0000	  0.3415	  0.2793	-23.1053
2018	116	  23	 55	115.9965	  0.0000	3160.6869	   24.4535	 23.7919	  4.9833	  0.0000	 133.7417	 133.7417	 133.7417	   0.0000	   0.0000	   0.0000	  6.3000	  9.2000	 43.1667	   5.1000	   4.5532	   5.1869	  0.6948	  0.2842	  0.1000	  0.1600	  0.1900	   0.0000	   0.0000	   0.0000	   0.0000	   0.0000	   0.0000	   0.0000	   0.0000	   0.0000	  0.8531	  0.0000	        0.0000	        0.0000	        0.0000	        0.0000	        0.0000	        0.0000	        0.0000	  0.3415	  0.2793	-23.1053
2018	117	  23	 55	116.9965	  0.0000	 12.4032	    0.1051	 18.9952	  1.0000	  0.0000	 141.7417	 141.7417	 141.7417	   0.0000	   0.0000	   0.0000	  6.6000	 11.4000	 47.4167	   5.1000	   5.1478	   5.7845	  0.7609	  0.2313	  0.1000	  0.1600	  0.1900	   0.0000	   0.0000	   0.0000	   0.0000	   0.0000	   0.0000	   0.0000	   0.0000	   0.0000	  0.9038	  0.0000	        0.0000	        0.0000	        0.0000	        0.0000	        0.0000	        0.0000	        0.0000	  0.3415	  0.2793	-23.1053
2018	118	  23	 55	117.9965	  0.0000	3035.3849	   27.9424	 20.7847	 10.6167	  0.0000	 146.0417	 146.0417	 146.0417	   0.0000	   0.0000	   0.0000	  5.9000	 12.7000	 46.5000	   5.1000	   5.4597	   5.9000	  0.7955	  0.2036	  0.1000	  0.1600	  0.1900	   0.0000	   0.0000	   0.0000	   0.0000	   0.0000	   0.0000	   0.0000	   0.0000	   0.0000	  0.9959	  0.0000	        0.0000	        0.0000	        0.0000	        0.0000	        0.0000	        0.0000	        0.0000	  0.3415	  0.2793	-23.1053
2018	119	  23	 55	118.9965	  0.0000	3188.0114	   34.3738	 23.5025	  0.1917	  0.0000	 151.3417	 151.3417	 151.3417	   0.0000	   0.0000	   0.0000	  6.9000	 13.7000	 60.1667	   5.1000	   5.5000	   5.9000	  0.8000	  0.2000	  0.1000	  0.1600	  0.1900	   0.0000	   0.0000	   0.0000	   0.0000	   0.0000	   0.0000	   0.0000	   0.0000	   0.0000	  1.0000	  0.0000	        0.0000	        0.0000	        0.0000	        0.0000	        0.0000	        0.0000	        0.0000	  0.3415	  0.2793	-23.1053
2018	120	  23	 55	119.9965	  0.0000	3139.4536	   31.0668	 25.0153	164.3833	  0.0000	 156.4417	 156.4417	 156.4417	   0.0000	   0.0000	   0.0000	  6.9000	 13.3000	 53.6667	   5.1000	   5.5000	   5.9000	  0.8000	  0.2000	  0.1000	  0.1600	  0.1900	   0.0000	   0.0000	   0.0000	   0.0000	   0.0000	   0.0000	   0.0000	   0.0000	   0.0000	  1.0000	  0.0000	        0.0000	        0.0000	        0.0000	        0.0000	        0.0000	        0.0000	        0.0000	  0.3415	  0.2793	-23.1053
2018	121	  23	 55	120.9965	  0.0000	4855.4001	   41.4036	 28.2930	 23.9417	  0.0000	 161.4917	 161.4917	 161.4917	   0.0000	   0.0000	   0.0000	  6.9000	 13.2000	 57.7500	   5.1000	   5.5000	   5.9000	  0.8000	  0.2000	  0.1000	  0.1600	  0.1900	   0.0000	   0.0000	   0.0000	   0.0000	   0.0000	   0.0000	   0.0000	   0.0000	   0.0000	  1.0000	  0.0000	        0.0000	        0.0000	        0.0000	        0.0000	        0.0000	        0.0000	        0.0000	  0.3415	  0.2793	-23.1053
2018	122	  23	 55	121.9965	  0.0000	3364.9753	   37.2958	 30.0936	  0.0000	  1.0000	 167.0583	 167.0583	 167.0583	   0.0000	   0.0000	   0.0000	  7.6333	 13.5000	 63.6667	   5.1000	   5.5000	   5.9000	  0.8000	  0.2000	  0.1000	  0.1600	  0.1900	   0.0000	   0.0000	   0.0000	   0.0000	   0.0000	   0.0000	   0.0000	   0.0000	   0.0000	  1.0000	  0.0000	        0.0000	        0.0000	        0.0000	        0.0000	        0.0000	        0.0000	        0.0000	  0.3415	  0.2793	-23.1053
2018	123	  23	 55	122.9965	  0.0000	3239.4052	   30.0742	 30.0897	 11.3250	  0.0000	 171.4083	 171.4083	 171.4083	   0.0000	   0.0000	   0.0000	  6.7000	 12.0000	 66.4167	   5.1000	   5.5000	   5.9000	  0.8000	  0.2000	  0.1000	  0.1600	  0.1900	   0.0000	   0.0000	   0.0000	   0.0000	   0.0000	   0.0000	   0.0000	   0.0000	   0.0000	  1.0000	  0.0000	        0.0000	        0.0000	        0.0000	        0.0000	        0.0000	        0.0000	        0.0000	  0.3415	  0.2793	-23.1053
2018	124	  23	 55	123.9965	  0.0000	2682.8501	   26.9721	 29.4662	  0.0000	  1.0000	 175.8583	 175.8583	 175.8583	   0.0000	   0.0000	   0.0000	  6.5000	 12.4000	 52.9167	   5.1000	   5.5000	   5.9000	  0.8000	  0.2000	  0.1000	  0.1600	  0.1900	   0.0000	   0.0000	   0.0000	   0.0000	   0.0000	   0.0000	   0.0000	   0.0000	   0.0000	  1.0000	  0.0000	        0.0000	        0.0000	        0.0000	        0.0000	        0.0000	        0.0000	        0.0000	  0.3415	  0.2793	-23.1053
2018	125	  23	 55	124.9965	  0.0000	2961.3397	   37.4373	 31.0604	  0.0000	  2.0000	 182.8583	 182.8583	 182.8583	   0.0000	   0.0000	   0.0000	  8.1000	 15.9000	 57.0000	   5.1000	   5.5000	   5.9000	  0.8000	  0.2000	  0.1000	  0.1600	  0.1900	   0.0000	   0.0000	   0.0000	   0.0000	   0.0000	   0.0000	   0.0000	   0.0000	   0.0000	  1.0000	  0.0000	        0.0000	        0.0000	        0.0000	        0.0000	        0.0000	        0.0000	        0.0000	  0.3415	  0.2793	-23.1053
2018	126	  23	 55	125.9965	  0.0000	  3.5720	    0.0374	 22.3871	  0.0000	  5.0000	 205.8083	 205.8083	 205.8083	   0.0000	   0.0000	   0.0000	  6.6000	 18.7000	 65.9167	   5.1000	   5.5000	   5.9000	  0.8000	  0.2000	  0.1000	  0.1600	  0.1900	   0.0000	   0.0000	   0.0000	   0.0000	   0.0000	   0.0000	   0.0000	   0.0000	   0.0000	  1.0000	  0.0000	        0.0000	        0.0000	        0.0000	        0.0000	        0.0000	        0.0000	        0.0000	  0.3415	  0.2793	-23.1053
2018	127	  23	 55	126.9965	  0.0000	3879.7598	   68.2442	 31.5585	  0.0000	  6.0000	 216.7083	 216.7083	 216.7083	   0.0000	   0.0000	   0.0000	  9.8000	 22.0000	 71.9167	   5.1000	   5.5000	   5.9000	  0.8000	  0.2000	  0.1000	  0.1600	  0.1900	   0.0000	   0.0000	   0.0000	   0.0000	   0.0000	   0.0000	   0.0000	   0.0000	   0.0000	  1.0000	  0.0000	        0.0000	        0.0000	        0.0000	        0.0000	        0.0000	        0.0000	        0.0000	  0.3415	  0.2793	-23.1053
2018	128	  23	 55	127.9965	  0.0000	  3.5836	    0.0449	 25.4796	  0.0000	  9.0000	 252.5583	 252.5583	 252.5583	   0.0000	   0.0000	   0.0000	  9.7000	 24.2000	 70.0000	   5.1000	   5.5000	   5.9000	  0.8000	  0.2000	  0.1000	  0.1600	  0.1900	   0.0000	   0.0000	   0.0000	   0.0000	   0.0000	   0.0000	   0.0000	   0.0000	   0.0000	  1.0000	  0.0000	        0.0000	        0.0000	        0.0000	        0.0000	        0.0000	        0.0000	        0.0000	  0.3415	  0.2793	-23.1053
2018	129	  23	 55	128.9965	  0.0000	  3.5959	    0.0568	 23.1786	  0.0000	 12.0000	 293.2083	 293.2083	 293.2083	   0.0000	   0.0000	   0.0000	 11.2000	 25.9000	 71.5000	   5.1000	   5.5000	   5.9000	  0.8000	  0.2000	  0.1000	  0.1600	  0.1900	   0.0000	   0.0000	   0.0000	   0.0000	   0.0000	   0.0000	   0.0000	   0.0000	   0.0000	  1.0000	  0.0000	        0.0000	        0.0000	        0.0000	        0.0000	        0.0000	        0.0000	        0.0000	  0.3415	  0.2793	-23.1053
2018	130	  23	 55	129.9965	  0.0000	  3.5883	    0.0486	 22.0385	  5.9500	  0.0000	 300.0000	 300.0000	 300.0000	   0.0000	   0.0000	   0.0000	 12.2000	 27.6000	 65.5000	   5.1000	   5.5000	   5.9000	  0.8000	  0.2000	  0.1000	  0.1600	  0.1900	   0.0000	   0.0000	   0.0000	   0.0000	   0.0000	   0.0000	   0.0000	   0.0000	   0.0000	  1.0000	  0.0000	        0.0000	        0.0000	        0.0000	        0.0000	        0.0000	        0.0000	        0.0000	  0.3415	  0.2793	-23.1053
2018	131	  23	 55	130.9965	  0.0000	3547.4138	   49.1733	 27.4655	 12.7500	  0.0000	 300.0000	 300.0000	 300.0000	   0.0000	   0.0000	   0.0000	 10.7000	 16.7000	 65.3333	   5.1000	   5.5000	   5.9000	  0.8000	  0.2000	  0.1000	  0.1600	  0.1900	   0.0000	   0.0000	   0.0000	   0.0000	   0.0000	   0.0000	   0.0000	   0.0000	   0.0000	  1.0000	  0.0000	        0.0000	        0.0000	        0.0000	        0.0000	        0.0000	        0.0000	        0.0000	  0.3415	  0.2793	-23.1053
2018	132	  23	 55	131.9965	  0.0000	3348.0963	   55.2253	 33.0174	  0.0000	  1.0000	 300.0000	 300.0000	 300.0000	   0.0000	   0.0000	   0.0000	 10.3000	 19.9000	 67.2500	   5.1000	   5.5000	   5.9000	  0.8000	  0.2000	  0.1000	  0.1600	  0.1900	   0.0000	   0.0000	   0.0000	   0.0000	   0.0000	   0.0000	   0.0000	   0.0000	   0.0000	  1.0000	  0.0000	        0.0000	        0.0000	        0.0000	        0.0000	        0.0000	        0.0000	        0.0000	  0.3415	  0.2793	-23.1053
2018	133	  23	 55	132.9965	  0.0000	 15.6974	    0.3066	 32.8829	  0.0000	  3.0000	 300.0000	 300.0000	 300.0000	   0.0000	   0.0000	   0.0000	 14.9167	 25.6000	 64.0000	   5.1000	   5.5000	   5.9000	  0.8000	  0.2000	  0.1000	  0.1600	  0.1900	   0.0000	   0.0000	   0.0000	   0.0000	   0.0000	   0.0000	   0.0000	   0.0000	   0.0000	  1.0000	  0.0000	        0.0000	        0.0000	        0.0000	        0.0000	        0.0000	        0.0000	        0.0000	  0.3415	  0.2793	-23.1053
2018	134	  23	 55	133.9965	  0.0000	 17.8468	    0.3819	 35.8150	  0.0000	  5.0000	 300.0000	 300.0000	 300.0000	   0.0000	   0.0000	   0.0000	 12.3000	 28.2000	 75.8333	   5.1000	   5.5000	   5.9000	  0.8000	  0.2000	  0.1000	  0.1600	  0.1900	   0.0000	   0.0000	   0.0000	   0.0000	   0.0000	   0.0000	   0.0000	   0.0000	   0.0000	  1.0000	  0.0000	        0.0000	        0.0000	        0.0000	        0.0000	        0.0000	        0.0000	        0.0000	  0.3415	  0.2793	-23.1053
2018	135	  23	 55	134.9965	  0.0000	  3.5992	    0.0602	 29.4437	  0.0000	  8.0000	 300.0000	 300.0000	 300.0000	   0.0000	   0.0000	   0.0000	 13.8000	 28.1000	 71.1667	   5.1000	   5.5000	   5.9000	  0.8000	  0.2000	  0.1000	  0.1600	  0.1900	   0.0000	   0.0000	   0.0000	   0.0000	   0.0000	   0.0000	   0.0000	   0.0000	   0.0000	  1.0000	  0.0000	        0.0000	        0.0000	        0.0000	        0.0000	        0.0000	        0.0000	        0.0000	  0.3415	  0.2793	-23.1053
2018	136	  23	 55	135.9965	  0.0000	 16.7716	    0.3256	 31.5881	  0.0000	 10.0000	 300.0000	 300.0000	 300.0000	   0.0000	   0.0000	   0.0000	 14.1917	 26.4000	 73.0833	   5.1000	   5.5000	   5.9000	  0.8000	  0.2000	  0.1000	  0.1600	  0.1900	   0.0000	   0.0000	   0.0000	   0.0000	   0.0000	   0.0000	   0.0000	   0.0000	   0.0000	  1.0000	  0.0000	        0.0000	        0.0000	        0.0000	        0.0000	        0.0000	        0.0000	        0.0000	  0.3415	  0.2793	-23.1053
2018	137	  23	 55	136.9965	  0.0000	 14.5490	    0.2375	 28.9232	  0.2500	  0.0000	 300.0000	 300.0000	 300.0000	   0.0000	   0.0000	   0.0000	 13.4000	 20.5000	 61.9167	   5.1000	   5.5000	   5.9000	  0.8000	  0.2000	  0.1000	  0.1600	  0.1900	   0.0000	   0.0000	   0.0000	   0.0000	   0.0000	   0.0000	   0.0000	   0.0000	   0.0000	  1.0000	  0.0000	        0.0000	        0.0000	        0.0000	        0.0000	        0.0000	        0.0000	        0.0000	  0.3415	  0.2793	-23.1053
2018	138	  23	 55	137.9965	  0.0000	  3.5789	    0.0345	 23.8392	  0.7000	  0.0000	 300.0000	 300.0000	 300.0000	   0.0000	   0.0000	   0.0000	  9.6250	 20.9000	 81.9167	   5.1000	   5.5000	   5.9000	  0.8000	  0.2000	  0.1000	  0.1600	  0.1900	   0.0000	   0.0000	   0.0000	   0.0000	   0.0000	   0.0000	   0.0000	   0.0000	   0.0000	  1.0000	  0.0000	        0.0000	        0.0000	        0.0000	        0.0000	        0.0000	        0.0000	        0.0000	  0.3415	  0.2793	-23.1053
2018	139	  23	 55	138.9965	  0.0000	  3.5367	    0.0437	 13.5005	  0.0000	  5.0000	 300.0000	 300.0000	 300.0000	   0.0000	   0.0000	   0.0000	  7.2000	 22.1000	 80.0000	   5.1000	   5.5000	   5.9000	  0.8000	  0.2000	  0.1000	  0.1600	  0.1900	   0.0000	   0.0000	   0.0000	   0.0000	   0.0000	   0.0000	   0.0000	   0.0000	   0.0000	  1.0000	  0.0000	        0.0000	        0.0000	        0.0000	        0.0000	        0.0000	        0.0000	        0.0000	  0.3415	  0.2793	-23.1053
2018	140	  23	 55	139.9965	  0.0000	  3.5835	    0.0443	 15.9025	  0.0000	  8.0000	 300.0000	 300.0000	 300.0000	   0.0000	   0.0000	   0.0000	 10.2000	 22.2000	 71.5833	   5.1000	   5.5000	   5.9000	  0.8000	  0.2000	  0.1000	  0.1600	  0.1900	   0.0000	   0.0000	   0.0000	   0.0000	   0.0000	   0.0000	   0.0000	   0.0000	   0.0000	  1.0000	  0.0000	        0.0000	        0.0000	        0.0000	        0.0000	        0.0000	        0.0000	        0.0000	  0.3415	  0.2793	-23.1053
2018	141	  23	 55	140.9965	  0.0000	 16.3408	    0.2829	 20.9685	  0.0000	 10.0000	 300.0000	 300.0000	 300.0000	   0.0000	   0.0000	   0.0000	 10.6000	 22.7000	 71.5000	   5.1000	   5.5000	   5.9000	  0.8000	  0.2000	  0.1000	  0.1600	  0.1900	   0.0000	   0.0000	   0.0000	   0.0000	   0.0000	   0.0000	   0.0000	   0.0000	   0.0000	  1.0000	  0.0000	        0.0000	        0.0000	        0.0000	        0.0000	        0.0000	        0.0000	        0.0000	  0.3415	  0.2793	-23.1053
2018	142	  23	 55	141.9965	  0.0000	  3.5864	    0.0448	 20.5616	  0.0000	 13.0000	 300.0000	 300.0000	 300.0000	   0.0000	   0.0000	   0.0000	 11.2000	 23.0000	 77.8333	   5.1000	   5.5000	   5.9000	  0.8000	  0.2000	  0.1000	  0.1600	  0.1900	   0.0000	   0.0000	   0.0000	   0.0000	   0.0000	   0.0000	   0.0000	   0.0000	   0.0000	  1.0000	  0.0000	        0.0000	        0.0000	        0.0000	        0.0000	        0.0000	        0.0000	        0.0000	  0.3415	  0.2793	-23.1053
2018	143	  23	 55	142.9965	  0.0000	  3.5915	    0.0510	 20.9884	  0.0000	 16.0000	 300.0000	 300.0000	 300.0000	   0.0000	   0.0000	   0.0000	 10.5000	 24.9000	 77.0833	   5.1000	   5.5000	   5.9000	  0.8000	  0.2000	  0.1000	  0.1600	  0.1900	   0.0000	   0.0000	   0.0000	   0.0000	   0.0000	   0.0000	   0.0000	   0.0000	   0.0000	  1.0000	  0.0000	        0.0000	        0.0000	        0.0000	        0.0000	        0.0000	        0.0000	        0.0000	  0.3415	  0.2793	-23.1053
2018	144	  23	 55	143.9965	  0.0000	 17.0948	    0.3456	 26.8338	  0.0000	 18.0000	 300.0000	 300.0000	 300.0000	   0.0000	   0.0000	   0.0000	 12.0000	 25.8000	 75.3333	   5.1000	   5.5000	   5.9000	  0.8000	  0.2000	  0.1000	  0.1600	  0.1900	   0.0000	   0.0000	   0.0000	   0.0000	   0.0000	   0.0000	   0.0000	   0.0000	   0.0000	  1.0000	  0.0000	        0.0000	        0.0000	        0.0000	        0.0000	        0.0000	        0.0000	        0.0000	  0.3415	  0.2793	-23.1053
2018	145	  23	 55	144.9965	  0.0000	 17.0514	    0.3628	 31.0633	  0.0000	 20.0000	 300.0000	 300.0000	 300.0000	   0.0000	   0.0000	   0.0000	 15.5000	 27.4000	 73.4167	   5.1000	   5.5000	   5.9000	  0.8000	  0.2000	  0.1000	  0.1600	  0.1900	   0.0000	   0.0000	   0.0000	   0.0000	   0.0000	   0.0000	   0.0000	   0.0000	   0.0000	  1.0000	  0.0000	        0.0000	        0.0000	        0.0000	        0.0000	        0.0000	        0.0000	        0.0000	  0.3415	  0.2793	-23.1053
2018	146	  23	 55	145.9965	  0.0000	 17.5914	    0.3692	 34.0833	  0.0000	 22.0000	 300.0000	 300.0000	 300.0000	   0.0000	   0.0000	   0.0000	 14.0000	 26.9000	 80.2500	   5.1000	   5.5000	   5.9000	  0.8000	  0.2000	  0.1000	  0.1600	  0.1900	   0.0000	   0.0000	   0.0000	   0.0000	   0.0000	   0.0000	   0.0000	   0.0000	   0.0000	  1.0000	  0.0000	        0.0000	        0.0000	        0.0000	        0.0000	        0.0000	        0.0000	        0.0000	  0.3415	  0.2793	-23.1053
2018	147	  23	 55	146.9965	  0.0000	  3.5960	    0.0630	 26.4724	  4.9000	  0.0000	 300.0000	 300.0000	 300.0000	   0.0000	   0.0000	   0.0000	 16.6000	 26.9000	 55.0000	   5.1000	   5.5000	   5.9000	  0.8000	  0.2000	  0.1000	  0.1600	  0.1900	   0.0000	   0.0000	   0.0000	   0.0000	   0.0000	   0.0000	   0.0000	   0.0000	   0.0000	  1.0000	  0.0000	        0.0000	        0.0000	        0.0000	        0.0000	        0.0000	        0.0000	        0.0000	  0.3415	  0.2793	-23.1053
2018	148	  23	 55	147.9965	  0.0000	7405.5605	  123.6511	 45.9081	116.9667	  0.0000	 300.0000	 300.0000	 300.0000	   0.0000	   0.0000	   0.0000	 15.1333	 21.2000	 99.9167	   5.1000	   5.5000	   5.9000	  0.8000	  0.2000	  0.1000	  0.1600	  0.1900	   0.0000	   0.0000	   0.0000	   0.0000	   0.0000	   0.0000	   0.0000	   0.0000	   0.0000	  1.0000	  0.0000	        0.0000	        0.0000	        0.0000	        0.0000	        0.0000	        0.0000	        0.0000	  0.3415	  0.2793	-23.1053
2018	149	  23	 55	148.9965	  0.0000	  3.6264	    0.0676	 39.6211	  3.3750	  0.0000	 300.0000	 300.0000	 300.0000	   0.0000	   0.0000	   0.0000	 15.1000	 28.3000	109.6667	   5.1000	   5.5000	   5.9000	  0.8000	  0.2000	  0.1000	  0.1600	  0.1900	   0.0000	   0.0000	   0.0000	   0.0000	   0.0000	   0.0000	   0.0000	   0.0000	   0.0000	  1.0000	  0.0000	        0.0000	        0.0000	        0.0000	        0.0000	        0.0000	        0.0000	        0.0000	  0.3415	  0.2793	-23.1053
2018	150	  23	 55	149.9965	  0.0000	 17.7079	    0.4371	 42.0051	  0.0000	  2.0000	 300.0000	 300.0000	 300.0000	   0.0000	   0.0000	   0.0000	 16.6000	 30.6000	 78.8333	   5.1000	   5.5000	   5.9000	  0.8000	  0.2000	  0.1000	  0.1600	  0.1900	   0.0000	   0.0000	   0.0000	   0.0000	   0.0000	   0.0000	   0.0000	   0.0000	   0.0000	  1.0000	  0.0000	        0.0000	        0.0000	        0.0000	        0.0000	        0.0000	        0.0000	        0.0000	  0.3415	  0.2793	-23.1053
2018	151	  23	 55	150.9965	  0.0000	 17.1672	    0.4058	 42.4658	  0.0000	  4.0000	 300.0000	 300.0000	 300.0000	   0.0000	   0.0000	   0.0000	 18.6000	 29.1000	 74.8333	   5.1000	   5.5000	   5.9000	  0.8000	  0.2000	  0.1000	  0.1600	  0.1900	   0.0000	   0.0000	   0.0000	   0.0000	   0.0000	   0.0000	   0.0000	   0.0000	   0.0000	  1.0000	  0.0000	        0.0000	        0.0000	        0.0000	        0.0000	        0.0000	        0.0000	        0.0000	  0.3415	  0.2793	-23.1053
2018	152	  23	 55	151.9965	  0.0000	  3.6036	    0.0630	 33.5001	  0.0000	  7.0000	 300.0000	 300.0000	 300.0000	   0.0000	   0.0000	   0.0000	 16.8000	 26.5000	 78.5833	   5.1000	   5.5000	   5.9000	  0.8000	  0.2000	  0.1000	  0.1600	  0.1900	   0.0000	   0.0000	   0.0000	   0.0000	   0.0000	   0.0000	   0.0000	   0.0000	   0.0000	  1.0000	  0.0000	        0.0000	        0.0000	        0.0000	        0.0000	        0.0000	        0.0000	        0.0000	  0.3415	  0.2793	-23.1053
2018	153	  23	 55	152.9965	  0.0000	 18.6701	    0.4169	 37.7564	  0.0000	  9.0000	 300.0000	 300.0000	 300.0000	   0.0000	   0.0000	   0.0000	 15.4000	 27.9000	 87.1667	   5.1000	   5.5000	   5.9000	  0.8000	  0.2000	  0.1000	  0.1600	  0.1900	   0.0000	   0.0000	   0.0000	   0.0000	   0.0000	   0.0000	   0.0000	   0.0000	   0.0000	  1.0000	  0.0000	        0.0000	        0.0000	        0.0000	        0.0000	        0.0000	        0.0000	        0.0000	  0.3415	  0.2793	-23.1053
2018	154	  23	 55	153.9965	  0.0000	3697.3431	   84.2351	 47.0521	  0.0000	 10.0000	 300.0000	 300.0000	 300.0000	   0.0000	   0.0000	   0.0000	 16.9000	 26.7000	 72.4167	   5.1000	   5.5000	   5.9000	  0.8000	  0.2000	  0.1000	  0.1600	  0.1900	 348.1041	 158.2205	 189.8836	 348.1041	 158.2205	 189.8836	 348.1041	 158.2205	 189.8836	  1.0000	  0.0000	        0.0000	        0.0000	        0.0000	        0.0000	        0.0000	        0.0000	        0.0000	  0.3415	  0.2793	-23.1053
2018	155	  23	 55	154.9965	  0.0000	 17.7246	    0.3811	 44.9312	  0.0000	 12.0000	 300.0000	 300.0000	 300.0000	   0.0000	   0.0000	   0.0000	 17.2417	 27.1000	 80.6667	   5.1000	   5.5000	   5.9000	  0.8000	  0.2000	  0.1000	  0.1600	  0.1900	   0.0000	   0.0000	   0.0000	   0.0000	   0.0000	   0.0000	   0.0000	   0.0000	   0.0000	  1.0000	  0.0000	        0.0000	        0.0000	        0.0000	        0.0000	        0.0000	        0.0000	        0.0000	  0.3415	  0.2793	-23.1053
2018	156	  23	 55	155.9965	  0.0000	3732.5861	   60.3039	 48.0057	  0.0000	 13.0000	 300.0000	 300.0000	 300.0000	   0.0000	   0.0000	   0.0000	 12.3000	 18.9000	 70.2500	   5.1000	   5.5000	   5.9000	  0.8000	  0.2000	  0.1000	  0.1600	  0.1900	 248.0818	 112.7586	 135.3232	 248.0818	 112.7586	 135.3232	 248.0818	 112.7586	 135.3232	  1.0000	  0.0000	        0.0000	        0.0000	        0.0000	        0.0000	        0.0000	        0.0000	        0.0000	  0.3415	  0.2793	-23.1053
2018	157	  23	 55	156.9965	  0.0000	3247.0377	   58.5917	 50.1229	  0.0000	 14.0000	 300.0000	 300.0000	 300.0000	   0.0000	   0.0000	   0.0000	 13.0000	 21.2000	 65.5833	   5.1000	   5.5000	   5.9000	  0.8000	  0.2000	  0.1000	  0.1600	  0.1900	 242.1951	 110.0831	 132.1120	 242.1951	 110.0831	 132.1120	 242.1951	 110.0831	 132.1120	  1.0000	  0.0000	        0.0000	        0.0000	        0.0000	        0.0000	        0.0000	        0.0000	        0.0000	  0.3415	  0.2793	-23.1053
2018	158	  23	 55	157.9965	  0.0000	3451.1789	   71.2870	 54.3557	  0.0000	 15.0000	 300.0000	 300.0000	 300.0000	   0.0000	   0.0000	   0.0000	 15.5000	 24.0000	 71.5000	   5.1000	   5.5000	   5.9000	  0.8000	  0.2000	  0.1000	  0.1600	  0.1900	 299.4447	 136.1044	 163.3404	 299.4447	 136.1044	 163.3404	 299.4447	 136.1044	 163.3404	  1.0000	  0.0000	        0.0000	        0.0000	        0.0000	        0.0000	        0.0000	        0.0000	        0.0000	  0.3415	  0.2793	-23.1053
2018	159	  23	 55	158.9965	  0.0000	  3.5985	    0.0557	 39.8258	  0.0000	 18.0000	 300.0000	 300.0000	 300.0000	   0.0000	   0.0000	   0.0000	 15.5000	 26.5000	 81.5833	   5.1000	   5.5000	   5.9000	  0.8000	  0.2000	  0.1000	  0.1600	  0.1900	   0.0000	   0.0000	   0.0000	   0.0000	   0.0000	   0.0000	   0.0000	   0.0000	   0.0000	  1.0000	  0.0000	        0.0000	        0.0000	        0.0000	        0.0000	        0.0000	        0.0000	        0.0000	  0.3415	  0.2793	-23.1053
2018	160	  23	 55	159.9965	  0.0000	  3.5563	    0.0631	 25.6137	  0.0000	 22.0000	 300.0000	 300.0000	 300.0000	   0.0000	   0.0000	   0.0000	 13.5000	 26.3000	 82.4167	   5.1000	   5.5000	   5.9000	  0.8000	  0.2000	  0.1000	  0.1600	  0.1900	   0.0000	   0.0000	   0.0000	   0.0000	   0.0000	   0.0000	   0.0000	   0.0000	   0.0000	  1.0000	  0.0000	        0.0000	        0.0000	        0.0000	        0.0000	        0.0000	        0.0000	        0.0000	  0.3415	  0.2793	-23.1053
2018	161	  23	 55	160.9965	  0.0000	 28.6634	    0.5135	 37.5167	 55.4333	  0.0000	 300.0000	 300.0000	 300.0000	   0.0000	   0.0000	   0.0000	 15.1000	 25.3000	 94.6667	   5.1000	   5.5000	   5.9000	  0.8000	  0.2000	  0.1000	  0.1600	  0.1900	   0.0000	   0.0000	   0.0000	   0.0000	   0.0000	   0.0000	   0.0000	   0.0000	   0.0000	  1.0000	  0.0000	        0.0000	        0.0000	        0.0000	        0.0000	        0.0000	        0.0000	        0.0000	  0.3415	  0.2793	-23.1053
2018	162	  23	 55	161.9965	  0.0000	  3.6262	    0.0495	 33.1769	 16.9833	  0.0000	 300.0000	 300.0000	 300.0000	   0.0000	   0.0000	   0.0000	 13.7000	 16.9000	145.4167	   5.1000	   5.5000	   5.9000	  0.8000	  0.2000	  0.1000	  0.1600	  0.1900	   0.0000	   0.0000	   0.0000	   0.0000	   0.0000	   0.0000	   0.0000	   0.0000	   0.0000	  1.0000	  0.0000	        0.0000	        0.0000	        0.0000	        0.0000	        0.0000	        0.0000	        0.0000	  0.3415	  0.2793	-23.1053
2018	163	  23	 55	162.9965	  0.0000	 18.3301	    0.3195	 33.7029	  0.0000	  2.0000	 300.0000	 300.0000	 300.0000	   0.0000	   0.0000	   0.0000	 13.6000	 21.7000	 85.2500	   5.1000	   5.5000	   5.9000	  0.8000	  0.2000	  0.1000	  0.1600	  0.1900	   0.0000	   0.0000	   0.0000	   0.0000	   0.0000	   0.0000	   0.0000	   0.0000	   0.0000	  1.0000	  0.0000	        0.0000	        0.0000	        0.0000	        0.0000	        0.0000	        0.0000	        0.0000	  0.3415	  0.2793	-23.1053
2018	164	  23	 55	163.9965	  0.0000	3898.9647	   70.0448	 40.9713	  0.0000	  3.0000	 300.0000	 300.0000	 300.0000	   0.0000	   0.0000	   0.0000	 12.5000	 21.9000	 77.5833	   5.1000	   5.5000	   5.9000	  0.8000	  0.2000	  0.1000	  0.1600	  0.1900	 274.6045	 124.8126	 149.7919	 274.6045	 124.8126	 149.7919	 274.6045	 124.8126	 149.7919	  1.0000	  0.0000	        0.0000	        0.0000	        0.0000	        0.0000	        0.0000	        0.0000	        0.0000	  0.3415	  0.2793	-23.1053
2018	165	  23	 55	164.9965	  0.0000	 21.6900	    0.3441	 39.6580	 51.1417	  0.0000	 300.0000	 300.0000	 300.0000	   0.0000	   0.0000	   0.0000	 13.8000	 20.6000	 58.7500	   5.1000	   5.5000	   5.9000	  0.8000	  0.2000	  0.1000	  0.1600	  0.1900	   0.0000	   0.0000	   0.0000	   0.0000	   0.0000	   0.0000	   0.0000	   0.0000	   0.0000	  1.0000	  0.0000	        0.0000	        0.0000	        0.0000	        0.0000	        0.0000	        0.0000	        0.0000	  0.3415	  0.2793	-23.1053
2018	166	  23	 55	165.9965	  0.0000	6213.2685	   97.4392	 51.2142	  0.0000	  1.0000	 300.0000	 300.0000	 300.0000	   0.0000	   0.0000	   0.0000	 13.6000	 18.9000	131.0000	   5.1000	   5.5000	   5.9000	  0.8000	  0.2000	  0.1000	  0.1600	  0.1900	 391.4195	 177.9072	 213.5123	 391.4195	 177.9072	 213.5123	 391.4195	 177.9072	 213.5123	  1.0000	  0.0000	        0.0000	        0.0000	        0.0000	        0.0000	        0.0000	        0.0000	        0.0000	  0.3415	  0.2793	-23.1053
2018	167	  23	 55	166.9965	  0.0000	  3.5420	    0.0490	  0.1613	  6.9917	  0.0000	 300.0000	 300.0000	 300.0000	   0.0000	   0.0000	   0.0000	 13.9000	 22.2000	 70.7500	   5.1000	   5.5000	   5.9000	  0.8000	  0.2000	  0.1000	  0.1600	  0.1900	   0.0000	   0.0000	   0.0000	   0.0000	   0.0000	   0.0000	   0.0000	   0.0000	   0.0000	  1.0000	  0.0000	        0.0000	        0.0000	        0.0000	        0.0000	        0.0000	        0.0000	        0.0000	  0.3415	  0.2793	-23.1053
2018	168	  23	 55	167.9965	  0.0000	10971.6445	  163.6480	 32.8587	167.5667	  0.0000	 300.0000	 300.0000	 300.0000	   0.0000	   0.0000	   0.0000	 13.9000	 18.4000	201.6667	   5.1000	   5.5000	   5.9000	  0.8000	  0.2000	  0.1000	  0.1600	  0.1900	 679.9434	 309.0471	 370.8962	 679.9434	 309.0471	 370.8962	 679.9434	 309.0471	 370.8962	  1.0000	  0.0000	        0.0000	        0.0000	        0.0000	        0.0000	        0.0000	        0.0000	        0.0000	  0.3415	  0.2793	-23.1053
2018	169	  23	 55	168.9965	  0.0000	  3.5866	    0.0506	 24.1827	  6.7000	  0.0000	 300.0000	 300.0000	 300.0000	   0.0000	   0.0000	   0.0000	 14.1000	 18.2000	 66.4167	   5.1000	   5.5000	   5.9000	  0.8000	  0.2000	  0.1000	  0.1600	  0.1900	   0.0000	   0.0000	   0.0000	   0.0000	   0.0000	   0.0000	   0.0000	   0.0000	   0.0000	  1.0000	  0.0000	        0.0000	        0.0000	        0.0000	        0.0000	        0.0000	        0.0000	        0.0000	  0.3415	  0.2793	-23.1053
2018	170	  23	 55	169.9965	  0.0000	2997.6019	   45.8528	 28.5167	  7.1500	  0.0000	 300.0000	 300.0000	 300.0000	   0.0000	   0.0000	   0.0000	 12.9250	 17.4000	 63.2500	   5.1000	   5.5000	   5.9000	  0.8000	  0.2000	  0.1000	  0.1600	  0.1900	 163.7412	  74.4226	  89.3186	 163.7412	  74.4226	  89.3186	 163.7412	  74.4226	  89.3186	  1.0000	  0.0000	        0.0000	        0.0000	        0.0000	        0.0000	        0.0000	        0.0000	        0.0000	  0.3415	  0.2793	-23.1053
2018	171	  23	 55	170.9965	  0.0000	  3.5441	    0.0510	 15.8951	 57.5667	  0.0000	 300.0000	 300.0000	 300.0000	   0.0000	   0.0000	   0.0000	 11.4000	 16.9000	 59.3333	   5.1000	   5.5000	   5.9000	  0.8000	  0.2000	  0.1000	  0.1600	  0.1900	   0.0000	   0.0000	   0.0000	   0.0000	   0.0000	   0.0000	   0.0000	   0.0000	   0.0000	  1.0000	  0.0000	        0.0000	        0.0000	        0.0000	        0.0000	        0.0000	        0.0000	        0.0000	  0.3415	  0.2793	-23.1053
2018	172	  23	 55	171.9965	  0.0000	 19.2123	    0.2436	 19.8377	 15.4667	  0.0000	 300.0000	 300.0000	 300.0000	   0.0000	   0.0000	   0.0000	  9.8000	 16.0000	 67.9167	   5.1000	   5.5000	   5.9000	  0.8000	  0.2000	  0.1000	  0.1600	  0.1900	   0.0000	   0.0000	   0.0000	   0.0000	   0.0000	   0.0000	   0.0000	   0.0000	   0.0000	  1.0000	  0.0000	        0.0000	        0.0000	        0.0000	        0.0000	        0.0000	        0.0000	        0.0000	  0.3415	  0.2793	-23.1053
2018	173	  23	 55	172.9965	  0.0000	  3.5354	    0.0422	 13.7222	  0.0000	  4.0000	 300.0000	 300.0000	 300.0000	   0.0000	   0.0000	   0.0000	  9.4000	 17.3000	 74.5833	   5.1000	   5.5000	   5.9000	  0.8000	  0.2000	  0.1000	  0.1600	  0.1900	   0.0000	   0.0000	   0.0000	   0.0000	   0.0000	   0.0000	   0.0000	   0.0000	   0.0000	  1.0000	  0.0000	        0.0000	        0.0000	        0.0000	        0.0000	        0.0000	        0.0000	        0.0000	  0.3415	  0.2793	-23.1053
2018	174	  23	 55	173.9965	  0.0000	3585.6535	   56.0855	 22.1949	  0.0000	  5.0000	 300.0000	 300.0000	 300.0000	   0.0000	   0.0000	   0.0000	  8.6000	 19.1000	 71.2500	   5.1000	   5.5000	   5.9000	  0.8000	  0.2000	  0.1000	  0.1600	  0.1900	 216.6651	  98.4782	 118.1869	 216.6651	  98.4782	 118.1869	 216.6651	  98.4782	 118.1869	  1.0000	  0.0000	        0.0000	        0.0000	        0.0000	        0.0000	        0.0000	        0.0000	        0.0000	  0.3415	  0.2793	-23.1053
2018	175	  23	 55	174.9965	  0.0000	3868.5979	   71.0055	 31.9570	  0.0000	  6.0000	 300.0000	 300.0000	 300.0000	   0.0000	   0.0000	   0.0000	 10.4000	 22.3000	 82.2500	   5.1000	   5.5000	   5.9000	  0.8000	  0.2000	  0.1000	  0.1600	  0.1900	 283.6639	 128.9306	 154.7333	 283.6639	 128.9306	 154.7333	 283.6639	 128.9306	 154.7333	  1.0000	  0.0000	        0.0000	        0.0000	        0.0000	        0.0000	        0.0000	        0.0000	        0.0000	  0.3415	  0.2793	-23.1053
2018	176	  23	 55	175.9965	  0.0000	3653.9424	   75.6427	 40.6942	  0.0000	  7.0000	 300.0000	 300.0000	 300.0000	   0.0000	   0.0000	   0.0000	 15.0000	 24.6000	 74.5000	   5.1000	   5.5000	   5.9000	  0.8000	  0.2000	  0.1000	  0.1600	  0.1900	 305.6014	 138.9018	 166.6996	 305.6014	 138.9018	 166.6996	 305.6014	 138.9018	 166.6996	  1.0000	  0.0000	        0.0000	        0.0000	        0.0000	        0.0000	        0.0000	        0.0000	        0.0000	  0.3415	  0.2793	-23.1053
2018	177	  23	 55	176.9965	  0.0000	  3.6119	    0.0657	 34.1027	  0.0000	 10.0000	 300.0000	 300.0000	 300.0000	   0.0000	   0.0000	   0.0000	 14.2000	 27.1000	 87.6667	   5.1000	   5.5000	   5.9000	  0.8000	  0.2000	  0.1000	  0.1600	  0.1900	   0.0000	   0.0000	   0.0000	   0.0000	   0.0000	   0.0000	   0.0000	   0.0000	   0.0000	  1.0000	  0.0000	        0.0000	        0.0000	        0.0000	        0.0000	        0.0000	        0.0000	        0.0000	  0.3415	  0.2793	-23.1053
2018	178	  23	 55	177.9965	  0.0000	3776.9809	   83.8137	 44.0449	  0.0000	 11.0000	 300.0000	 300.0000	 300.0000	   0.0000	   0.0000	   0.0000	 16.4000	 25.9000	 76.7500	   5.1000	   5.5000	   5.9000	  0.8000	  0.2000	  0.1000	  0.1600	  0.1900	 347.8737	 158.1159	 189.7578	 347.8737	 158.1159	 189.7578	 347.8737	 158.1159	 189.7578	  1.0000	  0.0000	        0.0000	        0.0000	        0.0000	        0.0000	        0.0000	        0.0000	        0.0000	  0.3415	  0.2793	-23.1053
2018	179	  23	 55	178.9965	  0.0000	3978.5914	   90.4973	 53.3354	  0.0000	 12.0000	 300.0000	 300.0000	 300.0000	   0.0000	   0.0000	   0.0000	 17.4000	 26.3000	 81.1667	   5.1000	   5.5000	   5.9000	  0.8000	  0.2000	  0.1000	  0.1600	  0.1900	 378.7792	 172.1632	 206.6160	 378.7792	 172.1632	 206.6160	 378.7792	 172.1632	 206.6160	  1.0000	  0.0000	        0.0000	        0.0000	        0.0000	        0.0000	        0.0000	        0.0000	        0.0000	  0.3415	  0.2793	-23.1053
