Year	DOY	Hour	Min	 Dectime	  HDD1_h	  HDD2_c	HDD3_Tmean	HDD4_T5d	   P_day	  DaysSR	GDD_EveTr	GDD_DecTr	GDD_Grass	SDD_EveTr	SDD_DecTr	SDD_Grass	    Tmin	    Tmax	   DLHrs	LAI_EveTr	LAI_DecTr	LAI_Grass	DecidCap	Porosity	AlbEveTr	AlbDecTr	AlbGrass	WU_EveTr1	WU_EveTr2	WU_EveTr3	WU_DecTr1	WU_DecTr2	WU_DecTr3	WU_Grass1	WU_Grass2	WU_Grass3	LAIlumps	 AlbSnow	DensSnow_Paved	DensSnow_Bldgs	DensSnow_EveTr	DensSnow_DecTr	DensSnow_Grass	DensSnow_BSoil	DensSnow_Water	      a1	      a2	      a3
2018	  1	  23	 55	  0.9965	  0.0000	  9.9232	    0.0507	  4.7339	 15.6500	  0.0000	   0.2000	   0.2000	   0.2000	-450.0000	-450.0000	-450.0000	  3.6000	  6.6000	 10.3333	   4.0003	   1.0006	   1.6006	  0.3001	  0.5999	  0.1000	  0.1600	  0.1900	   0.0000	   0.0000	   0.0000	   0.0000	   0.0000	   0.0000	   0.0000	   0.0000	   0.0000	  0.2476	  0.0000	        0.0000	        0.0000	        0.0000	        0.0000	        0.0000	        0.0000	        0.0000	  0.4753	  0.2944	-26.6326
2018	  2	  23	 55	  1.9965	  0.0000	  8.5108	    0.0452	  4.3107	  0.7667	  0.0000	   1.5000	   1.5000	   1.5000	-450.0000	-450.0000	-450.0000	  4.8000	  6.5000	 11.7500	   4.0028	   1.0053	   1.6054	  0.3006	  0.5995	  0.1000	  0.1600	  0.1900	   0.0000	   0.0000	   0.0000	   0.0000	   0.0000	   0.0000	   0.0000	   0.0000	   0.0000	  0.2480	  0.0000	        0.0000	        0.0000	        0.0000	        0.0000	        0.0000	        0.0000	        0.0000	  0.4753	  0.2944	-26.6326
2018	  3	  23	 55	  2.9965	  0.0000	1288.8323	    4.4037	  4.3293	 12.3417	  0.0000	   0.0000	   0.0000	   0.0000	-450.0000	-450.0000	-450.0000	  2.6000	  5.0000	  5.0000	   4.0028	   1.0053	   1.6054	  0.3006	  0.5995	  0.1000	  0.1600	  0.1900	   0.0000	   0.0000	   0.0000	   0.0000	   0.0000	   0.0000	   0.0000	   0.0000	   0.0000	  0.2485	  0.0000	        0.0000	        0.0000	        0.0000	        0.0000	        0.0000	        0.0000	        0.0000	  0.4753	  0.2944	-26.6326
2018	  4	  23	 55	  3.9965	  0.0000	  8.7679	    0.0234	  3.4514	  0.0167	  0.0000	   0.0000	   0.0000	   0.0000	-450.0000	-450.0000	-450.0000	  2.2000	  3.5000	 12.5000	   4.0028	   1.0053	   1.6054	  0.3006	  0.5995	  0.1000	  0.1600	  0.1900	   0.0000	   0.0000	   0.0000	   0.0000	   0.0000	   0.0000	   0.0000	   0.0000	   0.0000	  0.2485	  0.0000	        0.0000	        0.0000	        0.0000	        0.0000	        0.0000	        0.0000	        0.0000	  0.4753	  0.2944	-26.6326
2018	  5	  23	 55	  4.9965	  0.0000	1349.6832	    2.5996	  3.2810	  0.0000	  1.0000	   0.0000	   0.0000	   0.0000	-450.0000	-450.0000	-450.0000	  0.8167	  2.8000	  8.0833	   4.0028	   1.0053	   1.6054	  0.3006	  0.5995	  0.1000	  0.1600	  0.1900	   0.0000	   0.0000	   0.0000	   0.0000	   0.0000	   0.0000	   0.0000	   0.0000	   0.0000	  0.2485	  0.0000	        0.0000	        0.0000	        0.0000	        0.0000	        0.0000	        0.0000	        0.0000	  0.4753	  0.2944	-26.6326
2018	  6	  23	 55	  5.9965	  0.0000	  8.3250	   -0.0315	  1.6165	  0.0000	  3.0000	   0.0000	   0.0000	   0.0000	-450.0000	-450.0000	-450.0000	 -6.0500	  0.8000	  8.5833	   4.0028	   1.0053	   1.6054	  0.3006	  0.5995	  0.1000	  0.1600	  0.1900	   0.0000	   0.0000	   0.0000	   0.0000	   0.0000	   0.0000	   0.0000	   0.0000	   0.0000	  0.2485	  0.0000	        0.0000	        0.0000	        0.0000	        0.0000	        0.0000	        0.0000	        0.0000	  0.4753	  0.2944	-26.6326
2018	  7	  23	 55	  6.9965	  0.0000	1813.6778	   -3.3187	  0.6295	  0.0000	  4.0000	   0.0000	   0.0000	   0.0000	-450.0000	-450.0000	-450.0000	 -7.9000	  4.4000	 22.3333	   4.0028	   1.0053	   1.6054	  0.3006	  0.5995	  0.1000	  0.1600	  0.1900	   0.0000	   0.0000	   0.0000	   0.0000	   0.0000	   0.0000	   0.0000	   0.0000	   0.0000	  0.2485	  0.0000	        0.0000	        0.0000	        0.0000	        0.0000	        0.0000	        0.0000	        0.0000	  0.4753	  0.2944	-26.6326
2018	  8	  23	 55	  7.9965	  0.0000	1832.2637	    4.8247	  1.4685	  0.0000	  5.0000	   0.0000	   0.0000	   0.0000	-450.0000	-450.0000	-450.0000	  0.2000	  4.3000	 19.5000	   4.0028	   1.0053	   1.6054	  0.3006	  0.5995	  0.1000	  0.1600	  0.1900	   0.0000	   0.0000	   0.0000	   0.0000	   0.0000	   0.0000	   0.0000	   0.0000	   0.0000	  0.2485	  0.0000	        0.0000	        0.0000	        0.0000	        0.0000	        0.0000	        0.0000	        0.0000	  0.4753	  0.2944	-26.6326
2018	  9	  23	 55	  8.9965	  0.0000	1621.6934	    3.1046	  1.7957	  0.0000	  6.0000	   0.0000	   0.0000	   0.0000	-450.0000	-450.0000	-450.0000	 -0.9000	  4.6000	 16.3333	   4.0028	   1.0053	   1.6054	  0.3006	  0.5995	  0.1000	  0.1600	  0.1900	   0.0000	   0.0000	   0.0000	   0.0000	   0.0000	   0.0000	   0.0000	   0.0000	   0.0000	  0.2485	  0.0000	        0.0000	        0.0000	        0.0000	        0.0000	        0.0000	        0.0000	        0.0000	  0.4753	  0.2944	-26.6326
2018	 10	  23	 55	  9.9965	  0.0000	1920.5953	    6.1354	  2.6637	 14.3083	  0.0000	   0.0000	   0.0000	   0.0000	-450.0000	-450.0000	-450.0000	  2.1000	  3.9000	  5.5000	   4.0028	   1.0053	   1.6054	  0.3006	  0.5995	  0.1000	  0.1600	  0.1900	   0.0000	   0.0000	   0.0000	   0.0000	   0.0000	   0.0000	   0.0000	   0.0000	   0.0000	  0.2485	  0.0000	        0.0000	        0.0000	        0.0000	        0.0000	        0.0000	        0.0000	        0.0000	  0.4753	  0.2944	-26.6326
2018	 11	  23	 55	 10.9965	  0.0000	1905.3956	    4.8590	  3.1027	  6.0500	  0.0000	   0.0000	   0.0000	   0.0000	-450.0000	-450.0000	-450.0000	 -0.4000	  3.5000	 16.4167	   4.0028	   1.0053	   1.6054	  0.3006	  0.5995	  0.1000	  0.1600	  0.1900	   0.0000	   0.0000	   0.0000	   0.0000	   0.0000	   0.0000	   0.0000	   0.0000	   0.0000	  0.2485	  0.0000	        0.0000	        0.0000	        0.0000	        0.0000	        0.0000	        0.0000	        0.0000	  0.4753	  0.2944	-26.6326
2018	 12	  23	 55	 11.9965	  0.0000	  9.4537	    0.0057	  2.2558	  0.3917	  0.0000	   0.0000	   0.0000	   0.0000	-450.0000	-450.0000	-450.0000	 -0.5000	  2.0000	  9.8333	   4.0028	   1.0053	   1.6054	  0.3006	  0.5995	  0.1000	  0.1600	  0.1900	   0.0000	   0.0000	   0.0000	   0.0000	   0.0000	   0.0000	   0.0000	   0.0000	   0.0000	  0.2485	  0.0000	        0.0000	        0.0000	        0.0000	        0.0000	        0.0000	        0.0000	        0.0000	  0.4753	  0.2944	-26.6326
2018	 13	  23	 55	 12.9965	  0.0000	1402.9693	    0.1923	  1.8431	  0.9333	  0.0000	   0.0000	   0.0000	   0.0000	-450.0000	-450.0000	-450.0000	 -0.7917	  0.7000	  4.9167	   4.0028	   1.0053	   1.6054	  0.3006	  0.5995	  0.1000	  0.1600	  0.1900	   0.0000	   0.0000	   0.0000	   0.0000	   0.0000	   0.0000	   0.0000	   0.0000	   0.0000	  0.2485	  0.0000	        0.0000	        0.0000	        0.0000	        0.0000	        0.0000	        0.0000	        0.0000	  0.4753	  0.2944	-26.6326
2018	 14	  23	 55	 13.9965	  0.0000	1040.1153	   -0.6547	  1.3436	  0.0000	  1.0000	   0.0000	   0.0000	   0.0000	-450.0000	-450.0000	-450.0000	 -1.7833	  0.0010	  5.0000	   4.0028	   1.0053	   1.6054	  0.3006	  0.5995	  0.1000	  0.1600	  0.1900	   0.0000	   0.0000	   0.0000	   0.0000	   0.0000	   0.0000	   0.0000	   0.0000	   0.0000	  0.2485	  0.0000	        0.0000	        0.0000	        0.0000	        0.0000	        0.0000	        0.0000	        0.0000	  0.4753	  0.2944	-26.6326
2018	 15	  23	 55	 14.9965	  0.0000	1232.0599	   -0.1561	  1.0436	  5.5417	  0.0000	   0.0000	   0.0000	   0.0000	-450.0000	-450.0000	-450.0000	 -1.9000	  0.8833	  4.5000	   4.0028	   1.0053	   1.6054	  0.3006	  0.5995	  0.1000	  0.1600	  0.1900	   0.0000	   0.0000	   0.0000	   0.0000	   0.0000	   0.0000	   0.0000	   0.0000	   0.0000	  0.2485	  0.0000	        0.0000	        0.0000	        0.0000	        0.0000	        0.0000	        0.0000	        0.0000	  0.4753	  0.2944	-26.6326
2018	 16	  23	 55	 15.9965	  0.0000	  3.5500	    0.0049	  2.0957	 41.4833	  0.0000	   0.0000	   0.0000	   0.0000	-450.0000	-450.0000	-450.0000	  0.4000	  3.7000	 17.0833	   4.0028	   1.0053	   1.6054	  0.3006	  0.5995	  0.1000	  0.1600	  0.1900	   0.0000	   0.0000	   0.0000	   0.0000	   0.0000	   0.0000	   0.0000	   0.0000	   0.0000	  0.2485	  0.0000	        0.0000	        0.0000	        0.0000	        0.0000	        0.0000	        0.0000	        0.0000	  0.4753	  0.2944	-26.6326
2018	 17	  23	 55	 16.9965	  0.0000	  9.4754	    0.0153	  1.8504	  0.1667	  0.0000	   0.0000	   0.0000	   0.0000	-450.0000	-450.0000	-450.0000	  0.7000	  3.3000	 16.1667	   4.0028	   1.0053	   1.6054	  0.3006	  0.5995	  0.1000	  0.1600	  0.1900	   0.0000	   0.0000	   0.0000	   0.0000	   0.0000	   0.0000	   0.0000	   0.0000	   0.0000	  0.2485	  0.0000	        0.0000	        0.0000	        0.0000	        0.0000	        0.0000	        0.0000	        0.0000	  0.4753	  0.2944	-26.6326
2018	 18	  23	 55	 17.9965	  0.0000	  8.7323	   -0.0001	  1.3664	  0.0083	  0.0000	   0.0000	   0.0000	   0.0000	-450.0000	-450.0000	-450.0000	 -1.1667	  1.5000	 12.5000	   4.0028	   1.0053	   1.6054	  0.3006	  0.5995	  0.1000	  0.1600	  0.1900	   0.0000	   0.0000	   0.0000	   0.0000	   0.0000	   0.0000	   0.0000	   0.0000	   0.0000	  0.2485	  0.0000	        0.0000	        0.0000	        0.0000	        0.0000	        0.0000	        0.0000	        0.0000	  0.4753	  0.2944	-26.6326
2018	 19	  23	 55	 18.9965	  0.0000	1887.1441	   -2.9500	  0.5031	  0.0000	  1.0000	   0.0000	   0.0000	   0.0000	-450.0000	-450.0000	-450.0000	 -3.8000	  0.8000	 22.5000	   4.0028	   1.0053	   1.6054	  0.3006	  0.5995	  0.1000	  0.1600	  0.1900	   0.0000	   0.0000	   0.0000	   0.0000	   0.0000	   0.0000	   0.0000	   0.0000	   0.0000	  0.2485	  0.0000	        0.0000	        0.0000	        0.0000	        0.0000	        0.0000	        0.0000	        0.0000	  0.4753	  0.2944	-26.6326
2018	 20	  23	 55	 19.9965	  0.0000	1204.7533	    0.3840	  0.4793	  0.3000	  0.0000	   0.0000	   0.0000	   0.0000	-450.0000	-450.0000	-450.0000	 -1.1000	  1.2000	 10.9167	   4.0028	   1.0053	   1.6054	  0.3006	  0.5995	  0.1000	  0.1600	  0.1900	   0.0000	   0.0000	   0.0000	   0.0000	   0.0000	   0.0000	   0.0000	   0.0000	   0.0000	  0.2485	  0.0000	        0.0000	        0.0000	        0.0000	        0.0000	        0.0000	        0.0000	        0.0000	  0.4753	  0.2944	-26.6326
2018	 21	  23	 55	 20.9965	  0.0000	1410.1005	    0.3618	  0.4558	  0.0000	  1.0000	   0.0000	   0.0000	   0.0000	-450.0000	-450.0000	-450.0000	 -0.4000	  1.0000	 11.3333	   4.0028	   1.0053	   1.6054	  0.3006	  0.5995	  0.1000	  0.1600	  0.1900	   0.0000	   0.0000	   0.0000	   0.0000	   0.0000	   0.0000	   0.0000	   0.0000	   0.0000	  0.2485	  0.0000	        0.0000	        0.0000	        0.0000	        0.0000	        0.0000	        0.0000	        0.0000	  0.4753	  0.2944	-26.6326
2018	 22	  23	 55	 21.9965	  0.0000	1245.6281	   -0.5112	  0.2624	  0.0000	  2.0000	   0.0000	   0.0000	   0.0000	-450.0000	-450.0000	-450.0000	 -2.0000	  0.6000	 11.4167	   4.0028	   1.0053	   1.6054	  0.3006	  0.5995	  0.1000	  0.1600	  0.1900	   0.0000	   0.0000	   0.0000	   0.0000	   0.0000	   0.0000	   0.0000	   0.0000	   0.0000	  0.2485	  0.0000	        0.0000	        0.0000	        0.0000	        0.0000	        0.0000	        0.0000	        0.0000	  0.4753	  0.2944	-26.6326
2018	 23	  23	 55	 22.9965	  0.0000	1481.4919	    2.1365	  0.6372	 28.9917	  0.0000	   0.0000	   0.0000	   0.0000	-450.0000	-450.0000	-450.0000	 -0.4000	  4.9500	  7.9167	   4.0028	   1.0053	   1.6054	  0.3006	  0.5995	  0.1000	  0.1600	  0.1900	   0.0000	   0.0000	   0.0000	   0.0000	   0.0000	   0.0000	   0.0000	   0.0000	   0.0000	  0.2485	  0.0000	        0.0000	        0.0000	        0.0000	        0.0000	        0.0000	        0.0000	        0.0000	  0.4753	  0.2944	-26.6326
2018	 24	  23	 55	 23.9965	  0.0000	1759.0655	   11.6857	  2.8469	 20.8833	  0.0000	   1.9500	   1.9500	   1.9500	-450.0000	-450.0000	-450.0000	  5.0000	  8.9000	  6.1667	   4.0049	   1.0092	   1.6094	  0.3010	  0.5992	  0.1000	  0.1600	  0.1900	   0.0000	   0.0000	   0.0000	   0.0000	   0.0000	   0.0000	   0.0000	   0.0000	   0.0000	  0.2492	  0.0000	        0.0000	        0.0000	        0.0000	        0.0000	        0.0000	        0.0000	        0.0000	  0.4753	  0.2944	-26.6326
2018	 25	  23	 55	 24.9965	  0.0000	1249.9667	    7.3081	  3.7391	  1.2667	  0.0000	   2.7500	   2.7500	   2.7500	-450.0000	-450.0000	-450.0000	  5.3000	  6.3000	 10.3333	   4.0078	   1.0147	   1.6150	  0.3016	  0.5987	  0.1000	  0.1600	  0.1900	   0.0000	   0.0000	   0.0000	   0.0000	   0.0000	   0.0000	   0.0000	   0.0000	   0.0000	  0.2501	  0.0000	        0.0000	        0.0000	        0.0000	        0.0000	        0.0000	        0.0000	        0.0000	  0.4753	  0.2944	-26.6326
2018	 26	  23	 55	 25.9965	  0.0000	  8.6197	    0.0328	  3.5250	  3.5667	  0.0000	   0.0000	   0.0000	   0.0000	-450.0000	-450.0000	-450.0000	  2.3750	  5.7000	 11.3333	   4.0078	   1.0147	   1.6150	  0.3016	  0.5987	  0.1000	  0.1600	  0.1900	   0.0000	   0.0000	   0.0000	   0.0000	   0.0000	   0.0000	   0.0000	   0.0000	   0.0000	  0.2501	  0.0000	        0.0000	        0.0000	        0.0000	        0.0000	        0.0000	        0.0000	        0.0000	  0.4753	  0.2944	-26.6326
2018	 27	  23	 55	 26.9965	  0.0000	 11.3286	    0.0249	  2.8412	 20.7250	  0.0000	   0.0000	   0.0000	   0.0000	-450.0000	-450.0000	-450.0000	 -2.8000	  4.5000	 24.8333	   4.0078	   1.0147	   1.6150	  0.3016	  0.5987	  0.1000	  0.1600	  0.1900	   0.0000	   0.0000	   0.0000	   0.0000	   0.0000	   0.0000	   0.0000	   0.0000	   0.0000	  0.2501	  0.0000	        0.0000	        0.0000	        0.0000	        0.0000	        0.0000	        0.0000	        0.0000	  0.4753	  0.2944	-26.6326
2018	 28	  23	 55	 27.9965	  0.0000	1673.4406	    9.6008	  4.1931	 11.3500	  0.0000	   0.4500	   0.4500	   0.4500	-450.0000	-450.0000	-450.0000	  3.6000	  7.3000	  9.0833	   4.0082	   1.0156	   1.6159	  0.3017	  0.5986	  0.1000	  0.1600	  0.1900	   0.0000	   0.0000	   0.0000	   0.0000	   0.0000	   0.0000	   0.0000	   0.0000	   0.0000	  0.2503	  0.0000	        0.0000	        0.0000	        0.0000	        0.0000	        0.0000	        0.0000	        0.0000	  0.4753	  0.2944	-26.6326
2018	 29	  23	 55	 28.9965	  0.0000	 10.5107	    0.0439	  4.0915	 39.5750	  0.0000	   0.0000	   0.0000	   0.0000	-450.0000	-450.0000	-450.0000	  2.5000	  7.2000	 13.7500	   4.0082	   1.0156	   1.6159	  0.3017	  0.5986	  0.1000	  0.1600	  0.1900	   0.0000	   0.0000	   0.0000	   0.0000	   0.0000	   0.0000	   0.0000	   0.0000	   0.0000	  0.2503	  0.0000	        0.0000	        0.0000	        0.0000	        0.0000	        0.0000	        0.0000	        0.0000	  0.4753	  0.2944	-26.6326
2018	 30	  23	 55	 29.9965	  0.0000	1895.8563	    5.7622	  4.4256	  0.0000	  1.0000	   0.0000	   0.0000	   0.0000	-450.0000	-450.0000	-450.0000	 -0.4000	  5.5000	 23.1667	   4.0082	   1.0156	   1.6159	  0.3017	  0.5986	  0.1000	  0.1600	  0.1900	   0.0000	   0.0000	   0.0000	   0.0000	   0.0000	   0.0000	   0.0000	   0.0000	   0.0000	  0.2503	  0.0000	        0.0000	        0.0000	        0.0000	        0.0000	        0.0000	        0.0000	        0.0000	  0.4753	  0.2944	-26.6326
2018	 31	  23	 55	 30.9965	  0.0000	 12.1083	    0.0406	  4.2351	 29.4583	  0.0000	   0.0000	   0.0000	   0.0000	-450.0000	-450.0000	-450.0000	  1.5000	  5.3000	 16.0000	   4.0082	   1.0156	   1.6159	  0.3017	  0.5986	  0.1000	  0.1600	  0.1900	   0.0000	   0.0000	   0.0000	   0.0000	   0.0000	   0.0000	   0.0000	   0.0000	   0.0000	  0.2503	  0.0000	        0.0000	        0.0000	        0.0000	        0.0000	        0.0000	        0.0000	        0.0000	  0.4753	  0.2944	-26.6326
2018	 32	  23	 55	 31.9965	  0.0000	  3.5559	    0.0107	  3.8559	 83.6167	  0.0000	   0.0000	   0.0000	   0.0000	-450.0000	-450.0000	-450.0000	  0.7000	  4.5000	 14.3333	   4.0082	   1.0156	   1.6159	  0.3017	  0.5986	  0.1000	  0.1600	  0.1900	   0.0000	   0.0000	   0.0000	   0.0000	   0.0000	   0.0000	   0.0000	   0.0000	   0.0000	  0.2503	  0.0000	        0.0000	        0.0000	        0.0000	        0.0000	        0.0000	        0.0000	        0.0000	  0.4753	  0.2944	-26.6326
2018	 33	  23	 55	 32.9965	  0.0000	2498.4298	   -0.8106	  2.9226	  1.1333	  0.0000	   0.0000	   0.0000	   0.0000	-450.0000	-450.0000	-450.0000	 -5.1000	  3.0000	 11.7500	   4.0082	   1.0156	   1.6159	  0.3017	  0.5986	  0.1000	  0.1600	  0.1900	   0.0000	   0.0000	   0.0000	   0.0000	   0.0000	   0.0000	   0.0000	   0.0000	   0.0000	  0.2503	  0.0000	        0.0000	        0.0000	        0.0000	        0.0000	        0.0000	        0.0000	        0.0000	  0.4753	  0.2944	-26.6326
2018	 34	  23	 55	 33.9965	  0.0000	1193.4746	   -3.9330	  1.5514	  0.1750	  0.0000	   0.0000	   0.0000	   0.0000	-450.0000	-450.0000	-450.0000	 -5.1000	 -2.2000	  9.5000	   4.0082	   1.0156	   1.6159	  0.3017	  0.5986	  0.1000	  0.1600	  0.1900	   0.0000	   0.0000	   0.0000	   0.0000	   0.0000	   0.0000	   0.0000	   0.0000	   0.0000	  0.2503	  0.0000	        0.0000	        0.0000	        0.0000	        0.0000	        0.0000	        0.0000	        0.0000	  0.4753	  0.2944	-26.6326
2018	 35	  23	 55	 34.9965	  0.0000	1470.7881	   -5.0865	  0.2239	  0.0000	  1.0000	   0.0000	   0.0000	   0.0000	-450.0000	-450.0000	-450.0000	 -6.6917	 -2.2000	 15.4167	   4.0082	   1.0156	   1.6159	  0.3017	  0.5986	  0.1000	  0.1600	  0.1900	   0.0000	   0.0000	   0.0000	   0.0000	   0.0000	   0.0000	   0.0000	   0.0000	   0.0000	  0.2503	  0.0000	        0.0000	        0.0000	        0.0000	        0.0000	        0.0000	        0.0000	        0.0000	  0.4753	  0.2944	-26.6326
2018	 36	  23	 55	 35.9965	  0.0000	2117.1209	  -13.1509	 -2.4511	  0.0000	  2.0000	   0.0000	   0.0000	   0.0000	-450.0000	-450.0000	-450.0000	 -9.1000	 -2.9000	 27.5000	   4.0082	   1.0156	   1.6159	  0.3017	  0.5986	  0.1000	  0.1600	  0.1900	   0.0000	   0.0000	   0.0000	   0.0000	   0.0000	   0.0000	   0.0000	   0.0000	   0.0000	  0.2503	  0.0000	        0.0000	        0.0000	        0.0000	        0.0000	        0.0000	        0.0000	        0.0000	  0.4753	  0.2944	-26.6326
2018	 37	  23	 55	 36.9965	  0.0000	1415.4130	   -4.7682	 -2.9145	  0.3333	  0.0000	   0.0000	   0.0000	   0.0000	-450.0000	-450.0000	-450.0000	 -8.5000	 -0.8000	 10.0000	   4.0082	   1.0156	   1.6159	  0.3017	  0.5986	  0.1000	  0.1600	  0.1900	   0.0000	   0.0000	   0.0000	   0.0000	   0.0000	   0.0000	   0.0000	   0.0000	   0.0000	  0.2503	  0.0000	        0.0000	        0.0000	        0.0000	        0.0000	        0.0000	        0.0000	        0.0000	  0.4753	  0.2944	-26.6326
2018	 38	  23	 55	 37.9965	  0.0000	1736.3109	   -0.6264	 -2.4569	  5.9833	  0.0000	   0.0000	   0.0000	   0.0000	-450.0000	-450.0000	-450.0000	 -3.7000	  2.0000	 16.3333	   4.0082	   1.0156	   1.6159	  0.3017	  0.5986	  0.1000	  0.1600	  0.1900	   0.0000	   0.0000	   0.0000	   0.0000	   0.0000	   0.0000	   0.0000	   0.0000	   0.0000	  0.2503	  0.0000	        0.0000	        0.0000	        0.0000	        0.0000	        0.0000	        0.0000	        0.0000	  0.4753	  0.2944	-26.6326
2018	 39	  23	 55	 38.9965	  0.0000	1836.7170	    2.3163	 -1.5022	  0.0000	  1.0000	   0.0000	   0.0000	   0.0000	-450.0000	-450.0000	-450.0000	 -0.1000	  2.5000	 17.0833	   4.0082	   1.0156	   1.6159	  0.3017	  0.5986	  0.1000	  0.1600	  0.1900	   0.0000	   0.0000	   0.0000	   0.0000	   0.0000	   0.0000	   0.0000	   0.0000	   0.0000	  0.2503	  0.0000	        0.0000	        0.0000	        0.0000	        0.0000	        0.0000	        0.0000	        0.0000	  0.4753	  0.2944	-26.6326
2018	 40	  23	 55	 39.9965	  0.0000	  9.2832	   -0.0071	 -0.9583	  0.0000	  3.0000	   0.0000	   0.0000	   0.0000	-450.0000	-450.0000	-450.0000	 -2.7000	  1.6000	 20.0833	   4.0082	   1.0156	   1.6159	  0.3017	  0.5986	  0.1000	  0.1600	  0.1900	   0.0000	   0.0000	   0.0000	   0.0000	   0.0000	   0.0000	   0.0000	   0.0000	   0.0000	  0.2503	  0.0000	        0.0000	        0.0000	        0.0000	        0.0000	        0.0000	        0.0000	        0.0000	  0.4753	  0.2944	-26.6326
2018	 41	  23	 55	 40.9965	  0.0000	1398.8265	   -0.4697	 -0.8606	  0.0000	  4.0000	   0.0000	   0.0000	   0.0000	-450.0000	-450.0000	-450.0000	 -2.0000	  0.9000	 16.0833	   4.0082	   1.0156	   1.6159	  0.3017	  0.5986	  0.1000	  0.1600	  0.1900	   0.0000	   0.0000	   0.0000	   0.0000	   0.0000	   0.0000	   0.0000	   0.0000	   0.0000	  0.2503	  0.0000	        0.0000	        0.0000	        0.0000	        0.0000	        0.0000	        0.0000	        0.0000	  0.4753	  0.2944	-26.6326
2018	 42	  23	 55	 41.9965	  0.0000	1521.7254	    0.6000	 -0.5685	  6.9000	  0.0000	   0.0000	   0.0000	   0.0000	-450.0000	-450.0000	-450.0000	 -1.5000	  2.6000	 14.5833	   4.0082	   1.0156	   1.6159	  0.3017	  0.5986	  0.1000	  0.1600	  0.1900	   0.0000	   0.0000	   0.0000	   0.0000	   0.0000	   0.0000	   0.0000	   0.0000	   0.0000	  0.2503	  0.0000	        0.0000	        0.0000	        0.0000	        0.0000	        0.0000	        0.0000	        0.0000	  0.4753	  0.2944	-26.6326
2018	 43	  23	 55	 42.9965	  0.0000	2480.1767	    5.3021	  0.6057	 41.1917	  0.0000	   0.0000	   0.0000	   0.0000	-450.0000	-450.0000	-450.0000	  0.6000	  3.2000	 18.0000	   4.0082	   1.0156	   1.6159	  0.3017	  0.5986	  0.1000	  0.1600	  0.1900	   0.0000	   0.0000	   0.0000	   0.0000	   0.0000	   0.0000	   0.0000	   0.0000	   0.0000	  0.2503	  0.0000	        0.0000	        0.0000	        0.0000	        0.0000	        0.0000	        0.0000	        0.0000	  0.4753	  0.2944	-26.6326
2018	 44	  23	 55	 43.9965	  0.0000	4157.3818	    8.2250	  2.1295	  0.2750	  0.0000	   0.0000	   0.0000	   0.0000	-450.0000	-450.0000	-450.0000	  1.5000	  2.7000	 15.9167	   4.0082	   1.0156	   1.6159	  0.3017	  0.5986	  0.1000	  0.1600	  0.1900	   0.0000	   0.0000	   0.0000	   0.0000	   0.0000	   0.0000	   0.0000	   0.0000	   0.0000	  0.2503	  0.0000	        0.0000	        0.0000	        0.0000	        0.0000	        0.0000	        0.0000	        0.0000	  0.4753	  0.2944	-26.6326
2018	 45	  23	 55	 44.9965	  0.0000	  9.7755	    0.0122	  1.9809	  0.0000	  2.0000	   0.0000	   0.0000	   0.0000	-450.0000	-450.0000	-450.0000	 -0.3583	  4.2000	 26.1667	   4.0082	   1.0156	   1.6159	  0.3017	  0.5986	  0.1000	  0.1600	  0.1900	   0.0000	   0.0000	   0.0000	   0.0000	   0.0000	   0.0000	   0.0000	   0.0000	   0.0000	  0.2503	  0.0000	        0.0000	        0.0000	        0.0000	        0.0000	        0.0000	        0.0000	        0.0000	  0.4753	  0.2944	-26.6326
2018	 46	  23	 55	 45.9965	  0.0000	1598.9530	    1.2492	  1.8345	  3.5083	  0.0000	   0.0000	   0.0000	   0.0000	-450.0000	-450.0000	-450.0000	 -0.6000	  2.7000	 18.3333	   4.0082	   1.0156	   1.6159	  0.3017	  0.5986	  0.1000	  0.1600	  0.1900	   0.0000	   0.0000	   0.0000	   0.0000	   0.0000	   0.0000	   0.0000	   0.0000	   0.0000	  0.2503	  0.0000	        0.0000	        0.0000	        0.0000	        0.0000	        0.0000	        0.0000	        0.0000	  0.4753	  0.2944	-26.6326
2018	 47	  23	 55	 46.9965	  0.0000	 10.5632	    0.0116	  1.6870	  6.3833	  0.0000	   0.0000	   0.0000	   0.0000	-450.0000	-450.0000	-450.0000	 -0.3000	  3.3000	 23.5833	   4.0082	   1.0156	   1.6159	  0.3017	  0.5986	  0.1000	  0.1600	  0.1900	   0.0000	   0.0000	   0.0000	   0.0000	   0.0000	   0.0000	   0.0000	   0.0000	   0.0000	  0.2503	  0.0000	        0.0000	        0.0000	        0.0000	        0.0000	        0.0000	        0.0000	        0.0000	  0.4753	  0.2944	-26.6326
2018	 48	  23	 55	 47.9965	  0.0000	2182.7303	    0.2460	  1.3988	  0.0000	  1.0000	   0.0000	   0.0000	   0.0000	-450.0000	-450.0000	-450.0000	 -3.3000	  2.0000	 29.0000	   4.0082	   1.0156	   1.6159	  0.3017	  0.5986	  0.1000	  0.1600	  0.1900	   0.0000	   0.0000	   0.0000	   0.0000	   0.0000	   0.0000	   0.0000	   0.0000	   0.0000	  0.2503	  0.0000	        0.0000	        0.0000	        0.0000	        0.0000	        0.0000	        0.0000	        0.0000	  0.4753	  0.2944	-26.6326
2018	 49	  23	 55	 48.9965	  0.0000	 35.5337	    0.0583	  3.3231	 98.7750	  0.0000	   0.0000	   0.0000	   0.0000	-450.0000	-450.0000	-450.0000	  0.8000	  3.0000	 25.5833	   4.0082	   1.0156	   1.6159	  0.3017	  0.5986	  0.1000	  0.1600	  0.1900	   0.0000	   0.0000	   0.0000	   0.0000	   0.0000	   0.0000	   0.0000	   0.0000	   0.0000	  0.2503	  0.0000	        0.0000	        0.0000	        0.0000	        0.0000	        0.0000	        0.0000	        0.0000	  0.4753	  0.2944	-26.6326
2018	 50	  23	 55	 49.9965	  0.0000	 34.7660	    0.0425	  3.9254	 43.0667	  0.0000	   0.0000	   0.0000	   0.0000	-450.0000	-450.0000	-450.0000	  0.5000	  1.6000	 25.1667	   4.0082	   1.0156	   1.6159	  0.3017	  0.5986	  0.1000	  0.1600	  0.1900	   0.0000	   0.0000	   0.0000	   0.0000	   0.0000	   0.0000	   0.0000	   0.0000	   0.0000	  0.2503	  0.0000	        0.0000	        0.0000	        0.0000	        0.0000	        0.0000	        0.0000	        0.0000	  0.4753	  0.2944	-26.6326
2018	 51	  23	 55	 50.9965	  0.0000	2022.8153	    0.4494	  3.2302	  0.0000	  1.0000	   0.0000	   0.0000	   0.0000	-450.0000	-450.0000	-450.0000	 -0.8000	  1.6000	 21.9167	   4.0082	   1.0156	   1.6159	  0.3017	  0.5986	  0.1000	  0.1600	  0.1900	   0.0000	   0.0000	   0.0000	   0.0000	   0.0000	   0.0000	   0.0000	   0.0000	   0.0000	  0.2503	  0.0000	        0.0000	        0.0000	        0.0000	        0.0000	        0.0000	        0.0000	        0.0000	  0.4753	  0.2944	-26.6326
2018	 52	  23	 55	 51.9965	  0.0000	 11.2373	   -0.0178	  1.9092	  2.9750	  0.0000	   0.0000	   0.0000	   0.0000	-450.0000	-450.0000	-450.0000	 -4.1333	  0.6000	 26.3333	   4.0082	   1.0156	   1.6159	  0.3017	  0.5986	  0.1000	  0.1600	  0.1900	   0.0000	   0.0000	   0.0000	   0.0000	   0.0000	   0.0000	   0.0000	   0.0000	   0.0000	  0.2503	  0.0000	        0.0000	        0.0000	        0.0000	        0.0000	        0.0000	        0.0000	        0.0000	  0.4753	  0.2944	-26.6326
2018	 53	  23	 55	 52.9965	  0.0000	2136.0519	   -8.1433	 -0.1013	  0.0000	  1.0000	   0.0000	   0.0000	   0.0000	-450.0000	-450.0000	-450.0000	 -6.6000	 -1.2000	 27.2500	   4.0082	   1.0156	   1.6159	  0.3017	  0.5986	  0.1000	  0.1600	  0.1900	   0.0000	   0.0000	   0.0000	   0.0000	   0.0000	   0.0000	   0.0000	   0.0000	   0.0000	  0.2503	  0.0000	        0.0000	        0.0000	        0.0000	        0.0000	        0.0000	        0.0000	        0.0000	  0.4753	  0.2944	-26.6326
2018	 54	  23	 55	 53.9965	  0.0000	  3.4855	   -0.0076	 -0.1869	  0.0000	  5.0000	   0.0000	   0.0000	   0.0000	-450.0000	-450.0000	-450.0000	 -3.0000	  0.7000	 20.4167	   4.0082	   1.0156	   1.6159	  0.3017	  0.5986	  0.1000	  0.1600	  0.1900	   0.0000	   0.0000	   0.0000	   0.0000	   0.0000	   0.0000	   0.0000	   0.0000	   0.0000	  0.2503	  0.0000	        0.0000	        0.0000	        0.0000	        0.0000	        0.0000	        0.0000	        0.0000	  0.4753	  0.2944	-26.6326
2018	 55	  23	 55	 54.9965	  0.0000	 10.4892	   -0.0382	 -1.0422	  0.0000	  7.0000	   0.0000	   0.0000	   0.0000	-450.0000	-450.0000	-450.0000	 -5.2583	 -0.7000	 27.5833	   4.0082	   1.0156	   1.6159	  0.3017	  0.5986	  0.1000	  0.1600	  0.1900	   0.0000	   0.0000	   0.0000	   0.0000	   0.0000	   0.0000	   0.0000	   0.0000	   0.0000	  0.2503	  0.0000	        0.0000	        0.0000	        0.0000	        0.0000	        0.0000	        0.0000	        0.0000	  0.4753	  0.2944	-26.6326
2018	 56	  23	 55	 55.9965	  0.0000	1823.5825	  -10.8182	 -2.9974	  0.0000	  8.0000	   0.0000	   0.0000	   0.0000	-450.0000	-450.0000	-450.0000	 -8.5000	 -4.3000	 25.7500	   4.0082	   1.0156	   1.6159	  0.3017	  0.5986	  0.1000	  0.1600	  0.1900	   0.0000	   0.0000	   0.0000	   0.0000	   0.0000	   0.0000	   0.0000	   0.0000	   0.0000	  0.2503	  0.0000	        0.0000	        0.0000	        0.0000	        0.0000	        0.0000	        0.0000	        0.0000	  0.4753	  0.2944	-26.6326
2018	 57	  23	 55	 56.9965	  0.0000	  3.4972	   -0.0212	 -3.0871	  0.0000	 11.0000	   0.0000	   0.0000	   0.0000	-450.0000	-450.0000	-450.0000	 -9.4000	 -2.5000	 32.0000	   4.0082	   1.0156	   1.6159	  0.3017	  0.5986	  0.1000	  0.1600	  0.1900	   0.0000	   0.0000	   0.0000	   0.0000	   0.0000	   0.0000	   0.0000	   0.0000	   0.0000	  0.2503	  0.0000	        0.0000	        0.0000	        0.0000	        0.0000	        0.0000	        0.0000	        0.0000	  0.4753	  0.2944	-26.6326
2018	 58	  23	 55	 57.9965	  0.0000	 10.2106	   -0.0985	 -4.5267	  0.2250	  0.0000	   0.0000	   0.0000	   0.0000	-450.0000	-450.0000	-450.0000	-12.4500	 -6.1000	 26.5833	   4.0082	   1.0156	   1.6159	  0.3017	  0.5986	  0.1000	  0.1600	  0.1900	   0.0000	   0.0000	   0.0000	   0.0000	   0.0000	   0.0000	   0.0000	   0.0000	   0.0000	  0.2503	  0.0000	        0.0000	        0.0000	        0.0000	        0.0000	        0.0000	        0.0000	        0.0000	  0.4753	  0.2944	-26.6326
2018	 59	  23	 55	 58.9965	  0.0000	1816.8280	  -17.5727	 -7.1359	  0.0000	  1.0000	   0.0000	   0.0000	   0.0000	-450.0000	-450.0000	-450.0000	-12.5000	 -6.9000	 28.3333	   4.0082	   1.0156	   1.6159	  0.3017	  0.5986	  0.1000	  0.1600	  0.1900	   0.0000	   0.0000	   0.0000	   0.0000	   0.0000	   0.0000	   0.0000	   0.0000	   0.0000	  0.2503	  0.0000	        0.0000	        0.0000	        0.0000	        0.0000	        0.0000	        0.0000	        0.0000	  0.4753	  0.2944	-26.6326
2018	 60	  23	 55	 59.9965	  0.0000	2023.8379	  -15.9321	 -8.8952	  0.0000	  2.0000	   0.0000	   0.0000	   0.0000	-450.0000	-450.0000	-450.0000	-12.0000	 -4.8000	 30.4167	   4.0082	   1.0156	   1.6159	  0.3017	  0.5986	  0.1000	  0.1600	  0.1900	   0.0000	   0.0000	   0.0000	   0.0000	   0.0000	   0.0000	   0.0000	   0.0000	   0.0000	  0.2503	  0.0000	        0.0000	        0.0000	        0.0000	        0.0000	        0.0000	        0.0000	        0.0000	  0.4753	  0.2944	-26.6326
2018	 61	  23	 55	 60.9965	  0.0000	1475.9558	   -6.8804	 -8.4922	  0.0000	  3.0000	   0.0000	   0.0000	   0.0000	-450.0000	-450.0000	-450.0000	 -6.7000	 -3.4083	 20.1667	   4.0082	   1.0156	   1.6159	  0.3017	  0.5986	  0.1000	  0.1600	  0.1900	   0.0000	   0.0000	   0.0000	   0.0000	   0.0000	   0.0000	   0.0000	   0.0000	   0.0000	  0.2503	  0.0000	        0.0000	        0.0000	        0.0000	        0.0000	        0.0000	        0.0000	        0.0000	  0.4753	  0.2944	-26.6326
2018	 62	  23	 55	 61.9965	  0.0000	1569.0434	   -4.2946	 -7.6527	  0.0000	  4.0000	   0.0000	   0.0000	   0.0000	-450.0000	-450.0000	-450.0000	 -3.8000	 -0.8000	 20.5000	   4.0082	   1.0156	   1.6159	  0.3017	  0.5986	  0.1000	  0.1600	  0.1900	   0.0000	   0.0000	   0.0000	   0.0000	   0.0000	   0.0000	   0.0000	   0.0000	   0.0000	  0.2503	  0.0000	        0.0000	        0.0000	        0.0000	        0.0000	        0.0000	        0.0000	        0.0000	  0.4753	  0.2944	-26.6326
2018	 63	  23	 55	 62.9965	  0.0000	1580.8566	   -2.9239	 -6.7069	  0.0000	  5.0000	   0.0000	   0.0000	   0.0000	-450.0000	-450.0000	-450.0000	 -3.8000	 -0.4000	 21.9167	   4.0082	   1.0156	   1.6159	  0.3017	  0.5986	  0.1000	  0.1600	  0.1900	   0.0000	   0.0000	   0.0000	   0.0000	   0.0000	   0.0000	   0.0000	   0.0000	   0.0000	  0.2503	  0.0000	        0.0000	        0.0000	        0.0000	        0.0000	        0.0000	        0.0000	        0.0000	  0.4753	  0.2944	-26.6326
2018	 64	  23	 55	 63.9965	  0.0000	 23.2596	   -0.0269	 -5.2931	 37.2583	  0.0000	   0.0000	   0.0000	   0.0000	-450.0000	-450.0000	-450.0000	 -2.1000	 -0.1000	 24.7500	   4.0082	   1.0156	   1.6159	  0.3017	  0.5986	  0.1000	  0.1600	  0.1900	   0.0000	   0.0000	   0.0000	   0.0000	   0.0000	   0.0000	   0.0000	   0.0000	   0.0000	  0.2503	  0.0000	        0.0000	        0.0000	        0.0000	        0.0000	        0.0000	        0.0000	        0.0000	  0.4753	  0.2944	-26.6326
2018	 65	  23	 55	 64.9965	  0.0000	2033.9874	    1.1790	 -3.9987	  4.5417	  0.0000	   0.0000	   0.0000	   0.0000	-450.0000	-450.0000	-450.0000	 -1.5000	  2.0000	 25.0833	   4.0082	   1.0156	   1.6159	  0.3017	  0.5986	  0.1000	  0.1600	  0.1900	   0.0000	   0.0000	   0.0000	   0.0000	   0.0000	   0.0000	   0.0000	   0.0000	   0.0000	  0.2503	  0.0000	        0.0000	        0.0000	        0.0000	        0.0000	        0.0000	        0.0000	        0.0000	  0.4753	  0.2944	-26.6326
2018	 66	  23	 55	 65.9965	  0.0000	  3.5159	   -0.0001	 -1.4198	  1.5500	  0.0000	   0.0000	   0.0000	   0.0000	-450.0000	-450.0000	-450.0000	 -0.0333	  4.5000	 28.3333	   4.0082	   1.0156	   1.6159	  0.3017	  0.5986	  0.1000	  0.1600	  0.1900	   0.0000	   0.0000	   0.0000	   0.0000	   0.0000	   0.0000	   0.0000	   0.0000	   0.0000	  0.2503	  0.0000	        0.0000	        0.0000	        0.0000	        0.0000	        0.0000	        0.0000	        0.0000	  0.4753	  0.2944	-26.6326
2018	 67	  23	 55	 66.9965	  0.0000	2252.0147	   -0.0864	 -1.1531	  9.3500	  0.0000	   0.0000	   0.0000	   0.0000	-450.0000	-450.0000	-450.0000	 -1.1000	  0.7000	 32.8333	   4.0082	   1.0156	   1.6159	  0.3017	  0.5986	  0.1000	  0.1600	  0.1900	   0.0000	   0.0000	   0.0000	   0.0000	   0.0000	   0.0000	   0.0000	   0.0000	   0.0000	  0.2503	  0.0000	        0.0000	        0.0000	        0.0000	        0.0000	        0.0000	        0.0000	        0.0000	  0.4753	  0.2944	-26.6326
2018	 68	  23	 55	 67.9965	  0.0000	  3.5063	   -0.0077	 -0.9809	  0.0000	  3.0000	   0.0000	   0.0000	   0.0000	-450.0000	-450.0000	-450.0000	 -3.5000	  0.2000	 20.8333	   4.0082	   1.0156	   1.6159	  0.3017	  0.5986	  0.1000	  0.1600	  0.1900	   0.0000	   0.0000	   0.0000	   0.0000	   0.0000	   0.0000	   0.0000	   0.0000	   0.0000	  0.2503	  0.0000	        0.0000	        0.0000	        0.0000	        0.0000	        0.0000	        0.0000	        0.0000	  0.4753	  0.2944	-26.6326
2018	 69	  23	 55	 68.9965	  0.0000	2474.7944	   -3.5610	 -1.4969	  0.0000	  4.0000	   0.0000	   0.0000	   0.0000	-450.0000	-450.0000	-450.0000	 -6.0000	  2.2000	 38.5000	   4.0082	   1.0156	   1.6159	  0.3017	  0.5986	  0.1000	  0.1600	  0.1900	   0.0000	   0.0000	   0.0000	   0.0000	   0.0000	   0.0000	   0.0000	   0.0000	   0.0000	  0.2503	  0.0000	        0.0000	        0.0000	        0.0000	        0.0000	        0.0000	        0.0000	        0.0000	  0.4753	  0.2944	-26.6326
2018	 70	  23	 55	 69.9965	  0.0000	  3.6019	    0.0110	  1.3448	 95.2750	  0.0000	   0.0000	   0.0000	   0.0000	-450.0000	-450.0000	-450.0000	 -2.2000	  3.0833	 45.5833	   4.0082	   1.0156	   1.6159	  0.3017	  0.5986	  0.1000	  0.1600	  0.1900	   0.0000	   0.0000	   0.0000	   0.0000	   0.0000	   0.0000	   0.0000	   0.0000	   0.0000	  0.2503	  0.0000	        0.0000	        0.0000	        0.0000	        0.0000	        0.0000	        0.0000	        0.0000	  0.4753	  0.2944	-26.6326
2018	 71	  23	 55	 70.9965	  0.0000	2447.4266	   10.8412	  3.2441	 15.4750	  0.0000	   0.0000	   0.0000	   0.0000	-450.0000	-450.0000	-450.0000	  2.8000	  5.9000	 24.3333	   4.0082	   1.0156	   1.6159	  0.3017	  0.5986	  0.1000	  0.1600	  0.1900	   0.0000	   0.0000	   0.0000	   0.0000	   0.0000	   0.0000	   0.0000	   0.0000	   0.0000	  0.2503	  0.0000	        0.0000	        0.0000	        0.0000	        0.0000	        0.0000	        0.0000	        0.0000	  0.4753	  0.2944	-26.6326
2018	 72	  23	 55	 71.9965	  0.0000	1290.8596	    2.9502	  3.1853	  0.0000	  1.0000	   0.0000	   0.0000	   0.0000	-450.0000	-450.0000	-450.0000	  1.3083	  2.9000	 14.2500	   4.0082	   1.0156	   1.6159	  0.3017	  0.5986	  0.1000	  0.1600	  0.1900	   0.0000	   0.0000	   0.0000	   0.0000	   0.0000	   0.0000	   0.0000	   0.0000	   0.0000	  0.2503	  0.0000	        0.0000	        0.0000	        0.0000	        0.0000	        0.0000	        0.0000	        0.0000	  0.4753	  0.2944	-26.6326
2018	 73	  23	 55	 72.9965	  0.0000	  3.5121	   -0.0075	  2.0528	  0.0000	  4.0000	   0.0000	   0.0000	   0.0000	-450.0000	-450.0000	-450.0000	 -2.1667	  3.5000	 33.9167	   4.0082	   1.0156	   1.6159	  0.3017	  0.5986	  0.1000	  0.1600	  0.1900	   0.0000	   0.0000	   0.0000	   0.0000	   0.0000	   0.0000	   0.0000	   0.0000	   0.0000	  0.2503	  0.0000	        0.0000	        0.0000	        0.0000	        0.0000	        0.0000	        0.0000	        0.0000	  0.4753	  0.2944	-26.6326
2018	 74	  23	 55	 73.9965	  0.0000	  3.5024	   -0.0141	  0.6860	  0.0000	  7.0000	   0.0000	   0.0000	   0.0000	-450.0000	-450.0000	-450.0000	 -4.0333	  0.7000	 27.0000	   4.0082	   1.0156	   1.6159	  0.3017	  0.5986	  0.1000	  0.1600	  0.1900	   0.0000	   0.0000	   0.0000	   0.0000	   0.0000	   0.0000	   0.0000	   0.0000	   0.0000	  0.2503	  0.0000	        0.0000	        0.0000	        0.0000	        0.0000	        0.0000	        0.0000	        0.0000	  0.4753	  0.2944	-26.6326
2018	 75	  23	 55	 74.9965	  0.0000	2188.6636	   -7.7441	 -1.0001	  0.0000	  8.0000	   0.0000	   0.0000	   0.0000	-450.0000	-450.0000	-450.0000	 -6.7000	 -0.5000	 34.5833	   4.0082	   1.0156	   1.6159	  0.3017	  0.5986	  0.1000	  0.1600	  0.1900	   0.0000	   0.0000	   0.0000	   0.0000	   0.0000	   0.0000	   0.0000	   0.0000	   0.0000	  0.2503	  0.0000	        0.0000	        0.0000	        0.0000	        0.0000	        0.0000	        0.0000	        0.0000	  0.4753	  0.2944	-26.6326
2018	 76	  23	 55	 75.9965	  0.0000	 11.5895	   -0.0538	 -2.0871	  0.0000	 10.0000	   0.0000	   0.0000	   0.0000	-450.0000	-450.0000	-450.0000	 -7.6000	 -0.4000	 34.7500	   4.0082	   1.0156	   1.6159	  0.3017	  0.5986	  0.1000	  0.1600	  0.1900	   0.0000	   0.0000	   0.0000	   0.0000	   0.0000	   0.0000	   0.0000	   0.0000	   0.0000	  0.2503	  0.0000	        0.0000	        0.0000	        0.0000	        0.0000	        0.0000	        0.0000	        0.0000	  0.4753	  0.2944	-26.6326
2018	 77	  23	 55	 76.9965	  0.0000	 14.1247	   -0.0533	 -2.8143	  0.0000	 12.0000	   0.0000	   0.0000	   0.0000	-450.0000	-450.0000	-450.0000	-10.0000	  2.1000	 50.4167	   4.0082	   1.0156	   1.6159	  0.3017	  0.5986	  0.1000	  0.1600	  0.1900	   0.0000	   0.0000	   0.0000	   0.0000	   0.0000	   0.0000	   0.0000	   0.0000	   0.0000	  0.2503	  0.0000	        0.0000	        0.0000	        0.0000	        0.0000	        0.0000	        0.0000	        0.0000	  0.4753	  0.2944	-26.6326
2018	 78	  23	 55	 77.9965	  0.0000	2369.0065	   -1.4430	 -2.5400	  2.0000	  0.0000	   0.0000	   0.0000	   0.0000	-450.0000	-450.0000	-450.0000	 -7.2000	  3.0000	 29.8333	   4.0082	   1.0156	   1.6159	  0.3017	  0.5986	  0.1000	  0.1600	  0.1900	   0.0000	   0.0000	   0.0000	   0.0000	   0.0000	   0.0000	   0.0000	   0.0000	   0.0000	  0.2503	  0.0000	        0.0000	        0.0000	        0.0000	        0.0000	        0.0000	        0.0000	        0.0000	  0.4753	  0.2944	-26.6326
2018	 79	  23	 55	 78.9965	  0.0000	2571.5172	    2.6601	 -1.5000	  0.0000	  1.0000	   0.0000	   0.0000	   0.0000	-450.0000	-450.0000	-450.0000	 -3.1000	  5.4000	 40.9167	   4.0082	   1.0156	   1.6159	  0.3017	  0.5986	  0.1000	  0.1600	  0.1900	   0.0000	   0.0000	   0.0000	   0.0000	   0.0000	   0.0000	   0.0000	   0.0000	   0.0000	  0.2503	  0.0000	        0.0000	        0.0000	        0.0000	        0.0000	        0.0000	        0.0000	        0.0000	  0.4753	  0.2944	-26.6326
2018	 80	  23	 55	 79.9965	  0.0000	2187.7582	    5.2739	 -0.1452	  4.9833	  0.0000	   0.0000	   0.0000	   0.0000	-450.0000	-450.0000	-450.0000	 -2.1000	  5.0000	 31.6667	   4.0082	   1.0156	   1.6159	  0.3017	  0.5986	  0.1000	  0.1600	  0.1900	   0.0000	   0.0000	   0.0000	   0.0000	   0.0000	   0.0000	   0.0000	   0.0000	   0.0000	  0.2503	  0.0000	        0.0000	        0.0000	        0.0000	        0.0000	        0.0000	        0.0000	        0.0000	  0.4753	  0.2944	-26.6326
2018	 81	  23	 55	 80.9965	  0.0000	2067.0331	    2.8972	  0.4633	  1.2667	  0.0000	   0.0000	   0.0000	   0.0000	-450.0000	-450.0000	-450.0000	 -0.5000	  3.4000	 30.2500	   4.0082	   1.0156	   1.6159	  0.3017	  0.5986	  0.1000	  0.1600	  0.1900	   0.0000	   0.0000	   0.0000	   0.0000	   0.0000	   0.0000	   0.0000	   0.0000	   0.0000	  0.2503	  0.0000	        0.0000	        0.0000	        0.0000	        0.0000	        0.0000	        0.0000	        0.0000	  0.4753	  0.2944	-26.6326
2018	 82	  23	 55	 81.9965	  0.0000	1629.8200	    0.7886	  0.5283	  0.0000	  1.0000	   0.0000	   0.0000	   0.0000	-450.0000	-450.0000	-450.0000	 -1.5000	  2.0000	 24.1667	   4.0082	   1.0156	   1.6159	  0.3017	  0.5986	  0.1000	  0.1600	  0.1900	   0.0000	   0.0000	   0.0000	   0.0000	   0.0000	   0.0000	   0.0000	   0.0000	   0.0000	  0.2503	  0.0000	        0.0000	        0.0000	        0.0000	        0.0000	        0.0000	        0.0000	        0.0000	  0.4753	  0.2944	-26.6326
2018	 83	  23	 55	 82.9965	  0.0000	1307.9023	    2.5887	  0.9404	  1.5500	  0.0000	   0.0000	   0.0000	   0.0000	-450.0000	-450.0000	-450.0000	  0.9000	  3.1000	 16.0000	   4.0082	   1.0156	   1.6159	  0.3017	  0.5986	  0.1000	  0.1600	  0.1900	   0.0000	   0.0000	   0.0000	   0.0000	   0.0000	   0.0000	   0.0000	   0.0000	   0.0000	  0.2503	  0.0000	        0.0000	        0.0000	        0.0000	        0.0000	        0.0000	        0.0000	        0.0000	  0.4753	  0.2944	-26.6326
2018	 84	  23	 55	 83.9965	  0.0000	2244.7875	   10.0906	  2.7704	  0.0000	  1.0000	   0.0000	   0.0000	   0.0000	-450.0000	-450.0000	-450.0000	  2.1000	  7.2000	 36.9167	   4.0082	   1.0156	   1.6159	  0.3017	  0.5986	  0.1000	  0.1600	  0.1900	   0.0000	   0.0000	   0.0000	   0.0000	   0.0000	   0.0000	   0.0000	   0.0000	   0.0000	  0.2503	  0.0000	        0.0000	        0.0000	        0.0000	        0.0000	        0.0000	        0.0000	        0.0000	  0.4753	  0.2944	-26.6326
2018	 85	  23	 55	 84.9965	  0.0000	1950.7347	    4.9472	  3.2058	  3.8167	  0.0000	   0.0000	   0.0000	   0.0000	-450.0000	-450.0000	-450.0000	 -1.6917	  5.6000	 31.5833	   4.0082	   1.0156	   1.6159	  0.3017	  0.5986	  0.1000	  0.1600	  0.1900	   0.0000	   0.0000	   0.0000	   0.0000	   0.0000	   0.0000	   0.0000	   0.0000	   0.0000	  0.2503	  0.0000	        0.0000	        0.0000	        0.0000	        0.0000	        0.0000	        0.0000	        0.0000	  0.4753	  0.2944	-26.6326
2018	 86	  23	 55	 85.9965	  0.0000	 14.0652	   -0.0159	  1.7737	  2.6500	  0.0000	   0.0000	   0.0000	   0.0000	-450.0000	-450.0000	-450.0000	 -2.8333	  1.3000	 30.4167	   4.0082	   1.0156	   1.6159	  0.3017	  0.5986	  0.1000	  0.1600	  0.1900	   0.0000	   0.0000	   0.0000	   0.0000	   0.0000	   0.0000	   0.0000	   0.0000	   0.0000	  0.2503	  0.0000	        0.0000	        0.0000	        0.0000	        0.0000	        0.0000	        0.0000	        0.0000	  0.4753	  0.2944	-26.6326
2018	 87	  23	 55	 86.9965	  0.0000	2817.3234	   -2.1539	  0.9882	  0.0000	  1.0000	   0.0000	   0.0000	   0.0000	-450.0000	-450.0000	-450.0000	 -5.4000	  2.6000	 47.5000	   4.0082	   1.0156	   1.6159	  0.3017	  0.5986	  0.1000	  0.1600	  0.1900	   0.0000	   0.0000	   0.0000	   0.0000	   0.0000	   0.0000	   0.0000	   0.0000	   0.0000	  0.2503	  0.0000	        0.0000	        0.0000	        0.0000	        0.0000	        0.0000	        0.0000	        0.0000	  0.4753	  0.2944	-26.6326
2018	 88	  23	 55	 87.9965	  0.0000	2442.0887	    2.0225	  1.1950	  0.0000	  2.0000	   0.0000	   0.0000	   0.0000	-450.0000	-450.0000	-450.0000	 -3.3000	  4.5000	 40.8333	   4.0082	   1.0156	   1.6159	  0.3017	  0.5986	  0.1000	  0.1600	  0.1900	   0.0000	   0.0000	   0.0000	   0.0000	   0.0000	   0.0000	   0.0000	   0.0000	   0.0000	  0.2503	  0.0000	        0.0000	        0.0000	        0.0000	        0.0000	        0.0000	        0.0000	        0.0000	  0.4753	  0.2944	-26.6326
2018	 89	  23	 55	 88.9965	  0.0000	 13.1161	    0.0054	  1.3866	  0.0000	  4.0000	   0.0000	   0.0000	   0.0000	-450.0000	-450.0000	-450.0000	 -4.0000	  5.9000	 45.0000	   4.0082	   1.0156	   1.6159	  0.3017	  0.5986	  0.1000	  0.1600	  0.1900	   0.0000	   0.0000	   0.0000	   0.0000	   0.0000	   0.0000	   0.0000	   0.0000	   0.0000	  0.2503	  0.0000	        0.0000	        0.0000	        0.0000	        0.0000	        0.0000	        0.0000	        0.0000	  0.4753	  0.2944	-26.6326
2018	 90	  23	 55	 89.9965	  0.0000	 12.9386	    0.0219	  1.8864	  0.0000	  6.0000	   0.0000	   0.0000	   0.0000	-450.0000	-450.0000	-450.0000	 -4.7000	  7.3000	 45.5833	   4.0082	   1.0156	   1.6159	  0.3017	  0.5986	  0.1000	  0.1600	  0.1900	   0.0000	   0.0000	   0.0000	   0.0000	   0.0000	   0.0000	   0.0000	   0.0000	   0.0000	  0.2503	  0.0000	        0.0000	        0.0000	        0.0000	        0.0000	        0.0000	        0.0000	        0.0000	  0.4753	  0.2944	-26.6326
2018	 91	  23	 55	 90.9965	  0.0000	2481.7719	    6.8974	  2.8886	  0.0000	  7.0000	   0.0000	   0.0000	   0.0000	-450.0000	-450.0000	-450.0000	 -1.4667	  6.4000	 39.9167	   4.0082	   1.0156	   1.6159	  0.3017	  0.5986	  0.1000	  0.1600	  0.1900	   0.0000	   0.0000	   0.0000	   0.0000	   0.0000	   0.0000	   0.0000	   0.0000	   0.0000	  0.2503	  0.0000	        0.0000	        0.0000	        0.0000	        0.0000	        0.0000	        0.0000	        0.0000	  0.4753	  0.2944	-26.6326
2018	 92	  23	 55	 91.9965	  0.0000	 14.0861	    0.0050	  2.4895	  0.0000	  9.0000	   0.0000	   0.0000	   0.0000	-450.0000	-450.0000	-450.0000	 -4.0000	  6.3000	 53.0833	   4.0082	   1.0156	   1.6159	  0.3017	  0.5986	  0.1000	  0.1600	  0.1900	   0.0000	   0.0000	   0.0000	   0.0000	   0.0000	   0.0000	   0.0000	   0.0000	   0.0000	  0.2503	  0.0000	        0.0000	        0.0000	        0.0000	        0.0000	        0.0000	        0.0000	        0.0000	  0.4753	  0.2944	-26.6326
2018	 93	  23	 55	 92.9965	  0.0000	2084.9994	    3.4594	  2.6835	 10.0333	  0.0000	   0.0000	   0.0000	   0.0000	-450.0000	-450.0000	-450.0000	 -3.1000	  4.1667	 28.0833	   4.0082	   1.0156	   1.6159	  0.3017	  0.5986	  0.1000	  0.1600	  0.1900	   0.0000	   0.0000	   0.0000	   0.0000	   0.0000	   0.0000	   0.0000	   0.0000	   0.0000	  0.2503	  0.0000	        0.0000	        0.0000	        0.0000	        0.0000	        0.0000	        0.0000	        0.0000	  0.4753	  0.2944	-26.6326
2018	 94	  23	 55	 93.9965	  0.0000	4053.4376	   29.5909	  8.0650	 85.8500	  0.0000	   1.9500	   1.9500	   1.9500	-450.0000	-450.0000	-450.0000	  4.2000	  9.7000	 51.0000	   4.0103	   1.0195	   1.6199	  0.3022	  0.5983	  0.1000	  0.1600	  0.1900	   0.0000	   0.0000	   0.0000	   0.0000	   0.0000	   0.0000	   0.0000	   0.0000	   0.0000	  0.2510	  0.0000	        0.0000	        0.0000	        0.0000	        0.0000	        0.0000	        0.0000	        0.0000	  0.4753	  0.2944	-26.6326
2018	 95	  23	 55	 94.9965	  0.0000	2417.5123	   15.7352	  9.5990	 30.5917	  0.0000	   3.4042	   3.4042	   3.4042	-450.0000	-450.0000	-450.0000	  3.9083	  9.0000	 32.9167	   4.0139	   1.0263	   1.6268	  0.3029	  0.5977	  0.1000	  0.1600	  0.1900	   0.0000	   0.0000	   0.0000	   0.0000	   0.0000	   0.0000	   0.0000	   0.0000	   0.0000	  0.2522	  0.0000	        0.0000	        0.0000	        0.0000	        0.0000	        0.0000	        0.0000	        0.0000	  0.4753	  0.2944	-26.6326
2018	 96	  23	 55	 95.9965	  0.0000	2735.9577	   13.9438	 10.4680	  0.0000	  1.0000	   0.0000	   0.0000	   0.0000	-450.0000	-450.0000	-450.0000	  2.3000	  7.3000	 48.8333	   4.0139	   1.0263	   1.6268	  0.3029	  0.5977	  0.1000	  0.1600	  0.1900	   0.0000	   0.0000	   0.0000	   0.0000	   0.0000	   0.0000	   0.0000	   0.0000	   0.0000	  0.2522	  0.0000	        0.0000	        0.0000	        0.0000	        0.0000	        0.0000	        0.0000	        0.0000	  0.4724	  0.2944	-28.4727
2018	 97	  23	 55	 96.9965	  0.0000	 13.2976	    0.1020	 10.5305	  0.0000	  3.0000	   5.8000	   5.8000	   5.8000	-450.0000	-450.0000	-450.0000	  2.3000	 13.5000	 47.7500	   4.0231	   1.0437	   1.6446	  0.3049	  0.5961	  0.1000	  0.1600	  0.1900	   0.0000	   0.0000	   0.0000	   0.0000	   0.0000	   0.0000	   0.0000	   0.0000	   0.0000	  0.2532	  0.0000	        0.0000	        0.0000	        0.0000	        0.0000	        0.0000	        0.0000	        0.0000	  0.4724	  0.2944	-28.4727
2018	 98	  23	 55	 97.9965	  0.0000	2867.0772	   33.6765	 15.1597	  0.0000	  4.0000	  11.9000	  11.9000	  11.9000	-450.0000	-450.0000	-450.0000	  4.6000	 17.6000	 51.5833	   4.0357	   1.0676	   1.6688	  0.3075	  0.5940	  0.1000	  0.1600	  0.1900	   0.0000	   0.0000	   0.0000	   0.0000	   0.0000	   0.0000	   0.0000	   0.0000	   0.0000	  0.2594	  0.0000	        0.0000	        0.0000	        0.0000	        0.0000	        0.0000	        0.0000	        0.0000	  0.4724	  0.2944	-28.4727
2018	 99	  23	 55	 98.9965	  0.0000	  3.5455	    0.0181	 11.2191	  0.0000	  7.0000	  23.1500	  23.1500	  23.1500	-450.0000	-450.0000	-450.0000	  4.6000	 12.9000	 52.5833	   4.0972	   1.1844	   1.7878	  0.3205	  0.5836	  0.1000	  0.1600	  0.1900	   0.0000	   0.0000	   0.0000	   0.0000	   0.0000	   0.0000	   0.0000	   0.0000	   0.0000	  0.2649	  0.0000	        0.0000	        0.0000	        0.0000	        0.0000	        0.0000	        0.0000	        0.0000	  0.4724	  0.2944	-28.4727
2018	100	  23	 55	 99.9965	  0.0000	2397.6928	   16.8008	 12.3354	  0.0000	  8.0000	  25.5208	  25.5208	  25.5208	-450.0000	-450.0000	-450.0000	  3.6417	 11.1000	 37.5833	   4.1242	   1.2358	   1.8400	  0.3262	  0.5790	  0.1000	  0.1600	  0.1900	   0.0000	   0.0000	   0.0000	   0.0000	   0.0000	   0.0000	   0.0000	   0.0000	   0.0000	  0.2888	  0.0000	        0.0000	        0.0000	        0.0000	        0.0000	        0.0000	        0.0000	        0.0000	  0.4724	  0.2944	-28.4727
2018	101	  23	 55	100.9965	  0.0000	 13.7496	    0.0931	 11.5199	  0.0000	 10.0000	  30.0208	  30.0208	  30.0208	-450.0000	-450.0000	-450.0000	  1.1000	 13.4000	 48.5000	   4.1854	   1.3525	   1.9585	  0.3392	  0.5687	  0.1000	  0.1600	  0.1900	   0.0000	   0.0000	   0.0000	   0.0000	   0.0000	   0.0000	   0.0000	   0.0000	   0.0000	  0.2985	  0.0000	        0.0000	        0.0000	        0.0000	        0.0000	        0.0000	        0.0000	        0.0000	  0.4724	  0.2944	-28.4727
2018	102	  23	 55	101.9965	  0.0000	2929.9355	   26.9181	 14.5996	  0.0000	 11.0000	  33.8708	  33.8708	  33.8708	-450.0000	-450.0000	-450.0000	  2.1000	 15.6000	 48.5833	   4.2213	   1.4211	   2.0281	  0.3468	  0.5626	  0.1000	  0.1600	  0.1900	   0.0000	   0.0000	   0.0000	   0.0000	   0.0000	   0.0000	   0.0000	   0.0000	   0.0000	  0.3211	  0.0000	        0.0000	        0.0000	        0.0000	        0.0000	        0.0000	        0.0000	        0.0000	  0.4724	  0.2944	-28.4727
2018	103	  23	 55	102.9965	  0.0000	 13.9572	    0.1672	 15.4169	  0.0000	 13.0000	  48.3708	  48.3708	  48.3708	-450.0000	-450.0000	-450.0000	  4.5000	 20.0000	 50.9167	   4.3161	   1.6028	   2.2124	  0.3670	  0.5464	  0.1000	  0.1600	  0.1900	   0.0000	   0.0000	   0.0000	   0.0000	   0.0000	   0.0000	   0.0000	   0.0000	   0.0000	  0.3356	  0.0000	        0.0000	        0.0000	        0.0000	        0.0000	        0.0000	        0.0000	        0.0000	  0.4724	  0.2944	-28.4727
2018	104	  23	 55	103.9965	  0.0000	 14.4610	    0.1738	 16.4471	  0.0000	 15.0000	  64.3708	  64.3708	  64.3708	   0.0000	   0.0000	   0.0000	  6.1000	 19.9000	 48.4167	   4.4441	   1.8493	   2.4619	  0.3944	  0.5245	  0.1000	  0.1600	  0.1900	   0.0000	   0.0000	   0.0000	   0.0000	   0.0000	   0.0000	   0.0000	   0.0000	   0.0000	  0.3728	  0.0000	        0.0000	        0.0000	        0.0000	        0.0000	        0.0000	        0.0000	        0.0000	  0.4724	  0.2944	-28.4727
2018	105	  23	 55	104.9965	  0.0000	2613.4325	   23.6903	 17.8957	 39.5667	  0.0000	  68.8208	  68.8208	  68.8208	   0.0000	   0.0000	   0.0000	  7.4000	 11.5000	 44.5000	   4.5172	   1.9903	   2.6046	  0.4100	  0.5120	  0.1000	  0.1600	  0.1900	   0.0000	   0.0000	   0.0000	   0.0000	   0.0000	   0.0000	   0.0000	   0.0000	   0.0000	  0.4202	  0.0000	        0.0000	        0.0000	        0.0000	        0.0000	        0.0000	        0.0000	        0.0000	  0.4724	  0.2944	-28.4727
2018	106	  23	 55	105.9965	  0.0000	2442.7208	   23.5396	 19.0245	  0.1667	  0.0000	  74.1208	  74.1208	  74.1208	   0.0000	   0.0000	   0.0000	  8.2000	 12.4000	 40.3333	   4.5959	   2.1427	   2.7586	  0.4270	  0.4984	  0.1000	  0.1600	  0.1900	   0.0000	   0.0000	   0.0000	   0.0000	   0.0000	   0.0000	   0.0000	   0.0000	   0.0000	  0.4467	  0.0000	        0.0000	        0.0000	        0.0000	        0.0000	        0.0000	        0.0000	        0.0000	  0.4724	  0.2944	-28.4727
2018	107	  23	 55	106.9965	  0.0000	1920.4647	   16.4473	 18.5091	  0.0083	  0.0000	  77.6708	  77.6708	  77.6708	   0.0000	   0.0000	   0.0000	  6.5000	 10.6000	 31.7500	   4.6785	   2.3029	   2.9204	  0.4448	  0.4842	  0.1000	  0.1600	  0.1900	   0.0000	   0.0000	   0.0000	   0.0000	   0.0000	   0.0000	   0.0000	   0.0000	   0.0000	  0.4746	  0.0000	        0.0000	        0.0000	        0.0000	        0.0000	        0.0000	        0.0000	        0.0000	  0.4724	  0.2944	-28.4727
2018	108	  23	 55	107.9965	  0.0000	2613.3144	   30.5339	 20.9140	  0.0000	  1.0000	  84.3208	  84.3208	  84.3208	   0.0000	   0.0000	   0.0000	  8.1000	 15.2000	 42.3333	   4.7682	   2.4772	   3.0965	  0.4641	  0.4687	  0.1000	  0.1600	  0.1900	   0.0000	   0.0000	   0.0000	   0.0000	   0.0000	   0.0000	   0.0000	   0.0000	   0.0000	  0.5049	  0.0000	        0.0000	        0.0000	        0.0000	        0.0000	        0.0000	        0.0000	        0.0000	  0.4724	  0.2944	-28.4727
2018	109	  23	 55	108.9965	  0.0000	2579.3206	   31.3485	 23.0009	  0.0000	  2.0000	  91.3708	  91.3708	  91.3708	   0.0000	   0.0000	   0.0000	  8.7000	 15.4000	 41.7500	   4.8654	   2.6667	   3.2876	  0.4852	  0.4518	  0.1000	  0.1600	  0.1900	   0.0000	   0.0000	   0.0000	   0.0000	   0.0000	   0.0000	   0.0000	   0.0000	   0.0000	  0.5378	  0.0000	        0.0000	        0.0000	        0.0000	        0.0000	        0.0000	        0.0000	        0.0000	  0.4724	  0.2944	-28.4727
2018	110	  23	 55	109.9965	  0.0000	2829.3189	   44.6499	 27.3307	  0.0000	  3.0000	 102.3208	 102.3208	 102.3208	   0.0000	   0.0000	   0.0000	  9.8000	 22.1000	 50.7500	   4.9744	   2.8796	   3.5023	  0.5088	  0.4329	  0.1000	  0.1600	  0.1900	   0.0000	   0.0000	   0.0000	   0.0000	   0.0000	   0.0000	   0.0000	   0.0000	   0.0000	  0.5748	  0.0000	        0.0000	        0.0000	        0.0000	        0.0000	        0.0000	        0.0000	        0.0000	  0.4724	  0.2944	-28.4727
2018	111	  23	 55	110.9965	  0.0000	2370.5533	   24.4697	 26.7585	  0.0000	  4.0000	 107.4750	 107.4750	 107.4750	   0.0000	   0.0000	   0.0000	  6.9083	 13.4000	 43.5833	   5.0890	   3.1038	   3.7283	  0.5338	  0.4130	  0.1000	  0.1600	  0.1900	   0.0000	   0.0000	   0.0000	   0.0000	   0.0000	   0.0000	   0.0000	   0.0000	   0.0000	  0.6137	  0.0000	        0.0000	        0.0000	        0.0000	        0.0000	        0.0000	        0.0000	        0.0000	  0.4724	  0.2944	-28.4727
2018	112	  23	 55	111.9965	  0.0000	2869.5939	   25.7507	 26.5569	  0.0000	  5.0000	 111.4750	 111.4750	 111.4750	   0.0000	   0.0000	   0.0000	  6.0000	 12.0000	 51.8333	   5.1000	   3.3371	   3.9633	  0.5597	  0.3923	  0.1000	  0.1600	  0.1900	   0.0000	   0.0000	   0.0000	   0.0000	   0.0000	   0.0000	   0.0000	   0.0000	   0.0000	  0.6539	  0.0000	        0.0000	        0.0000	        0.0000	        0.0000	        0.0000	        0.0000	        0.0000	  0.4724	  0.2944	-28.4727
2018	113	  23	 55	112.9965	  0.0000	4016.3674	   37.7716	 28.7999	159.5833	  0.0000	 116.7292	 116.7292	 116.7292	   0.0000	   0.0000	   0.0000	  7.5083	 13.0000	 83.1667	   5.1000	   3.5821	   4.2099	  0.5869	  0.3705	  0.1000	  0.1600	  0.1900	   0.0000	   0.0000	   0.0000	   0.0000	   0.0000	   0.0000	   0.0000	   0.0000	   0.0000	  0.6960	  0.0000	        0.0000	        0.0000	        0.0000	        0.0000	        0.0000	        0.0000	        0.0000	  0.4724	  0.2944	-28.4727
2018	114	  23	 55	113.9965	  0.0000	1649.1142	   13.1212	 25.6641	 12.3500	  0.0000	 119.8417	 119.8417	 119.8417	   0.0000	   0.0000	   0.0000	  6.8250	  9.4000	 26.0833	   5.1000	   3.8343	   4.4638	  0.6149	  0.3481	  0.1000	  0.1600	  0.1900	   0.0000	   0.0000	   0.0000	   0.0000	   0.0000	   0.0000	   0.0000	   0.0000	   0.0000	  0.7394	  0.0000	        0.0000	        0.0000	        0.0000	        0.0000	        0.0000	        0.0000	        0.0000	  0.4724	  0.2944	-28.4727
2018	115	  23	 55	114.9965	  0.0000	2682.6788	   23.3199	 25.1953	  0.0000	  1.0000	 123.7917	 123.7917	 123.7917	   0.0000	   0.0000	   0.0000	  6.7000	 11.2000	 51.4167	   5.1000	   4.0956	   4.7267	  0.6440	  0.3248	  0.1000	  0.1600	  0.1900	   0.0000	   0.0000	   0.0000	   0.0000	   0.0000	   0.0000	   0.0000	   0.0000	   0.0000	  0.7843	  0.0000	        0.0000	        0.0000	        0.0000	        0.0000	        0.0000	        0.0000	        0.0000	  0.4724	  0.2944	-28.4727
2018	116	  23	 55	115.9965	  0.0000	2105.0601	   16.5584	 23.4679	  5.0667	  0.0000	 126.5417	 126.5417	 126.5417	   0.0000	   0.0000	   0.0000	  6.3000	  9.2000	 40.2500	   5.1000	   4.3633	   4.9960	  0.6737	  0.3010	  0.1000	  0.1600	  0.1900	   0.0000	   0.0000	   0.0000	   0.0000	   0.0000	   0.0000	   0.0000	   0.0000	   0.0000	  0.8304	  0.0000	        0.0000	        0.0000	        0.0000	        0.0000	        0.0000	        0.0000	        0.0000	  0.4724	  0.2944	-28.4727
2018	117	  23	 55	116.9965	  0.0000	 12.1703	    0.1026	 18.6726	  1.0500	  0.0000	 134.5417	 134.5417	 134.5417	   0.0000	   0.0000	   0.0000	  6.6000	 11.4000	 46.0000	   5.1000	   4.9264	   5.5620	  0.7363	  0.2510	  0.1000	  0.1600	  0.1900	   0.0000	   0.0000	   0.0000	   0.0000	   0.0000	   0.0000	   0.0000	   0.0000	   0.0000	  0.8780	  0.0000	        0.0000	        0.0000	        0.0000	        0.0000	        0.0000	        0.0000	        0.0000	  0.4724	  0.2944	-28.4727
2018	118	  23	 55	117.9965	  0.0000	2765.0771	   25.6590	 20.0699	  5.3750	  0.0000	 138.8417	 138.8417	 138.8417	   0.0000	   0.0000	   0.0000	  5.9000	 12.7000	 45.1667	   5.1000	   5.2223	   5.8594	  0.7691	  0.2247	  0.1000	  0.1600	  0.1900	   0.0000	   0.0000	   0.0000	   0.0000	   0.0000	   0.0000	   0.0000	   0.0000	   0.0000	  0.9780	  0.0000	        0.0000	        0.0000	        0.0000	        0.0000	        0.0000	        0.0000	        0.0000	  0.4724	  0.2944	-28.4727
2018	119	  23	 55	118.9965	  0.0000	2994.0930	   31.9014	 22.4362	  0.2417	  0.0000	 144.1417	 144.1417	 144.1417	   0.0000	   0.0000	   0.0000	  6.9000	 13.7000	 54.4167	   5.1000	   5.5000	   5.9000	  0.8000	  0.2000	  0.1000	  0.1600	  0.1900	   0.0000	   0.0000	   0.0000	   0.0000	   0.0000	   0.0000	   0.0000	   0.0000	   0.0000	  1.0000	  0.0000	        0.0000	        0.0000	        0.0000	        0.0000	        0.0000	        0.0000	        0.0000	  0.4724	  0.2944	-28.4727
2018	120	  23	 55	119.9965	  0.0000	2541.3699	   24.7253	 22.8940	 57.9250	  0.0000	 149.2417	 149.2417	 149.2417	   0.0000	   0.0000	   0.0000	  6.9000	 13.3000	 41.3333	   5.1000	   5.5000	   5.9000	  0.8000	  0.2000	  0.1000	  0.1600	  0.1900	   0.0000	   0.0000	   0.0000	   0.0000	   0.0000	   0.0000	   0.0000	   0.0000	   0.0000	  1.0000	  0.0000	        0.0000	        0.0000	        0.0000	        0.0000	        0.0000	        0.0000	        0.0000	  0.4724	  0.2944	-28.4727
2018	121	  23	 55	120.9965	  0.0000	2909.3840	   27.2516	 23.7655	 12.2417	  0.0000	 154.2917	 154.2917	 154.2917	   0.0000	   0.0000	   0.0000	  6.9000	 13.2000	 51.7500	   5.1000	   5.5000	   5.9000	  0.8000	  0.2000	  0.1000	  0.1600	  0.1900	   0.0000	   0.0000	   0.0000	   0.0000	   0.0000	   0.0000	   0.0000	   0.0000	   0.0000	  1.0000	  0.0000	        0.0000	        0.0000	        0.0000	        0.0000	        0.0000	        0.0000	        0.0000	  0.4724	  0.2944	-28.4727
2018	122	  23	 55	121.9965	  0.0000	3072.5032	   33.7332	 25.7590	  0.0000	  1.0000	 159.8583	 159.8583	 159.8583	   0.0000	   0.0000	   0.0000	  7.6333	 13.5000	 56.9167	   5.1000	   5.5000	   5.9000	  0.8000	  0.2000	  0.1000	  0.1600	  0.1900	   0.0000	   0.0000	   0.0000	   0.0000	   0.0000	   0.0000	   0.0000	   0.0000	   0.0000	  1.0000	  0.0000	        0.0000	        0.0000	        0.0000	        0.0000	        0.0000	        0.0000	        0.0000	  0.4724	  0.2944	-28.4727
2018	123	  23	 55	122.9965	  0.0000	3105.9440	   28.8848	 26.3842	 11.7333	  0.0000	 164.2083	 164.2083	 164.2083	   0.0000	   0.0000	   0.0000	  6.7000	 12.0000	 62.9167	   5.1000	   5.5000	   5.9000	  0.8000	  0.2000	  0.1000	  0.1600	  0.1900	   0.0000	   0.0000	   0.0000	   0.0000	   0.0000	   0.0000	   0.0000	   0.0000	   0.0000	  1.0000	  0.0000	        0.0000	        0.0000	        0.0000	        0.0000	        0.0000	        0.0000	        0.0000	  0.4724	  0.2944	-28.4727
2018	124	  23	 55	123.9965	  0.0000	2654.3954	   26.3640	 26.3802	  0.0000	  1.0000	 168.6583	 168.6583	 168.6583	   0.0000	   0.0000	   0.0000	  6.5000	 12.4000	 51.2500	   5.1000	   5.5000	   5.9000	  0.8000	  0.2000	  0.1000	  0.1600	  0.1900	   0.0000	   0.0000	   0.0000	   0.0000	   0.0000	   0.0000	   0.0000	   0.0000	   0.0000	  1.0000	  0.0000	        0.0000	        0.0000	        0.0000	        0.0000	        0.0000	        0.0000	        0.0000	  0.4724	  0.2944	-28.4727
2018	125	  23	 55	124.9965	  0.0000	2844.3038	   35.2689	 28.1579	  0.0000	  2.0000	 175.6583	 175.6583	 175.6583	   0.0000	   0.0000	   0.0000	  8.1000	 15.9000	 52.5000	   5.1000	   5.5000	   5.9000	  0.8000	  0.2000	  0.1000	  0.1600	  0.1900	   0.0000	   0.0000	   0.0000	   0.0000	   0.0000	   0.0000	   0.0000	   0.0000	   0.0000	  1.0000	  0.0000	        0.0000	        0.0000	        0.0000	        0.0000	        0.0000	        0.0000	        0.0000	  0.4724	  0.2944	-28.4727
2018	126	  23	 55	125.9965	  0.0000	  3.5710	    0.0373	 20.4839	  0.0000	  5.0000	 198.6083	 198.6083	 198.6083	   0.0000	   0.0000	   0.0000	  6.6000	 18.7000	 63.6667	   5.1000	   5.5000	   5.9000	  0.8000	  0.2000	  0.1000	  0.1600	  0.1900	   0.0000	   0.0000	   0.0000	   0.0000	   0.0000	   0.0000	   0.0000	   0.0000	   0.0000	  1.0000	  0.0000	        0.0000	        0.0000	        0.0000	        0.0000	        0.0000	        0.0000	        0.0000	  0.4724	  0.2944	-28.4727
2018	127	  23	 55	126.9965	  0.0000	3496.2968	   60.7114	 28.5294	  0.0000	  6.0000	 209.5083	 209.5083	 209.5083	   0.0000	   0.0000	   0.0000	  9.8000	 22.0000	 62.7500	   5.1000	   5.5000	   5.9000	  0.8000	  0.2000	  0.1000	  0.1600	  0.1900	   0.0000	   0.0000	   0.0000	   0.0000	   0.0000	   0.0000	   0.0000	   0.0000	   0.0000	  1.0000	  0.0000	        0.0000	        0.0000	        0.0000	        0.0000	        0.0000	        0.0000	        0.0000	  0.4724	  0.2944	-28.4727
2018	128	  23	 55	127.9965	  0.0000	 16.5716	    0.2833	 29.3084	  0.0000	  8.0000	 233.4083	 233.4083	 233.4083	   0.0000	   0.0000	   0.0000	  9.7000	 24.2000	 65.6667	   5.1000	   5.5000	   5.9000	  0.8000	  0.2000	  0.1000	  0.1600	  0.1900	   0.0000	   0.0000	   0.0000	   0.0000	   0.0000	   0.0000	   0.0000	   0.0000	   0.0000	  1.0000	  0.0000	        0.0000	        0.0000	        0.0000	        0.0000	        0.0000	        0.0000	        0.0000	  0.4724	  0.2944	-28.4727
2018	129	  23	 55	128.9965	  0.0000	  3.5937	    0.0568	 24.5834	  0.0000	 11.0000	 274.0583	 274.0583	 274.0583	   0.0000	   0.0000	   0.0000	 11.2000	 25.9000	 66.6667	   5.1000	   5.5000	   5.9000	  0.8000	  0.2000	  0.1000	  0.1600	  0.1900	   0.0000	   0.0000	   0.0000	   0.0000	   0.0000	   0.0000	   0.0000	   0.0000	   0.0000	  1.0000	  0.0000	        0.0000	        0.0000	        0.0000	        0.0000	        0.0000	        0.0000	        0.0000	  0.4724	  0.2944	-28.4727
2018	130	  23	 55	129.9965	  0.0000	  3.5856	    0.0485	 22.0756	  5.1500	  0.0000	 300.0000	 300.0000	 300.0000	   0.0000	   0.0000	   0.0000	 12.2000	 27.6000	 61.3333	   5.1000	   5.5000	   5.9000	  0.8000	  0.2000	  0.1000	  0.1600	  0.1900	   0.0000	   0.0000	   0.0000	   0.0000	   0.0000	   0.0000	   0.0000	   0.0000	   0.0000	  1.0000	  0.0000	        0.0000	        0.0000	        0.0000	        0.0000	        0.0000	        0.0000	        0.0000	  0.4724	  0.2944	-28.4727
2018	131	  23	 55	130.9965	  0.0000	3275.5163	   45.3002	 26.7205	  9.0417	  0.0000	 300.0000	 300.0000	 300.0000	   0.0000	   0.0000	   0.0000	 10.7000	 16.7000	 59.9167	   5.1000	   5.5000	   5.9000	  0.8000	  0.2000	  0.1000	  0.1600	  0.1900	   0.0000	   0.0000	   0.0000	   0.0000	   0.0000	   0.0000	   0.0000	   0.0000	   0.0000	  1.0000	  0.0000	        0.0000	        0.0000	        0.0000	        0.0000	        0.0000	        0.0000	        0.0000	  0.4724	  0.2944	-28.4727
2018	132	  23	 55	131.9965	  0.0000	  3.5468	    0.0537	 16.1329	  0.0000	  4.0000	 300.0000	 300.0000	 300.0000	   0.0000	   0.0000	   0.0000	 10.3000	 19.9000	 61.4167	   5.1000	   5.5000	   5.9000	  0.8000	  0.2000	  0.1000	  0.1600	  0.1900	   0.0000	   0.0000	   0.0000	   0.0000	   0.0000	   0.0000	   0.0000	   0.0000	   0.0000	  1.0000	  0.0000	        0.0000	        0.0000	        0.0000	        0.0000	        0.0000	        0.0000	        0.0000	  0.4724	  0.2944	-28.4727
2018	133	  23	 55	132.9965	  0.0000	3340.4816	   68.4956	 26.6054	  0.0000	  5.0000	 300.0000	 300.0000	 300.0000	   0.0000	   0.0000	   0.0000	 14.9167	 25.6000	 59.4167	   5.1000	   5.5000	   5.9000	  0.8000	  0.2000	  0.1000	  0.1600	  0.1900	   0.0000	   0.0000	   0.0000	   0.0000	   0.0000	   0.0000	   0.0000	   0.0000	   0.0000	  1.0000	  0.0000	        0.0000	        0.0000	        0.0000	        0.0000	        0.0000	        0.0000	        0.0000	  0.4724	  0.2944	-28.4727
2018	134	  23	 55	133.9965	  0.0000	 17.0237	    0.3594	 30.7576	  0.0000	  7.0000	 300.0000	 300.0000	 300.0000	   0.0000	   0.0000	   0.0000	 12.3000	 28.2000	 68.7500	   5.1000	   5.5000	   5.9000	  0.8000	  0.2000	  0.1000	  0.1600	  0.1900	   0.0000	   0.0000	   0.0000	   0.0000	   0.0000	   0.0000	   0.0000	   0.0000	   0.0000	  1.0000	  0.0000	        0.0000	        0.0000	        0.0000	        0.0000	        0.0000	        0.0000	        0.0000	  0.4724	  0.2944	-28.4727
2018	135	  23	 55	134.9965	  0.0000	 17.1362	    0.3506	 33.1492	  0.0000	  9.0000	 300.0000	 300.0000	 300.0000	   0.0000	   0.0000	   0.0000	 13.8000	 28.1000	 68.4167	   5.1000	   5.5000	   5.9000	  0.8000	  0.2000	  0.1000	  0.1600	  0.1900	   0.0000	   0.0000	   0.0000	   0.0000	   0.0000	   0.0000	   0.0000	   0.0000	   0.0000	  1.0000	  0.0000	        0.0000	        0.0000	        0.0000	        0.0000	        0.0000	        0.0000	        0.0000	  0.4724	  0.2944	-28.4727
2018	136	  23	 55	135.9965	  0.0000	 16.0975	    0.3064	 33.0772	  0.0000	 11.0000	 300.0000	 300.0000	 300.0000	   0.0000	   0.0000	   0.0000	 14.1917	 26.4000	 66.6667	   5.1000	   5.5000	   5.9000	  0.8000	  0.2000	  0.1000	  0.1600	  0.1900	   0.0000	   0.0000	   0.0000	   0.0000	   0.0000	   0.0000	   0.0000	   0.0000	   0.0000	  1.0000	  0.0000	        0.0000	        0.0000	        0.0000	        0.0000	        0.0000	        0.0000	        0.0000	  0.4724	  0.2944	-28.4727
2018	137	  23	 55	136.9965	  0.0000	  3.5780	    0.0497	 23.4164	  0.2917	  0.0000	 300.0000	 300.0000	 300.0000	   0.0000	   0.0000	   0.0000	 13.4000	 20.5000	 57.3333	   5.1000	   5.5000	   5.9000	  0.8000	  0.2000	  0.1000	  0.1600	  0.1900	   0.0000	   0.0000	   0.0000	   0.0000	   0.0000	   0.0000	   0.0000	   0.0000	   0.0000	  1.0000	  0.0000	        0.0000	        0.0000	        0.0000	        0.0000	        0.0000	        0.0000	        0.0000	  0.4724	  0.2944	-28.4727
2018	138	  23	 55	137.9965	  0.0000	  3.5268	    0.0337	 16.0473	  0.9667	  0.0000	 300.0000	 300.0000	 300.0000	   0.0000	   0.0000	   0.0000	  9.6250	 20.9000	 68.6667	   5.1000	   5.5000	   5.9000	  0.8000	  0.2000	  0.1000	  0.1600	  0.1900	   0.0000	   0.0000	   0.0000	   0.0000	   0.0000	   0.0000	   0.0000	   0.0000	   0.0000	  1.0000	  0.0000	        0.0000	        0.0000	        0.0000	        0.0000	        0.0000	        0.0000	        0.0000	  0.4724	  0.2944	-28.4727
2018	139	  23	 55	138.9965	  0.0000	3776.7383	   62.6861	 25.3751	  0.0000	  1.0000	 300.0000	 300.0000	 300.0000	   0.0000	   0.0000	   0.0000	  7.2000	 22.1000	 72.8333	   5.1000	   5.5000	   5.9000	  0.8000	  0.2000	  0.1000	  0.1600	  0.1900	   0.0000	   0.0000	   0.0000	   0.0000	   0.0000	   0.0000	   0.0000	   0.0000	   0.0000	  1.0000	  0.0000	        0.0000	        0.0000	        0.0000	        0.0000	        0.0000	        0.0000	        0.0000	  0.4724	  0.2944	-28.4727
2018	140	  23	 55	139.9965	  0.0000	  3.5820	    0.0442	 21.5166	  0.0000	  4.0000	 300.0000	 300.0000	 300.0000	   0.0000	   0.0000	   0.0000	 10.2000	 22.2000	 69.4167	   5.1000	   5.5000	   5.9000	  0.8000	  0.2000	  0.1000	  0.1600	  0.1900	   0.0000	   0.0000	   0.0000	   0.0000	   0.0000	   0.0000	   0.0000	   0.0000	   0.0000	  1.0000	  0.0000	        0.0000	        0.0000	        0.0000	        0.0000	        0.0000	        0.0000	        0.0000	  0.4724	  0.2944	-28.4727
2018	141	  23	 55	140.9965	  0.0000	 15.6575	    0.2666	 23.8113	  0.0000	  6.0000	 300.0000	 300.0000	 300.0000	   0.0000	   0.0000	   0.0000	 10.6000	 22.7000	 66.0000	   5.1000	   5.5000	   5.9000	  0.8000	  0.2000	  0.1000	  0.1600	  0.1900	   0.0000	   0.0000	   0.0000	   0.0000	   0.0000	   0.0000	   0.0000	   0.0000	   0.0000	  1.0000	  0.0000	        0.0000	        0.0000	        0.0000	        0.0000	        0.0000	        0.0000	        0.0000	  0.4724	  0.2944	-28.4727
2018	142	  23	 55	141.9965	  0.0000	  3.5840	    0.0447	 21.3592	  0.0000	  9.0000	 300.0000	 300.0000	 300.0000	   0.0000	   0.0000	   0.0000	 11.2000	 23.0000	 72.3333	   5.1000	   5.5000	   5.9000	  0.8000	  0.2000	  0.1000	  0.1600	  0.1900	   0.0000	   0.0000	   0.0000	   0.0000	   0.0000	   0.0000	   0.0000	   0.0000	   0.0000	  1.0000	  0.0000	        0.0000	        0.0000	        0.0000	        0.0000	        0.0000	        0.0000	        0.0000	  0.4724	  0.2944	-28.4727
2018	143	  23	 55	142.9965	  0.0000	  3.5902	    0.0509	 20.7278	  0.0000	 12.0000	 300.0000	 300.0000	 300.0000	   0.0000	   0.0000	   0.0000	 10.5000	 24.9000	 71.5833	   5.1000	   5.5000	   5.9000	  0.8000	  0.2000	  0.1000	  0.1600	  0.1900	   0.0000	   0.0000	   0.0000	   0.0000	   0.0000	   0.0000	   0.0000	   0.0000	   0.0000	  1.0000	  0.0000	        0.0000	        0.0000	        0.0000	        0.0000	        0.0000	        0.0000	        0.0000	  0.4724	  0.2944	-28.4727
2018	144	  23	 55	143.9965	  0.0000	 16.5181	    0.3267	 25.7981	  0.0000	 14.0000	 300.0000	 300.0000	 300.0000	   0.0000	   0.0000	   0.0000	 12.0000	 25.8000	 69.5833	   5.1000	   5.5000	   5.9000	  0.8000	  0.2000	  0.1000	  0.1600	  0.1900	   0.0000	   0.0000	   0.0000	   0.0000	   0.0000	   0.0000	   0.0000	   0.0000	   0.0000	  1.0000	  0.0000	        0.0000	        0.0000	        0.0000	        0.0000	        0.0000	        0.0000	        0.0000	  0.4724	  0.2944	-28.4727
2018	145	  23	 55	144.9965	  0.0000	 16.0767	    0.3341	 29.0776	  0.0000	 16.0000	 300.0000	 300.0000	 300.0000	   0.0000	   0.0000	   0.0000	 15.5000	 27.4000	 66.3333	   5.1000	   5.5000	   5.9000	  0.8000	  0.2000	  0.1000	  0.1600	  0.1900	   0.0000	   0.0000	   0.0000	   0.0000	   0.0000	   0.0000	   0.0000	   0.0000	   0.0000	  1.0000	  0.0000	        0.0000	        0.0000	        0.0000	        0.0000	        0.0000	        0.0000	        0.0000	  0.4724	  0.2944	-28.4727
2018	146	  23	 55	145.9965	  0.0000	3948.8642	   85.1359	 40.2893	  0.0000	 17.0000	 300.0000	 300.0000	 300.0000	   0.0000	   0.0000	   0.0000	 14.0000	 26.9000	 77.4167	   5.1000	   5.5000	   5.9000	  0.8000	  0.2000	  0.1000	  0.1600	  0.1900	   0.0000	   0.0000	   0.0000	   0.0000	   0.0000	   0.0000	   0.0000	   0.0000	   0.0000	  1.0000	  0.0000	        0.0000	        0.0000	        0.0000	        0.0000	        0.0000	        0.0000	        0.0000	  0.4724	  0.2944	-28.4727
2018	147	  23	 55	146.9965	  0.0000	  3.5553	    0.0622	 23.9001	  5.1917	  0.0000	 300.0000	 300.0000	 300.0000	   0.0000	   0.0000	   0.0000	 16.6000	 26.9000	 56.7500	   5.1000	   5.5000	   5.9000	  0.8000	  0.2000	  0.1000	  0.1600	  0.1900	   0.0000	   0.0000	   0.0000	   0.0000	   0.0000	   0.0000	   0.0000	   0.0000	   0.0000	  1.0000	  0.0000	        0.0000	        0.0000	        0.0000	        0.0000	        0.0000	        0.0000	        0.0000	  0.4724	  0.2944	-28.4727
2018	148	  23	 55	147.9965	  0.0000	3831.6427	   65.3779	 32.1957	 74.5250	  0.0000	 300.0000	 300.0000	 300.0000	   0.0000	   0.0000	   0.0000	 15.1333	 21.2000	 72.6667	   5.1000	   5.5000	   5.9000	  0.8000	  0.2000	  0.1000	  0.1600	  0.1900	   0.0000	   0.0000	   0.0000	   0.0000	   0.0000	   0.0000	   0.0000	   0.0000	   0.0000	  1.0000	  0.0000	        0.0000	        0.0000	        0.0000	        0.0000	        0.0000	        0.0000	        0.0000	  0.4724	  0.2944	-28.4727
2018	149	  23	 55	148.9965	  0.0000	  3.5593	    0.0661	 22.8897	  4.3500	  0.0000	 300.0000	 300.0000	 300.0000	   0.0000	   0.0000	   0.0000	 15.1000	 28.3000	 84.0833	   5.1000	   5.5000	   5.9000	  0.8000	  0.2000	  0.1000	  0.1600	  0.1900	   0.0000	   0.0000	   0.0000	   0.0000	   0.0000	   0.0000	   0.0000	   0.0000	   0.0000	  1.0000	  0.0000	        0.0000	        0.0000	        0.0000	        0.0000	        0.0000	        0.0000	        0.0000	  0.4724	  0.2944	-28.4727
2018	150	  23	 55	149.9965	  0.0000	 16.4424	    0.3966	 29.4284	  0.0000	  2.0000	 300.0000	 300.0000	 300.0000	   0.0000	   0.0000	   0.0000	 16.6000	 30.6000	 67.5833	   5.1000	   5.5000	   5.9000	  0.8000	  0.2000	  0.1000	  0.1600	  0.1900	   0.0000	   0.0000	   0.0000	   0.0000	   0.0000	   0.0000	   0.0000	   0.0000	   0.0000	  1.0000	  0.0000	        0.0000	        0.0000	        0.0000	        0.0000	        0.0000	        0.0000	        0.0000	  0.4724	  0.2944	-28.4727
2018	151	  23	 55	150.9965	  0.0000	  3.6057	    0.0696	 26.4857	  0.0000	  5.0000	 300.0000	 300.0000	 300.0000	   0.0000	   0.0000	   0.0000	 18.6000	 29.1000	 67.1667	   5.1000	   5.5000	   5.9000	  0.8000	  0.2000	  0.1000	  0.1600	  0.1900	   0.0000	   0.0000	   0.0000	   0.0000	   0.0000	   0.0000	   0.0000	   0.0000	   0.0000	  1.0000	  0.0000	        0.0000	        0.0000	        0.0000	        0.0000	        0.0000	        0.0000	        0.0000	  0.4724	  0.2944	-28.4727
2018	152	  23	 55	151.9965	  0.0000	  3.5549	    0.0619	 16.0665	  0.0000	 10.0000	 300.0000	 300.0000	 300.0000	   0.0000	   0.0000	   0.0000	 16.8000	 26.5000	 76.8333	   5.1000	   5.5000	   5.9000	  0.8000	  0.2000	  0.1000	  0.1600	  0.1900	   0.0000	   0.0000	   0.0000	   0.0000	   0.0000	   0.0000	   0.0000	   0.0000	   0.0000	  1.0000	  0.0000	        0.0000	        0.0000	        0.0000	        0.0000	        0.0000	        0.0000	        0.0000	  0.4724	  0.2944	-28.4727
2018	153	  23	 55	152.9965	  0.0000	 18.0320	    0.3974	 25.6984	  0.0000	 12.0000	 300.0000	 300.0000	 300.0000	   0.0000	   0.0000	   0.0000	 15.4000	 27.9000	 82.0000	   5.1000	   5.5000	   5.9000	  0.8000	  0.2000	  0.1000	  0.1600	  0.1900	   0.0000	   0.0000	   0.0000	   0.0000	   0.0000	   0.0000	   0.0000	   0.0000	   0.0000	  1.0000	  0.0000	        0.0000	        0.0000	        0.0000	        0.0000	        0.0000	        0.0000	        0.0000	  0.4724	  0.2944	-28.4727
2018	154	  23	 55	153.9965	  0.0000	3294.0293	   74.2557	 35.4098	  0.0000	 13.0000	 300.0000	 300.0000	 300.0000	   0.0000	   0.0000	   0.0000	 16.9000	 26.7000	 63.2500	   5.1000	   5.5000	   5.9000	  0.8000	  0.2000	  0.1000	  0.1600	  0.1900	 309.2217	 140.5480	 168.6737	 309.2217	 140.5480	 168.6737	 309.2217	 140.5480	 168.6737	  1.0000	  0.0000	        0.0000	        0.0000	        0.0000	        0.0000	        0.0000	        0.0000	        0.0000	  0.4724	  0.2944	-28.4727
2018	155	  23	 55	154.9965	  0.0000	 16.4690	    0.3504	 36.0629	  0.0000	 15.0000	 300.0000	 300.0000	 300.0000	   0.0000	   0.0000	   0.0000	 17.2417	 27.1000	 72.0833	   5.1000	   5.5000	   5.9000	  0.8000	  0.2000	  0.1000	  0.1600	  0.1900	   0.0000	   0.0000	   0.0000	   0.0000	   0.0000	   0.0000	   0.0000	   0.0000	   0.0000	  1.0000	  0.0000	        0.0000	        0.0000	        0.0000	        0.0000	        0.0000	        0.0000	        0.0000	  0.4724	  0.2944	-28.4727
2018	156	  23	 55	155.9965	  0.0000	3166.3922	   51.0437	 39.0591	  0.0000	 16.0000	 300.0000	 300.0000	 300.0000	   0.0000	   0.0000	   0.0000	 12.3000	 18.9000	 60.3333	   5.1000	   5.5000	   5.9000	  0.8000	  0.2000	  0.1000	  0.1600	  0.1900	 212.3512	  96.5187	 115.8325	 212.3512	  96.5187	 115.8325	 212.3512	  96.5187	 115.8325	  1.0000	  0.0000	        0.0000	        0.0000	        0.0000	        0.0000	        0.0000	        0.0000	        0.0000	  0.4724	  0.2944	-28.4727
2018	157	  23	 55	156.9965	  0.0000	  3.5488	    0.0557	 21.5574	  0.0000	 20.0000	 300.0000	 300.0000	 300.0000	   0.0000	   0.0000	   0.0000	 13.0000	 21.2000	 59.2500	   5.1000	   5.5000	   5.9000	  0.8000	  0.2000	  0.1000	  0.1600	  0.1900	   0.0000	   0.0000	   0.0000	   0.0000	   0.0000	   0.0000	   0.0000	   0.0000	   0.0000	  1.0000	  0.0000	        0.0000	        0.0000	        0.0000	        0.0000	        0.0000	        0.0000	        0.0000	  0.4724	  0.2944	-28.4727
2018	158	  23	 55	157.9965	  0.0000	3162.6505	   64.7062	 30.1872	  0.0000	 21.0000	 300.0000	 300.0000	 300.0000	   0.0000	   0.0000	   0.0000	 15.5000	 24.0000	 64.4167	   5.1000	   5.5000	   5.9000	  0.8000	  0.2000	  0.1000	  0.1600	  0.1900	 280.3051	 127.4057	 152.8994	 280.3051	 127.4057	 152.8994	 280.3051	 127.4057	 152.8994	  1.0000	  0.0000	        0.0000	        0.0000	        0.0000	        0.0000	        0.0000	        0.0000	        0.0000	  0.4724	  0.2944	-28.4727
2018	159	  23	 55	158.9965	  0.0000	  3.5947	    0.0556	 26.3712	  0.0000	 24.0000	 300.0000	 300.0000	 300.0000	   0.0000	   0.0000	   0.0000	 15.5000	 26.5000	 73.4167	   5.1000	   5.5000	   5.9000	  0.8000	  0.2000	  0.1000	  0.1600	  0.1900	   1.8424	   0.8390	   1.0034	   1.8424	   0.8390	   1.0034	   1.8424	   0.8390	   1.0034	  1.0000	  0.0000	        0.0000	        0.0000	        0.0000	        0.0000	        0.0000	        0.0000	        0.0000	  0.4724	  0.2944	-28.4727
2018	160	  23	 55	159.9965	  0.0000	  3.6032	    0.0642	 24.3529	  0.0000	 27.0000	 300.0000	 300.0000	 300.0000	   0.0000	   0.0000	   0.0000	 13.5000	 26.3000	 76.7500	   5.1000	   5.5000	   5.9000	  0.8000	  0.2000	  0.1000	  0.1600	  0.1900	   6.7290	   3.0604	   3.6686	   6.7290	   3.0604	   3.6686	   6.7290	   3.0604	   3.6686	  1.0000	  0.0000	        0.0000	        0.0000	        0.0000	        0.0000	        0.0000	        0.0000	        0.0000	  0.4724	  0.2944	-28.4727
2018	161	  23	 55	160.9965	  0.0000	  3.5490	    0.0559	  0.1322	 14.6250	  0.0000	 300.0000	 300.0000	 300.0000	   0.0000	   0.0000	   0.0000	 15.1000	 25.3000	 68.5000	   5.1000	   5.5000	   5.9000	  0.8000	  0.2000	  0.1000	  0.1600	  0.1900	   0.0000	   0.0000	   0.0000	   0.0000	   0.0000	   0.0000	   0.0000	   0.0000	   0.0000	  1.0000	  0.0000	        0.0000	        0.0000	        0.0000	        0.0000	        0.0000	        0.0000	        0.0000	  0.4753	  0.2944	-26.6326
2018	162	  23	 55	161.9965	  0.0000	5398.2422	   83.0053	 16.7068	 12.9417	  0.0000	 300.0000	 300.0000	 300.0000	   0.0000	   0.0000	   0.0000	 13.7000	 16.9000	 70.1667	   5.1000	   5.5000	   5.9000	  0.8000	  0.2000	  0.1000	  0.1600	  0.1900	 326.5509	 148.4230	 178.1279	 326.5509	 148.4230	 178.1279	 326.5509	 148.4230	 178.1279	  1.0000	  0.0000	        0.0000	        0.0000	        0.0000	        0.0000	        0.0000	        0.0000	        0.0000	  0.4724	  0.2944	-28.4727
2018	163	  23	 55	162.9965	  0.0000	 16.8108	    0.2920	 21.8935	  0.0000	  2.0000	 300.0000	 300.0000	 300.0000	   0.0000	   0.0000	   0.0000	 13.6000	 21.7000	 74.0833	   5.1000	   5.5000	   5.9000	  0.8000	  0.2000	  0.1000	  0.1600	  0.1900	   0.0000	   0.0000	   0.0000	   0.0000	   0.0000	   0.0000	   0.0000	   0.0000	   0.0000	  1.0000	  0.0000	        0.0000	        0.0000	        0.0000	        0.0000	        0.0000	        0.0000	        0.0000	  0.4724	  0.2944	-28.4727
2018	164	  23	 55	163.9965	  0.0000	3540.2833	   62.9279	 30.1004	  0.0000	  3.0000	 300.0000	 300.0000	 300.0000	   0.0000	   0.0000	   0.0000	 12.5000	 21.9000	 70.4167	   5.1000	   5.5000	   5.9000	  0.8000	  0.2000	  0.1000	  0.1600	  0.1900	 243.4170	 110.6373	 132.7797	 243.4170	 110.6373	 132.7797	 243.4170	 110.6373	 132.7797	  1.0000	  0.0000	        0.0000	        0.0000	        0.0000	        0.0000	        0.0000	        0.0000	        0.0000	  0.4724	  0.2944	-28.4727
2018	165	  23	 55	164.9965	  0.0000	 13.0661	    0.2100	 26.5169	 32.2917	  0.0000	 300.0000	 300.0000	 300.0000	   0.0000	   0.0000	   0.0000	 13.8000	 20.6000	 49.6667	   5.1000	   5.5000	   5.9000	  0.8000	  0.2000	  0.1000	  0.1600	  0.1900	   0.0000	   0.0000	   0.0000	   0.0000	   0.0000	   0.0000	   0.0000	   0.0000	   0.0000	  1.0000	  0.0000	        0.0000	        0.0000	        0.0000	        0.0000	        0.0000	        0.0000	        0.0000	  0.4724	  0.2944	-28.4727
2018	166	  23	 55	165.9965	  0.0000	4050.2731	   64.7156	 34.1566	  0.0000	  1.0000	 300.0000	 300.0000	 300.0000	   0.0000	   0.0000	   0.0000	 13.6000	 18.9000	 80.8333	   5.1000	   5.5000	   5.9000	  0.8000	  0.2000	  0.1000	  0.1600	  0.1900	 248.0181	 112.7283	 135.2898	 248.0181	 112.7283	 135.2898	 248.0181	 112.7283	 135.2898	  1.0000	  0.0000	        0.0000	        0.0000	        0.0000	        0.0000	        0.0000	        0.0000	        0.0000	  0.4724	  0.2944	-28.4727
2018	167	  23	 55	166.9965	  0.0000	  3.5934	    0.0499	 26.6589	 12.2167	  0.0000	 300.0000	 300.0000	 300.0000	   0.0000	   0.0000	   0.0000	 13.9000	 22.2000	 67.5833	   5.1000	   5.5000	   5.9000	  0.8000	  0.2000	  0.1000	  0.1600	  0.1900	   0.0000	   0.0000	   0.0000	   0.0000	   0.0000	   0.0000	   0.0000	   0.0000	   0.0000	  1.0000	  0.0000	        0.0000	        0.0000	        0.0000	        0.0000	        0.0000	        0.0000	        0.0000	  0.4724	  0.2944	-28.4727
2018	168	  23	 55	167.9965	  0.0000	  3.5434	    0.0503	 14.6865	115.7750	  0.0000	 300.0000	 300.0000	 300.0000	   0.0000	   0.0000	   0.0000	 13.9000	 18.4000	 95.8333	   5.1000	   5.5000	   5.9000	  0.8000	  0.2000	  0.1000	  0.1600	  0.1900	   0.0000	   0.0000	   0.0000	   0.0000	   0.0000	   0.0000	   0.0000	   0.0000	   0.0000	  1.0000	  0.0000	        0.0000	        0.0000	        0.0000	        0.0000	        0.0000	        0.0000	        0.0000	  0.4724	  0.2944	-28.4727
2018	169	  23	 55	168.9965	  0.0000	  3.5934	    0.0507	 15.7750	  6.6250	  0.0000	 300.0000	 300.0000	 300.0000	   0.0000	   0.0000	   0.0000	 14.1000	 18.2000	 55.0833	   5.1000	   5.5000	   5.9000	  0.8000	  0.2000	  0.1000	  0.1600	  0.1900	   0.0000	   0.0000	   0.0000	   0.0000	   0.0000	   0.0000	   0.0000	   0.0000	   0.0000	  1.0000	  0.0000	        0.0000	        0.0000	        0.0000	        0.0000	        0.0000	        0.0000	        0.0000	  0.4724	  0.2944	-28.4727
2018	170	  23	 55	169.9965	  0.0000	3040.1233	   46.6042	 21.9409	  7.0583	  0.0000	 300.0000	 300.0000	 300.0000	   0.0000	   0.0000	   0.0000	 12.9250	 17.4000	 64.4167	   5.1000	   5.5000	   5.9000	  0.8000	  0.2000	  0.1000	  0.1600	  0.1900	 167.0338	  75.9192	  91.1146	 167.0338	  75.9192	  91.1146	 167.0338	  75.9192	  91.1146	  1.0000	  0.0000	        0.0000	        0.0000	        0.0000	        0.0000	        0.0000	        0.0000	        0.0000	  0.4724	  0.2944	-28.4727
2018	171	  23	 55	170.9965	  0.0000	  3.5441	    0.0510	 13.0015	 48.8667	  0.0000	 300.0000	 300.0000	 300.0000	   0.0000	   0.0000	   0.0000	 11.4000	 16.9000	 54.1667	   5.1000	   5.5000	   5.9000	  0.8000	  0.2000	  0.1000	  0.1600	  0.1900	   0.0000	   0.0000	   0.0000	   0.0000	   0.0000	   0.0000	   0.0000	   0.0000	   0.0000	  1.0000	  0.0000	        0.0000	        0.0000	        0.0000	        0.0000	        0.0000	        0.0000	        0.0000	  0.4724	  0.2944	-28.4727
2018	172	  23	 55	171.9965	  0.0000	 15.5888	    0.1979	 15.8821	 16.5750	  0.0000	 300.0000	 300.0000	 300.0000	   0.0000	   0.0000	   0.0000	  9.8000	 16.0000	 58.5000	   5.1000	   5.5000	   5.9000	  0.8000	  0.2000	  0.1000	  0.1600	  0.1900	   0.0000	   0.0000	   0.0000	   0.0000	   0.0000	   0.0000	   0.0000	   0.0000	   0.0000	  1.0000	  0.0000	        0.0000	        0.0000	        0.0000	        0.0000	        0.0000	        0.0000	        0.0000	  0.4724	  0.2944	-28.4727
2018	173	  23	 55	172.9965	  0.0000	  3.5767	    0.0428	 14.5563	  0.0000	  3.0000	 300.0000	 300.0000	 300.0000	   0.0000	   0.0000	   0.0000	  9.4000	 17.3000	 66.4167	   5.1000	   5.5000	   5.9000	  0.8000	  0.2000	  0.1000	  0.1600	  0.1900	   0.0000	   0.0000	   0.0000	   0.0000	   0.0000	   0.0000	   0.0000	   0.0000	   0.0000	  1.0000	  0.0000	        0.0000	        0.0000	        0.0000	        0.0000	        0.0000	        0.0000	        0.0000	  0.4724	  0.2944	-28.4727
2018	174	  23	 55	173.9965	  0.0000	3449.7977	   52.5015	 22.1454	  0.0000	  4.0000	 300.0000	 300.0000	 300.0000	   0.0000	   0.0000	   0.0000	  8.6000	 19.1000	 66.0000	   5.1000	   5.5000	   5.9000	  0.8000	  0.2000	  0.1000	  0.1600	  0.1900	 199.3427	  90.6047	 108.7380	 199.3427	  90.6047	 108.7380	 199.3427	  90.6047	 108.7380	  1.0000	  0.0000	        0.0000	        0.0000	        0.0000	        0.0000	        0.0000	        0.0000	        0.0000	  0.4724	  0.2944	-28.4727
2018	175	  23	 55	174.9965	  0.0000	3778.4431	   67.8717	 31.2906	  0.0000	  5.0000	 300.0000	 300.0000	 300.0000	   0.0000	   0.0000	   0.0000	 10.4000	 22.3000	 76.1667	   5.1000	   5.5000	   5.9000	  0.8000	  0.2000	  0.1000	  0.1600	  0.1900	 268.3142	 121.9538	 146.3604	 268.3142	 121.9538	 146.3604	 268.3142	 121.9538	 146.3604	  1.0000	  0.0000	        0.0000	        0.0000	        0.0000	        0.0000	        0.0000	        0.0000	        0.0000	  0.4724	  0.2944	-28.4727
2018	176	  23	 55	175.9965	  0.0000	3545.5310	   71.6564	 39.3638	  0.0000	  6.0000	 300.0000	 300.0000	 300.0000	   0.0000	   0.0000	   0.0000	 15.0000	 24.6000	 71.7500	   5.1000	   5.5000	   5.9000	  0.8000	  0.2000	  0.1000	  0.1600	  0.1900	 286.5160	 130.2270	 156.2890	 286.5160	 130.2270	 156.2890	 286.5160	 130.2270	 156.2890	  1.0000	  0.0000	        0.0000	        0.0000	        0.0000	        0.0000	        0.0000	        0.0000	        0.0000	  0.4724	  0.2944	-28.4727
2018	177	  23	 55	176.9965	  0.0000	  3.6075	    0.0656	 32.2127	  0.0000	  9.0000	 300.0000	 300.0000	 300.0000	   0.0000	   0.0000	   0.0000	 14.2000	 27.1000	 79.8333	   5.1000	   5.5000	   5.9000	  0.8000	  0.2000	  0.1000	  0.1600	  0.1900	   0.0000	   0.0000	   0.0000	   0.0000	   0.0000	   0.0000	   0.0000	   0.0000	   0.0000	  1.0000	  0.0000	        0.0000	        0.0000	        0.0000	        0.0000	        0.0000	        0.0000	        0.0000	  0.4724	  0.2944	-28.4727
2018	178	  23	 55	177.9965	  0.0000	 15.6116	    0.3298	 32.7946	  0.0000	 11.0000	 300.0000	 300.0000	 300.0000	   0.0000	   0.0000	   0.0000	 16.4000	 25.9000	 68.6667	   5.1000	   5.5000	   5.9000	  0.8000	  0.2000	  0.1000	  0.1600	  0.1900	   0.0000	   0.0000	   0.0000	   0.0000	   0.0000	   0.0000	   0.0000	   0.0000	   0.0000	  1.0000	  0.0000	        0.0000	        0.0000	        0.0000	        0.0000	        0.0000	        0.0000	        0.0000	  0.4724	  0.2944	-28.4727
2018	179	  23	 55	178.9965	  0.0000	3712.8945	   82.3823	 42.7122	  0.0000	 12.0000	 300.0000	 300.0000	 300.0000	   0.0000	   0.0000	   0.0000	 17.4000	 26.3000	 74.7500	   5.1000	   5.5000	   5.9000	  0.8000	  0.2000	  0.1000	  0.1600	  0.1900	 343.2176	 155.9997	 187.2179	 343.2176	 155.9997	 187.2179	 343.2176	 155.9997	 187.2179	  1.0000	  0.0000	        0.0000	        0.0000	        0.0000	        0.0000	        0.0000	        0.0000	        0.0000	  0.4724	  0.2944	-28.4727
