Year	DOY	Hour	Min	 Dectime	  HDD1_h	  HDD2_c	HDD3_Tmean	HDD4_T5d	   P_day	  DaysSR	GDD_EveTr	GDD_DecTr	GDD_Grass	SDD_EveTr	SDD_DecTr	SDD_Grass	    Tmin	    Tmax	   DLHrs	LAI_EveTr	LAI_DecTr	LAI_Grass	DecidCap	Porosity	AlbEveTr	AlbDecTr	AlbGrass	WU_EveTr1	WU_EveTr2	WU_EveTr3	WU_DecTr1	WU_DecTr2	WU_DecTr3	WU_Grass1	WU_Grass2	WU_Grass3	LAIlumps	 AlbSnow	DensSnow_Paved	DensSnow_Bldgs	DensSnow_EveTr	DensSnow_DecTr	DensSnow_Grass	DensSnow_BSoil	DensSnow_Water	      a1	      a2	      a3
2018	  1	  23	 55	  0.9965	  0.0000	 10.6056	    0.0540	  5.5804	 17.3083	  0.0000	   0.2000	   0.2000	   0.2000	-450.0000	-450.0000	-450.0000	  3.6000	  6.6000	 12.7500	   4.0003	   1.0006	   1.6006	  0.3001	  0.5999	  0.1000	  0.1600	  0.1900	   0.0000	   0.0000	   0.0000	   0.0000	   0.0000	   0.0000	   0.0000	   0.0000	   0.0000	  0.2540	  0.0000	        0.0000	        0.0000	        0.0000	        0.0000	        0.0000	        0.0000	        0.0000	  0.4233	  0.3026	-26.2119
2018	  2	  23	 55	  1.9965	  0.0000	  8.6328	    0.0460	  4.8891	  0.7500	  0.0000	   1.5000	   1.5000	   1.5000	-450.0000	-450.0000	-450.0000	  4.8000	  6.5000	 12.6667	   4.0028	   1.0053	   1.6054	  0.3006	  0.5995	  0.1000	  0.1600	  0.1900	   0.0000	   0.0000	   0.0000	   0.0000	   0.0000	   0.0000	   0.0000	   0.0000	   0.0000	  0.2544	  0.0000	        0.0000	        0.0000	        0.0000	        0.0000	        0.0000	        0.0000	        0.0000	  0.4233	  0.3026	-26.2119
2018	  3	  23	 55	  2.9965	  0.0000	1250.3728	    4.2334	  4.7580	 11.7000	  0.0000	   0.0000	   0.0000	   0.0000	-450.0000	-450.0000	-450.0000	  2.6000	  5.0000	  5.0000	   4.0028	   1.0053	   1.6054	  0.3006	  0.5995	  0.1000	  0.1600	  0.1900	   0.0000	   0.0000	   0.0000	   0.0000	   0.0000	   0.0000	   0.0000	   0.0000	   0.0000	  0.2549	  0.0000	        0.0000	        0.0000	        0.0000	        0.0000	        0.0000	        0.0000	        0.0000	  0.4233	  0.3026	-26.2119
2018	  4	  23	 55	  3.9965	  0.0000	  8.9625	    0.0239	  3.7495	  0.0167	  0.0000	   0.0000	   0.0000	   0.0000	-450.0000	-450.0000	-450.0000	  2.2000	  3.5000	 13.0000	   4.0028	   1.0053	   1.6054	  0.3006	  0.5995	  0.1000	  0.1600	  0.1900	   0.0000	   0.0000	   0.0000	   0.0000	   0.0000	   0.0000	   0.0000	   0.0000	   0.0000	  0.2549	  0.0000	        0.0000	        0.0000	        0.0000	        0.0000	        0.0000	        0.0000	        0.0000	  0.4233	  0.3026	-26.2119
2018	  5	  23	 55	  4.9965	  0.0000	1328.7662	    2.5676	  3.5131	  0.0000	  1.0000	   0.0000	   0.0000	   0.0000	-450.0000	-450.0000	-450.0000	  0.8167	  2.8000	  7.5000	   4.0028	   1.0053	   1.6054	  0.3006	  0.5995	  0.1000	  0.1600	  0.1900	   0.0000	   0.0000	   0.0000	   0.0000	   0.0000	   0.0000	   0.0000	   0.0000	   0.0000	  0.2549	  0.0000	        0.0000	        0.0000	        0.0000	        0.0000	        0.0000	        0.0000	        0.0000	  0.4233	  0.3026	-26.2119
2018	  6	  23	 55	  5.9965	  0.0000	  8.2645	   -0.0313	  1.7730	  0.0000	  3.0000	   0.0000	   0.0000	   0.0000	-450.0000	-450.0000	-450.0000	 -6.0500	  0.8000	  8.5000	   4.0028	   1.0053	   1.6054	  0.3006	  0.5995	  0.1000	  0.1600	  0.1900	   0.0000	   0.0000	   0.0000	   0.0000	   0.0000	   0.0000	   0.0000	   0.0000	   0.0000	  0.2549	  0.0000	        0.0000	        0.0000	        0.0000	        0.0000	        0.0000	        0.0000	        0.0000	  0.4233	  0.3026	-26.2119
2018	  7	  23	 55	  6.9965	  0.0000	1813.6005	   -3.3961	  0.7392	  0.0000	  4.0000	   0.0000	   0.0000	   0.0000	-450.0000	-450.0000	-450.0000	 -7.9000	  4.4000	 22.5000	   4.0028	   1.0053	   1.6054	  0.3006	  0.5995	  0.1000	  0.1600	  0.1900	   0.0000	   0.0000	   0.0000	   0.0000	   0.0000	   0.0000	   0.0000	   0.0000	   0.0000	  0.2549	  0.0000	        0.0000	        0.0000	        0.0000	        0.0000	        0.0000	        0.0000	        0.0000	  0.4233	  0.3026	-26.2119
2018	  8	  23	 55	  7.9965	  0.0000	1720.5982	    4.5460	  1.5005	  0.0000	  5.0000	   0.0000	   0.0000	   0.0000	-450.0000	-450.0000	-450.0000	  0.2000	  4.3000	 16.5000	   4.0028	   1.0053	   1.6054	  0.3006	  0.5995	  0.1000	  0.1600	  0.1900	   0.0000	   0.0000	   0.0000	   0.0000	   0.0000	   0.0000	   0.0000	   0.0000	   0.0000	  0.2549	  0.0000	        0.0000	        0.0000	        0.0000	        0.0000	        0.0000	        0.0000	        0.0000	  0.4233	  0.3026	-26.2119
2018	  9	  23	 55	  8.9965	  0.0000	1604.3181	    3.1334	  1.8271	  0.0000	  6.0000	   0.0000	   0.0000	   0.0000	-450.0000	-450.0000	-450.0000	 -0.9000	  4.6000	 16.5000	   4.0028	   1.0053	   1.6054	  0.3006	  0.5995	  0.1000	  0.1600	  0.1900	   0.0000	   0.0000	   0.0000	   0.0000	   0.0000	   0.0000	   0.0000	   0.0000	   0.0000	  0.2549	  0.0000	        0.0000	        0.0000	        0.0000	        0.0000	        0.0000	        0.0000	        0.0000	  0.4233	  0.3026	-26.2119
2018	 10	  23	 55	  9.9965	  0.0000	1993.9709	    6.4134	  2.7444	 16.3500	  0.0000	   0.0000	   0.0000	   0.0000	-450.0000	-450.0000	-450.0000	  2.1000	  3.9000	  5.5833	   4.0028	   1.0053	   1.6054	  0.3006	  0.5995	  0.1000	  0.1600	  0.1900	   0.0000	   0.0000	   0.0000	   0.0000	   0.0000	   0.0000	   0.0000	   0.0000	   0.0000	  0.2549	  0.0000	        0.0000	        0.0000	        0.0000	        0.0000	        0.0000	        0.0000	        0.0000	  0.4233	  0.3026	-26.2119
2018	 11	  23	 55	 10.9965	  0.0000	2048.5298	    5.2789	  3.2513	  6.6083	  0.0000	   0.0000	   0.0000	   0.0000	-450.0000	-450.0000	-450.0000	 -0.4000	  3.5000	 18.0833	   4.0028	   1.0053	   1.6054	  0.3006	  0.5995	  0.1000	  0.1600	  0.1900	   0.0000	   0.0000	   0.0000	   0.0000	   0.0000	   0.0000	   0.0000	   0.0000	   0.0000	  0.2549	  0.0000	        0.0000	        0.0000	        0.0000	        0.0000	        0.0000	        0.0000	        0.0000	  0.4233	  0.3026	-26.2119
2018	 12	  23	 55	 11.9965	  0.0000	 17.5871	    0.0131	  2.6895	  0.3833	  0.0000	   0.0000	   0.0000	   0.0000	-450.0000	-450.0000	-450.0000	 -0.5000	  2.0000	 11.0000	   4.0028	   1.0053	   1.6054	  0.3006	  0.5995	  0.1000	  0.1600	  0.1900	   0.0000	   0.0000	   0.0000	   0.0000	   0.0000	   0.0000	   0.0000	   0.0000	   0.0000	  0.2549	  0.0000	        0.0000	        0.0000	        0.0000	        0.0000	        0.0000	        0.0000	        0.0000	  0.4233	  0.3026	-26.2119
2018	 13	  23	 55	 12.9965	  0.0000	1302.0093	    0.1766	  2.1869	  0.7083	  0.0000	   0.0000	   0.0000	   0.0000	-450.0000	-450.0000	-450.0000	 -0.7917	  0.7000	  4.9167	   4.0028	   1.0053	   1.6054	  0.3006	  0.5995	  0.1000	  0.1600	  0.1900	   0.0000	   0.0000	   0.0000	   0.0000	   0.0000	   0.0000	   0.0000	   0.0000	   0.0000	  0.2549	  0.0000	        0.0000	        0.0000	        0.0000	        0.0000	        0.0000	        0.0000	        0.0000	  0.4233	  0.3026	-26.2119
2018	 14	  23	 55	 13.9965	  0.0000	1036.6376	   -0.6516	  1.6192	  0.0000	  1.0000	   0.0000	   0.0000	   0.0000	-450.0000	-450.0000	-450.0000	 -1.7833	  0.0010	  5.0000	   4.0028	   1.0053	   1.6054	  0.3006	  0.5995	  0.1000	  0.1600	  0.1900	   0.0000	   0.0000	   0.0000	   0.0000	   0.0000	   0.0000	   0.0000	   0.0000	   0.0000	  0.2549	  0.0000	        0.0000	        0.0000	        0.0000	        0.0000	        0.0000	        0.0000	        0.0000	  0.4233	  0.3026	-26.2119
2018	 15	  23	 55	 14.9965	  0.0000	1232.0635	   -0.1525	  1.2649	  5.5000	  0.0000	   0.0000	   0.0000	   0.0000	-450.0000	-450.0000	-450.0000	 -1.9000	  0.8833	  4.5000	   4.0028	   1.0053	   1.6054	  0.3006	  0.5995	  0.1000	  0.1600	  0.1900	   0.0000	   0.0000	   0.0000	   0.0000	   0.0000	   0.0000	   0.0000	   0.0000	   0.0000	  0.2549	  0.0000	        0.0000	        0.0000	        0.0000	        0.0000	        0.0000	        0.0000	        0.0000	  0.4233	  0.3026	-26.2119
2018	 16	  23	 55	 15.9965	  0.0000	  3.4981	    0.0048	  2.7009	 43.6333	  0.0000	   0.0000	   0.0000	   0.0000	-450.0000	-450.0000	-450.0000	  0.4000	  3.7000	 28.5833	   4.0028	   1.0053	   1.6054	  0.3006	  0.5995	  0.1000	  0.1600	  0.1900	   0.0000	   0.0000	   0.0000	   0.0000	   0.0000	   0.0000	   0.0000	   0.0000	   0.0000	  0.2549	  0.0000	        0.0000	        0.0000	        0.0000	        0.0000	        0.0000	        0.0000	        0.0000	  0.4233	  0.3026	-26.2119
2018	 17	  23	 55	 16.9965	  0.0000	 13.4346	    0.0207	  2.4863	  0.1667	  0.0000	   0.0000	   0.0000	   0.0000	-450.0000	-450.0000	-450.0000	  0.7000	  3.3000	 18.5000	   4.0028	   1.0053	   1.6054	  0.3006	  0.5995	  0.1000	  0.1600	  0.1900	   0.0000	   0.0000	   0.0000	   0.0000	   0.0000	   0.0000	   0.0000	   0.0000	   0.0000	  0.2549	  0.0000	        0.0000	        0.0000	        0.0000	        0.0000	        0.0000	        0.0000	        0.0000	  0.4233	  0.3026	-26.2119
2018	 18	  23	 55	 17.9965	  0.0000	1539.6909	    1.1613	  2.2213	  0.0083	  0.0000	   0.0000	   0.0000	   0.0000	-450.0000	-450.0000	-450.0000	 -1.1667	  1.5000	 13.0833	   4.0028	   1.0053	   1.6054	  0.3006	  0.5995	  0.1000	  0.1600	  0.1900	   0.0000	   0.0000	   0.0000	   0.0000	   0.0000	   0.0000	   0.0000	   0.0000	   0.0000	  0.2549	  0.0000	        0.0000	        0.0000	        0.0000	        0.0000	        0.0000	        0.0000	        0.0000	  0.4233	  0.3026	-26.2119
2018	 19	  23	 55	 18.9965	  0.0000	1866.3395	   -2.8695	  1.2032	  0.0000	  1.0000	   0.0000	   0.0000	   0.0000	-450.0000	-450.0000	-450.0000	 -3.8000	  0.8000	 22.1667	   4.0028	   1.0053	   1.6054	  0.3006	  0.5995	  0.1000	  0.1600	  0.1900	   0.0000	   0.0000	   0.0000	   0.0000	   0.0000	   0.0000	   0.0000	   0.0000	   0.0000	  0.2549	  0.0000	        0.0000	        0.0000	        0.0000	        0.0000	        0.0000	        0.0000	        0.0000	  0.4233	  0.3026	-26.2119
2018	 20	  23	 55	 19.9965	  0.0000	1201.2741	    0.3856	  1.0396	  0.3000	  0.0000	   0.0000	   0.0000	   0.0000	-450.0000	-450.0000	-450.0000	 -1.1000	  1.2000	 10.6667	   4.0028	   1.0053	   1.6054	  0.3006	  0.5995	  0.1000	  0.1600	  0.1900	   0.0000	   0.0000	   0.0000	   0.0000	   0.0000	   0.0000	   0.0000	   0.0000	   0.0000	  0.2549	  0.0000	        0.0000	        0.0000	        0.0000	        0.0000	        0.0000	        0.0000	        0.0000	  0.4233	  0.3026	-26.2119
2018	 21	  23	 55	 20.9965	  0.0000	1378.7763	    0.3652	  0.9047	  0.0000	  1.0000	   0.0000	   0.0000	   0.0000	-450.0000	-450.0000	-450.0000	 -0.4000	  1.0000	 10.5833	   4.0028	   1.0053	   1.6054	  0.3006	  0.5995	  0.1000	  0.1600	  0.1900	   0.0000	   0.0000	   0.0000	   0.0000	   0.0000	   0.0000	   0.0000	   0.0000	   0.0000	  0.2549	  0.0000	        0.0000	        0.0000	        0.0000	        0.0000	        0.0000	        0.0000	        0.0000	  0.4233	  0.3026	-26.2119
2018	 22	  23	 55	 21.9965	  0.0000	1238.6725	   -0.5052	  0.6228	  0.0000	  2.0000	   0.0000	   0.0000	   0.0000	-450.0000	-450.0000	-450.0000	 -2.0000	  0.6000	 11.2500	   4.0028	   1.0053	   1.6054	  0.3006	  0.5995	  0.1000	  0.1600	  0.1900	   0.0000	   0.0000	   0.0000	   0.0000	   0.0000	   0.0000	   0.0000	   0.0000	   0.0000	  0.2549	  0.0000	        0.0000	        0.0000	        0.0000	        0.0000	        0.0000	        0.0000	        0.0000	  0.4233	  0.3026	-26.2119
2018	 23	  23	 55	 22.9965	  0.0000	1477.9853	    2.1108	  0.9204	 28.7000	  0.0000	   0.0000	   0.0000	   0.0000	-450.0000	-450.0000	-450.0000	 -0.4000	  4.9500	  7.9167	   4.0028	   1.0053	   1.6054	  0.3006	  0.5995	  0.1000	  0.1600	  0.1900	   0.0000	   0.0000	   0.0000	   0.0000	   0.0000	   0.0000	   0.0000	   0.0000	   0.0000	  0.2549	  0.0000	        0.0000	        0.0000	        0.0000	        0.0000	        0.0000	        0.0000	        0.0000	  0.4233	  0.3026	-26.2119
2018	 24	  23	 55	 23.9965	  0.0000	1759.0717	   11.6919	  3.0747	 20.8250	  0.0000	   1.9500	   1.9500	   1.9500	-450.0000	-450.0000	-450.0000	  5.0000	  8.9000	  6.0833	   4.0049	   1.0092	   1.6094	  0.3010	  0.5992	  0.1000	  0.1600	  0.1900	   0.0000	   0.0000	   0.0000	   0.0000	   0.0000	   0.0000	   0.0000	   0.0000	   0.0000	  0.2556	  0.0000	        0.0000	        0.0000	        0.0000	        0.0000	        0.0000	        0.0000	        0.0000	  0.4233	  0.3026	-26.2119
2018	 25	  23	 55	 24.9965	  0.0000	1277.9700	    7.4648	  3.9527	  1.2667	  0.0000	   2.7500	   2.7500	   2.7500	-450.0000	-450.0000	-450.0000	  5.3000	  6.3000	 10.3333	   4.0078	   1.0147	   1.6150	  0.3016	  0.5987	  0.1000	  0.1600	  0.1900	   0.0000	   0.0000	   0.0000	   0.0000	   0.0000	   0.0000	   0.0000	   0.0000	   0.0000	  0.2565	  0.0000	        0.0000	        0.0000	        0.0000	        0.0000	        0.0000	        0.0000	        0.0000	  0.4233	  0.3026	-26.2119
2018	 26	  23	 55	 25.9965	  0.0000	  8.8757	    0.0341	  3.7235	  3.7250	  0.0000	   0.0000	   0.0000	   0.0000	-450.0000	-450.0000	-450.0000	  2.3750	  5.7000	 12.5833	   4.0078	   1.0147	   1.6150	  0.3016	  0.5987	  0.1000	  0.1600	  0.1900	   0.0000	   0.0000	   0.0000	   0.0000	   0.0000	   0.0000	   0.0000	   0.0000	   0.0000	  0.2565	  0.0000	        0.0000	        0.0000	        0.0000	        0.0000	        0.0000	        0.0000	        0.0000	  0.4233	  0.3026	-26.2119
2018	 27	  23	 55	 26.9965	  0.0000	 11.2312	    0.0246	  2.9535	 20.5583	  0.0000	   0.0000	   0.0000	   0.0000	-450.0000	-450.0000	-450.0000	 -2.8000	  4.5000	 24.7500	   4.0078	   1.0147	   1.6150	  0.3016	  0.5987	  0.1000	  0.1600	  0.1900	   0.0000	   0.0000	   0.0000	   0.0000	   0.0000	   0.0000	   0.0000	   0.0000	   0.0000	  0.2565	  0.0000	        0.0000	        0.0000	        0.0000	        0.0000	        0.0000	        0.0000	        0.0000	  0.4233	  0.3026	-26.2119
2018	 28	  23	 55	 27.9965	  0.0000	1641.9239	    9.4117	  4.2452	  8.7250	  0.0000	   0.4500	   0.4500	   0.4500	-450.0000	-450.0000	-450.0000	  3.6000	  7.3000	  9.3333	   4.0082	   1.0156	   1.6159	  0.3017	  0.5986	  0.1000	  0.1600	  0.1900	   0.0000	   0.0000	   0.0000	   0.0000	   0.0000	   0.0000	   0.0000	   0.0000	   0.0000	  0.2567	  0.0000	        0.0000	        0.0000	        0.0000	        0.0000	        0.0000	        0.0000	        0.0000	  0.4233	  0.3026	-26.2119
2018	 29	  23	 55	 28.9965	  0.0000	 10.8753	    0.0447	  4.1603	 40.6000	  0.0000	   0.0000	   0.0000	   0.0000	-450.0000	-450.0000	-450.0000	  2.5000	  7.2000	 13.4167	   4.0082	   1.0156	   1.6159	  0.3017	  0.5986	  0.1000	  0.1600	  0.1900	   0.0000	   0.0000	   0.0000	   0.0000	   0.0000	   0.0000	   0.0000	   0.0000	   0.0000	  0.2567	  0.0000	        0.0000	        0.0000	        0.0000	        0.0000	        0.0000	        0.0000	        0.0000	  0.4233	  0.3026	-26.2119
2018	 30	  23	 55	 29.9965	  0.0000	2011.1533	    6.1916	  4.5666	  0.0000	  1.0000	   0.0000	   0.0000	   0.0000	-450.0000	-450.0000	-450.0000	 -0.4000	  5.5000	 25.1667	   4.0082	   1.0156	   1.6159	  0.3017	  0.5986	  0.1000	  0.1600	  0.1900	   0.0000	   0.0000	   0.0000	   0.0000	   0.0000	   0.0000	   0.0000	   0.0000	   0.0000	  0.2567	  0.0000	        0.0000	        0.0000	        0.0000	        0.0000	        0.0000	        0.0000	        0.0000	  0.4233	  0.3026	-26.2119
2018	 31	  23	 55	 30.9965	  0.0000	 11.5361	    0.0384	  4.2246	 28.5167	  0.0000	   0.0000	   0.0000	   0.0000	-450.0000	-450.0000	-450.0000	  1.5000	  5.3000	 14.9167	   4.0082	   1.0156	   1.6159	  0.3017	  0.5986	  0.1000	  0.1600	  0.1900	   0.0000	   0.0000	   0.0000	   0.0000	   0.0000	   0.0000	   0.0000	   0.0000	   0.0000	  0.2567	  0.0000	        0.0000	        0.0000	        0.0000	        0.0000	        0.0000	        0.0000	        0.0000	  0.4233	  0.3026	-26.2119
2018	 32	  23	 55	 31.9965	  0.0000	  3.5526	    0.0107	  3.7888	 74.0500	  0.0000	   0.0000	   0.0000	   0.0000	-450.0000	-450.0000	-450.0000	  0.7000	  4.5000	 16.3333	   4.0082	   1.0156	   1.6159	  0.3017	  0.5986	  0.1000	  0.1600	  0.1900	   0.0000	   0.0000	   0.0000	   0.0000	   0.0000	   0.0000	   0.0000	   0.0000	   0.0000	  0.2567	  0.0000	        0.0000	        0.0000	        0.0000	        0.0000	        0.0000	        0.0000	        0.0000	  0.4233	  0.3026	-26.2119
2018	 33	  23	 55	 32.9965	  0.0000	1664.2101	   -3.1105	  2.4089	  1.1833	  0.0000	   0.0000	   0.0000	   0.0000	-450.0000	-450.0000	-450.0000	 -5.1000	  3.0000	 12.4167	   4.0082	   1.0156	   1.6159	  0.3017	  0.5986	  0.1000	  0.1600	  0.1900	   0.0000	   0.0000	   0.0000	   0.0000	   0.0000	   0.0000	   0.0000	   0.0000	   0.0000	  0.2567	  0.0000	        0.0000	        0.0000	        0.0000	        0.0000	        0.0000	        0.0000	        0.0000	  0.4233	  0.3026	-26.2119
2018	 34	  23	 55	 33.9965	  0.0000	1196.9469	   -3.9416	  1.1388	  0.1750	  0.0000	   0.0000	   0.0000	   0.0000	-450.0000	-450.0000	-450.0000	 -5.1000	 -2.2000	  9.5833	   4.0082	   1.0156	   1.6159	  0.3017	  0.5986	  0.1000	  0.1600	  0.1900	   0.0000	   0.0000	   0.0000	   0.0000	   0.0000	   0.0000	   0.0000	   0.0000	   0.0000	  0.2567	  0.0000	        0.0000	        0.0000	        0.0000	        0.0000	        0.0000	        0.0000	        0.0000	  0.4233	  0.3026	-26.2119
2018	 35	  23	 55	 34.9965	  0.0000	1477.7106	   -5.1256	 -0.1141	  0.0000	  1.0000	   0.0000	   0.0000	   0.0000	-450.0000	-450.0000	-450.0000	 -6.6917	 -2.2000	 15.4167	   4.0082	   1.0156	   1.6159	  0.3017	  0.5986	  0.1000	  0.1600	  0.1900	   0.0000	   0.0000	   0.0000	   0.0000	   0.0000	   0.0000	   0.0000	   0.0000	   0.0000	  0.2567	  0.0000	        0.0000	        0.0000	        0.0000	        0.0000	        0.0000	        0.0000	        0.0000	  0.4233	  0.3026	-26.2119
2018	 36	  23	 55	 35.9965	  0.0000	2082.2573	  -13.2061	 -2.7325	  0.0000	  2.0000	   0.0000	   0.0000	   0.0000	-450.0000	-450.0000	-450.0000	 -9.1000	 -2.9000	 25.9167	   4.0082	   1.0156	   1.6159	  0.3017	  0.5986	  0.1000	  0.1600	  0.1900	   0.0000	   0.0000	   0.0000	   0.0000	   0.0000	   0.0000	   0.0000	   0.0000	   0.0000	  0.2567	  0.0000	        0.0000	        0.0000	        0.0000	        0.0000	        0.0000	        0.0000	        0.0000	  0.4233	  0.3026	-26.2119
2018	 37	  23	 55	 36.9965	  0.0000	1425.8006	   -4.8231	 -3.1506	  0.3333	  0.0000	   0.0000	   0.0000	   0.0000	-450.0000	-450.0000	-450.0000	 -8.5000	 -0.8000	 10.0000	   4.0082	   1.0156	   1.6159	  0.3017	  0.5986	  0.1000	  0.1600	  0.1900	   0.0000	   0.0000	   0.0000	   0.0000	   0.0000	   0.0000	   0.0000	   0.0000	   0.0000	  0.2567	  0.0000	        0.0000	        0.0000	        0.0000	        0.0000	        0.0000	        0.0000	        0.0000	  0.4233	  0.3026	-26.2119
2018	 38	  23	 55	 37.9965	  0.0000	1736.3012	   -0.6361	 -2.6477	  6.0083	  0.0000	   0.0000	   0.0000	   0.0000	-450.0000	-450.0000	-450.0000	 -3.7000	  2.0000	 16.5833	   4.0082	   1.0156	   1.6159	  0.3017	  0.5986	  0.1000	  0.1600	  0.1900	   0.0000	   0.0000	   0.0000	   0.0000	   0.0000	   0.0000	   0.0000	   0.0000	   0.0000	  0.2567	  0.0000	        0.0000	        0.0000	        0.0000	        0.0000	        0.0000	        0.0000	        0.0000	  0.4233	  0.3026	-26.2119
2018	 39	  23	 55	 38.9965	  0.0000	3978.2066	    3.0916	 -1.4998	  0.0000	  1.0000	   0.0000	   0.0000	   0.0000	-450.0000	-450.0000	-450.0000	 -0.1000	  2.5000	 17.3333	   4.0082	   1.0156	   1.6159	  0.3017	  0.5986	  0.1000	  0.1600	  0.1900	   0.0000	   0.0000	   0.0000	   0.0000	   0.0000	   0.0000	   0.0000	   0.0000	   0.0000	  0.2567	  0.0000	        0.0000	        0.0000	        0.0000	        0.0000	        0.0000	        0.0000	        0.0000	  0.4233	  0.3026	-26.2119
2018	 40	  23	 55	 39.9965	  0.0000	  9.3439	   -0.0071	 -0.9578	  0.0000	  3.0000	   0.0000	   0.0000	   0.0000	-450.0000	-450.0000	-450.0000	 -2.7000	  1.6000	 20.1667	   4.0082	   1.0156	   1.6159	  0.3017	  0.5986	  0.1000	  0.1600	  0.1900	   0.0000	   0.0000	   0.0000	   0.0000	   0.0000	   0.0000	   0.0000	   0.0000	   0.0000	  0.2567	  0.0000	        0.0000	        0.0000	        0.0000	        0.0000	        0.0000	        0.0000	        0.0000	  0.4233	  0.3026	-26.2119
2018	 41	  23	 55	 40.9965	  0.0000	1391.8651	   -0.4694	 -0.8602	  0.0000	  4.0000	   0.0000	   0.0000	   0.0000	-450.0000	-450.0000	-450.0000	 -2.0000	  0.9000	 16.0833	   4.0082	   1.0156	   1.6159	  0.3017	  0.5986	  0.1000	  0.1600	  0.1900	   0.0000	   0.0000	   0.0000	   0.0000	   0.0000	   0.0000	   0.0000	   0.0000	   0.0000	  0.2567	  0.0000	        0.0000	        0.0000	        0.0000	        0.0000	        0.0000	        0.0000	        0.0000	  0.4233	  0.3026	-26.2119
2018	 42	  23	 55	 41.9965	  0.0000	1525.1893	    0.5831	 -0.5715	  6.7333	  0.0000	   0.0000	   0.0000	   0.0000	-450.0000	-450.0000	-450.0000	 -1.5000	  2.6000	 14.5833	   4.0082	   1.0156	   1.6159	  0.3017	  0.5986	  0.1000	  0.1600	  0.1900	   0.0000	   0.0000	   0.0000	   0.0000	   0.0000	   0.0000	   0.0000	   0.0000	   0.0000	  0.2567	  0.0000	        0.0000	        0.0000	        0.0000	        0.0000	        0.0000	        0.0000	        0.0000	  0.4233	  0.3026	-26.2119
2018	 43	  23	 55	 42.9965	  0.0000	2480.2432	    5.3686	  0.6165	 37.9000	  0.0000	   0.0000	   0.0000	   0.0000	-450.0000	-450.0000	-450.0000	  0.6000	  3.2000	 16.9167	   4.0082	   1.0156	   1.6159	  0.3017	  0.5986	  0.1000	  0.1600	  0.1900	   0.0000	   0.0000	   0.0000	   0.0000	   0.0000	   0.0000	   0.0000	   0.0000	   0.0000	  0.2567	  0.0000	        0.0000	        0.0000	        0.0000	        0.0000	        0.0000	        0.0000	        0.0000	  0.4233	  0.3026	-26.2119
2018	 44	  23	 55	 43.9965	  0.0000	5532.7708	   12.1645	  2.9261	  0.9833	  0.0000	   0.0000	   0.0000	   0.0000	-450.0000	-450.0000	-450.0000	  1.5000	  2.7000	 17.0000	   4.0082	   1.0156	   1.6159	  0.3017	  0.5986	  0.1000	  0.1600	  0.1900	   0.0000	   0.0000	   0.0000	   0.0000	   0.0000	   0.0000	   0.0000	   0.0000	   0.0000	  0.2567	  0.0000	        0.0000	        0.0000	        0.0000	        0.0000	        0.0000	        0.0000	        0.0000	  0.4233	  0.3026	-26.2119
2018	 45	  23	 55	 44.9965	  0.0000	 10.0187	    0.0129	  2.5230	  0.0000	  2.0000	   0.0000	   0.0000	   0.0000	-450.0000	-450.0000	-450.0000	 -0.3583	  4.2000	 28.0833	   4.0082	   1.0156	   1.6159	  0.3017	  0.5986	  0.1000	  0.1600	  0.1900	   0.0000	   0.0000	   0.0000	   0.0000	   0.0000	   0.0000	   0.0000	   0.0000	   0.0000	  0.2567	  0.0000	        0.0000	        0.0000	        0.0000	        0.0000	        0.0000	        0.0000	        0.0000	  0.4233	  0.3026	-26.2119
2018	 46	  23	 55	 45.9965	  0.0000	1591.9737	    1.2315	  2.2647	  3.4583	  0.0000	   0.0000	   0.0000	   0.0000	-450.0000	-450.0000	-450.0000	 -0.6000	  2.7000	 18.2500	   4.0082	   1.0156	   1.6159	  0.3017	  0.5986	  0.1000	  0.1600	  0.1900	   0.0000	   0.0000	   0.0000	   0.0000	   0.0000	   0.0000	   0.0000	   0.0000	   0.0000	  0.2567	  0.0000	        0.0000	        0.0000	        0.0000	        0.0000	        0.0000	        0.0000	        0.0000	  0.4233	  0.3026	-26.2119
2018	 47	  23	 55	 46.9965	  0.0000	 18.5153	    0.0195	  2.3283	 30.0167	  0.0000	   0.0000	   0.0000	   0.0000	-450.0000	-450.0000	-450.0000	 -0.3000	  3.3000	 26.6667	   4.0082	   1.0156	   1.6159	  0.3017	  0.5986	  0.1000	  0.1600	  0.1900	   0.0000	   0.0000	   0.0000	   0.0000	   0.0000	   0.0000	   0.0000	   0.0000	   0.0000	  0.2567	  0.0000	        0.0000	        0.0000	        0.0000	        0.0000	        0.0000	        0.0000	        0.0000	  0.4233	  0.3026	-26.2119
2018	 48	  23	 55	 47.9965	  0.0000	2381.4324	    0.5404	  1.9707	  0.0000	  1.0000	   0.0000	   0.0000	   0.0000	-450.0000	-450.0000	-450.0000	 -3.3000	  2.0000	 32.5833	   4.0082	   1.0156	   1.6159	  0.3017	  0.5986	  0.1000	  0.1600	  0.1900	   0.0000	   0.0000	   0.0000	   0.0000	   0.0000	   0.0000	   0.0000	   0.0000	   0.0000	  0.2567	  0.0000	        0.0000	        0.0000	        0.0000	        0.0000	        0.0000	        0.0000	        0.0000	  0.4233	  0.3026	-26.2119
2018	 49	  23	 55	 48.9965	  0.0000	 25.8713	    0.0379	  2.7477	112.7667	  0.0000	   0.0000	   0.0000	   0.0000	-450.0000	-450.0000	-450.0000	  0.8000	  3.0000	 25.6667	   4.0082	   1.0156	   1.6159	  0.3017	  0.5986	  0.1000	  0.1600	  0.1900	   0.0000	   0.0000	   0.0000	   0.0000	   0.0000	   0.0000	   0.0000	   0.0000	   0.0000	  0.2567	  0.0000	        0.0000	        0.0000	        0.0000	        0.0000	        0.0000	        0.0000	        0.0000	  0.4233	  0.3026	-26.2119
2018	 50	  23	 55	 49.9965	  0.0000	 35.3368	    0.0433	  3.5942	 48.5583	  0.0000	   0.0000	   0.0000	   0.0000	-450.0000	-450.0000	-450.0000	  0.5000	  1.6000	 28.9167	   4.0082	   1.0156	   1.6159	  0.3017	  0.5986	  0.1000	  0.1600	  0.1900	   0.0000	   0.0000	   0.0000	   0.0000	   0.0000	   0.0000	   0.0000	   0.0000	   0.0000	  0.2567	  0.0000	        0.0000	        0.0000	        0.0000	        0.0000	        0.0000	        0.0000	        0.0000	  0.4233	  0.3026	-26.2119
2018	 51	  23	 55	 50.9965	  0.0000	2635.0429	    0.0499	  2.8854	  0.0000	  1.0000	   0.0000	   0.0000	   0.0000	-450.0000	-450.0000	-450.0000	 -0.8000	  1.6000	 22.0833	   4.0082	   1.0156	   1.6159	  0.3017	  0.5986	  0.1000	  0.1600	  0.1900	   0.0000	   0.0000	   0.0000	   0.0000	   0.0000	   0.0000	   0.0000	   0.0000	   0.0000	  0.2567	  0.0000	        0.0000	        0.0000	        0.0000	        0.0000	        0.0000	        0.0000	        0.0000	  0.4233	  0.3026	-26.2119
2018	 52	  23	 55	 51.9965	  0.0000	 17.5185	   -0.0191	  1.6256	  3.5667	  0.0000	   0.0000	   0.0000	   0.0000	-450.0000	-450.0000	-450.0000	 -4.1333	  0.6000	 29.7500	   4.0082	   1.0156	   1.6159	  0.3017	  0.5986	  0.1000	  0.1600	  0.1900	   0.0000	   0.0000	   0.0000	   0.0000	   0.0000	   0.0000	   0.0000	   0.0000	   0.0000	  0.2567	  0.0000	        0.0000	        0.0000	        0.0000	        0.0000	        0.0000	        0.0000	        0.0000	  0.4233	  0.3026	-26.2119
2018	 53	  23	 55	 52.9965	  0.0000	2146.3578	   -8.2798	 -0.3555	  0.0000	  1.0000	   0.0000	   0.0000	   0.0000	-450.0000	-450.0000	-450.0000	 -6.6000	 -1.2000	 27.3333	   4.0082	   1.0156	   1.6159	  0.3017	  0.5986	  0.1000	  0.1600	  0.1900	   0.0000	   0.0000	   0.0000	   0.0000	   0.0000	   0.0000	   0.0000	   0.0000	   0.0000	  0.2567	  0.0000	        0.0000	        0.0000	        0.0000	        0.0000	        0.0000	        0.0000	        0.0000	  0.4233	  0.3026	-26.2119
2018	 54	  23	 55	 53.9965	  0.0000	  3.5061	   -0.0076	 -0.3643	  0.0000	  4.0000	   0.0000	   0.0000	   0.0000	-450.0000	-450.0000	-450.0000	 -3.0000	  0.7000	 18.9167	   4.0082	   1.0156	   1.6159	  0.3017	  0.5986	  0.1000	  0.1600	  0.1900	   0.0000	   0.0000	   0.0000	   0.0000	   0.0000	   0.0000	   0.0000	   0.0000	   0.0000	  0.2567	  0.0000	        0.0000	        0.0000	        0.0000	        0.0000	        0.0000	        0.0000	        0.0000	  0.4233	  0.3026	-26.2119
2018	 55	  23	 55	 54.9965	  0.0000	 10.5254	   -0.0384	 -1.1613	  0.0000	  6.0000	   0.0000	   0.0000	   0.0000	-450.0000	-450.0000	-450.0000	 -5.2583	 -0.7000	 27.8333	   4.0082	   1.0156	   1.6159	  0.3017	  0.5986	  0.1000	  0.1600	  0.1900	   0.0000	   0.0000	   0.0000	   0.0000	   0.0000	   0.0000	   0.0000	   0.0000	   0.0000	  0.2567	  0.0000	        0.0000	        0.0000	        0.0000	        0.0000	        0.0000	        0.0000	        0.0000	  0.4233	  0.3026	-26.2119
2018	 56	  23	 55	 55.9965	  0.0000	1833.9772	  -10.8660	 -3.1022	  0.0000	  7.0000	   0.0000	   0.0000	   0.0000	-450.0000	-450.0000	-450.0000	 -8.5000	 -4.3000	 25.8333	   4.0082	   1.0156	   1.6159	  0.3017	  0.5986	  0.1000	  0.1600	  0.1900	   0.0000	   0.0000	   0.0000	   0.0000	   0.0000	   0.0000	   0.0000	   0.0000	   0.0000	  0.2567	  0.0000	        0.0000	        0.0000	        0.0000	        0.0000	        0.0000	        0.0000	        0.0000	  0.4233	  0.3026	-26.2119
2018	 57	  23	 55	 56.9965	  0.0000	 10.7191	   -0.0630	 -3.9242	  0.0000	  9.0000	   0.0000	   0.0000	   0.0000	-450.0000	-450.0000	-450.0000	 -9.4000	 -2.5000	 31.9167	   4.0082	   1.0156	   1.6159	  0.3017	  0.5986	  0.1000	  0.1600	  0.1900	   0.0000	   0.0000	   0.0000	   0.0000	   0.0000	   0.0000	   0.0000	   0.0000	   0.0000	  0.2567	  0.0000	        0.0000	        0.0000	        0.0000	        0.0000	        0.0000	        0.0000	        0.0000	  0.4233	  0.3026	-26.2119
2018	 58	  23	 55	 57.9965	  0.0000	 10.2347	   -0.0987	 -5.0715	  0.2250	  0.0000	   0.0000	   0.0000	   0.0000	-450.0000	-450.0000	-450.0000	-12.4500	 -6.1000	 26.7500	   4.0082	   1.0156	   1.6159	  0.3017	  0.5986	  0.1000	  0.1600	  0.1900	   0.0000	   0.0000	   0.0000	   0.0000	   0.0000	   0.0000	   0.0000	   0.0000	   0.0000	  0.2567	  0.0000	        0.0000	        0.0000	        0.0000	        0.0000	        0.0000	        0.0000	        0.0000	  0.4233	  0.3026	-26.2119
2018	 59	  23	 55	 58.9965	  0.0000	1809.9213	  -17.5177	 -7.5608	  0.0000	  1.0000	   0.0000	   0.0000	   0.0000	-450.0000	-450.0000	-450.0000	-12.5000	 -6.9000	 28.2500	   4.0082	   1.0156	   1.6159	  0.3017	  0.5986	  0.1000	  0.1600	  0.1900	   0.0000	   0.0000	   0.0000	   0.0000	   0.0000	   0.0000	   0.0000	   0.0000	   0.0000	  0.2567	  0.0000	        0.0000	        0.0000	        0.0000	        0.0000	        0.0000	        0.0000	        0.0000	  0.4233	  0.3026	-26.2119
2018	 60	  23	 55	 59.9965	  0.0000	 10.5358	   -0.0765	 -7.4107	  0.0000	  3.0000	   0.0000	   0.0000	   0.0000	-450.0000	-450.0000	-450.0000	-12.0000	 -4.8000	 30.3333	   4.0082	   1.0156	   1.6159	  0.3017	  0.5986	  0.1000	  0.1600	  0.1900	   0.0000	   0.0000	   0.0000	   0.0000	   0.0000	   0.0000	   0.0000	   0.0000	   0.0000	  0.2567	  0.0000	        0.0000	        0.0000	        0.0000	        0.0000	        0.0000	        0.0000	        0.0000	  0.4233	  0.3026	-26.2119
2018	 61	  23	 55	 60.9965	  0.0000	1479.4082	   -6.9089	 -7.3104	  0.0000	  4.0000	   0.0000	   0.0000	   0.0000	-450.0000	-450.0000	-450.0000	 -6.7000	 -3.4083	 20.1667	   4.0082	   1.0156	   1.6159	  0.3017	  0.5986	  0.1000	  0.1600	  0.1900	   0.0000	   0.0000	   0.0000	   0.0000	   0.0000	   0.0000	   0.0000	   0.0000	   0.0000	  0.2567	  0.0000	        0.0000	        0.0000	        0.0000	        0.0000	        0.0000	        0.0000	        0.0000	  0.4233	  0.3026	-26.2119
2018	 62	  23	 55	 61.9965	  0.0000	1575.9926	   -4.3071	 -6.7097	  0.0000	  5.0000	   0.0000	   0.0000	   0.0000	-450.0000	-450.0000	-450.0000	 -3.8000	 -0.8000	 20.6667	   4.0082	   1.0156	   1.6159	  0.3017	  0.5986	  0.1000	  0.1600	  0.1900	   0.0000	   0.0000	   0.0000	   0.0000	   0.0000	   0.0000	   0.0000	   0.0000	   0.0000	  0.2567	  0.0000	        0.0000	        0.0000	        0.0000	        0.0000	        0.0000	        0.0000	        0.0000	  0.4233	  0.3026	-26.2119
2018	 63	  23	 55	 62.9965	  0.0000	1573.9161	   -2.9028	 -5.9483	  0.0000	  6.0000	   0.0000	   0.0000	   0.0000	-450.0000	-450.0000	-450.0000	 -3.8000	 -0.4000	 21.7500	   4.0082	   1.0156	   1.6159	  0.3017	  0.5986	  0.1000	  0.1600	  0.1900	   0.0000	   0.0000	   0.0000	   0.0000	   0.0000	   0.0000	   0.0000	   0.0000	   0.0000	  0.2567	  0.0000	        0.0000	        0.0000	        0.0000	        0.0000	        0.0000	        0.0000	        0.0000	  0.4233	  0.3026	-26.2119
2018	 64	  23	 55	 63.9965	  0.0000	 23.5262	   -0.0270	 -4.8141	 40.2083	  0.0000	   0.0000	   0.0000	   0.0000	-450.0000	-450.0000	-450.0000	 -2.1000	 -0.1000	 25.7500	   4.0082	   1.0156	   1.6159	  0.3017	  0.5986	  0.1000	  0.1600	  0.1900	   0.0000	   0.0000	   0.0000	   0.0000	   0.0000	   0.0000	   0.0000	   0.0000	   0.0000	  0.2567	  0.0000	        0.0000	        0.0000	        0.0000	        0.0000	        0.0000	        0.0000	        0.0000	  0.4233	  0.3026	-26.2119
2018	 65	  23	 55	 64.9965	  0.0000	2256.6343	    1.0524	 -3.6408	  3.6083	  0.0000	   0.0000	   0.0000	   0.0000	-450.0000	-450.0000	-450.0000	 -1.5000	  2.0000	 27.2500	   4.0082	   1.0156	   1.6159	  0.3017	  0.5986	  0.1000	  0.1600	  0.1900	   0.0000	   0.0000	   0.0000	   0.0000	   0.0000	   0.0000	   0.0000	   0.0000	   0.0000	  0.2567	  0.0000	        0.0000	        0.0000	        0.0000	        0.0000	        0.0000	        0.0000	        0.0000	  0.4233	  0.3026	-26.2119
2018	 66	  23	 55	 65.9965	  0.0000	1915.9833	    5.0042	 -1.9118	  1.4000	  0.0000	   0.0000	   0.0000	   0.0000	-450.0000	-450.0000	-450.0000	 -0.0333	  4.5000	 28.8333	   4.0082	   1.0156	   1.6159	  0.3017	  0.5986	  0.1000	  0.1600	  0.1900	   0.0000	   0.0000	   0.0000	   0.0000	   0.0000	   0.0000	   0.0000	   0.0000	   0.0000	  0.2567	  0.0000	        0.0000	        0.0000	        0.0000	        0.0000	        0.0000	        0.0000	        0.0000	  0.4233	  0.3026	-26.2119
2018	 67	  23	 55	 66.9965	  0.0000	2443.3686	   -0.1784	 -1.5651	  9.1500	  0.0000	   0.0000	   0.0000	   0.0000	-450.0000	-450.0000	-450.0000	 -1.1000	  0.7000	 34.4167	   4.0082	   1.0156	   1.6159	  0.3017	  0.5986	  0.1000	  0.1600	  0.1900	   0.0000	   0.0000	   0.0000	   0.0000	   0.0000	   0.0000	   0.0000	   0.0000	   0.0000	  0.2567	  0.0000	        0.0000	        0.0000	        0.0000	        0.0000	        0.0000	        0.0000	        0.0000	  0.4233	  0.3026	-26.2119
2018	 68	  23	 55	 67.9965	  0.0000	  9.9390	   -0.0184	 -1.4974	  0.0000	  2.0000	   0.0000	   0.0000	   0.0000	-450.0000	-450.0000	-450.0000	 -3.5000	  0.2000	 23.2500	   4.0082	   1.0156	   1.6159	  0.3017	  0.5986	  0.1000	  0.1600	  0.1900	   0.0000	   0.0000	   0.0000	   0.0000	   0.0000	   0.0000	   0.0000	   0.0000	   0.0000	  0.2567	  0.0000	        0.0000	        0.0000	        0.0000	        0.0000	        0.0000	        0.0000	        0.0000	  0.4233	  0.3026	-26.2119
2018	 69	  23	 55	 68.9965	  0.0000	2492.2213	   -3.5383	 -1.9056	  0.0000	  3.0000	   0.0000	   0.0000	   0.0000	-450.0000	-450.0000	-450.0000	 -6.0000	  2.2000	 39.0833	   4.0082	   1.0156	   1.6159	  0.3017	  0.5986	  0.1000	  0.1600	  0.1900	   0.0000	   0.0000	   0.0000	   0.0000	   0.0000	   0.0000	   0.0000	   0.0000	   0.0000	  0.2567	  0.0000	        0.0000	        0.0000	        0.0000	        0.0000	        0.0000	        0.0000	        0.0000	  0.4233	  0.3026	-26.2119
2018	 70	  23	 55	 69.9965	  0.0000	  3.6143	    0.0110	  1.3414	165.7750	  0.0000	   0.0000	   0.0000	   0.0000	-450.0000	-450.0000	-450.0000	 -2.2000	  3.0833	 51.5833	   4.0082	   1.0156	   1.6159	  0.3017	  0.5986	  0.1000	  0.1600	  0.1900	   0.0000	   0.0000	   0.0000	   0.0000	   0.0000	   0.0000	   0.0000	   0.0000	   0.0000	  0.2567	  0.0000	        0.0000	        0.0000	        0.0000	        0.0000	        0.0000	        0.0000	        0.0000	  0.4233	  0.3026	-26.2119
2018	 71	  23	 55	 70.9965	  0.0000	4000.0149	   17.9382	  4.6608	 17.0667	  0.0000	   0.0000	   0.0000	   0.0000	-450.0000	-450.0000	-450.0000	  2.8000	  5.9000	 30.3333	   4.0082	   1.0156	   1.6159	  0.3017	  0.5986	  0.1000	  0.1600	  0.1900	   0.0000	   0.0000	   0.0000	   0.0000	   0.0000	   0.0000	   0.0000	   0.0000	   0.0000	  0.2567	  0.0000	        0.0000	        0.0000	        0.0000	        0.0000	        0.0000	        0.0000	        0.0000	  0.4233	  0.3026	-26.2119
2018	 72	  23	 55	 71.9965	  0.0000	1304.8179	    2.9852	  4.3256	  0.0000	  1.0000	   0.0000	   0.0000	   0.0000	-450.0000	-450.0000	-450.0000	  1.3083	  2.9000	 14.5833	   4.0082	   1.0156	   1.6159	  0.3017	  0.5986	  0.1000	  0.1600	  0.1900	   0.0000	   0.0000	   0.0000	   0.0000	   0.0000	   0.0000	   0.0000	   0.0000	   0.0000	  0.2567	  0.0000	        0.0000	        0.0000	        0.0000	        0.0000	        0.0000	        0.0000	        0.0000	  0.4233	  0.3026	-26.2119
2018	 73	  23	 55	 72.9965	  0.0000	2210.1223	    3.2721	  4.1149	  0.0000	  2.0000	   0.0000	   0.0000	   0.0000	-450.0000	-450.0000	-450.0000	 -2.1667	  3.5000	 33.8333	   4.0082	   1.0156	   1.6159	  0.3017	  0.5986	  0.1000	  0.1600	  0.1900	   0.0000	   0.0000	   0.0000	   0.0000	   0.0000	   0.0000	   0.0000	   0.0000	   0.0000	  0.2567	  0.0000	        0.0000	        0.0000	        0.0000	        0.0000	        0.0000	        0.0000	        0.0000	  0.4233	  0.3026	-26.2119
2018	 74	  23	 55	 73.9965	  0.0000	 10.1520	   -0.0237	  2.1879	  0.0000	  4.0000	   0.0000	   0.0000	   0.0000	-450.0000	-450.0000	-450.0000	 -4.0333	  0.7000	 26.7500	   4.0082	   1.0156	   1.6159	  0.3017	  0.5986	  0.1000	  0.1600	  0.1900	   0.0000	   0.0000	   0.0000	   0.0000	   0.0000	   0.0000	   0.0000	   0.0000	   0.0000	  0.2567	  0.0000	        0.0000	        0.0000	        0.0000	        0.0000	        0.0000	        0.0000	        0.0000	  0.4233	  0.3026	-26.2119
2018	 75	  23	 55	 74.9965	  0.0000	2178.2492	   -7.7159	  0.2071	  0.0000	  5.0000	   0.0000	   0.0000	   0.0000	-450.0000	-450.0000	-450.0000	 -6.7000	 -0.5000	 34.5000	   4.0082	   1.0156	   1.6159	  0.3017	  0.5986	  0.1000	  0.1600	  0.1900	   0.0000	   0.0000	   0.0000	   0.0000	   0.0000	   0.0000	   0.0000	   0.0000	   0.0000	  0.2567	  0.0000	        0.0000	        0.0000	        0.0000	        0.0000	        0.0000	        0.0000	        0.0000	  0.4233	  0.3026	-26.2119
2018	 76	  23	 55	 75.9965	  0.0000	 11.4324	   -0.0531	 -1.2860	  0.0000	  7.0000	   0.0000	   0.0000	   0.0000	-450.0000	-450.0000	-450.0000	 -7.6000	 -0.4000	 34.7500	   4.0082	   1.0156	   1.6159	  0.3017	  0.5986	  0.1000	  0.1600	  0.1900	   0.0000	   0.0000	   0.0000	   0.0000	   0.0000	   0.0000	   0.0000	   0.0000	   0.0000	  0.2567	  0.0000	        0.0000	        0.0000	        0.0000	        0.0000	        0.0000	        0.0000	        0.0000	  0.4233	  0.3026	-26.2119
2018	 77	  23	 55	 76.9965	  0.0000	 13.9187	   -0.0531	 -2.2925	  0.0000	  9.0000	   0.0000	   0.0000	   0.0000	-450.0000	-450.0000	-450.0000	-10.0000	  2.1000	 48.8333	   4.0082	   1.0156	   1.6159	  0.3017	  0.5986	  0.1000	  0.1600	  0.1900	   0.0000	   0.0000	   0.0000	   0.0000	   0.0000	   0.0000	   0.0000	   0.0000	   0.0000	  0.2567	  0.0000	        0.0000	        0.0000	        0.0000	        0.0000	        0.0000	        0.0000	        0.0000	  0.4233	  0.3026	-26.2119
2018	 78	  23	 55	 77.9965	  0.0000	2358.4674	   -1.5396	 -2.1419	  1.9500	  0.0000	   0.0000	   0.0000	   0.0000	-450.0000	-450.0000	-450.0000	 -7.2000	  3.0000	 29.6667	   4.0082	   1.0156	   1.6159	  0.3017	  0.5986	  0.1000	  0.1600	  0.1900	   0.0000	   0.0000	   0.0000	   0.0000	   0.0000	   0.0000	   0.0000	   0.0000	   0.0000	  0.2567	  0.0000	        0.0000	        0.0000	        0.0000	        0.0000	        0.0000	        0.0000	        0.0000	  0.4233	  0.3026	-26.2119
2018	 79	  23	 55	 78.9965	  0.0000	 12.4216	    0.0021	 -0.9423	  0.0000	  2.0000	   0.0000	   0.0000	   0.0000	-450.0000	-450.0000	-450.0000	 -3.1000	  5.4000	 40.9167	   4.0082	   1.0156	   1.6159	  0.3017	  0.5986	  0.1000	  0.1600	  0.1900	   0.0000	   0.0000	   0.0000	   0.0000	   0.0000	   0.0000	   0.0000	   0.0000	   0.0000	  0.2567	  0.0000	        0.0000	        0.0000	        0.0000	        0.0000	        0.0000	        0.0000	        0.0000	  0.4233	  0.3026	-26.2119
2018	 80	  23	 55	 79.9965	  0.0000	2198.2241	    5.2973	  0.3056	  4.9833	  0.0000	   0.0000	   0.0000	   0.0000	-450.0000	-450.0000	-450.0000	 -2.1000	  5.0000	 31.8333	   4.0082	   1.0156	   1.6159	  0.3017	  0.5986	  0.1000	  0.1600	  0.1900	   0.0000	   0.0000	   0.0000	   0.0000	   0.0000	   0.0000	   0.0000	   0.0000	   0.0000	  0.2567	  0.0000	        0.0000	        0.0000	        0.0000	        0.0000	        0.0000	        0.0000	        0.0000	  0.4233	  0.3026	-26.2119
2018	 81	  23	 55	 80.9965	  0.0000	2108.8190	    2.9131	  0.8271	  1.2667	  0.0000	   0.0000	   0.0000	   0.0000	-450.0000	-450.0000	-450.0000	 -0.5000	  3.4000	 30.8333	   4.0082	   1.0156	   1.6159	  0.3017	  0.5986	  0.1000	  0.1600	  0.1900	   0.0000	   0.0000	   0.0000	   0.0000	   0.0000	   0.0000	   0.0000	   0.0000	   0.0000	  0.2567	  0.0000	        0.0000	        0.0000	        0.0000	        0.0000	        0.0000	        0.0000	        0.0000	  0.4233	  0.3026	-26.2119
2018	 82	  23	 55	 81.9965	  0.0000	1629.8226	    0.7913	  0.8200	  0.0000	  1.0000	   0.0000	   0.0000	   0.0000	-450.0000	-450.0000	-450.0000	 -1.5000	  2.0000	 24.0833	   4.0082	   1.0156	   1.6159	  0.3017	  0.5986	  0.1000	  0.1600	  0.1900	   0.0000	   0.0000	   0.0000	   0.0000	   0.0000	   0.0000	   0.0000	   0.0000	   0.0000	  0.2567	  0.0000	        0.0000	        0.0000	        0.0000	        0.0000	        0.0000	        0.0000	        0.0000	  0.4233	  0.3026	-26.2119
2018	 83	  23	 55	 82.9965	  0.0000	1339.2720	    2.6308	  1.1821	  1.7250	  0.0000	   0.0000	   0.0000	   0.0000	-450.0000	-450.0000	-450.0000	  0.9000	  3.1000	 16.5000	   4.0082	   1.0156	   1.6159	  0.3017	  0.5986	  0.1000	  0.1600	  0.1900	   0.0000	   0.0000	   0.0000	   0.0000	   0.0000	   0.0000	   0.0000	   0.0000	   0.0000	  0.2567	  0.0000	        0.0000	        0.0000	        0.0000	        0.0000	        0.0000	        0.0000	        0.0000	  0.4233	  0.3026	-26.2119
2018	 84	  23	 55	 83.9965	  0.0000	2251.7967	   10.1382	  2.9734	  0.0000	  1.0000	   0.0000	   0.0000	   0.0000	-450.0000	-450.0000	-450.0000	  2.1000	  7.2000	 37.2500	   4.0082	   1.0156	   1.6159	  0.3017	  0.5986	  0.1000	  0.1600	  0.1900	   0.0000	   0.0000	   0.0000	   0.0000	   0.0000	   0.0000	   0.0000	   0.0000	   0.0000	  0.2567	  0.0000	        0.0000	        0.0000	        0.0000	        0.0000	        0.0000	        0.0000	        0.0000	  0.4233	  0.3026	-26.2119
2018	 85	  23	 55	 84.9965	  0.0000	1901.8090	    4.7532	  3.3293	  3.7000	  0.0000	   0.0000	   0.0000	   0.0000	-450.0000	-450.0000	-450.0000	 -1.6917	  5.6000	 30.6667	   4.0082	   1.0156	   1.6159	  0.3017	  0.5986	  0.1000	  0.1600	  0.1900	   0.0000	   0.0000	   0.0000	   0.0000	   0.0000	   0.0000	   0.0000	   0.0000	   0.0000	  0.2567	  0.0000	        0.0000	        0.0000	        0.0000	        0.0000	        0.0000	        0.0000	        0.0000	  0.4233	  0.3026	-26.2119
2018	 86	  23	 55	 85.9965	  0.0000	 17.8242	   -0.0166	  1.8193	  2.6167	  0.0000	   0.0000	   0.0000	   0.0000	-450.0000	-450.0000	-450.0000	 -2.8333	  1.3000	 31.4167	   4.0082	   1.0156	   1.6159	  0.3017	  0.5986	  0.1000	  0.1600	  0.1900	   0.0000	   0.0000	   0.0000	   0.0000	   0.0000	   0.0000	   0.0000	   0.0000	   0.0000	  0.2567	  0.0000	        0.0000	        0.0000	        0.0000	        0.0000	        0.0000	        0.0000	        0.0000	  0.4233	  0.3026	-26.2119
2018	 87	  23	 55	 86.9965	  0.0000	2806.8311	   -2.2037	  1.0147	  0.0000	  1.0000	   0.0000	   0.0000	   0.0000	-450.0000	-450.0000	-450.0000	 -5.4000	  2.6000	 47.0000	   4.0082	   1.0156	   1.6159	  0.3017	  0.5986	  0.1000	  0.1600	  0.1900	   0.0000	   0.0000	   0.0000	   0.0000	   0.0000	   0.0000	   0.0000	   0.0000	   0.0000	  0.2567	  0.0000	        0.0000	        0.0000	        0.0000	        0.0000	        0.0000	        0.0000	        0.0000	  0.4233	  0.3026	-26.2119
2018	 88	  23	 55	 87.9965	  0.0000	2462.8896	    1.9384	  1.1994	  0.0000	  2.0000	   0.0000	   0.0000	   0.0000	-450.0000	-450.0000	-450.0000	 -3.3000	  4.5000	 40.7500	   4.0082	   1.0156	   1.6159	  0.3017	  0.5986	  0.1000	  0.1600	  0.1900	   0.0000	   0.0000	   0.0000	   0.0000	   0.0000	   0.0000	   0.0000	   0.0000	   0.0000	  0.2567	  0.0000	        0.0000	        0.0000	        0.0000	        0.0000	        0.0000	        0.0000	        0.0000	  0.4233	  0.3026	-26.2119
2018	 89	  23	 55	 88.9965	  0.0000	 13.2615	    0.0052	  1.3829	  0.0000	  4.0000	   0.0000	   0.0000	   0.0000	-450.0000	-450.0000	-450.0000	 -4.0000	  5.9000	 45.3333	   4.0082	   1.0156	   1.6159	  0.3017	  0.5986	  0.1000	  0.1600	  0.1900	   0.0000	   0.0000	   0.0000	   0.0000	   0.0000	   0.0000	   0.0000	   0.0000	   0.0000	  0.2567	  0.0000	        0.0000	        0.0000	        0.0000	        0.0000	        0.0000	        0.0000	        0.0000	  0.4233	  0.3026	-26.2119
2018	 90	  23	 55	 89.9965	  0.0000	 12.9022	    0.0219	  1.8850	  0.0000	  6.0000	   0.0000	   0.0000	   0.0000	-450.0000	-450.0000	-450.0000	 -4.7000	  7.3000	 45.5833	   4.0082	   1.0156	   1.6159	  0.3017	  0.5986	  0.1000	  0.1600	  0.1900	   0.0000	   0.0000	   0.0000	   0.0000	   0.0000	   0.0000	   0.0000	   0.0000	   0.0000	  0.2567	  0.0000	        0.0000	        0.0000	        0.0000	        0.0000	        0.0000	        0.0000	        0.0000	  0.4233	  0.3026	-26.2119
2018	 91	  23	 55	 90.9965	  0.0000	2471.2798	    6.8477	  2.8776	  0.0000	  7.0000	   0.0000	   0.0000	   0.0000	-450.0000	-450.0000	-450.0000	 -1.4667	  6.4000	 39.7500	   4.0082	   1.0156	   1.6159	  0.3017	  0.5986	  0.1000	  0.1600	  0.1900	   0.0000	   0.0000	   0.0000	   0.0000	   0.0000	   0.0000	   0.0000	   0.0000	   0.0000	  0.2567	  0.0000	        0.0000	        0.0000	        0.0000	        0.0000	        0.0000	        0.0000	        0.0000	  0.4233	  0.3026	-26.2119
2018	 92	  23	 55	 91.9965	  0.0000	 13.9773	    0.0055	  2.5025	  0.0000	  9.0000	   0.0000	   0.0000	   0.0000	-450.0000	-450.0000	-450.0000	 -4.0000	  6.3000	 51.5000	   4.0082	   1.0156	   1.6159	  0.3017	  0.5986	  0.1000	  0.1600	  0.1900	   0.0000	   0.0000	   0.0000	   0.0000	   0.0000	   0.0000	   0.0000	   0.0000	   0.0000	  0.2567	  0.0000	        0.0000	        0.0000	        0.0000	        0.0000	        0.0000	        0.0000	        0.0000	  0.4233	  0.3026	-26.2119
2018	 93	  23	 55	 92.9965	  0.0000	2077.9096	    3.3312	  2.6683	  8.5583	  0.0000	   0.0000	   0.0000	   0.0000	-450.0000	-450.0000	-450.0000	 -3.1000	  4.1667	 28.5833	   4.0082	   1.0156	   1.6159	  0.3017	  0.5986	  0.1000	  0.1600	  0.1900	   0.0000	   0.0000	   0.0000	   0.0000	   0.0000	   0.0000	   0.0000	   0.0000	   0.0000	  0.2567	  0.0000	        0.0000	        0.0000	        0.0000	        0.0000	        0.0000	        0.0000	        0.0000	  0.4233	  0.3026	-26.2119
2018	 94	  23	 55	 93.9965	  0.0000	3086.1514	   23.0155	  6.7377	 39.7917	  0.0000	   1.9500	   1.9500	   1.9500	-450.0000	-450.0000	-450.0000	  4.2000	  9.7000	 44.2500	   4.0103	   1.0195	   1.6199	  0.3022	  0.5983	  0.1000	  0.1600	  0.1900	   0.0000	   0.0000	   0.0000	   0.0000	   0.0000	   0.0000	   0.0000	   0.0000	   0.0000	  0.2573	  0.0000	        0.0000	        0.0000	        0.0000	        0.0000	        0.0000	        0.0000	        0.0000	  0.4233	  0.3026	-26.2119
2018	 95	  23	 55	 94.9965	  0.0000	2319.4406	   15.1270	  8.4156	 26.8000	  0.0000	   3.4042	   3.4042	   3.4042	-450.0000	-450.0000	-450.0000	  3.9083	  9.0000	 33.2500	   4.0139	   1.0263	   1.6268	  0.3029	  0.5977	  0.1000	  0.1600	  0.1900	   0.0000	   0.0000	   0.0000	   0.0000	   0.0000	   0.0000	   0.0000	   0.0000	   0.0000	  0.2585	  0.0000	        0.0000	        0.0000	        0.0000	        0.0000	        0.0000	        0.0000	        0.0000	  0.4233	  0.3026	-26.2119
2018	 96	  23	 55	 95.9965	  0.0000	2970.6522	   15.4222	  9.8169	  0.0000	  1.0000	   0.0000	   0.0000	   0.0000	-450.0000	-450.0000	-450.0000	  2.3000	  7.3000	 54.7500	   4.0139	   1.0263	   1.6268	  0.3029	  0.5977	  0.1000	  0.1600	  0.1900	   0.0000	   0.0000	   0.0000	   0.0000	   0.0000	   0.0000	   0.0000	   0.0000	   0.0000	  0.2585	  0.0000	        0.0000	        0.0000	        0.0000	        0.0000	        0.0000	        0.0000	        0.0000	  0.4233	  0.3026	-26.2119
2018	 97	  23	 55	 96.9965	  0.0000	 13.1389	    0.1009	 10.0638	  0.0000	  3.0000	   5.8000	   5.8000	   5.8000	-450.0000	-450.0000	-450.0000	  2.3000	 13.5000	 47.4167	   4.0231	   1.0437	   1.6446	  0.3049	  0.5961	  0.1000	  0.1600	  0.1900	   0.0000	   0.0000	   0.0000	   0.0000	   0.0000	   0.0000	   0.0000	   0.0000	   0.0000	  0.2595	  0.0000	        0.0000	        0.0000	        0.0000	        0.0000	        0.0000	        0.0000	        0.0000	  0.4233	  0.3026	-26.2119
2018	 98	  23	 55	 97.9965	  0.0000	2838.9440	   33.3900	 14.7291	  0.0000	  4.0000	  11.9000	  11.9000	  11.9000	-450.0000	-450.0000	-450.0000	  4.6000	 17.6000	 51.0000	   4.0357	   1.0676	   1.6688	  0.3075	  0.5940	  0.1000	  0.1600	  0.1900	   0.0000	   0.0000	   0.0000	   0.0000	   0.0000	   0.0000	   0.0000	   0.0000	   0.0000	  0.2657	  0.0000	        0.0000	        0.0000	        0.0000	        0.0000	        0.0000	        0.0000	        0.0000	  0.4233	  0.3026	-26.2119
2018	 99	  23	 55	 98.9965	  0.0000	  3.5445	    0.0181	 10.8949	  0.0000	  7.0000	  23.1500	  23.1500	  23.1500	-450.0000	-450.0000	-450.0000	  4.6000	 12.9000	 50.8333	   4.0972	   1.1844	   1.7878	  0.3205	  0.5836	  0.1000	  0.1600	  0.1900	   0.0000	   0.0000	   0.0000	   0.0000	   0.0000	   0.0000	   0.0000	   0.0000	   0.0000	  0.2712	  0.0000	        0.0000	        0.0000	        0.0000	        0.0000	        0.0000	        0.0000	        0.0000	  0.4233	  0.3026	-26.2119
2018	100	  23	 55	 99.9965	  0.0000	 11.9578	    0.0720	  9.7093	  0.0000	  9.0000	  27.8917	  27.8917	  27.8917	-450.0000	-450.0000	-450.0000	  3.6417	 11.1000	 37.8333	   4.1538	   1.2921	   1.8972	  0.3325	  0.5740	  0.1000	  0.1600	  0.1900	   0.0000	   0.0000	   0.0000	   0.0000	   0.0000	   0.0000	   0.0000	   0.0000	   0.0000	  0.2949	  0.0000	        0.0000	        0.0000	        0.0000	        0.0000	        0.0000	        0.0000	        0.0000	  0.4233	  0.3026	-26.2119
2018	101	  23	 55	100.9965	  0.0000	  3.5432	    0.0149	  7.8447	  0.0000	 12.0000	  34.6417	  34.6417	  34.6417	-450.0000	-450.0000	-450.0000	  1.1000	 13.4000	 48.2500	   4.2567	   1.4888	   2.0968	  0.3543	  0.5565	  0.1000	  0.1600	  0.1900	   0.0000	   0.0000	   0.0000	   0.0000	   0.0000	   0.0000	   0.0000	   0.0000	   0.0000	  0.3153	  0.0000	        0.0000	        0.0000	        0.0000	        0.0000	        0.0000	        0.0000	        0.0000	  0.4233	  0.3026	-26.2119
2018	102	  23	 55	101.9965	  0.0000	2926.5436	   27.0070	 11.6772	  0.0000	 13.0000	  38.4917	  38.4917	  38.4917	-450.0000	-450.0000	-450.0000	  2.1000	 15.6000	 48.8333	   4.2974	   1.5670	   2.1761	  0.3630	  0.5496	  0.1000	  0.1600	  0.1900	   0.0000	   0.0000	   0.0000	   0.0000	   0.0000	   0.0000	   0.0000	   0.0000	   0.0000	  0.3524	  0.0000	        0.0000	        0.0000	        0.0000	        0.0000	        0.0000	        0.0000	        0.0000	  0.4233	  0.3026	-26.2119
2018	103	  23	 55	102.9965	  0.0000	 13.9571	    0.1672	 13.5439	  0.0000	 15.0000	  52.9917	  52.9917	  52.9917	   0.0000	   0.0000	   0.0000	  4.5000	 20.0000	 51.0000	   4.4021	   1.7683	   2.3800	  0.3854	  0.5317	  0.1000	  0.1600	  0.1900	   0.0000	   0.0000	   0.0000	   0.0000	   0.0000	   0.0000	   0.0000	   0.0000	   0.0000	  0.3685	  0.0000	        0.0000	        0.0000	        0.0000	        0.0000	        0.0000	        0.0000	        0.0000	  0.4233	  0.3026	-26.2119
2018	104	  23	 55	103.9965	  0.0000	 14.8063	    0.1795	 15.5124	  0.0000	 17.0000	  68.9917	  68.9917	  68.9917	   0.0000	   0.0000	   0.0000	  6.1000	 19.9000	 50.2500	   4.5401	   2.0347	   2.6494	  0.4150	  0.5080	  0.1000	  0.1600	  0.1900	   0.0000	   0.0000	   0.0000	   0.0000	   0.0000	   0.0000	   0.0000	   0.0000	   0.0000	  0.4089	  0.0000	        0.0000	        0.0000	        0.0000	        0.0000	        0.0000	        0.0000	        0.0000	  0.4233	  0.3026	-26.2119
2018	105	  23	 55	104.9965	  0.0000	2494.0223	   22.6286	 16.9356	 31.6333	  0.0000	  73.4417	  73.4417	  73.4417	   0.0000	   0.0000	   0.0000	  7.4000	 11.5000	 42.0833	   4.6181	   2.1858	   2.8022	  0.4318	  0.4946	  0.1000	  0.1600	  0.1900	   0.0000	   0.0000	   0.0000	   0.0000	   0.0000	   0.0000	   0.0000	   0.0000	   0.0000	  0.4595	  0.0000	        0.0000	        0.0000	        0.0000	        0.0000	        0.0000	        0.0000	        0.0000	  0.4233	  0.3026	-26.2119
2018	106	  23	 55	105.9965	  0.0000	2527.2774	   24.5562	 18.4597	  0.1667	  0.0000	  78.7417	  78.7417	  78.7417	   0.0000	   0.0000	   0.0000	  8.2000	 12.4000	 42.5833	   4.7018	   2.3483	   2.9663	  0.4498	  0.4802	  0.1000	  0.1600	  0.1900	   0.0000	   0.0000	   0.0000	   0.0000	   0.0000	   0.0000	   0.0000	   0.0000	   0.0000	  0.4876	  0.0000	        0.0000	        0.0000	        0.0000	        0.0000	        0.0000	        0.0000	        0.0000	  0.4233	  0.3026	-26.2119
2018	107	  23	 55	106.9965	  0.0000	1906.4099	   16.3158	 18.0309	  0.0083	  0.0000	  82.2917	  82.2917	  82.2917	   0.0000	   0.0000	   0.0000	  6.5000	 10.6000	 31.8333	   4.7894	   2.5186	   3.1382	  0.4687	  0.4650	  0.1000	  0.1600	  0.1900	   0.0000	   0.0000	   0.0000	   0.0000	   0.0000	   0.0000	   0.0000	   0.0000	   0.0000	  0.5170	  0.0000	        0.0000	        0.0000	        0.0000	        0.0000	        0.0000	        0.0000	        0.0000	  0.4233	  0.3026	-26.2119
2018	108	  23	 55	107.9965	  0.0000	2592.1226	   30.2271	 20.4702	  0.0000	  1.0000	  88.9417	  88.9417	  88.9417	   0.0000	   0.0000	   0.0000	  8.1000	 15.2000	 41.7500	   4.8841	   2.7032	   3.3244	  0.4892	  0.4486	  0.1000	  0.1600	  0.1900	   0.0000	   0.0000	   0.0000	   0.0000	   0.0000	   0.0000	   0.0000	   0.0000	   0.0000	  0.5489	  0.0000	        0.0000	        0.0000	        0.0000	        0.0000	        0.0000	        0.0000	        0.0000	  0.4233	  0.3026	-26.2119
2018	109	  23	 55	108.9965	  0.0000	2586.4050	   31.4712	 22.6704	  0.0000	  2.0000	  95.9917	  95.9917	  95.9917	   0.0000	   0.0000	   0.0000	  8.7000	 15.4000	 40.7500	   4.9864	   2.9030	   3.5258	  0.5114	  0.4308	  0.1000	  0.1600	  0.1900	   0.0000	   0.0000	   0.0000	   0.0000	   0.0000	   0.0000	   0.0000	   0.0000	   0.0000	  0.5834	  0.0000	        0.0000	        0.0000	        0.0000	        0.0000	        0.0000	        0.0000	        0.0000	  0.4233	  0.3026	-26.2119
2018	110	  23	 55	109.9965	  0.0000	2815.1619	   44.4163	 27.0196	  0.0000	  3.0000	 106.9417	 106.9417	 106.9417	   0.0000	   0.0000	   0.0000	  9.8000	 22.1000	 50.6667	   5.1000	   3.1261	   3.7508	  0.5362	  0.4110	  0.1000	  0.1600	  0.1900	   0.0000	   0.0000	   0.0000	   0.0000	   0.0000	   0.0000	   0.0000	   0.0000	   0.0000	  0.6220	  0.0000	        0.0000	        0.0000	        0.0000	        0.0000	        0.0000	        0.0000	        0.0000	  0.4233	  0.3026	-26.2119
2018	111	  23	 55	110.9965	  0.0000	2391.6772	   24.7086	 26.5574	  0.0000	  4.0000	 112.0958	 112.0958	 112.0958	   0.0000	   0.0000	   0.0000	  6.9083	 13.4000	 43.9167	   5.1000	   3.3608	   3.9871	  0.5623	  0.3902	  0.1000	  0.1600	  0.1900	   0.0000	   0.0000	   0.0000	   0.0000	   0.0000	   0.0000	   0.0000	   0.0000	   0.0000	  0.6617	  0.0000	        0.0000	        0.0000	        0.0000	        0.0000	        0.0000	        0.0000	        0.0000	  0.4233	  0.3026	-26.2119
2018	112	  23	 55	111.9965	  0.0000	2781.9287	   25.1064	 26.2672	  0.0000	  5.0000	 116.0958	 116.0958	 116.0958	   0.0000	   0.0000	   0.0000	  6.0000	 12.0000	 50.4167	   5.1000	   3.6045	   4.2325	  0.5894	  0.3685	  0.1000	  0.1600	  0.1900	   0.0000	   0.0000	   0.0000	   0.0000	   0.0000	   0.0000	   0.0000	   0.0000	   0.0000	  0.7029	  0.0000	        0.0000	        0.0000	        0.0000	        0.0000	        0.0000	        0.0000	        0.0000	  0.4233	  0.3026	-26.2119
2018	113	  23	 55	112.9965	  0.0000	4089.9078	   38.2144	 28.6566	168.4500	  0.0000	 121.3500	 121.3500	 121.3500	   0.0000	   0.0000	   0.0000	  7.5083	 13.0000	 84.7500	   5.1000	   3.8600	   4.4896	  0.6178	  0.3458	  0.1000	  0.1600	  0.1900	   0.0000	   0.0000	   0.0000	   0.0000	   0.0000	   0.0000	   0.0000	   0.0000	   0.0000	  0.7461	  0.0000	        0.0000	        0.0000	        0.0000	        0.0000	        0.0000	        0.0000	        0.0000	  0.4233	  0.3026	-26.2119
2018	114	  23	 55	113.9965	  0.0000	1673.6517	   13.2929	 25.5839	 12.6000	  0.0000	 124.4625	 124.4625	 124.4625	   0.0000	   0.0000	   0.0000	  6.8250	  9.4000	 27.0000	   5.1000	   4.1227	   4.7540	  0.6470	  0.3224	  0.1000	  0.1600	  0.1900	   0.0000	   0.0000	   0.0000	   0.0000	   0.0000	   0.0000	   0.0000	   0.0000	   0.0000	  0.7905	  0.0000	        0.0000	        0.0000	        0.0000	        0.0000	        0.0000	        0.0000	        0.0000	  0.4233	  0.3026	-26.2119
2018	115	  23	 55	114.9965	  0.0000	2675.7196	   23.3224	 25.1316	  0.0000	  1.0000	 128.4125	 128.4125	 128.4125	   0.0000	   0.0000	   0.0000	  6.7000	 11.2000	 51.2500	   5.1000	   4.3945	   5.0273	  0.6772	  0.2983	  0.1000	  0.1600	  0.1900	   0.0000	   0.0000	   0.0000	   0.0000	   0.0000	   0.0000	   0.0000	   0.0000	   0.0000	  0.8364	  0.0000	        0.0000	        0.0000	        0.0000	        0.0000	        0.0000	        0.0000	        0.0000	  0.4233	  0.3026	-26.2119
2018	116	  23	 55	115.9965	  0.0000	2122.6098	   16.7038	 23.4460	  5.0917	  0.0000	 131.1625	 131.1625	 131.1625	   0.0000	   0.0000	   0.0000	  6.3000	  9.2000	 40.5833	   5.1000	   4.6729	   5.3072	  0.7081	  0.2735	  0.1000	  0.1600	  0.1900	   0.0000	   0.0000	   0.0000	   0.0000	   0.0000	   0.0000	   0.0000	   0.0000	   0.0000	  0.8835	  0.0000	        0.0000	        0.0000	        0.0000	        0.0000	        0.0000	        0.0000	        0.0000	  0.4233	  0.3026	-26.2119
2018	117	  23	 55	116.9965	  0.0000	  3.5471	    0.0238	 14.9717	  1.0500	  0.0000	 143.1625	 143.1625	 143.1625	   0.0000	   0.0000	   0.0000	  6.6000	 11.4000	 46.4167	   5.1000	   5.5000	   5.9000	  0.8000	  0.2000	  0.1000	  0.1600	  0.1900	   0.0000	   0.0000	   0.0000	   0.0000	   0.0000	   0.0000	   0.0000	   0.0000	   0.0000	  0.9320	  0.0000	        0.0000	        0.0000	        0.0000	        0.0000	        0.0000	        0.0000	        0.0000	  0.4233	  0.3026	-26.2119
2018	118	  23	 55	117.9965	  0.0000	2614.2748	   24.5326	 16.8839	  4.1917	  0.0000	 147.4625	 147.4625	 147.4625	   0.0000	   0.0000	   0.0000	  5.9000	 12.7000	 45.2500	   5.1000	   5.5000	   5.9000	  0.8000	  0.2000	  0.1000	  0.1600	  0.1900	   0.0000	   0.0000	   0.0000	   0.0000	   0.0000	   0.0000	   0.0000	   0.0000	   0.0000	  1.0000	  0.0000	        0.0000	        0.0000	        0.0000	        0.0000	        0.0000	        0.0000	        0.0000	  0.4233	  0.3026	-26.2119
2018	119	  23	 55	118.9965	  0.0000	2980.1135	   31.8452	 19.8761	  0.2167	  0.0000	 152.7625	 152.7625	 152.7625	   0.0000	   0.0000	   0.0000	  6.9000	 13.7000	 54.4167	   5.1000	   5.5000	   5.9000	  0.8000	  0.2000	  0.1000	  0.1600	  0.1900	   0.0000	   0.0000	   0.0000	   0.0000	   0.0000	   0.0000	   0.0000	   0.0000	   0.0000	  1.0000	  0.0000	        0.0000	        0.0000	        0.0000	        0.0000	        0.0000	        0.0000	        0.0000	  0.4233	  0.3026	-26.2119
2018	120	  23	 55	119.9965	  0.0000	2456.9829	   23.8784	 20.6766	 50.7667	  0.0000	 157.8625	 157.8625	 157.8625	   0.0000	   0.0000	   0.0000	  6.9000	 13.3000	 40.0833	   5.1000	   5.5000	   5.9000	  0.8000	  0.2000	  0.1000	  0.1600	  0.1900	   0.0000	   0.0000	   0.0000	   0.0000	   0.0000	   0.0000	   0.0000	   0.0000	   0.0000	  1.0000	  0.0000	        0.0000	        0.0000	        0.0000	        0.0000	        0.0000	        0.0000	        0.0000	  0.4233	  0.3026	-26.2119
2018	121	  23	 55	120.9965	  0.0000	2902.5055	   27.3348	 22.0082	 12.1250	  0.0000	 162.9125	 162.9125	 162.9125	   0.0000	   0.0000	   0.0000	  6.9000	 13.2000	 52.5833	   5.1000	   5.5000	   5.9000	  0.8000	  0.2000	  0.1000	  0.1600	  0.1900	   0.0000	   0.0000	   0.0000	   0.0000	   0.0000	   0.0000	   0.0000	   0.0000	   0.0000	  1.0000	  0.0000	        0.0000	        0.0000	        0.0000	        0.0000	        0.0000	        0.0000	        0.0000	  0.4233	  0.3026	-26.2119
2018	122	  23	 55	121.9965	  0.0000	 14.3726	    0.1460	 19.5990	  0.0000	  2.0000	 174.0458	 174.0458	 174.0458	   0.0000	   0.0000	   0.0000	  7.6333	 13.5000	 57.7500	   5.1000	   5.5000	   5.9000	  0.8000	  0.2000	  0.1000	  0.1600	  0.1900	   0.0000	   0.0000	   0.0000	   0.0000	   0.0000	   0.0000	   0.0000	   0.0000	   0.0000	  1.0000	  0.0000	        0.0000	        0.0000	        0.0000	        0.0000	        0.0000	        0.0000	        0.0000	  0.4233	  0.3026	-26.2119
2018	123	  23	 55	122.9965	  0.0000	3162.1756	   29.4230	 21.5638	 11.2333	  0.0000	 178.3958	 178.3958	 178.3958	   0.0000	   0.0000	   0.0000	  6.7000	 12.0000	 64.0000	   5.1000	   5.5000	   5.9000	  0.8000	  0.2000	  0.1000	  0.1600	  0.1900	   0.0000	   0.0000	   0.0000	   0.0000	   0.0000	   0.0000	   0.0000	   0.0000	   0.0000	  1.0000	  0.0000	        0.0000	        0.0000	        0.0000	        0.0000	        0.0000	        0.0000	        0.0000	  0.4233	  0.3026	-26.2119
2018	124	  23	 55	123.9965	  0.0000	2700.2788	   26.9966	 22.6504	  0.0000	  1.0000	 182.8458	 182.8458	 182.8458	   0.0000	   0.0000	   0.0000	  6.5000	 12.4000	 52.5000	   5.1000	   5.5000	   5.9000	  0.8000	  0.2000	  0.1000	  0.1600	  0.1900	   0.0000	   0.0000	   0.0000	   0.0000	   0.0000	   0.0000	   0.0000	   0.0000	   0.0000	  1.0000	  0.0000	        0.0000	        0.0000	        0.0000	        0.0000	        0.0000	        0.0000	        0.0000	  0.4233	  0.3026	-26.2119
2018	125	  23	 55	124.9965	  0.0000	  3.5232	    0.0302	  8.2691	  0.0000	  7.0000	 224.8458	 224.8458	 224.8458	   0.0000	   0.0000	   0.0000	  8.1000	 15.9000	 53.0833	   5.1000	   5.5000	   5.9000	  0.8000	  0.2000	  0.1000	  0.1600	  0.1900	   0.0000	   0.0000	   0.0000	   0.0000	   0.0000	   0.0000	   0.0000	   0.0000	   0.0000	  1.0000	  0.0000	        0.0000	        0.0000	        0.0000	        0.0000	        0.0000	        0.0000	        0.0000	  0.4233	  0.3026	-26.2119
2018	126	  23	 55	125.9965	  0.0000	  3.5708	    0.0373	 10.3712	  0.0000	 10.0000	 247.7958	 247.7958	 247.7958	   0.0000	   0.0000	   0.0000	  6.6000	 18.7000	 63.0833	   5.1000	   5.5000	   5.9000	  0.8000	  0.2000	  0.1000	  0.1600	  0.1900	   0.0000	   0.0000	   0.0000	   0.0000	   0.0000	   0.0000	   0.0000	   0.0000	   0.0000	  1.0000	  0.0000	        0.0000	        0.0000	        0.0000	        0.0000	        0.0000	        0.0000	        0.0000	  0.4233	  0.3026	-26.2119
2018	127	  23	 55	126.9965	  0.0000	  3.5338	    0.0408	  8.5337	  0.0000	 15.0000	 300.0000	 300.0000	 300.0000	   0.0000	   0.0000	   0.0000	  9.8000	 22.0000	 64.0833	   5.1000	   5.5000	   5.9000	  0.8000	  0.2000	  0.1000	  0.1600	  0.1900	   0.0000	   0.0000	   0.0000	   0.0000	   0.0000	   0.0000	   0.0000	   0.0000	   0.0000	  1.0000	  0.0000	        0.0000	        0.0000	        0.0000	        0.0000	        0.0000	        0.0000	        0.0000	  0.4233	  0.3026	-26.2119
2018	128	  23	 55	127.9965	  0.0000	  3.5372	    0.0440	 10.6222	  0.0000	 19.0000	 300.0000	 300.0000	 300.0000	   0.0000	   0.0000	   0.0000	  9.7000	 24.2000	 66.0833	   5.1000	   5.5000	   5.9000	  0.8000	  0.2000	  0.1000	  0.1600	  0.1900	   0.0000	   0.0000	   0.0000	   0.0000	   0.0000	   0.0000	   0.0000	   0.0000	   0.0000	  1.0000	  0.0000	        0.0000	        0.0000	        0.0000	        0.0000	        0.0000	        0.0000	        0.0000	  0.4233	  0.3026	-26.2119
2018	129	  23	 55	128.9965	  0.0000	  3.5946	    0.0568	 15.2309	  0.0000	 22.0000	 300.0000	 300.0000	 300.0000	   0.0000	   0.0000	   0.0000	 11.2000	 25.9000	 68.2500	   5.1000	   5.5000	   5.9000	  0.8000	  0.2000	  0.1000	  0.1600	  0.1900	   0.0000	   0.0000	   0.0000	   0.0000	   0.0000	   0.0000	   0.0000	   0.0000	   0.0000	  1.0000	  0.0000	        0.0000	        0.0000	        0.0000	        0.0000	        0.0000	        0.0000	        0.0000	  0.4233	  0.3026	-26.2119
2018	130	  23	 55	129.9965	  0.0000	3849.4350	   76.2085	 27.4264	  7.2000	  0.0000	 300.0000	 300.0000	 300.0000	   0.0000	   0.0000	   0.0000	 12.2000	 27.6000	 61.6667	   5.1000	   5.5000	   5.9000	  0.8000	  0.2000	  0.1000	  0.1600	  0.1900	   0.0000	   0.0000	   0.0000	   0.0000	   0.0000	   0.0000	   0.0000	   0.0000	   0.0000	  1.0000	  0.0000	        0.0000	        0.0000	        0.0000	        0.0000	        0.0000	        0.0000	        0.0000	  0.4233	  0.3026	-26.2119
2018	131	  23	 55	130.9965	  0.0000	3265.0768	   45.3033	 31.0018	  8.5000	  0.0000	 300.0000	 300.0000	 300.0000	   0.0000	   0.0000	   0.0000	 10.7000	 16.7000	 61.3333	   5.1000	   5.5000	   5.9000	  0.8000	  0.2000	  0.1000	  0.1600	  0.1900	   0.0000	   0.0000	   0.0000	   0.0000	   0.0000	   0.0000	   0.0000	   0.0000	   0.0000	  1.0000	  0.0000	        0.0000	        0.0000	        0.0000	        0.0000	        0.0000	        0.0000	        0.0000	  0.4233	  0.3026	-26.2119
2018	132	  23	 55	131.9965	  0.0000	3170.2095	   51.3802	 35.0775	  0.0000	  1.0000	 300.0000	 300.0000	 300.0000	   0.0000	   0.0000	   0.0000	 10.3000	 19.9000	 62.5833	   5.1000	   5.5000	   5.9000	  0.8000	  0.2000	  0.1000	  0.1600	  0.1900	   0.0000	   0.0000	   0.0000	   0.0000	   0.0000	   0.0000	   0.0000	   0.0000	   0.0000	  1.0000	  0.0000	        0.0000	        0.0000	        0.0000	        0.0000	        0.0000	        0.0000	        0.0000	  0.4233	  0.3026	-26.2119
2018	133	  23	 55	132.9965	  0.0000	3404.6288	   69.9877	 42.0595	  0.0000	  2.0000	 300.0000	 300.0000	 300.0000	   0.0000	   0.0000	   0.0000	 14.9167	 25.6000	 60.4167	   5.1000	   5.5000	   5.9000	  0.8000	  0.2000	  0.1000	  0.1600	  0.1900	   0.0000	   0.0000	   0.0000	   0.0000	   0.0000	   0.0000	   0.0000	   0.0000	   0.0000	  1.0000	  0.0000	        0.0000	        0.0000	        0.0000	        0.0000	        0.0000	        0.0000	        0.0000	  0.4233	  0.3026	-26.2119
2018	134	  23	 55	133.9965	  0.0000	 16.8765	    0.3577	 40.5684	  0.0000	  4.0000	 300.0000	 300.0000	 300.0000	   0.0000	   0.0000	   0.0000	 12.3000	 28.2000	 69.6667	   5.1000	   5.5000	   5.9000	  0.8000	  0.2000	  0.1000	  0.1600	  0.1900	   0.0000	   0.0000	   0.0000	   0.0000	   0.0000	   0.0000	   0.0000	   0.0000	   0.0000	  1.0000	  0.0000	        0.0000	        0.0000	        0.0000	        0.0000	        0.0000	        0.0000	        0.0000	  0.4233	  0.3026	-26.2119
2018	135	  23	 55	134.9965	  0.0000	  3.5998	    0.0602	 31.7538	  0.0000	  7.0000	 300.0000	 300.0000	 300.0000	   0.0000	   0.0000	   0.0000	 13.8000	 28.1000	 69.8333	   5.1000	   5.5000	   5.9000	  0.8000	  0.2000	  0.1000	  0.1600	  0.1900	   0.0000	   0.0000	   0.0000	   0.0000	   0.0000	   0.0000	   0.0000	   0.0000	   0.0000	  1.0000	  0.0000	        0.0000	        0.0000	        0.0000	        0.0000	        0.0000	        0.0000	        0.0000	  0.4233	  0.3026	-26.2119
2018	136	  23	 55	135.9965	  0.0000	 16.2248	    0.3124	 32.4577	  0.0000	  9.0000	 300.0000	 300.0000	 300.0000	   0.0000	   0.0000	   0.0000	 14.1917	 26.4000	 69.0000	   5.1000	   5.5000	   5.9000	  0.8000	  0.2000	  0.1000	  0.1600	  0.1900	   0.0000	   0.0000	   0.0000	   0.0000	   0.0000	   0.0000	   0.0000	   0.0000	   0.0000	  1.0000	  0.0000	        0.0000	        0.0000	        0.0000	        0.0000	        0.0000	        0.0000	        0.0000	  0.4233	  0.3026	-26.2119
2018	137	  23	 55	136.9965	  0.0000	 13.7945	    0.2229	 28.8056	  0.2667	  0.0000	 300.0000	 300.0000	 300.0000	   0.0000	   0.0000	   0.0000	 13.4000	 20.5000	 56.7500	   5.1000	   5.5000	   5.9000	  0.8000	  0.2000	  0.1000	  0.1600	  0.1900	   0.0000	   0.0000	   0.0000	   0.0000	   0.0000	   0.0000	   0.0000	   0.0000	   0.0000	  1.0000	  0.0000	        0.0000	        0.0000	        0.0000	        0.0000	        0.0000	        0.0000	        0.0000	  0.4233	  0.3026	-26.2119
2018	138	  23	 55	137.9965	  0.0000	  3.5798	    0.0345	 23.6697	  2.8833	  0.0000	 300.0000	 300.0000	 300.0000	   0.0000	   0.0000	   0.0000	  9.6250	 20.9000	 81.8333	   5.1000	   5.5000	   5.9000	  0.8000	  0.2000	  0.1000	  0.1600	  0.1900	   0.0000	   0.0000	   0.0000	   0.0000	   0.0000	   0.0000	   0.0000	   0.0000	   0.0000	  1.0000	  0.0000	        0.0000	        0.0000	        0.0000	        0.0000	        0.0000	        0.0000	        0.0000	  0.4233	  0.3026	-26.2119
2018	139	  23	 55	138.9965	  0.0000	3936.2969	   65.6070	 32.0572	  0.0000	  1.0000	 300.0000	 300.0000	 300.0000	   0.0000	   0.0000	   0.0000	  7.2000	 22.1000	 75.9167	   5.1000	   5.5000	   5.9000	  0.8000	  0.2000	  0.1000	  0.1600	  0.1900	   0.0000	   0.0000	   0.0000	   0.0000	   0.0000	   0.0000	   0.0000	   0.0000	   0.0000	  1.0000	  0.0000	        0.0000	        0.0000	        0.0000	        0.0000	        0.0000	        0.0000	        0.0000	  0.4233	  0.3026	-26.2119
2018	140	  23	 55	139.9965	  0.0000	  3.5826	    0.0442	 25.0616	  0.0000	  4.0000	 300.0000	 300.0000	 300.0000	   0.0000	   0.0000	   0.0000	 10.2000	 22.2000	 69.5000	   5.1000	   5.5000	   5.9000	  0.8000	  0.2000	  0.1000	  0.1600	  0.1900	   0.0000	   0.0000	   0.0000	   0.0000	   0.0000	   0.0000	   0.0000	   0.0000	   0.0000	  1.0000	  0.0000	        0.0000	        0.0000	        0.0000	        0.0000	        0.0000	        0.0000	        0.0000	  0.4233	  0.3026	-26.2119
2018	141	  23	 55	140.9965	  0.0000	  3.5857	    0.0501	 21.1127	  0.0000	  7.0000	 300.0000	 300.0000	 300.0000	   0.0000	   0.0000	   0.0000	 10.6000	 22.7000	 67.9167	   5.1000	   5.5000	   5.9000	  0.8000	  0.2000	  0.1000	  0.1600	  0.1900	   0.0000	   0.0000	   0.0000	   0.0000	   0.0000	   0.0000	   0.0000	   0.0000	   0.0000	  1.0000	  0.0000	        0.0000	        0.0000	        0.0000	        0.0000	        0.0000	        0.0000	        0.0000	  0.4233	  0.3026	-26.2119
2018	142	  23	 55	141.9965	  0.0000	  3.5848	    0.0447	 20.1825	  0.0000	 10.0000	 300.0000	 300.0000	 300.0000	   0.0000	   0.0000	   0.0000	 11.2000	 23.0000	 73.3333	   5.1000	   5.5000	   5.9000	  0.8000	  0.2000	  0.1000	  0.1600	  0.1900	   0.0000	   0.0000	   0.0000	   0.0000	   0.0000	   0.0000	   0.0000	   0.0000	   0.0000	  1.0000	  0.0000	        0.0000	        0.0000	        0.0000	        0.0000	        0.0000	        0.0000	        0.0000	  0.4233	  0.3026	-26.2119
2018	143	  23	 55	142.9965	  0.0000	  3.5900	    0.0509	 20.1671	  0.0000	 13.0000	 300.0000	 300.0000	 300.0000	   0.0000	   0.0000	   0.0000	 10.5000	 24.9000	 71.8333	   5.1000	   5.5000	   5.9000	  0.8000	  0.2000	  0.1000	  0.1600	  0.1900	   0.0000	   0.0000	   0.0000	   0.0000	   0.0000	   0.0000	   0.0000	   0.0000	   0.0000	  1.0000	  0.0000	        0.0000	        0.0000	        0.0000	        0.0000	        0.0000	        0.0000	        0.0000	  0.4233	  0.3026	-26.2119
2018	144	  23	 55	143.9965	  0.0000	 16.8902	    0.3350	 25.8179	  0.0000	 15.0000	 300.0000	 300.0000	 300.0000	   0.0000	   0.0000	   0.0000	 12.0000	 25.8000	 70.8333	   5.1000	   5.5000	   5.9000	  0.8000	  0.2000	  0.1000	  0.1600	  0.1900	   0.0000	   0.0000	   0.0000	   0.0000	   0.0000	   0.0000	   0.0000	   0.0000	   0.0000	  1.0000	  0.0000	        0.0000	        0.0000	        0.0000	        0.0000	        0.0000	        0.0000	        0.0000	  0.4233	  0.3026	-26.2119
2018	145	  23	 55	144.9965	  0.0000	 16.0798	    0.3372	 29.2334	  0.0000	 17.0000	 300.0000	 300.0000	 300.0000	   0.0000	   0.0000	   0.0000	 15.5000	 27.4000	 66.1667	   5.1000	   5.5000	   5.9000	  0.8000	  0.2000	  0.1000	  0.1600	  0.1900	   0.0000	   0.0000	   0.0000	   0.0000	   0.0000	   0.0000	   0.0000	   0.0000	   0.0000	  1.0000	  0.0000	        0.0000	        0.0000	        0.0000	        0.0000	        0.0000	        0.0000	        0.0000	  0.4233	  0.3026	-26.2119
2018	146	  23	 55	145.9965	  0.0000	3931.5463	   85.2223	 40.4312	  0.0000	 18.0000	 300.0000	 300.0000	 300.0000	   0.0000	   0.0000	   0.0000	 14.0000	 26.9000	 77.0833	   5.1000	   5.5000	   5.9000	  0.8000	  0.2000	  0.1000	  0.1600	  0.1900	   0.0000	   0.0000	   0.0000	   0.0000	   0.0000	   0.0000	   0.0000	   0.0000	   0.0000	  1.0000	  0.0000	        0.0000	        0.0000	        0.0000	        0.0000	        0.0000	        0.0000	        0.0000	  0.4233	  0.3026	-26.2119
2018	147	  23	 55	146.9965	  0.0000	  3.5553	    0.0622	 23.8905	  5.1917	  0.0000	 300.0000	 300.0000	 300.0000	   0.0000	   0.0000	   0.0000	 16.6000	 26.9000	 55.5833	   5.1000	   5.5000	   5.9000	  0.8000	  0.2000	  0.1000	  0.1600	  0.1900	   0.0000	   0.0000	   0.0000	   0.0000	   0.0000	   0.0000	   0.0000	   0.0000	   0.0000	  1.0000	  0.0000	        0.0000	        0.0000	        0.0000	        0.0000	        0.0000	        0.0000	        0.0000	  0.4233	  0.3026	-26.2119
2018	148	  23	 55	147.9965	  0.0000	4129.1091	   70.4541	 33.2032	 90.8333	  0.0000	 300.0000	 300.0000	 300.0000	   0.0000	   0.0000	   0.0000	 15.1333	 21.2000	 77.8333	   5.1000	   5.5000	   5.9000	  0.8000	  0.2000	  0.1000	  0.1600	  0.1900	   0.0000	   0.0000	   0.0000	   0.0000	   0.0000	   0.0000	   0.0000	   0.0000	   0.0000	  1.0000	  0.0000	        0.0000	        0.0000	        0.0000	        0.0000	        0.0000	        0.0000	        0.0000	  0.4233	  0.3026	-26.2119
2018	149	  23	 55	148.9965	  0.0000	4426.2098	   96.0495	 45.7725	  3.0750	  0.0000	 300.0000	 300.0000	 300.0000	   0.0000	   0.0000	   0.0000	 15.1000	 28.3000	 86.2500	   5.1000	   5.5000	   5.9000	  0.8000	  0.2000	  0.1000	  0.1600	  0.1900	   0.0000	   0.0000	   0.0000	   0.0000	   0.0000	   0.0000	   0.0000	   0.0000	   0.0000	  1.0000	  0.0000	        0.0000	        0.0000	        0.0000	        0.0000	        0.0000	        0.0000	        0.0000	  0.4233	  0.3026	-26.2119
2018	150	  23	 55	149.9965	  0.0000	 16.7537	    0.4047	 44.4476	  0.0000	  2.0000	 300.0000	 300.0000	 300.0000	   0.0000	   0.0000	   0.0000	 16.6000	 30.6000	 69.5833	   5.1000	   5.5000	   5.9000	  0.8000	  0.2000	  0.1000	  0.1600	  0.1900	   0.0000	   0.0000	   0.0000	   0.0000	   0.0000	   0.0000	   0.0000	   0.0000	   0.0000	  1.0000	  0.0000	        0.0000	        0.0000	        0.0000	        0.0000	        0.0000	        0.0000	        0.0000	  0.4233	  0.3026	-26.2119
2018	151	  23	 55	150.9965	  0.0000	 16.5653	    0.3861	 43.1188	  0.0000	  4.0000	 300.0000	 300.0000	 300.0000	   0.0000	   0.0000	   0.0000	 18.6000	 29.1000	 68.9167	   5.1000	   5.5000	   5.9000	  0.8000	  0.2000	  0.1000	  0.1600	  0.1900	   0.0000	   0.0000	   0.0000	   0.0000	   0.0000	   0.0000	   0.0000	   0.0000	   0.0000	  1.0000	  0.0000	        0.0000	        0.0000	        0.0000	        0.0000	        0.0000	        0.0000	        0.0000	  0.4233	  0.3026	-26.2119
2018	152	  23	 55	151.9965	  0.0000	3988.2026	   89.6660	 52.4282	  0.0000	  5.0000	 300.0000	 300.0000	 300.0000	   0.0000	   0.0000	   0.0000	 16.8000	 26.5000	 76.8333	   5.1000	   5.5000	   5.9000	  0.8000	  0.2000	  0.1000	  0.1600	  0.1900	 363.8213	 165.3637	 198.4576	 363.8213	 165.3637	 198.4576	 363.8213	 165.3637	 198.4576	  1.0000	  0.0000	        0.0000	        0.0000	        0.0000	        0.0000	        0.0000	        0.0000	        0.0000	  0.4233	  0.3026	-26.2119
2018	153	  23	 55	152.9965	  0.0000	  3.6084	    0.0648	 39.5372	  0.0000	  8.0000	 300.0000	 300.0000	 300.0000	   0.0000	   0.0000	   0.0000	 15.4000	 27.9000	 83.6667	   5.1000	   5.5000	   5.9000	  0.8000	  0.2000	  0.1000	  0.1600	  0.1900	   0.0000	   0.0000	   0.0000	   0.0000	   0.0000	   0.0000	   0.0000	   0.0000	   0.0000	  1.0000	  0.0000	        0.0000	        0.0000	        0.0000	        0.0000	        0.0000	        0.0000	        0.0000	  0.4233	  0.3026	-26.2119
2018	154	  23	 55	153.9965	  0.0000	3361.8199	   75.9105	 46.8118	  0.0000	  9.0000	 300.0000	 300.0000	 300.0000	   0.0000	   0.0000	   0.0000	 16.9000	 26.7000	 64.6667	   5.1000	   5.5000	   5.9000	  0.8000	  0.2000	  0.1000	  0.1600	  0.1900	 310.0075	 140.9047	 169.1028	 310.0075	 140.9047	 169.1028	 310.0075	 140.9047	 169.1028	  1.0000	  0.0000	        0.0000	        0.0000	        0.0000	        0.0000	        0.0000	        0.0000	        0.0000	  0.4233	  0.3026	-26.2119
2018	155	  23	 55	154.9965	  0.0000	3774.6229	   84.9365	 54.4368	  0.0000	 10.0000	 300.0000	 300.0000	 300.0000	   0.0000	   0.0000	   0.0000	 17.2417	 27.1000	 73.5000	   5.1000	   5.5000	   5.9000	  0.8000	  0.2000	  0.1000	  0.1600	  0.1900	 351.1778	 159.6176	 191.5603	 351.1778	 159.6176	 191.5603	 351.1778	 159.6176	 191.5603	  1.0000	  0.0000	        0.0000	        0.0000	        0.0000	        0.0000	        0.0000	        0.0000	        0.0000	  0.4233	  0.3026	-26.2119
2018	156	  23	 55	155.9965	  0.0000	3244.2930	   52.3662	 54.0226	  0.0000	 11.0000	 300.0000	 300.0000	 300.0000	   0.0000	   0.0000	   0.0000	 12.3000	 18.9000	 61.9167	   5.1000	   5.5000	   5.9000	  0.8000	  0.2000	  0.1000	  0.1600	  0.1900	 210.0644	  95.4787	 114.5857	 210.0644	  95.4787	 114.5857	 210.0644	  95.4787	 114.5857	  1.0000	  0.0000	        0.0000	        0.0000	        0.0000	        0.0000	        0.0000	        0.0000	        0.0000	  0.4233	  0.3026	-26.2119
2018	157	  23	 55	156.9965	  0.0000	3090.8218	   55.5326	 54.3246	  0.0000	 12.0000	 300.0000	 300.0000	 300.0000	   0.0000	   0.0000	   0.0000	 13.0000	 21.2000	 60.6667	   5.1000	   5.5000	   5.9000	  0.8000	  0.2000	  0.1000	  0.1600	  0.1900	 225.5569	 102.5205	 123.0364	 225.5569	 102.5205	 123.0364	 225.5569	 102.5205	 123.0364	  1.0000	  0.0000	        0.0000	        0.0000	        0.0000	        0.0000	        0.0000	        0.0000	        0.0000	  0.4233	  0.3026	-26.2119
2018	158	  23	 55	157.9965	  0.0000	3237.3536	   66.3118	 56.7221	  0.0000	 13.0000	 300.0000	 300.0000	 300.0000	   0.0000	   0.0000	   0.0000	 15.5000	 24.0000	 65.8333	   5.1000	   5.5000	   5.9000	  0.8000	  0.2000	  0.1000	  0.1600	  0.1900	 274.4096	 124.7252	 149.6844	 274.4096	 124.7252	 149.6844	 274.4096	 124.7252	 149.6844	  1.0000	  0.0000	        0.0000	        0.0000	        0.0000	        0.0000	        0.0000	        0.0000	        0.0000	  0.4233	  0.3026	-26.2119
2018	159	  23	 55	158.9965	  0.0000	  3.5957	    0.0557	 40.2528	  0.0000	 16.0000	 300.0000	 300.0000	 300.0000	   0.0000	   0.0000	   0.0000	 15.5000	 26.5000	 75.6667	   5.1000	   5.5000	   5.9000	  0.8000	  0.2000	  0.1000	  0.1600	  0.1900	   0.0000	   0.0000	   0.0000	   0.0000	   0.0000	   0.0000	   0.0000	   0.0000	   0.0000	  1.0000	  0.0000	        0.0000	        0.0000	        0.0000	        0.0000	        0.0000	        0.0000	        0.0000	  0.4233	  0.3026	-26.2119
2018	160	  23	 55	159.9965	  0.0000	  3.5563	    0.0631	 25.1974	  0.0000	 20.0000	 300.0000	 300.0000	 300.0000	   0.0000	   0.0000	   0.0000	 13.5000	 26.3000	 76.3333	   5.1000	   5.5000	   5.9000	  0.8000	  0.2000	  0.1000	  0.1600	  0.1900	   0.0000	   0.0000	   0.0000	   0.0000	   0.0000	   0.0000	   0.0000	   0.0000	   0.0000	  1.0000	  0.0000	        0.0000	        0.0000	        0.0000	        0.0000	        0.0000	        0.0000	        0.0000	  0.4233	  0.3026	-26.2119
2018	161	  23	 55	160.9965	  0.0000	  3.5490	    0.0559	  0.1393	 32.9917	  0.0000	 300.0000	 300.0000	 300.0000	   0.0000	   0.0000	   0.0000	 15.1000	 25.3000	 86.2500	   5.1000	   5.5000	   5.9000	  0.8000	  0.2000	  0.1000	  0.1600	  0.1900	   0.0000	   0.0000	   0.0000	   0.0000	   0.0000	   0.0000	   0.0000	   0.0000	   0.0000	  1.0000	  0.0000	        0.0000	        0.0000	        0.0000	        0.0000	        0.0000	        0.0000	        0.0000	  0.4233	  0.3026	-26.2119
2018	162	  23	 55	161.9965	  0.0000	  3.6118	    0.0493	 11.6100	 11.7833	  0.0000	 300.0000	 300.0000	 300.0000	   0.0000	   0.0000	   0.0000	 13.7000	 16.9000	 73.7500	   5.1000	   5.5000	   5.9000	  0.8000	  0.2000	  0.1000	  0.1600	  0.1900	   0.0000	   0.0000	   0.0000	   0.0000	   0.0000	   0.0000	   0.0000	   0.0000	   0.0000	  1.0000	  0.0000	        0.0000	        0.0000	        0.0000	        0.0000	        0.0000	        0.0000	        0.0000	  0.4233	  0.3026	-26.2119
2018	163	  23	 55	162.9965	  0.0000	 17.0830	    0.2974	 18.8797	  0.0000	  2.0000	 300.0000	 300.0000	 300.0000	   0.0000	   0.0000	   0.0000	 13.6000	 21.7000	 75.5833	   5.1000	   5.5000	   5.9000	  0.8000	  0.2000	  0.1000	  0.1600	  0.1900	   0.0000	   0.0000	   0.0000	   0.0000	   0.0000	   0.0000	   0.0000	   0.0000	   0.0000	  1.0000	  0.0000	        0.0000	        0.0000	        0.0000	        0.0000	        0.0000	        0.0000	        0.0000	  0.4233	  0.3026	-26.2119
2018	164	  23	 55	163.9965	  0.0000	3674.8711	   65.2439	 28.1526	  0.0000	  3.0000	 300.0000	 300.0000	 300.0000	   0.0000	   0.0000	   0.0000	 12.5000	 21.9000	 71.7500	   5.1000	   5.5000	   5.9000	  0.8000	  0.2000	  0.1000	  0.1600	  0.1900	 253.5662	 115.2503	 138.3159	 253.5662	 115.2503	 138.3159	 253.5662	 115.2503	 138.3159	  1.0000	  0.0000	        0.0000	        0.0000	        0.0000	        0.0000	        0.0000	        0.0000	        0.0000	  0.4233	  0.3026	-26.2119
2018	165	  23	 55	164.9965	  0.0000	 12.3999	    0.1988	 24.7520	 24.2083	  0.0000	 300.0000	 300.0000	 300.0000	   0.0000	   0.0000	   0.0000	 13.8000	 20.6000	 45.3333	   5.1000	   5.5000	   5.9000	  0.8000	  0.2000	  0.1000	  0.1600	  0.1900	   0.0000	   0.0000	   0.0000	   0.0000	   0.0000	   0.0000	   0.0000	   0.0000	   0.0000	  1.0000	  0.0000	        0.0000	        0.0000	        0.0000	        0.0000	        0.0000	        0.0000	        0.0000	  0.4233	  0.3026	-26.2119
2018	166	  23	 55	165.9965	  0.0000	4787.7982	   74.7460	 34.7508	  0.0000	  1.0000	 300.0000	 300.0000	 300.0000	   0.0000	   0.0000	   0.0000	 13.6000	 18.9000	 94.3333	   5.1000	   5.5000	   5.9000	  0.8000	  0.2000	  0.1000	  0.1600	  0.1900	 291.9732	 132.7068	 159.2664	 291.9732	 132.7068	 159.2664	 291.9732	 132.7068	 159.2664	  1.0000	  0.0000	        0.0000	        0.0000	        0.0000	        0.0000	        0.0000	        0.0000	        0.0000	  0.4233	  0.3026	-26.2119
2018	167	  23	 55	166.9965	  0.0000	  3.6081	    0.0501	 29.2029	 12.1667	  0.0000	 300.0000	 300.0000	 300.0000	   0.0000	   0.0000	   0.0000	 13.9000	 22.2000	 67.8333	   5.1000	   5.5000	   5.9000	  0.8000	  0.2000	  0.1000	  0.1600	  0.1900	   0.0000	   0.0000	   0.0000	   0.0000	   0.0000	   0.0000	   0.0000	   0.0000	   0.0000	  1.0000	  0.0000	        0.0000	        0.0000	        0.0000	        0.0000	        0.0000	        0.0000	        0.0000	  0.4233	  0.3026	-26.2119
2018	168	  23	 55	167.9965	  0.0000	  3.5434	    0.0503	 17.1639	103.7167	  0.0000	 300.0000	 300.0000	 300.0000	   0.0000	   0.0000	   0.0000	 13.9000	 18.4000	104.0000	   5.1000	   5.5000	   5.9000	  0.8000	  0.2000	  0.1000	  0.1600	  0.1900	   0.0000	   0.0000	   0.0000	   0.0000	   0.0000	   0.0000	   0.0000	   0.0000	   0.0000	  1.0000	  0.0000	        0.0000	        0.0000	        0.0000	        0.0000	        0.0000	        0.0000	        0.0000	  0.4233	  0.3026	-26.2119
2018	169	  23	 55	168.9965	  0.0000	  3.5941	    0.0507	 17.1825	  6.2750	  0.0000	 300.0000	 300.0000	 300.0000	   0.0000	   0.0000	   0.0000	 14.1000	 18.2000	 57.7500	   5.1000	   5.5000	   5.9000	  0.8000	  0.2000	  0.1000	  0.1600	  0.1900	   0.0000	   0.0000	   0.0000	   0.0000	   0.0000	   0.0000	   0.0000	   0.0000	   0.0000	  1.0000	  0.0000	        0.0000	        0.0000	        0.0000	        0.0000	        0.0000	        0.0000	        0.0000	  0.4233	  0.3026	-26.2119
2018	170	  23	 55	169.9965	  0.0000	 14.0077	    0.2056	 18.4133	  7.0583	  0.0000	 300.0000	 300.0000	 300.0000	   0.0000	   0.0000	   0.0000	 12.9250	 17.4000	 63.0833	   5.1000	   5.5000	   5.9000	  0.8000	  0.2000	  0.1000	  0.1600	  0.1900	   0.0000	   0.0000	   0.0000	   0.0000	   0.0000	   0.0000	   0.0000	   0.0000	   0.0000	  1.0000	  0.0000	        0.0000	        0.0000	        0.0000	        0.0000	        0.0000	        0.0000	        0.0000	  0.4233	  0.3026	-26.2119
2018	171	  23	 55	170.9965	  0.0000	  3.5441	    0.0510	 11.5631	 49.6417	  0.0000	 300.0000	 300.0000	 300.0000	   0.0000	   0.0000	   0.0000	 11.4000	 16.9000	 54.8333	   5.1000	   5.5000	   5.9000	  0.8000	  0.2000	  0.1000	  0.1600	  0.1900	   0.0000	   0.0000	   0.0000	   0.0000	   0.0000	   0.0000	   0.0000	   0.0000	   0.0000	  1.0000	  0.0000	        0.0000	        0.0000	        0.0000	        0.0000	        0.0000	        0.0000	        0.0000	  0.4233	  0.3026	-26.2119
2018	172	  23	 55	171.9965	  0.0000	 16.8522	    0.2121	 15.6140	 45.6417	  0.0000	 300.0000	 300.0000	 300.0000	   0.0000	   0.0000	   0.0000	  9.8000	 16.0000	 59.4167	   5.1000	   5.5000	   5.9000	  0.8000	  0.2000	  0.1000	  0.1600	  0.1900	   0.0000	   0.0000	   0.0000	   0.0000	   0.0000	   0.0000	   0.0000	   0.0000	   0.0000	  1.0000	  0.0000	        0.0000	        0.0000	        0.0000	        0.0000	        0.0000	        0.0000	        0.0000	  0.4233	  0.3026	-26.2119
2018	173	  23	 55	172.9965	  0.0000	  3.5353	    0.0422	 11.4419	  0.0000	  4.0000	 300.0000	 300.0000	 300.0000	   0.0000	   0.0000	   0.0000	  9.4000	 17.3000	 65.8333	   5.1000	   5.5000	   5.9000	  0.8000	  0.2000	  0.1000	  0.1600	  0.1900	   0.0000	   0.0000	   0.0000	   0.0000	   0.0000	   0.0000	   0.0000	   0.0000	   0.0000	  1.0000	  0.0000	        0.0000	        0.0000	        0.0000	        0.0000	        0.0000	        0.0000	        0.0000	  0.4233	  0.3026	-26.2119
2018	174	  23	 55	173.9965	  0.0000	  3.5343	    0.0413	  8.2233	  0.0000	  9.0000	 300.0000	 300.0000	 300.0000	   0.0000	   0.0000	   0.0000	  8.6000	 19.1000	 68.4167	   5.1000	   5.5000	   5.9000	  0.8000	  0.2000	  0.1000	  0.1600	  0.1900	   0.0000	   0.0000	   0.0000	   0.0000	   0.0000	   0.0000	   0.0000	   0.0000	   0.0000	  1.0000	  0.0000	        0.0000	        0.0000	        0.0000	        0.0000	        0.0000	        0.0000	        0.0000	  0.4233	  0.3026	-26.2119
2018	175	  23	 55	174.9965	  0.0000	3810.3373	   68.4384	 20.2663	  0.0000	 10.0000	 300.0000	 300.0000	 300.0000	   0.0000	   0.0000	   0.0000	 10.4000	 22.3000	 77.1667	   5.1000	   5.5000	   5.9000	  0.8000	  0.2000	  0.1000	  0.1600	  0.1900	 278.8797	 126.7566	 152.1231	 278.8797	 126.7566	 152.1231	 278.8797	 126.7566	 152.1231	  1.0000	  0.0000	        0.0000	        0.0000	        0.0000	        0.0000	        0.0000	        0.0000	        0.0000	  0.4233	  0.3026	-26.2119
2018	176	  23	 55	175.9965	  0.0000	3506.8780	   71.2927	 30.4716	  0.0000	 11.0000	 300.0000	 300.0000	 300.0000	   0.0000	   0.0000	   0.0000	 15.0000	 24.6000	 70.5000	   5.1000	   5.5000	   5.9000	  0.8000	  0.2000	  0.1000	  0.1600	  0.1900	 293.0041	 133.1765	 159.8276	 293.0041	 133.1765	 159.8276	 293.0041	 133.1765	 159.8276	  1.0000	  0.0000	        0.0000	        0.0000	        0.0000	        0.0000	        0.0000	        0.0000	        0.0000	  0.4233	  0.3026	-26.2119
2018	177	  23	 55	176.9965	  0.0000	  3.6090	    0.0656	 28.0056	  0.0000	 14.0000	 300.0000	 300.0000	 300.0000	   0.0000	   0.0000	   0.0000	 14.2000	 27.1000	 81.2500	   5.1000	   5.5000	   5.9000	  0.8000	  0.2000	  0.1000	  0.1600	  0.1900	   0.0000	   0.0000	   0.0000	   0.0000	   0.0000	   0.0000	   0.0000	   0.0000	   0.0000	  1.0000	  0.0000	        0.0000	        0.0000	        0.0000	        0.0000	        0.0000	        0.0000	        0.0000	  0.4233	  0.3026	-26.2119
2018	178	  23	 55	177.9965	  0.0000	 16.1694	    0.3419	 30.6593	  0.0000	 16.0000	 300.0000	 300.0000	 300.0000	   0.0000	   0.0000	   0.0000	 16.4000	 25.9000	 70.7500	   5.1000	   5.5000	   5.9000	  0.8000	  0.2000	  0.1000	  0.1600	  0.1900	   0.0000	   0.0000	   0.0000	   0.0000	   0.0000	   0.0000	   0.0000	   0.0000	   0.0000	  1.0000	  0.0000	        0.0000	        0.0000	        0.0000	        0.0000	        0.0000	        0.0000	        0.0000	  0.4233	  0.3026	-26.2119
2018	179	  23	 55	178.9965	  0.0000	3724.0497	   83.0950	 41.1464	  0.0000	 17.0000	 300.0000	 300.0000	 300.0000	   0.0000	   0.0000	   0.0000	 17.4000	 26.3000	 75.1667	   5.1000	   5.5000	   5.9000	  0.8000	  0.2000	  0.1000	  0.1600	  0.1900	 354.4226	 161.0932	 193.3294	 354.4226	 161.0932	 193.3294	 354.4226	 161.0932	 193.3294	  1.0000	  0.0000	        0.0000	        0.0000	        0.0000	        0.0000	        0.0000	        0.0000	        0.0000	  0.4233	  0.3026	-26.2119
