Year	DOY	Hour	Min	 Dectime	  HDD1_h	  HDD2_c	HDD3_Tmean	HDD4_T5d	   P_day	  DaysSR	GDD_EveTr	GDD_DecTr	GDD_Grass	SDD_EveTr	SDD_DecTr	SDD_Grass	    Tmin	    Tmax	   DLHrs	LAI_EveTr	LAI_DecTr	LAI_Grass	DecidCap	Porosity	AlbEveTr	AlbDecTr	AlbGrass	WU_EveTr1	WU_EveTr2	WU_EveTr3	WU_DecTr1	WU_DecTr2	WU_DecTr3	WU_Grass1	WU_Grass2	WU_Grass3	LAIlumps	 AlbSnow	DensSnow_Paved	DensSnow_Bldgs	DensSnow_EveTr	DensSnow_DecTr	DensSnow_Grass	DensSnow_BSoil	DensSnow_Water	      a1	      a2	      a3
2018	  1	  23	 55	  0.9965	  0.0000	  3.5353	    0.0178	  4.0630	 17.9250	  0.0000	   0.3000	   0.3000	   0.3000	-450.0000	-450.0000	-450.0000	  3.6000	  6.6000	 11.2500	   4.0006	   1.0012	   1.6012	  0.3001	  0.5999	  0.1000	  0.1600	  0.1900	   0.0000	   0.0000	   0.0000	   0.0000	   0.0000	   0.0000	   0.0000	   0.0000	   0.0000	  0.2362	  0.0000	        0.0000	        0.0000	        0.0000	        0.0000	        0.0000	        0.0000	        0.0000	  0.4767	  0.2691	-27.9925
2018	  2	  23	 55	  1.9965	  0.0000	  8.5717	    0.0455	  3.8966	  0.7833	  0.0000	   1.6000	   1.6000	   1.6000	-450.0000	-450.0000	-450.0000	  4.8000	  6.5000	 11.8333	   4.0033	   1.0063	   1.6064	  0.3007	  0.5994	  0.1000	  0.1600	  0.1900	   0.0000	   0.0000	   0.0000	   0.0000	   0.0000	   0.0000	   0.0000	   0.0000	   0.0000	  0.2367	  0.0000	        0.0000	        0.0000	        0.0000	        0.0000	        0.0000	        0.0000	        0.0000	  0.4767	  0.2691	-27.9925
2018	  3	  23	 55	  2.9965	  0.0000	1641.4560	    5.4630	  4.2099	 18.0000	  0.0000	   0.0000	   0.0000	   0.0000	-450.0000	-450.0000	-450.0000	  2.6000	  5.0000	  9.2500	   4.0033	   1.0063	   1.6064	  0.3007	  0.5994	  0.1000	  0.1600	  0.1900	   0.0000	   0.0000	   0.0000	   0.0000	   0.0000	   0.0000	   0.0000	   0.0000	   0.0000	  0.2373	  0.0000	        0.0000	        0.0000	        0.0000	        0.0000	        0.0000	        0.0000	        0.0000	  0.4767	  0.2691	-27.9925
2018	  4	  23	 55	  3.9965	  0.0000	  9.1204	    0.0242	  3.4114	  0.0167	  0.0000	   0.0000	   0.0000	   0.0000	-450.0000	-450.0000	-450.0000	  2.2000	  3.5000	 12.5000	   4.0033	   1.0063	   1.6064	  0.3007	  0.5994	  0.1000	  0.1600	  0.1900	   0.0000	   0.0000	   0.0000	   0.0000	   0.0000	   0.0000	   0.0000	   0.0000	   0.0000	  0.2373	  0.0000	        0.0000	        0.0000	        0.0000	        0.0000	        0.0000	        0.0000	        0.0000	  0.4767	  0.2691	-27.9925
2018	  5	  23	 55	  4.9965	  0.0000	1290.3871	    2.4777	  3.2247	  0.0000	  1.0000	   0.0000	   0.0000	   0.0000	-450.0000	-450.0000	-450.0000	  0.8167	  2.8000	  7.1667	   4.0033	   1.0063	   1.6064	  0.3007	  0.5994	  0.1000	  0.1600	  0.1900	   0.0000	   0.0000	   0.0000	   0.0000	   0.0000	   0.0000	   0.0000	   0.0000	   0.0000	  0.2373	  0.0000	        0.0000	        0.0000	        0.0000	        0.0000	        0.0000	        0.0000	        0.0000	  0.4767	  0.2691	-27.9925
2018	  6	  23	 55	  5.9965	  0.0000	  8.3494	   -0.0313	  1.5867	  0.0000	  3.0000	   0.0000	   0.0000	   0.0000	-450.0000	-450.0000	-450.0000	 -6.0500	  0.8000	  8.5000	   4.0033	   1.0063	   1.6064	  0.3007	  0.5994	  0.1000	  0.1600	  0.1900	   0.0000	   0.0000	   0.0000	   0.0000	   0.0000	   0.0000	   0.0000	   0.0000	   0.0000	  0.2373	  0.0000	        0.0000	        0.0000	        0.0000	        0.0000	        0.0000	        0.0000	        0.0000	  0.4767	  0.2691	-27.9925
2018	  7	  23	 55	  6.9965	  0.0000	1841.3141	   -3.5291	  0.5635	  0.0000	  4.0000	   0.0000	   0.0000	   0.0000	-450.0000	-450.0000	-450.0000	 -7.9000	  4.4000	 22.6667	   4.0033	   1.0063	   1.6064	  0.3007	  0.5994	  0.1000	  0.1600	  0.1900	   0.0000	   0.0000	   0.0000	   0.0000	   0.0000	   0.0000	   0.0000	   0.0000	   0.0000	  0.2373	  0.0000	        0.0000	        0.0000	        0.0000	        0.0000	        0.0000	        0.0000	        0.0000	  0.4767	  0.2691	-27.9925
2018	  8	  23	 55	  7.9965	  0.0000	1776.4405	    4.6948	  1.3898	  0.0000	  5.0000	   0.0000	   0.0000	   0.0000	-450.0000	-450.0000	-450.0000	  0.2000	  4.3000	 16.2500	   4.0033	   1.0063	   1.6064	  0.3007	  0.5994	  0.1000	  0.1600	  0.1900	   0.0000	   0.0000	   0.0000	   0.0000	   0.0000	   0.0000	   0.0000	   0.0000	   0.0000	  0.2373	  0.0000	        0.0000	        0.0000	        0.0000	        0.0000	        0.0000	        0.0000	        0.0000	  0.4767	  0.2691	-27.9925
2018	  9	  23	 55	  8.9965	  0.0000	1572.9505	    3.0934	  1.7305	  0.0000	  6.0000	   0.0000	   0.0000	   0.0000	-450.0000	-450.0000	-450.0000	 -0.9000	  4.6000	 16.1667	   4.0033	   1.0063	   1.6064	  0.3007	  0.5994	  0.1000	  0.1600	  0.1900	   0.0000	   0.0000	   0.0000	   0.0000	   0.0000	   0.0000	   0.0000	   0.0000	   0.0000	  0.2373	  0.0000	        0.0000	        0.0000	        0.0000	        0.0000	        0.0000	        0.0000	        0.0000	  0.4767	  0.2691	-27.9925
2018	 10	  23	 55	  9.9965	  0.0000	1990.4438	    6.3671	  2.6578	 15.5667	  0.0000	   0.0000	   0.0000	   0.0000	-450.0000	-450.0000	-450.0000	  2.1000	  3.9000	  5.7500	   4.0033	   1.0063	   1.6064	  0.3007	  0.5994	  0.1000	  0.1600	  0.1900	   0.0000	   0.0000	   0.0000	   0.0000	   0.0000	   0.0000	   0.0000	   0.0000	   0.0000	  0.2373	  0.0000	        0.0000	        0.0000	        0.0000	        0.0000	        0.0000	        0.0000	        0.0000	  0.4767	  0.2691	-27.9925
2018	 11	  23	 55	 10.9965	  0.0000	1950.7440	    4.9565	  3.1176	  6.4250	  0.0000	   0.0000	   0.0000	   0.0000	-450.0000	-450.0000	-450.0000	 -0.4000	  3.5000	 16.2500	   4.0033	   1.0063	   1.6064	  0.3007	  0.5994	  0.1000	  0.1600	  0.1900	   0.0000	   0.0000	   0.0000	   0.0000	   0.0000	   0.0000	   0.0000	   0.0000	   0.0000	  0.2373	  0.0000	        0.0000	        0.0000	        0.0000	        0.0000	        0.0000	        0.0000	        0.0000	  0.4767	  0.2691	-27.9925
2018	 12	  23	 55	 11.9965	  0.0000	  9.7817	    0.0062	  2.2868	  0.4667	  0.0000	   0.0000	   0.0000	   0.0000	-450.0000	-450.0000	-450.0000	 -0.5000	  2.0000	 10.0000	   4.0033	   1.0063	   1.6064	  0.3007	  0.5994	  0.1000	  0.1600	  0.1900	   0.0000	   0.0000	   0.0000	   0.0000	   0.0000	   0.0000	   0.0000	   0.0000	   0.0000	  0.2373	  0.0000	        0.0000	        0.0000	        0.0000	        0.0000	        0.0000	        0.0000	        0.0000	  0.4767	  0.2691	-27.9925
2018	 13	  23	 55	 12.9965	  0.0000	1771.9977	    0.2521	  1.8798	  1.1667	  0.0000	   0.0000	   0.0000	   0.0000	-450.0000	-450.0000	-450.0000	 -0.7917	  0.7000	  5.5000	   4.0033	   1.0063	   1.6064	  0.3007	  0.5994	  0.1000	  0.1600	  0.1900	   0.0000	   0.0000	   0.0000	   0.0000	   0.0000	   0.0000	   0.0000	   0.0000	   0.0000	  0.2373	  0.0000	        0.0000	        0.0000	        0.0000	        0.0000	        0.0000	        0.0000	        0.0000	  0.4767	  0.2691	-27.9925
2018	 14	  23	 55	 13.9965	  0.0000	1064.4669	   -0.6689	  1.3701	  0.0000	  1.0000	   0.0000	   0.0000	   0.0000	-450.0000	-450.0000	-450.0000	 -1.7833	  0.0010	  5.0000	   4.0033	   1.0063	   1.6064	  0.3007	  0.5994	  0.1000	  0.1600	  0.1900	   0.0000	   0.0000	   0.0000	   0.0000	   0.0000	   0.0000	   0.0000	   0.0000	   0.0000	  0.2373	  0.0000	        0.0000	        0.0000	        0.0000	        0.0000	        0.0000	        0.0000	        0.0000	  0.4767	  0.2691	-27.9925
2018	 15	  23	 55	 14.9965	  0.0000	1256.4137	   -0.1682	  1.0624	  5.7083	  0.0000	   0.0000	   0.0000	   0.0000	-450.0000	-450.0000	-450.0000	 -1.9000	  0.8833	  4.5000	   4.0033	   1.0063	   1.6064	  0.3007	  0.5994	  0.1000	  0.1600	  0.1900	   0.0000	   0.0000	   0.0000	   0.0000	   0.0000	   0.0000	   0.0000	   0.0000	   0.0000	  0.2373	  0.0000	        0.0000	        0.0000	        0.0000	        0.0000	        0.0000	        0.0000	        0.0000	  0.4767	  0.2691	-27.9925
2018	 16	  23	 55	 15.9965	  0.0000	  3.5431	    0.0049	  1.8482	 40.6667	  0.0000	   0.0000	   0.0000	   0.0000	-450.0000	-450.0000	-450.0000	  0.4000	  3.7000	 17.3333	   4.0033	   1.0063	   1.6064	  0.3007	  0.5994	  0.1000	  0.1600	  0.1900	   0.0000	   0.0000	   0.0000	   0.0000	   0.0000	   0.0000	   0.0000	   0.0000	   0.0000	  0.2373	  0.0000	        0.0000	        0.0000	        0.0000	        0.0000	        0.0000	        0.0000	        0.0000	  0.4767	  0.2691	-27.9925
2018	 17	  23	 55	 16.9965	  0.0000	 10.1432	    0.0160	  1.7252	  0.1667	  0.0000	   0.0000	   0.0000	   0.0000	-450.0000	-450.0000	-450.0000	  0.7000	  3.3000	 16.6667	   4.0033	   1.0063	   1.6064	  0.3007	  0.5994	  0.1000	  0.1600	  0.1900	   0.0000	   0.0000	   0.0000	   0.0000	   0.0000	   0.0000	   0.0000	   0.0000	   0.0000	  0.2373	  0.0000	        0.0000	        0.0000	        0.0000	        0.0000	        0.0000	        0.0000	        0.0000	  0.4767	  0.2691	-27.9925
2018	 18	  23	 55	 17.9965	  0.0000	  8.9021	   -0.0001	  1.2867	  0.0083	  0.0000	   0.0000	   0.0000	   0.0000	-450.0000	-450.0000	-450.0000	 -1.1667	  1.5000	 12.4167	   4.0033	   1.0063	   1.6064	  0.3007	  0.5994	  0.1000	  0.1600	  0.1900	   0.0000	   0.0000	   0.0000	   0.0000	   0.0000	   0.0000	   0.0000	   0.0000	   0.0000	  0.2373	  0.0000	        0.0000	        0.0000	        0.0000	        0.0000	        0.0000	        0.0000	        0.0000	  0.4767	  0.2691	-27.9925
2018	 19	  23	 55	 18.9965	  0.0000	1925.4775	   -2.9057	  0.4482	  0.0000	  1.0000	   0.0000	   0.0000	   0.0000	-450.0000	-450.0000	-450.0000	 -3.8000	  0.8000	 22.7500	   4.0033	   1.0063	   1.6064	  0.3007	  0.5994	  0.1000	  0.1600	  0.1900	   0.0000	   0.0000	   0.0000	   0.0000	   0.0000	   0.0000	   0.0000	   0.0000	   0.0000	  0.2373	  0.0000	        0.0000	        0.0000	        0.0000	        0.0000	        0.0000	        0.0000	        0.0000	  0.4767	  0.2691	-27.9925
2018	 20	  23	 55	 19.9965	  0.0000	1222.1551	    0.3815	  0.4349	  0.3167	  0.0000	   0.0000	   0.0000	   0.0000	-450.0000	-450.0000	-450.0000	 -1.1000	  1.2000	 10.7500	   4.0033	   1.0063	   1.6064	  0.3007	  0.5994	  0.1000	  0.1600	  0.1900	   0.0000	   0.0000	   0.0000	   0.0000	   0.0000	   0.0000	   0.0000	   0.0000	   0.0000	  0.2373	  0.0000	        0.0000	        0.0000	        0.0000	        0.0000	        0.0000	        0.0000	        0.0000	  0.4767	  0.2691	-27.9925
2018	 21	  23	 55	 20.9965	  0.0000	1420.5557	    0.3745	  0.4228	  0.0000	  1.0000	   0.0000	   0.0000	   0.0000	-450.0000	-450.0000	-450.0000	 -0.4000	  1.0000	 10.4167	   4.0033	   1.0063	   1.6064	  0.3007	  0.5994	  0.1000	  0.1600	  0.1900	   0.0000	   0.0000	   0.0000	   0.0000	   0.0000	   0.0000	   0.0000	   0.0000	   0.0000	  0.2373	  0.0000	        0.0000	        0.0000	        0.0000	        0.0000	        0.0000	        0.0000	        0.0000	  0.4767	  0.2691	-27.9925
2018	 22	  23	 55	 21.9965	  0.0000	1238.6621	   -0.5156	  0.2351	  0.0000	  2.0000	   0.0000	   0.0000	   0.0000	-450.0000	-450.0000	-450.0000	 -2.0000	  0.6000	 11.0833	   4.0033	   1.0063	   1.6064	  0.3007	  0.5994	  0.1000	  0.1600	  0.1900	   0.0000	   0.0000	   0.0000	   0.0000	   0.0000	   0.0000	   0.0000	   0.0000	   0.0000	  0.2373	  0.0000	        0.0000	        0.0000	        0.0000	        0.0000	        0.0000	        0.0000	        0.0000	  0.4767	  0.2691	-27.9925
2018	 23	  23	 55	 22.9965	  0.0000	1509.3266	    2.1245	  0.6130	 30.1917	  0.0000	   0.0000	   0.0000	   0.0000	-450.0000	-450.0000	-450.0000	 -0.4000	  4.9500	  7.9167	   4.0033	   1.0063	   1.6064	  0.3007	  0.5994	  0.1000	  0.1600	  0.1900	   0.0000	   0.0000	   0.0000	   0.0000	   0.0000	   0.0000	   0.0000	   0.0000	   0.0000	  0.2373	  0.0000	        0.0000	        0.0000	        0.0000	        0.0000	        0.0000	        0.0000	        0.0000	  0.4767	  0.2691	-27.9925
2018	 24	  23	 55	 23.9965	  0.0000	1808.1474	   12.0359	  2.8976	 21.4083	  0.0000	   1.9500	   1.9500	   1.9500	-450.0000	-450.0000	-450.0000	  5.0000	  8.9000	  6.0833	   4.0054	   1.0102	   1.6104	  0.3011	  0.5991	  0.1000	  0.1600	  0.1900	   0.0000	   0.0000	   0.0000	   0.0000	   0.0000	   0.0000	   0.0000	   0.0000	   0.0000	  0.2380	  0.0000	        0.0000	        0.0000	        0.0000	        0.0000	        0.0000	        0.0000	        0.0000	  0.4767	  0.2691	-27.9925
2018	 25	  23	 55	 24.9965	  0.0000	1291.9748	    7.5463	  3.8273	  1.2667	  0.0000	   2.7500	   2.7500	   2.7500	-450.0000	-450.0000	-450.0000	  5.3000	  6.3000	 10.3333	   4.0083	   1.0157	   1.6160	  0.3017	  0.5986	  0.1000	  0.1600	  0.1900	   0.0000	   0.0000	   0.0000	   0.0000	   0.0000	   0.0000	   0.0000	   0.0000	   0.0000	  0.2389	  0.0000	        0.0000	        0.0000	        0.0000	        0.0000	        0.0000	        0.0000	        0.0000	  0.4767	  0.2691	-27.9925
2018	 26	  23	 55	 25.9965	  0.0000	  8.8268	    0.0338	  3.6280	  3.9833	  0.0000	   0.0000	   0.0000	   0.0000	-450.0000	-450.0000	-450.0000	  2.3750	  5.7000	 11.3333	   4.0083	   1.0157	   1.6160	  0.3017	  0.5986	  0.1000	  0.1600	  0.1900	   0.0000	   0.0000	   0.0000	   0.0000	   0.0000	   0.0000	   0.0000	   0.0000	   0.0000	  0.2389	  0.0000	        0.0000	        0.0000	        0.0000	        0.0000	        0.0000	        0.0000	        0.0000	  0.4767	  0.2691	-27.9925
2018	 27	  23	 55	 26.9965	  0.0000	2203.4912	    3.6027	  3.6230	 20.6250	  0.0000	   0.0000	   0.0000	   0.0000	-450.0000	-450.0000	-450.0000	 -2.8000	  4.5000	 24.5000	   4.0083	   1.0157	   1.6160	  0.3017	  0.5986	  0.1000	  0.1600	  0.1900	   0.0000	   0.0000	   0.0000	   0.0000	   0.0000	   0.0000	   0.0000	   0.0000	   0.0000	  0.2389	  0.0000	        0.0000	        0.0000	        0.0000	        0.0000	        0.0000	        0.0000	        0.0000	  0.4767	  0.2691	-27.9925
2018	 28	  23	 55	 27.9965	  0.0000	3614.8581	   19.1543	  6.7292	 20.8917	  0.0000	   0.4500	   0.4500	   0.4500	-450.0000	-450.0000	-450.0000	  3.6000	  7.3000	  9.0833	   4.0088	   1.0166	   1.6169	  0.3018	  0.5985	  0.1000	  0.1600	  0.1900	   0.0000	   0.0000	   0.0000	   0.0000	   0.0000	   0.0000	   0.0000	   0.0000	   0.0000	  0.2391	  0.0000	        0.0000	        0.0000	        0.0000	        0.0000	        0.0000	        0.0000	        0.0000	  0.4767	  0.2691	-27.9925
2018	 29	  23	 55	 28.9965	  0.0000	 11.1681	    0.0465	  5.8303	 43.8083	  0.0000	   0.0000	   0.0000	   0.0000	-450.0000	-450.0000	-450.0000	  2.5000	  7.2000	 13.5000	   4.0088	   1.0166	   1.6169	  0.3018	  0.5985	  0.1000	  0.1600	  0.1900	   0.0000	   0.0000	   0.0000	   0.0000	   0.0000	   0.0000	   0.0000	   0.0000	   0.0000	  0.2391	  0.0000	        0.0000	        0.0000	        0.0000	        0.0000	        0.0000	        0.0000	        0.0000	  0.4767	  0.2691	-27.9925
2018	 30	  23	 55	 29.9965	  0.0000	1996.9637	    5.9254	  5.8494	  0.0000	  1.0000	   0.0000	   0.0000	   0.0000	-450.0000	-450.0000	-450.0000	 -0.4000	  5.5000	 24.1667	   4.0088	   1.0166	   1.6169	  0.3018	  0.5985	  0.1000	  0.1600	  0.1900	   0.0000	   0.0000	   0.0000	   0.0000	   0.0000	   0.0000	   0.0000	   0.0000	   0.0000	  0.2391	  0.0000	        0.0000	        0.0000	        0.0000	        0.0000	        0.0000	        0.0000	        0.0000	  0.4767	  0.2691	-27.9925
2018	 31	  23	 55	 30.9965	  0.0000	 13.0333	    0.0439	  5.2975	 33.5583	  0.0000	   0.0000	   0.0000	   0.0000	-450.0000	-450.0000	-450.0000	  1.5000	  5.3000	 17.0833	   4.0088	   1.0166	   1.6169	  0.3018	  0.5985	  0.1000	  0.1600	  0.1900	   0.0000	   0.0000	   0.0000	   0.0000	   0.0000	   0.0000	   0.0000	   0.0000	   0.0000	  0.2391	  0.0000	        0.0000	        0.0000	        0.0000	        0.0000	        0.0000	        0.0000	        0.0000	  0.4767	  0.2691	-27.9925
2018	 32	  23	 55	 31.9965	  0.0000	  3.5038	    0.0106	  4.0837	117.2167	  0.0000	   0.0000	   0.0000	   0.0000	-450.0000	-450.0000	-450.0000	  0.7000	  4.5000	 16.8333	   4.0088	   1.0166	   1.6169	  0.3018	  0.5985	  0.1000	  0.1600	  0.1900	   0.0000	   0.0000	   0.0000	   0.0000	   0.0000	   0.0000	   0.0000	   0.0000	   0.0000	  0.2391	  0.0000	        0.0000	        0.0000	        0.0000	        0.0000	        0.0000	        0.0000	        0.0000	  0.4767	  0.2691	-27.9925
2018	 33	  23	 55	 32.9965	  0.0000	3679.9048	    0.6609	  3.3991	  7.9000	  0.0000	   0.0000	   0.0000	   0.0000	-450.0000	-450.0000	-450.0000	 -5.1000	  3.0000	 12.2500	   4.0088	   1.0166	   1.6169	  0.3018	  0.5985	  0.1000	  0.1600	  0.1900	   0.0000	   0.0000	   0.0000	   0.0000	   0.0000	   0.0000	   0.0000	   0.0000	   0.0000	  0.2391	  0.0000	        0.0000	        0.0000	        0.0000	        0.0000	        0.0000	        0.0000	        0.0000	  0.4767	  0.2691	-27.9925
2018	 34	  23	 55	 33.9965	  0.0000	1196.9445	   -3.9440	  1.9305	  0.1750	  0.0000	   0.0000	   0.0000	   0.0000	-450.0000	-450.0000	-450.0000	 -5.1000	 -2.2000	  9.5833	   4.0088	   1.0166	   1.6169	  0.3018	  0.5985	  0.1000	  0.1600	  0.1900	   0.0000	   0.0000	   0.0000	   0.0000	   0.0000	   0.0000	   0.0000	   0.0000	   0.0000	  0.2391	  0.0000	        0.0000	        0.0000	        0.0000	        0.0000	        0.0000	        0.0000	        0.0000	  0.4767	  0.2691	-27.9925
2018	 35	  23	 55	 34.9965	  0.0000	1474.2168	   -5.1386	  0.5167	  0.0000	  1.0000	   0.0000	   0.0000	   0.0000	-450.0000	-450.0000	-450.0000	 -6.6917	 -2.2000	 15.1667	   4.0088	   1.0166	   1.6169	  0.3018	  0.5985	  0.1000	  0.1600	  0.1900	   0.0000	   0.0000	   0.0000	   0.0000	   0.0000	   0.0000	   0.0000	   0.0000	   0.0000	  0.2391	  0.0000	        0.0000	        0.0000	        0.0000	        0.0000	        0.0000	        0.0000	        0.0000	  0.4767	  0.2691	-27.9925
2018	 36	  23	 55	 35.9965	  0.0000	2064.9387	  -13.1206	 -2.2108	  0.0000	  2.0000	   0.0000	   0.0000	   0.0000	-450.0000	-450.0000	-450.0000	 -9.1000	 -2.9000	 25.8333	   4.0088	   1.0166	   1.6169	  0.3018	  0.5985	  0.1000	  0.1600	  0.1900	   0.0000	   0.0000	   0.0000	   0.0000	   0.0000	   0.0000	   0.0000	   0.0000	   0.0000	  0.2391	  0.0000	        0.0000	        0.0000	        0.0000	        0.0000	        0.0000	        0.0000	        0.0000	  0.4767	  0.2691	-27.9925
2018	 37	  23	 55	 36.9965	  0.0000	1429.3064	   -4.7981	 -2.7282	  0.3667	  0.0000	   0.0000	   0.0000	   0.0000	-450.0000	-450.0000	-450.0000	 -8.5000	 -0.8000	 10.3333	   4.0088	   1.0166	   1.6169	  0.3018	  0.5985	  0.1000	  0.1600	  0.1900	   0.0000	   0.0000	   0.0000	   0.0000	   0.0000	   0.0000	   0.0000	   0.0000	   0.0000	  0.2391	  0.0000	        0.0000	        0.0000	        0.0000	        0.0000	        0.0000	        0.0000	        0.0000	  0.4767	  0.2691	-27.9925
2018	 38	  23	 55	 37.9965	  0.0000	1788.5214	   -0.6284	 -2.3083	  6.3917	  0.0000	   0.0000	   0.0000	   0.0000	-450.0000	-450.0000	-450.0000	 -3.7000	  2.0000	 17.0000	   4.0088	   1.0166	   1.6169	  0.3018	  0.5985	  0.1000	  0.1600	  0.1900	   0.0000	   0.0000	   0.0000	   0.0000	   0.0000	   0.0000	   0.0000	   0.0000	   0.0000	  0.2391	  0.0000	        0.0000	        0.0000	        0.0000	        0.0000	        0.0000	        0.0000	        0.0000	  0.4767	  0.2691	-27.9925
2018	 39	  23	 55	 38.9965	  0.0000	1697.4275	    2.2603	 -1.3946	  0.0000	  1.0000	   0.0000	   0.0000	   0.0000	-450.0000	-450.0000	-450.0000	 -0.1000	  2.5000	 17.2500	   4.0088	   1.0166	   1.6169	  0.3018	  0.5985	  0.1000	  0.1600	  0.1900	   0.0000	   0.0000	   0.0000	   0.0000	   0.0000	   0.0000	   0.0000	   0.0000	   0.0000	  0.2391	  0.0000	        0.0000	        0.0000	        0.0000	        0.0000	        0.0000	        0.0000	        0.0000	  0.4767	  0.2691	-27.9925
2018	 40	  23	 55	 39.9965	  0.0000	  9.2955	   -0.0070	 -0.8848	  0.0000	  3.0000	   0.0000	   0.0000	   0.0000	-450.0000	-450.0000	-450.0000	 -2.7000	  1.6000	 20.3333	   4.0088	   1.0166	   1.6169	  0.3018	  0.5985	  0.1000	  0.1600	  0.1900	   0.0000	   0.0000	   0.0000	   0.0000	   0.0000	   0.0000	   0.0000	   0.0000	   0.0000	  0.2391	  0.0000	        0.0000	        0.0000	        0.0000	        0.0000	        0.0000	        0.0000	        0.0000	  0.4767	  0.2691	-27.9925
2018	 41	  23	 55	 40.9965	  0.0000	1426.6459	   -0.4969	 -0.8073	  0.0000	  4.0000	   0.0000	   0.0000	   0.0000	-450.0000	-450.0000	-450.0000	 -2.0000	  0.9000	 16.0833	   4.0088	   1.0166	   1.6169	  0.3018	  0.5985	  0.1000	  0.1600	  0.1900	   0.0000	   0.0000	   0.0000	   0.0000	   0.0000	   0.0000	   0.0000	   0.0000	   0.0000	  0.2391	  0.0000	        0.0000	        0.0000	        0.0000	        0.0000	        0.0000	        0.0000	        0.0000	  0.4767	  0.2691	-27.9925
2018	 42	  23	 55	 41.9965	  0.0000	1560.0974	    0.6828	 -0.5093	  7.4917	  0.0000	   0.0000	   0.0000	   0.0000	-450.0000	-450.0000	-450.0000	 -1.5000	  2.6000	 14.4167	   4.0088	   1.0166	   1.6169	  0.3018	  0.5985	  0.1000	  0.1600	  0.1900	   0.0000	   0.0000	   0.0000	   0.0000	   0.0000	   0.0000	   0.0000	   0.0000	   0.0000	  0.2391	  0.0000	        0.0000	        0.0000	        0.0000	        0.0000	        0.0000	        0.0000	        0.0000	  0.4767	  0.2691	-27.9925
2018	 43	  23	 55	 42.9965	  0.0000	5390.7623	   12.8703	  2.1667	 58.4333	  0.0000	   0.0000	   0.0000	   0.0000	-450.0000	-450.0000	-450.0000	  0.6000	  3.2000	 20.8333	   4.0088	   1.0166	   1.6169	  0.3018	  0.5985	  0.1000	  0.1600	  0.1900	   0.0000	   0.0000	   0.0000	   0.0000	   0.0000	   0.0000	   0.0000	   0.0000	   0.0000	  0.2391	  0.0000	        0.0000	        0.0000	        0.0000	        0.0000	        0.0000	        0.0000	        0.0000	  0.4767	  0.2691	-27.9925
2018	 44	  23	 55	 43.9965	  0.0000	  3.5356	    0.0057	  1.8585	  0.2583	  0.0000	   0.0000	   0.0000	   0.0000	-450.0000	-450.0000	-450.0000	  1.5000	  2.7000	 14.2500	   4.0088	   1.0166	   1.6169	  0.3018	  0.5985	  0.1000	  0.1600	  0.1900	   0.0000	   0.0000	   0.0000	   0.0000	   0.0000	   0.0000	   0.0000	   0.0000	   0.0000	  0.2391	  0.0000	        0.0000	        0.0000	        0.0000	        0.0000	        0.0000	        0.0000	        0.0000	  0.4767	  0.2691	-27.9925
2018	 45	  23	 55	 44.9965	  0.0000	3236.1147	    5.8987	  2.6665	  0.0000	  1.0000	   0.0000	   0.0000	   0.0000	-450.0000	-450.0000	-450.0000	 -0.3583	  4.2000	 25.6667	   4.0088	   1.0166	   1.6169	  0.3018	  0.5985	  0.1000	  0.1600	  0.1900	   0.0000	   0.0000	   0.0000	   0.0000	   0.0000	   0.0000	   0.0000	   0.0000	   0.0000	  0.2391	  0.0000	        0.0000	        0.0000	        0.0000	        0.0000	        0.0000	        0.0000	        0.0000	  0.4767	  0.2691	-27.9925
2018	 46	  23	 55	 45.9965	  0.0000	1668.5806	    1.2600	  2.3852	  4.0083	  0.0000	   0.0000	   0.0000	   0.0000	-450.0000	-450.0000	-450.0000	 -0.6000	  2.7000	 18.5833	   4.0088	   1.0166	   1.6169	  0.3018	  0.5985	  0.1000	  0.1600	  0.1900	   0.0000	   0.0000	   0.0000	   0.0000	   0.0000	   0.0000	   0.0000	   0.0000	   0.0000	  0.2391	  0.0000	        0.0000	        0.0000	        0.0000	        0.0000	        0.0000	        0.0000	        0.0000	  0.4767	  0.2691	-27.9925
2018	 47	  23	 55	 46.9965	  0.0000	 10.5750	    0.0112	  2.0200	  7.9583	  0.0000	   0.0000	   0.0000	   0.0000	-450.0000	-450.0000	-450.0000	 -0.3000	  3.3000	 22.1667	   4.0088	   1.0166	   1.6169	  0.3018	  0.5985	  0.1000	  0.1600	  0.1900	   0.0000	   0.0000	   0.0000	   0.0000	   0.0000	   0.0000	   0.0000	   0.0000	   0.0000	  0.2391	  0.0000	        0.0000	        0.0000	        0.0000	        0.0000	        0.0000	        0.0000	        0.0000	  0.4767	  0.2691	-27.9925
2018	 48	  23	 55	 47.9965	  0.0000	2140.9058	    0.1915	  1.6543	  0.0000	  1.0000	   0.0000	   0.0000	   0.0000	-450.0000	-450.0000	-450.0000	 -3.3000	  2.0000	 30.7500	   4.0088	   1.0166	   1.6169	  0.3018	  0.5985	  0.1000	  0.1600	  0.1900	   0.0000	   0.0000	   0.0000	   0.0000	   0.0000	   0.0000	   0.0000	   0.0000	   0.0000	  0.2391	  0.0000	        0.0000	        0.0000	        0.0000	        0.0000	        0.0000	        0.0000	        0.0000	  0.4767	  0.2691	-27.9925
2018	 49	  23	 55	 48.9965	  0.0000	  3.5936	    0.0059	  2.3544	127.3583	  0.0000	   0.0000	   0.0000	   0.0000	-450.0000	-450.0000	-450.0000	  0.8000	  3.0000	 19.7500	   4.0088	   1.0166	   1.6169	  0.3018	  0.5985	  0.1000	  0.1600	  0.1900	   0.0000	   0.0000	   0.0000	   0.0000	   0.0000	   0.0000	   0.0000	   0.0000	   0.0000	  0.2391	  0.0000	        0.0000	        0.0000	        0.0000	        0.0000	        0.0000	        0.0000	        0.0000	  0.4767	  0.2691	-27.9925
2018	 50	  23	 55	 49.9965	  0.0000	  3.5392	    0.0036	  1.7118	 44.2917	  0.0000	   0.0000	   0.0000	   0.0000	-450.0000	-450.0000	-450.0000	  0.5000	  1.6000	 29.7500	   4.0088	   1.0166	   1.6169	  0.3018	  0.5985	  0.1000	  0.1600	  0.1900	   0.0000	   0.0000	   0.0000	   0.0000	   0.0000	   0.0000	   0.0000	   0.0000	   0.0000	  0.2391	  0.0000	        0.0000	        0.0000	        0.0000	        0.0000	        0.0000	        0.0000	        0.0000	  0.4767	  0.2691	-27.9925
2018	 51	  23	 55	 50.9965	  0.0000	3916.9383	    0.9975	  1.5690	  0.0000	  1.0000	   0.0000	   0.0000	   0.0000	-450.0000	-450.0000	-450.0000	 -0.8000	  1.6000	 22.0833	   4.0088	   1.0166	   1.6169	  0.3018	  0.5985	  0.1000	  0.1600	  0.1900	   0.0000	   0.0000	   0.0000	   0.0000	   0.0000	   0.0000	   0.0000	   0.0000	   0.0000	  0.2391	  0.0000	        0.0000	        0.0000	        0.0000	        0.0000	        0.0000	        0.0000	        0.0000	  0.4767	  0.2691	-27.9925
2018	 52	  23	 55	 51.9965	  0.0000	 11.1158	   -0.0180	  0.8335	  2.6750	  0.0000	   0.0000	   0.0000	   0.0000	-450.0000	-450.0000	-450.0000	 -4.1333	  0.6000	 23.9167	   4.0088	   1.0166	   1.6169	  0.3018	  0.5985	  0.1000	  0.1600	  0.1900	   0.0000	   0.0000	   0.0000	   0.0000	   0.0000	   0.0000	   0.0000	   0.0000	   0.0000	  0.2391	  0.0000	        0.0000	        0.0000	        0.0000	        0.0000	        0.0000	        0.0000	        0.0000	  0.4767	  0.2691	-27.9925
2018	 53	  23	 55	 52.9965	  0.0000	2066.3405	   -8.2379	 -0.9808	  0.0000	  1.0000	   0.0000	   0.0000	   0.0000	-450.0000	-450.0000	-450.0000	 -6.6000	 -1.2000	 25.0000	   4.0088	   1.0166	   1.6169	  0.3018	  0.5985	  0.1000	  0.1600	  0.1900	   0.0000	   0.0000	   0.0000	   0.0000	   0.0000	   0.0000	   0.0000	   0.0000	   0.0000	  0.2391	  0.0000	        0.0000	        0.0000	        0.0000	        0.0000	        0.0000	        0.0000	        0.0000	  0.4767	  0.2691	-27.9925
2018	 54	  23	 55	 53.9965	  0.0000	  3.4855	   -0.0076	 -0.5550	  0.0000	  5.0000	   0.0000	   0.0000	   0.0000	-450.0000	-450.0000	-450.0000	 -3.0000	  0.7000	 20.8333	   4.0088	   1.0166	   1.6169	  0.3018	  0.5985	  0.1000	  0.1600	  0.1900	   0.0000	   0.0000	   0.0000	   0.0000	   0.0000	   0.0000	   0.0000	   0.0000	   0.0000	  0.2391	  0.0000	        0.0000	        0.0000	        0.0000	        0.0000	        0.0000	        0.0000	        0.0000	  0.4767	  0.2691	-27.9925
2018	 55	  23	 55	 54.9965	  0.0000	1995.8468	   -5.6340	 -1.5708	  0.0000	  6.0000	   0.0000	   0.0000	   0.0000	-450.0000	-450.0000	-450.0000	 -5.2583	 -0.7000	 27.4167	   4.0088	   1.0166	   1.6169	  0.3018	  0.5985	  0.1000	  0.1600	  0.1900	   0.0000	   0.0000	   0.0000	   0.0000	   0.0000	   0.0000	   0.0000	   0.0000	   0.0000	  0.2391	  0.0000	        0.0000	        0.0000	        0.0000	        0.0000	        0.0000	        0.0000	        0.0000	  0.4767	  0.2691	-27.9925
2018	 56	  23	 55	 55.9965	  0.0000	1854.6735	  -11.0547	 -3.4676	  0.0000	  7.0000	   0.0000	   0.0000	   0.0000	-450.0000	-450.0000	-450.0000	 -8.5000	 -4.3000	 25.6667	   4.0088	   1.0166	   1.6169	  0.3018	  0.5985	  0.1000	  0.1600	  0.1900	   0.0000	   0.0000	   0.0000	   0.0000	   0.0000	   0.0000	   0.0000	   0.0000	   0.0000	  0.2391	  0.0000	        0.0000	        0.0000	        0.0000	        0.0000	        0.0000	        0.0000	        0.0000	  0.4767	  0.2691	-27.9925
2018	 57	  23	 55	 56.9965	  0.0000	  3.4975	   -0.0212	 -3.3505	  0.0000	 10.0000	   0.0000	   0.0000	   0.0000	-450.0000	-450.0000	-450.0000	 -9.4000	 -2.5000	 32.0833	   4.0088	   1.0166	   1.6169	  0.3018	  0.5985	  0.1000	  0.1600	  0.1900	   0.0000	   0.0000	   0.0000	   0.0000	   0.0000	   0.0000	   0.0000	   0.0000	   0.0000	  0.2391	  0.0000	        0.0000	        0.0000	        0.0000	        0.0000	        0.0000	        0.0000	        0.0000	  0.4767	  0.2691	-27.9925
2018	 58	  23	 55	 57.9965	  0.0000	 10.2346	   -0.0988	 -4.7086	  0.2167	  0.0000	   0.0000	   0.0000	   0.0000	-450.0000	-450.0000	-450.0000	-12.4500	 -6.1000	 26.5833	   4.0088	   1.0166	   1.6169	  0.3018	  0.5985	  0.1000	  0.1600	  0.1900	   0.0000	   0.0000	   0.0000	   0.0000	   0.0000	   0.0000	   0.0000	   0.0000	   0.0000	  0.2391	  0.0000	        0.0000	        0.0000	        0.0000	        0.0000	        0.0000	        0.0000	        0.0000	  0.4767	  0.2691	-27.9925
2018	 59	  23	 55	 58.9965	  0.0000	1813.3736	  -17.5462	 -7.2761	  0.0000	  1.0000	   0.0000	   0.0000	   0.0000	-450.0000	-450.0000	-450.0000	-12.5000	 -6.9000	 28.3333	   4.0088	   1.0166	   1.6169	  0.3018	  0.5985	  0.1000	  0.1600	  0.1900	   0.0000	   0.0000	   0.0000	   0.0000	   0.0000	   0.0000	   0.0000	   0.0000	   0.0000	  0.2391	  0.0000	        0.0000	        0.0000	        0.0000	        0.0000	        0.0000	        0.0000	        0.0000	  0.4767	  0.2691	-27.9925
2018	 60	  23	 55	 59.9965	  0.0000	 10.5117	   -0.0763	 -7.2226	  0.0000	  3.0000	   0.0000	   0.0000	   0.0000	-450.0000	-450.0000	-450.0000	-12.0000	 -4.8000	 30.3333	   4.0088	   1.0166	   1.6169	  0.3018	  0.5985	  0.1000	  0.1600	  0.1900	   0.0000	   0.0000	   0.0000	   0.0000	   0.0000	   0.0000	   0.0000	   0.0000	   0.0000	  0.2391	  0.0000	        0.0000	        0.0000	        0.0000	        0.0000	        0.0000	        0.0000	        0.0000	  0.4767	  0.2691	-27.9925
2018	 61	  23	 55	 60.9965	  0.0000	1475.9447	   -6.8916	 -7.1564	  0.0000	  4.0000	   0.0000	   0.0000	   0.0000	-450.0000	-450.0000	-450.0000	 -6.7000	 -3.4083	 20.0833	   4.0088	   1.0166	   1.6169	  0.3018	  0.5985	  0.1000	  0.1600	  0.1900	   0.0000	   0.0000	   0.0000	   0.0000	   0.0000	   0.0000	   0.0000	   0.0000	   0.0000	  0.2391	  0.0000	        0.0000	        0.0000	        0.0000	        0.0000	        0.0000	        0.0000	        0.0000	  0.4767	  0.2691	-27.9925
2018	 62	  23	 55	 61.9965	  0.0000	1569.0339	   -4.3040	 -6.5860	  0.0000	  5.0000	   0.0000	   0.0000	   0.0000	-450.0000	-450.0000	-450.0000	 -3.8000	 -0.8000	 20.5000	   4.0088	   1.0166	   1.6169	  0.3018	  0.5985	  0.1000	  0.1600	  0.1900	   0.0000	   0.0000	   0.0000	   0.0000	   0.0000	   0.0000	   0.0000	   0.0000	   0.0000	  0.2391	  0.0000	        0.0000	        0.0000	        0.0000	        0.0000	        0.0000	        0.0000	        0.0000	  0.4767	  0.2691	-27.9925
2018	 63	  23	 55	 62.9965	  0.0000	1591.2588	   -2.9642	 -5.8616	  0.0000	  6.0000	   0.0000	   0.0000	   0.0000	-450.0000	-450.0000	-450.0000	 -3.8000	 -0.4000	 22.0000	   4.0088	   1.0166	   1.6169	  0.3018	  0.5985	  0.1000	  0.1600	  0.1900	   0.0000	   0.0000	   0.0000	   0.0000	   0.0000	   0.0000	   0.0000	   0.0000	   0.0000	  0.2391	  0.0000	        0.0000	        0.0000	        0.0000	        0.0000	        0.0000	        0.0000	        0.0000	  0.4767	  0.2691	-27.9925
2018	 64	  23	 55	 63.9965	  0.0000	  3.5651	   -0.0053	 -4.0649	 83.3500	  0.0000	   0.0000	   0.0000	   0.0000	-450.0000	-450.0000	-450.0000	 -2.1000	 -0.1000	 25.2500	   4.0088	   1.0166	   1.6169	  0.3018	  0.5985	  0.1000	  0.1600	  0.1900	   0.0000	   0.0000	   0.0000	   0.0000	   0.0000	   0.0000	   0.0000	   0.0000	   0.0000	  0.2391	  0.0000	        0.0000	        0.0000	        0.0000	        0.0000	        0.0000	        0.0000	        0.0000	  0.4767	  0.2691	-27.9925
2018	 65	  23	 55	 64.9965	  0.0000	2266.7473	    0.7229	 -3.1074	  9.1083	  0.0000	   0.0000	   0.0000	   0.0000	-450.0000	-450.0000	-450.0000	 -1.5000	  2.0000	 24.0833	   4.0088	   1.0166	   1.6169	  0.3018	  0.5985	  0.1000	  0.1600	  0.1900	   0.0000	   0.0000	   0.0000	   0.0000	   0.0000	   0.0000	   0.0000	   0.0000	   0.0000	  0.2391	  0.0000	        0.0000	        0.0000	        0.0000	        0.0000	        0.0000	        0.0000	        0.0000	  0.4767	  0.2691	-27.9925
2018	 66	  23	 55	 65.9965	  0.0000	  3.4929	   -0.0001	 -0.6163	  1.7500	  0.0000	   0.0000	   0.0000	   0.0000	-450.0000	-450.0000	-450.0000	 -0.0333	  4.5000	 28.5000	   4.0088	   1.0166	   1.6169	  0.3018	  0.5985	  0.1000	  0.1600	  0.1900	   0.0000	   0.0000	   0.0000	   0.0000	   0.0000	   0.0000	   0.0000	   0.0000	   0.0000	  0.2391	  0.0000	        0.0000	        0.0000	        0.0000	        0.0000	        0.0000	        0.0000	        0.0000	  0.4767	  0.2691	-27.9925
2018	 67	  23	 55	 66.9965	  0.0000	2248.5487	   -0.0715	 -0.5074	  9.2417	  0.0000	   0.0000	   0.0000	   0.0000	-450.0000	-450.0000	-450.0000	 -1.1000	  0.7000	 33.3333	   4.0088	   1.0166	   1.6169	  0.3018	  0.5985	  0.1000	  0.1600	  0.1900	   0.0000	   0.0000	   0.0000	   0.0000	   0.0000	   0.0000	   0.0000	   0.0000	   0.0000	  0.2391	  0.0000	        0.0000	        0.0000	        0.0000	        0.0000	        0.0000	        0.0000	        0.0000	  0.4767	  0.2691	-27.9925
2018	 68	  23	 55	 67.9965	  0.0000	  9.4785	   -0.0180	 -0.8046	  0.0000	  2.0000	   0.0000	   0.0000	   0.0000	-450.0000	-450.0000	-450.0000	 -3.5000	  0.2000	 21.0000	   4.0088	   1.0166	   1.6169	  0.3018	  0.5985	  0.1000	  0.1600	  0.1900	   0.0000	   0.0000	   0.0000	   0.0000	   0.0000	   0.0000	   0.0000	   0.0000	   0.0000	  0.2391	  0.0000	        0.0000	        0.0000	        0.0000	        0.0000	        0.0000	        0.0000	        0.0000	  0.4767	  0.2691	-27.9925
2018	 69	  23	 55	 68.9965	  0.0000	2478.2843	   -3.5519	 -1.3540	  0.0000	  3.0000	   0.0000	   0.0000	   0.0000	-450.0000	-450.0000	-450.0000	 -6.0000	  2.2000	 38.1667	   4.0088	   1.0166	   1.6169	  0.3018	  0.5985	  0.1000	  0.1600	  0.1900	   0.0000	   0.0000	   0.0000	   0.0000	   0.0000	   0.0000	   0.0000	   0.0000	   0.0000	  0.2391	  0.0000	        0.0000	        0.0000	        0.0000	        0.0000	        0.0000	        0.0000	        0.0000	  0.4767	  0.2691	-27.9925
2018	 70	  23	 55	 69.9965	  0.0000	  3.5040	    0.0108	  0.4653	145.6833	  0.0000	   0.0000	   0.0000	   0.0000	-450.0000	-450.0000	-450.0000	 -2.2000	  3.0833	 28.6667	   4.0088	   1.0166	   1.6169	  0.3018	  0.5985	  0.1000	  0.1600	  0.1900	   0.0000	   0.0000	   0.0000	   0.0000	   0.0000	   0.0000	   0.0000	   0.0000	   0.0000	  0.2391	  0.0000	        0.0000	        0.0000	        0.0000	        0.0000	        0.0000	        0.0000	        0.0000	  0.4767	  0.2691	-27.9925
2018	 71	  23	 55	 70.9965	  0.0000	 17.1081	    0.0678	  2.9574	 66.6000	  0.0000	   0.0000	   0.0000	   0.0000	-450.0000	-450.0000	-450.0000	  2.8000	  5.9000	 25.7500	   4.0088	   1.0166	   1.6169	  0.3018	  0.5985	  0.1000	  0.1600	  0.1900	   0.0000	   0.0000	   0.0000	   0.0000	   0.0000	   0.0000	   0.0000	   0.0000	   0.0000	  0.2391	  0.0000	        0.0000	        0.0000	        0.0000	        0.0000	        0.0000	        0.0000	        0.0000	  0.4767	  0.2691	-27.9925
2018	 72	  23	 55	 71.9965	  0.0000	1301.3297	    2.9778	  2.9614	  0.0000	  1.0000	   0.0000	   0.0000	   0.0000	-450.0000	-450.0000	-450.0000	  1.3083	  2.9000	 14.4167	   4.0088	   1.0166	   1.6169	  0.3018	  0.5985	  0.1000	  0.1600	  0.1900	   0.0000	   0.0000	   0.0000	   0.0000	   0.0000	   0.0000	   0.0000	   0.0000	   0.0000	  0.2391	  0.0000	        0.0000	        0.0000	        0.0000	        0.0000	        0.0000	        0.0000	        0.0000	  0.4767	  0.2691	-27.9925
2018	 73	  23	 55	 72.9965	  0.0000	2192.6772	    3.2312	  3.0154	  0.0000	  2.0000	   0.0000	   0.0000	   0.0000	-450.0000	-450.0000	-450.0000	 -2.1667	  3.5000	 33.5833	   4.0088	   1.0166	   1.6169	  0.3018	  0.5985	  0.1000	  0.1600	  0.1900	   0.0000	   0.0000	   0.0000	   0.0000	   0.0000	   0.0000	   0.0000	   0.0000	   0.0000	  0.2391	  0.0000	        0.0000	        0.0000	        0.0000	        0.0000	        0.0000	        0.0000	        0.0000	  0.4767	  0.2691	-27.9925
2018	 74	  23	 55	 73.9965	  0.0000	 10.0915	   -0.0236	  1.4873	  0.0000	  4.0000	   0.0000	   0.0000	   0.0000	-450.0000	-450.0000	-450.0000	 -4.0333	  0.7000	 26.5833	   4.0088	   1.0166	   1.6169	  0.3018	  0.5985	  0.1000	  0.1600	  0.1900	   0.0000	   0.0000	   0.0000	   0.0000	   0.0000	   0.0000	   0.0000	   0.0000	   0.0000	  0.2391	  0.0000	        0.0000	        0.0000	        0.0000	        0.0000	        0.0000	        0.0000	        0.0000	  0.4767	  0.2691	-27.9925
2018	 75	  23	 55	 74.9965	  0.0000	2188.6738	   -7.7339	 -0.3569	  0.0000	  5.0000	   0.0000	   0.0000	   0.0000	-450.0000	-450.0000	-450.0000	 -6.7000	 -0.5000	 34.5833	   4.0088	   1.0166	   1.6169	  0.3018	  0.5985	  0.1000	  0.1600	  0.1900	   0.0000	   0.0000	   0.0000	   0.0000	   0.0000	   0.0000	   0.0000	   0.0000	   0.0000	  0.2391	  0.0000	        0.0000	        0.0000	        0.0000	        0.0000	        0.0000	        0.0000	        0.0000	  0.4767	  0.2691	-27.9925
2018	 76	  23	 55	 75.9965	  0.0000	2319.7744	   -8.9051	 -2.0665	  0.0000	  6.0000	   0.0000	   0.0000	   0.0000	-450.0000	-450.0000	-450.0000	 -7.6000	 -0.4000	 34.5833	   4.0088	   1.0166	   1.6169	  0.3018	  0.5985	  0.1000	  0.1600	  0.1900	   0.0000	   0.0000	   0.0000	   0.0000	   0.0000	   0.0000	   0.0000	   0.0000	   0.0000	  0.2391	  0.0000	        0.0000	        0.0000	        0.0000	        0.0000	        0.0000	        0.0000	        0.0000	  0.4767	  0.2691	-27.9925
2018	 77	  23	 55	 76.9965	  0.0000	 14.0393	   -0.0539	 -2.8260	  0.0000	  8.0000	   0.0000	   0.0000	   0.0000	-450.0000	-450.0000	-450.0000	-10.0000	  2.1000	 49.2500	   4.0088	   1.0166	   1.6169	  0.3018	  0.5985	  0.1000	  0.1600	  0.1900	   0.0000	   0.0000	   0.0000	   0.0000	   0.0000	   0.0000	   0.0000	   0.0000	   0.0000	  0.2391	  0.0000	        0.0000	        0.0000	        0.0000	        0.0000	        0.0000	        0.0000	        0.0000	  0.4767	  0.2691	-27.9925
2018	 78	  23	 55	 77.9965	  0.0000	2341.1367	   -1.4661	 -2.5540	  2.0500	  0.0000	   0.0000	   0.0000	   0.0000	-450.0000	-450.0000	-450.0000	 -7.2000	  3.0000	 29.3333	   4.0088	   1.0166	   1.6169	  0.3018	  0.5985	  0.1000	  0.1600	  0.1900	   0.0000	   0.0000	   0.0000	   0.0000	   0.0000	   0.0000	   0.0000	   0.0000	   0.0000	  0.2391	  0.0000	        0.0000	        0.0000	        0.0000	        0.0000	        0.0000	        0.0000	        0.0000	  0.4767	  0.2691	-27.9925
2018	 79	  23	 55	 78.9965	  0.0000	 12.4092	    0.0019	 -1.2144	  0.0000	  2.0000	   0.0000	   0.0000	   0.0000	-450.0000	-450.0000	-450.0000	 -3.1000	  5.4000	 40.4167	   4.0088	   1.0166	   1.6169	  0.3018	  0.5985	  0.1000	  0.1600	  0.1900	   0.0000	   0.0000	   0.0000	   0.0000	   0.0000	   0.0000	   0.0000	   0.0000	   0.0000	  0.2391	  0.0000	        0.0000	        0.0000	        0.0000	        0.0000	        0.0000	        0.0000	        0.0000	  0.4767	  0.2691	-27.9925
2018	 80	  23	 55	 79.9965	  0.0000	2198.2978	    5.3710	  0.1027	  5.0500	  0.0000	   0.0000	   0.0000	   0.0000	-450.0000	-450.0000	-450.0000	 -2.1000	  5.0000	 31.9167	   4.0088	   1.0166	   1.6169	  0.3018	  0.5985	  0.1000	  0.1600	  0.1900	   0.0000	   0.0000	   0.0000	   0.0000	   0.0000	   0.0000	   0.0000	   0.0000	   0.0000	  0.2391	  0.0000	        0.0000	        0.0000	        0.0000	        0.0000	        0.0000	        0.0000	        0.0000	  0.4767	  0.2691	-27.9925
2018	 81	  23	 55	 80.9965	  0.0000	2031.9920	    2.6645	  0.6150	  1.2667	  0.0000	   0.0000	   0.0000	   0.0000	-450.0000	-450.0000	-450.0000	 -0.5000	  3.4000	 28.0833	   4.0088	   1.0166	   1.6169	  0.3018	  0.5985	  0.1000	  0.1600	  0.1900	   0.0000	   0.0000	   0.0000	   0.0000	   0.0000	   0.0000	   0.0000	   0.0000	   0.0000	  0.2391	  0.0000	        0.0000	        0.0000	        0.0000	        0.0000	        0.0000	        0.0000	        0.0000	  0.4767	  0.2691	-27.9925
2018	 82	  23	 55	 81.9965	  0.0000	1661.1554	    0.7966	  0.6513	  0.0000	  1.0000	   0.0000	   0.0000	   0.0000	-450.0000	-450.0000	-450.0000	 -1.5000	  2.0000	 24.4167	   4.0088	   1.0166	   1.6169	  0.3018	  0.5985	  0.1000	  0.1600	  0.1900	   0.0000	   0.0000	   0.0000	   0.0000	   0.0000	   0.0000	   0.0000	   0.0000	   0.0000	  0.2391	  0.0000	        0.0000	        0.0000	        0.0000	        0.0000	        0.0000	        0.0000	        0.0000	  0.4767	  0.2691	-27.9925
2018	 83	  23	 55	 82.9965	  0.0000	1370.6449	    2.6762	  1.0563	  1.8583	  0.0000	   0.0000	   0.0000	   0.0000	-450.0000	-450.0000	-450.0000	  0.9000	  3.1000	 16.7500	   4.0088	   1.0166	   1.6169	  0.3018	  0.5985	  0.1000	  0.1600	  0.1900	   0.0000	   0.0000	   0.0000	   0.0000	   0.0000	   0.0000	   0.0000	   0.0000	   0.0000	  0.2391	  0.0000	        0.0000	        0.0000	        0.0000	        0.0000	        0.0000	        0.0000	        0.0000	  0.4767	  0.2691	-27.9925
2018	 84	  23	 55	 83.9965	  0.0000	2220.3425	   10.0114	  2.8473	  0.0000	  1.0000	   0.0000	   0.0000	   0.0000	-450.0000	-450.0000	-450.0000	  2.1000	  7.2000	 36.5833	   4.0088	   1.0166	   1.6169	  0.3018	  0.5985	  0.1000	  0.1600	  0.1900	   0.0000	   0.0000	   0.0000	   0.0000	   0.0000	   0.0000	   0.0000	   0.0000	   0.0000	  0.2391	  0.0000	        0.0000	        0.0000	        0.0000	        0.0000	        0.0000	        0.0000	        0.0000	  0.4767	  0.2691	-27.9925
2018	 85	  23	 55	 84.9965	  0.0000	1950.5794	    4.7920	  3.2363	  4.0000	  0.0000	   0.0000	   0.0000	   0.0000	-450.0000	-450.0000	-450.0000	 -1.6917	  5.6000	 31.2500	   4.0088	   1.0166	   1.6169	  0.3018	  0.5985	  0.1000	  0.1600	  0.1900	   0.0000	   0.0000	   0.0000	   0.0000	   0.0000	   0.0000	   0.0000	   0.0000	   0.0000	  0.2391	  0.0000	        0.0000	        0.0000	        0.0000	        0.0000	        0.0000	        0.0000	        0.0000	  0.4767	  0.2691	-27.9925
2018	 86	  23	 55	 85.9965	  0.0000	 10.7314	   -0.0143	  1.8637	  2.7167	  0.0000	   0.0000	   0.0000	   0.0000	-450.0000	-450.0000	-450.0000	 -2.8333	  1.3000	 30.5833	   4.0088	   1.0166	   1.6169	  0.3018	  0.5985	  0.1000	  0.1600	  0.1900	   0.0000	   0.0000	   0.0000	   0.0000	   0.0000	   0.0000	   0.0000	   0.0000	   0.0000	  0.2391	  0.0000	        0.0000	        0.0000	        0.0000	        0.0000	        0.0000	        0.0000	        0.0000	  0.4767	  0.2691	-27.9925
2018	 87	  23	 55	 86.9965	  0.0000	2751.2343	   -2.1071	  1.0695	  0.0000	  1.0000	   0.0000	   0.0000	   0.0000	-450.0000	-450.0000	-450.0000	 -5.4000	  2.6000	 46.5000	   4.0088	   1.0166	   1.6169	  0.3018	  0.5985	  0.1000	  0.1600	  0.1900	   0.0000	   0.0000	   0.0000	   0.0000	   0.0000	   0.0000	   0.0000	   0.0000	   0.0000	  0.2391	  0.0000	        0.0000	        0.0000	        0.0000	        0.0000	        0.0000	        0.0000	        0.0000	  0.4767	  0.2691	-27.9925
2018	 88	  23	 55	 87.9965	  0.0000	2449.0085	    1.9806	  1.2517	  0.0000	  2.0000	   0.0000	   0.0000	   0.0000	-450.0000	-450.0000	-450.0000	 -3.3000	  4.5000	 40.7500	   4.0088	   1.0166	   1.6169	  0.3018	  0.5985	  0.1000	  0.1600	  0.1900	   0.0000	   0.0000	   0.0000	   0.0000	   0.0000	   0.0000	   0.0000	   0.0000	   0.0000	  0.2391	  0.0000	        0.0000	        0.0000	        0.0000	        0.0000	        0.0000	        0.0000	        0.0000	  0.4767	  0.2691	-27.9925
2018	 89	  23	 55	 88.9965	  0.0000	 13.0558	    0.0057	  1.4385	  0.0000	  4.0000	   0.0000	   0.0000	   0.0000	-450.0000	-450.0000	-450.0000	 -4.0000	  5.9000	 45.3333	   4.0088	   1.0166	   1.6169	  0.3018	  0.5985	  0.1000	  0.1600	  0.1900	   0.0000	   0.0000	   0.0000	   0.0000	   0.0000	   0.0000	   0.0000	   0.0000	   0.0000	  0.2391	  0.0000	        0.0000	        0.0000	        0.0000	        0.0000	        0.0000	        0.0000	        0.0000	  0.4767	  0.2691	-27.9925
2018	 90	  23	 55	 89.9965	  0.0000	 12.9147	    0.0223	  1.9376	  0.0000	  6.0000	   0.0000	   0.0000	   0.0000	-450.0000	-450.0000	-450.0000	 -4.7000	  7.3000	 45.1667	   4.0088	   1.0166	   1.6169	  0.3018	  0.5985	  0.1000	  0.1600	  0.1900	   0.0000	   0.0000	   0.0000	   0.0000	   0.0000	   0.0000	   0.0000	   0.0000	   0.0000	  0.2391	  0.0000	        0.0000	        0.0000	        0.0000	        0.0000	        0.0000	        0.0000	        0.0000	  0.4767	  0.2691	-27.9925
2018	 91	  23	 55	 90.9965	  0.0000	2478.2089	    6.8151	  2.9131	  0.0000	  7.0000	   0.0000	   0.0000	   0.0000	-450.0000	-450.0000	-450.0000	 -1.4667	  6.4000	 39.6667	   4.0088	   1.0166	   1.6169	  0.3018	  0.5985	  0.1000	  0.1600	  0.1900	   0.0000	   0.0000	   0.0000	   0.0000	   0.0000	   0.0000	   0.0000	   0.0000	   0.0000	  0.2391	  0.0000	        0.0000	        0.0000	        0.0000	        0.0000	        0.0000	        0.0000	        0.0000	  0.4767	  0.2691	-27.9925
2018	 92	  23	 55	 91.9965	  0.0000	 13.8553	    0.0048	  2.4915	  0.0000	  9.0000	   0.0000	   0.0000	   0.0000	-450.0000	-450.0000	-450.0000	 -4.0000	  6.3000	 50.7500	   4.0088	   1.0166	   1.6169	  0.3018	  0.5985	  0.1000	  0.1600	  0.1900	   0.0000	   0.0000	   0.0000	   0.0000	   0.0000	   0.0000	   0.0000	   0.0000	   0.0000	  0.2391	  0.0000	        0.0000	        0.0000	        0.0000	        0.0000	        0.0000	        0.0000	        0.0000	  0.4767	  0.2691	-27.9925
2018	 93	  23	 55	 92.9965	  0.0000	2154.8019	    3.6451	  2.7222	 12.9583	  0.0000	   0.0000	   0.0000	   0.0000	-450.0000	-450.0000	-450.0000	 -3.1000	  4.1667	 28.0833	   4.0088	   1.0166	   1.6169	  0.3018	  0.5985	  0.1000	  0.1600	  0.1900	   0.0000	   0.0000	   0.0000	   0.0000	   0.0000	   0.0000	   0.0000	   0.0000	   0.0000	  0.2391	  0.0000	        0.0000	        0.0000	        0.0000	        0.0000	        0.0000	        0.0000	        0.0000	  0.4767	  0.2691	-27.9925
2018	 94	  23	 55	 93.9965	  0.0000	4747.2019	   34.1497	  9.0077	119.9333	  0.0000	   1.9500	   1.9500	   1.9500	-450.0000	-450.0000	-450.0000	  4.2000	  9.7000	 59.0000	   4.0108	   1.0205	   1.6209	  0.3023	  0.5982	  0.1000	  0.1600	  0.1900	   0.0000	   0.0000	   0.0000	   0.0000	   0.0000	   0.0000	   0.0000	   0.0000	   0.0000	  0.2398	  0.0000	        0.0000	        0.0000	        0.0000	        0.0000	        0.0000	        0.0000	        0.0000	  0.4767	  0.2691	-27.9925
2018	 95	  23	 55	 94.9965	  0.0000	2540.0858	   16.4796	 10.5021	 37.5000	  0.0000	   3.4042	   3.4042	   3.4042	-450.0000	-450.0000	-450.0000	  3.9083	  9.0000	 33.5833	   4.0144	   1.0273	   1.6278	  0.3030	  0.5976	  0.1000	  0.1600	  0.1900	   0.0000	   0.0000	   0.0000	   0.0000	   0.0000	   0.0000	   0.0000	   0.0000	   0.0000	  0.2410	  0.0000	        0.0000	        0.0000	        0.0000	        0.0000	        0.0000	        0.0000	        0.0000	  0.4767	  0.2691	-27.9925
2018	 96	  23	 55	 95.9965	  0.0000	2735.9899	   13.9760	 11.1969	  0.0000	  1.0000	   0.0000	   0.0000	   0.0000	-450.0000	-450.0000	-450.0000	  2.3000	  7.3000	 49.0000	   4.0144	   1.0273	   1.6278	  0.3030	  0.5976	  0.1000	  0.1600	  0.1900	   0.0000	   0.0000	   0.0000	   0.0000	   0.0000	   0.0000	   0.0000	   0.0000	   0.0000	  0.2410	  0.0000	        0.0000	        0.0000	        0.0000	        0.0000	        0.0000	        0.0000	        0.0000	  0.4767	  0.2691	-27.9925
2018	 97	  23	 55	 96.9965	  0.0000	 13.2491	    0.1019	 10.9934	  0.0000	  3.0000	   5.8000	   5.8000	   5.8000	-450.0000	-450.0000	-450.0000	  2.3000	 13.5000	 48.0000	   4.0236	   1.0447	   1.6456	  0.3050	  0.5960	  0.1000	  0.1600	  0.1900	   0.0000	   0.0000	   0.0000	   0.0000	   0.0000	   0.0000	   0.0000	   0.0000	   0.0000	  0.2420	  0.0000	        0.0000	        0.0000	        0.0000	        0.0000	        0.0000	        0.0000	        0.0000	  0.4767	  0.2691	-27.9925
2018	 98	  23	 55	 97.9965	  0.0000	2891.8423	   34.0758	 15.6099	  0.0000	  4.0000	  11.9000	  11.9000	  11.9000	-450.0000	-450.0000	-450.0000	  4.6000	 17.6000	 51.2500	   4.0362	   1.0686	   1.6699	  0.3076	  0.5939	  0.1000	  0.1600	  0.1900	   0.0000	   0.0000	   0.0000	   0.0000	   0.0000	   0.0000	   0.0000	   0.0000	   0.0000	  0.2482	  0.0000	        0.0000	        0.0000	        0.0000	        0.0000	        0.0000	        0.0000	        0.0000	  0.4767	  0.2691	-27.9925
2018	 99	  23	 55	 98.9965	  0.0000	  3.5445	    0.0181	 11.3438	  0.0000	  7.0000	  23.1500	  23.1500	  23.1500	-450.0000	-450.0000	-450.0000	  4.6000	 12.9000	 50.7500	   4.0978	   1.1855	   1.7888	  0.3206	  0.5835	  0.1000	  0.1600	  0.1900	   0.0000	   0.0000	   0.0000	   0.0000	   0.0000	   0.0000	   0.0000	   0.0000	   0.0000	  0.2538	  0.0000	        0.0000	        0.0000	        0.0000	        0.0000	        0.0000	        0.0000	        0.0000	  0.4767	  0.2691	-27.9925
2018	100	  23	 55	 99.9965	  0.0000	 11.9090	    0.0718	  9.9873	  0.0000	  9.0000	  27.8917	  27.8917	  27.8917	-450.0000	-450.0000	-450.0000	  3.6417	 11.1000	 38.0000	   4.1543	   1.2931	   1.8982	  0.3326	  0.5739	  0.1000	  0.1600	  0.1900	   0.0000	   0.0000	   0.0000	   0.0000	   0.0000	   0.0000	   0.0000	   0.0000	   0.0000	  0.2778	  0.0000	        0.0000	        0.0000	        0.0000	        0.0000	        0.0000	        0.0000	        0.0000	  0.4767	  0.2691	-27.9925
2018	101	  23	 55	100.9965	  0.0000	  3.5437	    0.0149	  8.0303	  0.0000	 12.0000	  34.6417	  34.6417	  34.6417	-450.0000	-450.0000	-450.0000	  1.1000	 13.4000	 48.5000	   4.2572	   1.4898	   2.0979	  0.3544	  0.5565	  0.1000	  0.1600	  0.1900	   0.0000	   0.0000	   0.0000	   0.0000	   0.0000	   0.0000	   0.0000	   0.0000	   0.0000	  0.2984	  0.0000	        0.0000	        0.0000	        0.0000	        0.0000	        0.0000	        0.0000	        0.0000	  0.4767	  0.2691	-27.9925
2018	102	  23	 55	101.9965	  0.0000	2964.8302	   27.0044	 11.8251	  0.0000	 13.0000	  38.4917	  38.4917	  38.4917	-450.0000	-450.0000	-450.0000	  2.1000	 15.6000	 48.4167	   4.2980	   1.5681	   2.1772	  0.3631	  0.5495	  0.1000	  0.1600	  0.1900	   0.0000	   0.0000	   0.0000	   0.0000	   0.0000	   0.0000	   0.0000	   0.0000	   0.0000	  0.3360	  0.0000	        0.0000	        0.0000	        0.0000	        0.0000	        0.0000	        0.0000	        0.0000	  0.4767	  0.2691	-27.9925
2018	103	  23	 55	102.9965	  0.0000	 14.0304	    0.1677	 13.6628	  0.0000	 15.0000	  52.9917	  52.9917	  52.9917	   0.0000	   0.0000	   0.0000	  4.5000	 20.0000	 50.8333	   4.4027	   1.7694	   2.3810	  0.3855	  0.5316	  0.1000	  0.1600	  0.1900	   0.0000	   0.0000	   0.0000	   0.0000	   0.0000	   0.0000	   0.0000	   0.0000	   0.0000	  0.3524	  0.0000	        0.0000	        0.0000	        0.0000	        0.0000	        0.0000	        0.0000	        0.0000	  0.4767	  0.2691	-27.9925
2018	104	  23	 55	103.9965	  0.0000	 14.5713	    0.1749	 15.3775	  0.0000	 17.0000	  68.9917	  68.9917	  68.9917	   0.0000	   0.0000	   0.0000	  6.1000	 19.9000	 48.5833	   4.5406	   2.0357	   2.6505	  0.4151	  0.5079	  0.1000	  0.1600	  0.1900	   0.0000	   0.0000	   0.0000	   0.0000	   0.0000	   0.0000	   0.0000	   0.0000	   0.0000	  0.3932	  0.0000	        0.0000	        0.0000	        0.0000	        0.0000	        0.0000	        0.0000	        0.0000	  0.4767	  0.2691	-27.9925
2018	105	  23	 55	104.9965	  0.0000	2543.0887	   22.9633	 16.8947	 33.7333	  0.0000	  73.4417	  73.4417	  73.4417	   0.0000	   0.0000	   0.0000	  7.4000	 11.5000	 42.4167	   4.6187	   2.1868	   2.8032	  0.4319	  0.4945	  0.1000	  0.1600	  0.1900	   0.0000	   0.0000	   0.0000	   0.0000	   0.0000	   0.0000	   0.0000	   0.0000	   0.0000	  0.4445	  0.0000	        0.0000	        0.0000	        0.0000	        0.0000	        0.0000	        0.0000	        0.0000	  0.4767	  0.2691	-27.9925
2018	106	  23	 55	105.9965	  0.0000	  3.5222	    0.0291	  9.3009	  0.2000	  0.0000	  94.6417	  94.6417	  94.6417	   0.0000	   0.0000	   0.0000	  8.2000	 12.4000	 38.5000	   4.9877	   2.9057	   3.5286	  0.5117	  0.4306	  0.1000	  0.1600	  0.1900	   0.0000	   0.0000	   0.0000	   0.0000	   0.0000	   0.0000	   0.0000	   0.0000	   0.0000	  0.4730	  0.0000	        0.0000	        0.0000	        0.0000	        0.0000	        0.0000	        0.0000	        0.0000	  0.4767	  0.2691	-27.9925
2018	107	  23	 55	106.9965	  0.0000	1913.4002	   16.3444	 10.7096	  0.0083	  0.0000	  98.1917	  98.1917	  98.1917	   0.0000	   0.0000	   0.0000	  6.5000	 10.6000	 31.5833	   5.0925	   3.1106	   3.7351	  0.5345	  0.4124	  0.1000	  0.1600	  0.1900	   0.0000	   0.0000	   0.0000	   0.0000	   0.0000	   0.0000	   0.0000	   0.0000	   0.0000	  0.6063	  0.0000	        0.0000	        0.0000	        0.0000	        0.0000	        0.0000	        0.0000	        0.0000	  0.4767	  0.2691	-27.9925
2018	108	  23	 55	107.9965	  0.0000	2585.1457	   30.2119	 14.6101	  0.0000	  1.0000	 104.8417	 104.8417	 104.8417	   0.0000	   0.0000	   0.0000	  8.1000	 15.2000	 41.9167	   5.1000	   3.3300	   3.9561	  0.5589	  0.3929	  0.1000	  0.1600	  0.1900	   0.0000	   0.0000	   0.0000	   0.0000	   0.0000	   0.0000	   0.0000	   0.0000	   0.0000	  0.6444	  0.0000	        0.0000	        0.0000	        0.0000	        0.0000	        0.0000	        0.0000	        0.0000	  0.4767	  0.2691	-27.9925
2018	109	  23	 55	108.9965	  0.0000	2635.6890	   32.0235	 18.0928	  0.0000	  2.0000	 111.8917	 111.8917	 111.8917	   0.0000	   0.0000	   0.0000	  8.7000	 15.4000	 40.7500	   5.1000	   3.5648	   4.1926	  0.5850	  0.3720	  0.1000	  0.1600	  0.1900	   0.0000	   0.0000	   0.0000	   0.0000	   0.0000	   0.0000	   0.0000	   0.0000	   0.0000	  0.6851	  0.0000	        0.0000	        0.0000	        0.0000	        0.0000	        0.0000	        0.0000	        0.0000	  0.4767	  0.2691	-27.9925
2018	110	  23	 55	109.9965	  0.0000	2861.1906	   45.1941	 23.5130	  0.0000	  3.0000	 122.8417	 122.8417	 122.8417	   0.0000	   0.0000	   0.0000	  9.8000	 22.1000	 51.3333	   5.1000	   3.8233	   4.4527	  0.6137	  0.3490	  0.1000	  0.1600	  0.1900	   0.0000	   0.0000	   0.0000	   0.0000	   0.0000	   0.0000	   0.0000	   0.0000	   0.0000	  0.7299	  0.0000	        0.0000	        0.0000	        0.0000	        0.0000	        0.0000	        0.0000	        0.0000	  0.4767	  0.2691	-27.9925
2018	111	  23	 55	110.9965	  0.0000	2433.9830	   25.2443	 23.8593	  0.0000	  4.0000	 127.9958	 127.9958	 127.9958	   0.0000	   0.0000	   0.0000	  6.9083	 13.4000	 44.9167	   5.1000	   4.0934	   4.7245	  0.6437	  0.3250	  0.1000	  0.1600	  0.1900	   0.0000	   0.0000	   0.0000	   0.0000	   0.0000	   0.0000	   0.0000	   0.0000	   0.0000	  0.7767	  0.0000	        0.0000	        0.0000	        0.0000	        0.0000	        0.0000	        0.0000	        0.0000	  0.4767	  0.2691	-27.9925
2018	112	  23	 55	111.9965	  0.0000	2831.0409	   25.4868	 24.1848	  0.0000	  5.0000	 131.9958	 131.9958	 131.9958	   0.0000	   0.0000	   0.0000	  6.0000	 12.0000	 51.0833	   5.1000	   4.3727	   5.0054	  0.6747	  0.3002	  0.1000	  0.1600	  0.1900	   0.0000	   0.0000	   0.0000	   0.0000	   0.0000	   0.0000	   0.0000	   0.0000	   0.0000	  0.8251	  0.0000	        0.0000	        0.0000	        0.0000	        0.0000	        0.0000	        0.0000	        0.0000	  0.4767	  0.2691	-27.9925
2018	113	  23	 55	112.9965	  0.0000	4030.3974	   37.8782	 26.9235	160.6917	  0.0000	 137.2500	 137.2500	 137.2500	   0.0000	   0.0000	   0.0000	  7.5083	 13.0000	 83.3333	   5.1000	   4.6639	   5.2982	  0.7071	  0.2743	  0.1000	  0.1600	  0.1900	   0.0000	   0.0000	   0.0000	   0.0000	   0.0000	   0.0000	   0.0000	   0.0000	   0.0000	  0.8756	  0.0000	        0.0000	        0.0000	        0.0000	        0.0000	        0.0000	        0.0000	        0.0000	  0.4767	  0.2691	-27.9925
2018	114	  23	 55	113.9965	  0.0000	1677.1916	   13.3519	 24.2091	 12.5167	  0.0000	 140.3625	 140.3625	 140.3625	   0.0000	   0.0000	   0.0000	  6.8250	  9.4000	 26.7500	   5.1000	   4.9625	   5.5983	  0.7403	  0.2478	  0.1000	  0.1600	  0.1900	   0.0000	   0.0000	   0.0000	   0.0000	   0.0000	   0.0000	   0.0000	   0.0000	   0.0000	  0.9273	  0.0000	        0.0000	        0.0000	        0.0000	        0.0000	        0.0000	        0.0000	        0.0000	  0.4767	  0.2691	-27.9925
2018	115	  23	 55	114.9965	  0.0000	2668.5719	   23.1364	 23.9946	  0.0000	  1.0000	 144.3125	 144.3125	 144.3125	   0.0000	   0.0000	   0.0000	  6.7000	 11.2000	 51.0000	   5.1000	   5.2702	   5.9000	  0.7745	  0.2204	  0.1000	  0.1600	  0.1900	   0.0000	   0.0000	   0.0000	   0.0000	   0.0000	   0.0000	   0.0000	   0.0000	   0.0000	  0.9800	  0.0000	        0.0000	        0.0000	        0.0000	        0.0000	        0.0000	        0.0000	        0.0000	  0.4767	  0.2691	-27.9925
2018	116	  23	 55	115.9965	  0.0000	2115.5892	   16.6449	 22.5247	  5.1083	  0.0000	 147.0625	 147.0625	 147.0625	   0.0000	   0.0000	   0.0000	  6.3000	  9.2000	 40.5000	   5.1000	   5.5000	   5.9000	  0.8000	  0.2000	  0.1000	  0.1600	  0.1900	   0.0000	   0.0000	   0.0000	   0.0000	   0.0000	   0.0000	   0.0000	   0.0000	   0.0000	  1.0000	  0.0000	        0.0000	        0.0000	        0.0000	        0.0000	        0.0000	        0.0000	        0.0000	  0.4767	  0.2691	-27.9925
2018	117	  23	 55	116.9965	  0.0000	2630.9899	   23.8436	 22.7884	  1.0750	  0.0000	 151.0625	 151.0625	 151.0625	   0.0000	   0.0000	   0.0000	  6.6000	 11.4000	 46.9167	   5.1000	   5.5000	   5.9000	  0.8000	  0.2000	  0.1000	  0.1600	  0.1900	   0.0000	   0.0000	   0.0000	   0.0000	   0.0000	   0.0000	   0.0000	   0.0000	   0.0000	  1.0000	  0.0000	        0.0000	        0.0000	        0.0000	        0.0000	        0.0000	        0.0000	        0.0000	  0.4767	  0.2691	-27.9925
2018	118	  23	 55	117.9965	  0.0000	2835.2336	   26.1987	 23.4705	  5.8417	  0.0000	 155.3625	 155.3625	 155.3625	   0.0000	   0.0000	   0.0000	  5.9000	 12.7000	 45.9167	   5.1000	   5.5000	   5.9000	  0.8000	  0.2000	  0.1000	  0.1600	  0.1900	   0.0000	   0.0000	   0.0000	   0.0000	   0.0000	   0.0000	   0.0000	   0.0000	   0.0000	  1.0000	  0.0000	        0.0000	        0.0000	        0.0000	        0.0000	        0.0000	        0.0000	        0.0000	  0.4767	  0.2691	-27.9925
2018	119	  23	 55	118.9965	  0.0000	  3.5227	    0.0296	 12.9001	  0.2333	  0.0000	 176.5625	 176.5625	 176.5625	   0.0000	   0.0000	   0.0000	  6.9000	 13.7000	 54.5000	   5.1000	   5.5000	   5.9000	  0.8000	  0.2000	  0.1000	  0.1600	  0.1900	   0.0000	   0.0000	   0.0000	   0.0000	   0.0000	   0.0000	   0.0000	   0.0000	   0.0000	  1.0000	  0.0000	        0.0000	        0.0000	        0.0000	        0.0000	        0.0000	        0.0000	        0.0000	  0.4767	  0.2691	-27.9925
2018	120	  23	 55	119.9965	  0.0000	2868.4726	   28.1102	 15.9421	 97.8083	  0.0000	 181.6625	 181.6625	 181.6625	   0.0000	   0.0000	   0.0000	  6.9000	 13.3000	 47.7500	   5.1000	   5.5000	   5.9000	  0.8000	  0.2000	  0.1000	  0.1600	  0.1900	   0.0000	   0.0000	   0.0000	   0.0000	   0.0000	   0.0000	   0.0000	   0.0000	   0.0000	  1.0000	  0.0000	        0.0000	        0.0000	        0.0000	        0.0000	        0.0000	        0.0000	        0.0000	  0.4767	  0.2691	-27.9925
2018	121	  23	 55	120.9965	  0.0000	2965.5440	   27.7183	 18.2973	 12.4917	  0.0000	 186.7125	 186.7125	 186.7125	   0.0000	   0.0000	   0.0000	  6.9000	 13.2000	 52.3333	   5.1000	   5.5000	   5.9000	  0.8000	  0.2000	  0.1000	  0.1600	  0.1900	   0.0000	   0.0000	   0.0000	   0.0000	   0.0000	   0.0000	   0.0000	   0.0000	   0.0000	  1.0000	  0.0000	        0.0000	        0.0000	        0.0000	        0.0000	        0.0000	        0.0000	        0.0000	  0.4767	  0.2691	-27.9925
2018	122	  23	 55	121.9965	  0.0000	3118.2293	   34.2084	 21.4795	  0.0000	  1.0000	 192.2792	 192.2792	 192.2792	   0.0000	   0.0000	   0.0000	  7.6333	 13.5000	 57.8333	   5.1000	   5.5000	   5.9000	  0.8000	  0.2000	  0.1000	  0.1600	  0.1900	   0.0000	   0.0000	   0.0000	   0.0000	   0.0000	   0.0000	   0.0000	   0.0000	   0.0000	  1.0000	  0.0000	        0.0000	        0.0000	        0.0000	        0.0000	        0.0000	        0.0000	        0.0000	  0.4767	  0.2691	-27.9925
2018	123	  23	 55	122.9965	  0.0000	3127.0511	   29.1069	 23.0050	 11.9250	  0.0000	 196.6292	 196.6292	 196.6292	   0.0000	   0.0000	   0.0000	  6.7000	 12.0000	 63.5000	   5.1000	   5.5000	   5.9000	  0.8000	  0.2000	  0.1000	  0.1600	  0.1900	   0.0000	   0.0000	   0.0000	   0.0000	   0.0000	   0.0000	   0.0000	   0.0000	   0.0000	  1.0000	  0.0000	        0.0000	        0.0000	        0.0000	        0.0000	        0.0000	        0.0000	        0.0000	  0.4767	  0.2691	-27.9925
2018	124	  23	 55	123.9965	  0.0000	2636.8739	   26.2467	 23.6533	  0.0000	  1.0000	 201.0792	 201.0792	 201.0792	   0.0000	   0.0000	   0.0000	  6.5000	 12.4000	 51.0000	   5.1000	   5.5000	   5.9000	  0.8000	  0.2000	  0.1000	  0.1600	  0.1900	   0.0000	   0.0000	   0.0000	   0.0000	   0.0000	   0.0000	   0.0000	   0.0000	   0.0000	  1.0000	  0.0000	        0.0000	        0.0000	        0.0000	        0.0000	        0.0000	        0.0000	        0.0000	  0.4767	  0.2691	-27.9925
2018	125	  23	 55	124.9965	  0.0000	2928.7436	   36.1687	 26.1564	  0.0000	  2.0000	 208.0792	 208.0792	 208.0792	   0.0000	   0.0000	   0.0000	  8.1000	 15.9000	 53.1667	   5.1000	   5.5000	   5.9000	  0.8000	  0.2000	  0.1000	  0.1600	  0.1900	   0.0000	   0.0000	   0.0000	   0.0000	   0.0000	   0.0000	   0.0000	   0.0000	   0.0000	  1.0000	  0.0000	        0.0000	        0.0000	        0.0000	        0.0000	        0.0000	        0.0000	        0.0000	  0.4767	  0.2691	-27.9925
2018	126	  23	 55	125.9965	  0.0000	  3.5704	    0.0373	 19.4373	  0.0000	  5.0000	 231.0292	 231.0292	 231.0292	   0.0000	   0.0000	   0.0000	  6.6000	 18.7000	 62.7500	   5.1000	   5.5000	   5.9000	  0.8000	  0.2000	  0.1000	  0.1600	  0.1900	   0.0000	   0.0000	   0.0000	   0.0000	   0.0000	   0.0000	   0.0000	   0.0000	   0.0000	  1.0000	  0.0000	        0.0000	        0.0000	        0.0000	        0.0000	        0.0000	        0.0000	        0.0000	  0.4767	  0.2691	-27.9925
2018	127	  23	 55	126.9965	  0.0000	  3.5338	    0.0408	  9.1305	  0.0000	 11.0000	 296.4292	 296.4292	 296.4292	   0.0000	   0.0000	   0.0000	  9.8000	 22.0000	 63.0833	   5.1000	   5.5000	   5.9000	  0.8000	  0.2000	  0.1000	  0.1600	  0.1900	   0.0000	   0.0000	   0.0000	   0.0000	   0.0000	   0.0000	   0.0000	   0.0000	   0.0000	  1.0000	  0.0000	        0.0000	        0.0000	        0.0000	        0.0000	        0.0000	        0.0000	        0.0000	  0.4767	  0.2691	-27.9925
2018	128	  23	 55	127.9965	  0.0000	  3.5370	    0.0440	  8.6549	  0.0000	 16.0000	 300.0000	 300.0000	 300.0000	   0.0000	   0.0000	   0.0000	  9.7000	 24.2000	 65.4167	   5.1000	   5.5000	   5.9000	  0.8000	  0.2000	  0.1000	  0.1600	  0.1900	   0.0000	   0.0000	   0.0000	   0.0000	   0.0000	   0.0000	   0.0000	   0.0000	   0.0000	  1.0000	  0.0000	        0.0000	        0.0000	        0.0000	        0.0000	        0.0000	        0.0000	        0.0000	  0.4767	  0.2691	-27.9925
2018	129	  23	 55	128.9965	  0.0000	  3.5490	    0.0559	 11.1953	  0.0000	 20.0000	 300.0000	 300.0000	 300.0000	   0.0000	   0.0000	   0.0000	 11.2000	 25.9000	 66.5000	   5.1000	   5.5000	   5.9000	  0.8000	  0.2000	  0.1000	  0.1600	  0.1900	   0.0000	   0.0000	   0.0000	   0.0000	   0.0000	   0.0000	   0.0000	   0.0000	   0.0000	  1.0000	  0.0000	        0.0000	        0.0000	        0.0000	        0.0000	        0.0000	        0.0000	        0.0000	  0.4767	  0.2691	-27.9925
2018	130	  23	 55	129.9965	  0.0000	  3.5856	    0.0485	 15.2375	  4.4500	  0.0000	 300.0000	 300.0000	 300.0000	   0.0000	   0.0000	   0.0000	 12.2000	 27.6000	 61.7500	   5.1000	   5.5000	   5.9000	  0.8000	  0.2000	  0.1000	  0.1600	  0.1900	   0.0000	   0.0000	   0.0000	   0.0000	   0.0000	   0.0000	   0.0000	   0.0000	   0.0000	  1.0000	  0.0000	        0.0000	        0.0000	        0.0000	        0.0000	        0.0000	        0.0000	        0.0000	  0.4767	  0.2691	-27.9925
2018	131	  23	 55	130.9965	  0.0000	3268.6145	   45.3602	 21.2621	  8.9583	  0.0000	 300.0000	 300.0000	 300.0000	   0.0000	   0.0000	   0.0000	 10.7000	 16.7000	 60.6667	   5.1000	   5.5000	   5.9000	  0.8000	  0.2000	  0.1000	  0.1600	  0.1900	   0.0000	   0.0000	   0.0000	   0.0000	   0.0000	   0.0000	   0.0000	   0.0000	   0.0000	  1.0000	  0.0000	        0.0000	        0.0000	        0.0000	        0.0000	        0.0000	        0.0000	        0.0000	  0.4767	  0.2691	-27.9925
2018	132	  23	 55	131.9965	  0.0000	3099.1508	   49.9382	 26.9973	  0.0000	  1.0000	 300.0000	 300.0000	 300.0000	   0.0000	   0.0000	   0.0000	 10.3000	 19.9000	 60.1667	   5.1000	   5.5000	   5.9000	  0.8000	  0.2000	  0.1000	  0.1600	  0.1900	   0.0000	   0.0000	   0.0000	   0.0000	   0.0000	   0.0000	   0.0000	   0.0000	   0.0000	  1.0000	  0.0000	        0.0000	        0.0000	        0.0000	        0.0000	        0.0000	        0.0000	        0.0000	  0.4767	  0.2691	-27.9925
2018	133	  23	 55	132.9965	  0.0000	  3.5453	    0.0522	 18.2317	  0.0000	  5.0000	 300.0000	 300.0000	 300.0000	   0.0000	   0.0000	   0.0000	 14.9167	 25.6000	 59.8333	   5.1000	   5.5000	   5.9000	  0.8000	  0.2000	  0.1000	  0.1600	  0.1900	   0.0000	   0.0000	   0.0000	   0.0000	   0.0000	   0.0000	   0.0000	   0.0000	   0.0000	  1.0000	  0.0000	        0.0000	        0.0000	        0.0000	        0.0000	        0.0000	        0.0000	        0.0000	  0.4767	  0.2691	-27.9925
2018	134	  23	 55	133.9965	  0.0000	  3.6028	    0.0632	 20.4781	  0.0000	  8.0000	 300.0000	 300.0000	 300.0000	   0.0000	   0.0000	   0.0000	 12.3000	 28.2000	 69.7500	   5.1000	   5.5000	   5.9000	  0.8000	  0.2000	  0.1000	  0.1600	  0.1900	   0.0000	   0.0000	   0.0000	   0.0000	   0.0000	   0.0000	   0.0000	   0.0000	   0.0000	  1.0000	  0.0000	        0.0000	        0.0000	        0.0000	        0.0000	        0.0000	        0.0000	        0.0000	  0.4767	  0.2691	-27.9925
2018	135	  23	 55	134.9965	  0.0000	  3.5998	    0.0601	 21.3815	  0.0000	 11.0000	 300.0000	 300.0000	 300.0000	   0.0000	   0.0000	   0.0000	 13.8000	 28.1000	 68.5000	   5.1000	   5.5000	   5.9000	  0.8000	  0.2000	  0.1000	  0.1600	  0.1900	   0.0000	   0.0000	   0.0000	   0.0000	   0.0000	   0.0000	   0.0000	   0.0000	   0.0000	  1.0000	  0.0000	        0.0000	        0.0000	        0.0000	        0.0000	        0.0000	        0.0000	        0.0000	  0.4767	  0.2691	-27.9925
2018	136	  23	 55	135.9965	  0.0000	 15.9011	    0.3040	 25.4350	  0.0000	 13.0000	 300.0000	 300.0000	 300.0000	   0.0000	   0.0000	   0.0000	 14.1917	 26.4000	 66.2500	   5.1000	   5.5000	   5.9000	  0.8000	  0.2000	  0.1000	  0.1600	  0.1900	   0.0000	   0.0000	   0.0000	   0.0000	   0.0000	   0.0000	   0.0000	   0.0000	   0.0000	  1.0000	  0.0000	        0.0000	        0.0000	        0.0000	        0.0000	        0.0000	        0.0000	        0.0000	  0.4767	  0.2691	-27.9925
2018	137	  23	 55	136.9965	  0.0000	3009.7478	   51.0370	 30.5554	  0.3000	  0.0000	 300.0000	 300.0000	 300.0000	   0.0000	   0.0000	   0.0000	 13.4000	 20.5000	 57.5000	   5.1000	   5.5000	   5.9000	  0.8000	  0.2000	  0.1000	  0.1600	  0.1900	   0.0000	   0.0000	   0.0000	   0.0000	   0.0000	   0.0000	   0.0000	   0.0000	   0.0000	  1.0000	  0.0000	        0.0000	        0.0000	        0.0000	        0.0000	        0.0000	        0.0000	        0.0000	  0.4767	  0.2691	-27.9925
2018	138	  23	 55	137.9965	  0.0000	  3.5735	    0.0344	 23.7055	  0.8667	  0.0000	 300.0000	 300.0000	 300.0000	   0.0000	   0.0000	   0.0000	  9.6250	 20.9000	 68.2500	   5.1000	   5.5000	   5.9000	  0.8000	  0.2000	  0.1000	  0.1600	  0.1900	   0.0000	   0.0000	   0.0000	   0.0000	   0.0000	   0.0000	   0.0000	   0.0000	   0.0000	  1.0000	  0.0000	        0.0000	        0.0000	        0.0000	        0.0000	        0.0000	        0.0000	        0.0000	  0.4767	  0.2691	-27.9925
2018	139	  23	 55	138.9965	  0.0000	  3.5367	    0.0437	 12.9885	  0.0000	  5.0000	 300.0000	 300.0000	 300.0000	   0.0000	   0.0000	   0.0000	  7.2000	 22.1000	 72.2500	   5.1000	   5.5000	   5.9000	  0.8000	  0.2000	  0.1000	  0.1600	  0.1900	   0.0000	   0.0000	   0.0000	   0.0000	   0.0000	   0.0000	   0.0000	   0.0000	   0.0000	  1.0000	  0.0000	        0.0000	        0.0000	        0.0000	        0.0000	        0.0000	        0.0000	        0.0000	  0.4767	  0.2691	-27.9925
2018	140	  23	 55	139.9965	  0.0000	  3.5821	    0.0442	 15.1398	  0.0000	  8.0000	 300.0000	 300.0000	 300.0000	   0.0000	   0.0000	   0.0000	 10.2000	 22.2000	 68.2500	   5.1000	   5.5000	   5.9000	  0.8000	  0.2000	  0.1000	  0.1600	  0.1900	   0.0000	   0.0000	   0.0000	   0.0000	   0.0000	   0.0000	   0.0000	   0.0000	   0.0000	  1.0000	  0.0000	        0.0000	        0.0000	        0.0000	        0.0000	        0.0000	        0.0000	        0.0000	  0.4767	  0.2691	-27.9925
2018	141	  23	 55	140.9965	  0.0000	 15.8049	    0.2685	 19.8195	  0.0000	 10.0000	 300.0000	 300.0000	 300.0000	   0.0000	   0.0000	   0.0000	 10.6000	 22.7000	 66.0833	   5.1000	   5.5000	   5.9000	  0.8000	  0.2000	  0.1000	  0.1600	  0.1900	   0.0000	   0.0000	   0.0000	   0.0000	   0.0000	   0.0000	   0.0000	   0.0000	   0.0000	  1.0000	  0.0000	        0.0000	        0.0000	        0.0000	        0.0000	        0.0000	        0.0000	        0.0000	  0.4767	  0.2691	-27.9925
2018	142	  23	 55	141.9965	  0.0000	  3.5370	    0.0439	 15.4115	  0.0000	 14.0000	 300.0000	 300.0000	 300.0000	   0.0000	   0.0000	   0.0000	 11.2000	 23.0000	 70.7500	   5.1000	   5.5000	   5.9000	  0.8000	  0.2000	  0.1000	  0.1600	  0.1900	   0.0000	   0.0000	   0.0000	   0.0000	   0.0000	   0.0000	   0.0000	   0.0000	   0.0000	  1.0000	  0.0000	        0.0000	        0.0000	        0.0000	        0.0000	        0.0000	        0.0000	        0.0000	  0.4767	  0.2691	-27.9925
2018	143	  23	 55	142.9965	  0.0000	  3.5897	    0.0509	 17.5740	  0.0000	 17.0000	 300.0000	 300.0000	 300.0000	   0.0000	   0.0000	   0.0000	 10.5000	 24.9000	 70.5833	   5.1000	   5.5000	   5.9000	  0.8000	  0.2000	  0.1000	  0.1600	  0.1900	   0.0000	   0.0000	   0.0000	   0.0000	   0.0000	   0.0000	   0.0000	   0.0000	   0.0000	  1.0000	  0.0000	        0.0000	        0.0000	        0.0000	        0.0000	        0.0000	        0.0000	        0.0000	  0.4767	  0.2691	-27.9925
2018	144	  23	 55	143.9965	  0.0000	 16.6173	    0.3289	 23.8789	  0.0000	 19.0000	 300.0000	 300.0000	 300.0000	   0.0000	   0.0000	   0.0000	 12.0000	 25.8000	 70.0000	   5.1000	   5.5000	   5.9000	  0.8000	  0.2000	  0.1000	  0.1600	  0.1900	   0.0000	   0.0000	   0.0000	   0.0000	   0.0000	   0.0000	   0.0000	   0.0000	   0.0000	  1.0000	  0.0000	        0.0000	        0.0000	        0.0000	        0.0000	        0.0000	        0.0000	        0.0000	  0.4767	  0.2691	-27.9925
2018	145	  23	 55	144.9965	  0.0000	  3.5989	    0.0631	 22.3729	  0.0000	 22.0000	 300.0000	 300.0000	 300.0000	   0.0000	   0.0000	   0.0000	 15.5000	 27.4000	 65.3333	   5.1000	   5.5000	   5.9000	  0.8000	  0.2000	  0.1000	  0.1600	  0.1900	   0.0000	   0.0000	   0.0000	   0.0000	   0.0000	   0.0000	   0.0000	   0.0000	   0.0000	  1.0000	  0.0000	        0.0000	        0.0000	        0.0000	        0.0000	        0.0000	        0.0000	        0.0000	  0.4767	  0.2691	-27.9925
2018	146	  23	 55	145.9965	  0.0000	  3.5549	    0.0617	 17.9842	  0.0000	 26.0000	 300.0000	 300.0000	 300.0000	   0.0000	   0.0000	   0.0000	 14.0000	 26.9000	 76.6667	   5.1000	   5.5000	   5.9000	  0.8000	  0.2000	  0.1000	  0.1600	  0.1900	   0.0000	   0.0000	   0.0000	   0.0000	   0.0000	   0.0000	   0.0000	   0.0000	   0.0000	  1.0000	  0.0000	        0.0000	        0.0000	        0.0000	        0.0000	        0.0000	        0.0000	        0.0000	  0.4767	  0.2691	-27.9925
2018	147	  23	 55	146.9965	  0.0000	  3.5553	    0.0622	 14.7332	  5.1917	  0.0000	 300.0000	 300.0000	 300.0000	   0.0000	   0.0000	   0.0000	 16.6000	 26.9000	 55.6667	   5.1000	   5.5000	   5.9000	  0.8000	  0.2000	  0.1000	  0.1600	  0.1900	   0.0000	   0.0000	   0.0000	   0.0000	   0.0000	   0.0000	   0.0000	   0.0000	   0.0000	  1.0000	  0.0000	        0.0000	        0.0000	        0.0000	        0.0000	        0.0000	        0.0000	        0.0000	  0.4767	  0.2691	-27.9925
2018	148	  23	 55	147.9965	  0.0000	3831.7023	   65.4375	 24.8741	 75.9917	  0.0000	 300.0000	 300.0000	 300.0000	   0.0000	   0.0000	   0.0000	 15.1333	 21.2000	 72.5000	   5.1000	   5.5000	   5.9000	  0.8000	  0.2000	  0.1000	  0.1600	  0.1900	   0.0000	   0.0000	   0.0000	   0.0000	   0.0000	   0.0000	   0.0000	   0.0000	   0.0000	  1.0000	  0.0000	        0.0000	        0.0000	        0.0000	        0.0000	        0.0000	        0.0000	        0.0000	  0.4767	  0.2691	-27.9925
2018	149	  23	 55	148.9965	  0.0000	  3.5593	    0.0661	 19.6929	  4.8750	  0.0000	 300.0000	 300.0000	 300.0000	   0.0000	   0.0000	   0.0000	 15.1000	 28.3000	 82.0000	   5.1000	   5.5000	   5.9000	  0.8000	  0.2000	  0.1000	  0.1600	  0.1900	   0.0000	   0.0000	   0.0000	   0.0000	   0.0000	   0.0000	   0.0000	   0.0000	   0.0000	  1.0000	  0.0000	        0.0000	        0.0000	        0.0000	        0.0000	        0.0000	        0.0000	        0.0000	  0.4767	  0.2691	-27.9925
2018	150	  23	 55	149.9965	  0.0000	 16.5400	    0.3971	 27.4086	  0.0000	  2.0000	 300.0000	 300.0000	 300.0000	   0.0000	   0.0000	   0.0000	 16.6000	 30.6000	 68.2500	   5.1000	   5.5000	   5.9000	  0.8000	  0.2000	  0.1000	  0.1600	  0.1900	   0.0000	   0.0000	   0.0000	   0.0000	   0.0000	   0.0000	   0.0000	   0.0000	   0.0000	  1.0000	  0.0000	        0.0000	        0.0000	        0.0000	        0.0000	        0.0000	        0.0000	        0.0000	  0.4767	  0.2691	-27.9925
2018	151	  23	 55	150.9965	  0.0000	  3.6068	    0.0696	 25.7171	  0.0000	  5.0000	 300.0000	 300.0000	 300.0000	   0.0000	   0.0000	   0.0000	 18.6000	 29.1000	 68.5000	   5.1000	   5.5000	   5.9000	  0.8000	  0.2000	  0.1000	  0.1600	  0.1900	   0.0000	   0.0000	   0.0000	   0.0000	   0.0000	   0.0000	   0.0000	   0.0000	   0.0000	  1.0000	  0.0000	        0.0000	        0.0000	        0.0000	        0.0000	        0.0000	        0.0000	        0.0000	  0.4767	  0.2691	-27.9925
2018	152	  23	 55	151.9965	  0.0000	  3.5549	    0.0619	 10.0157	  0.0000	 12.0000	 300.0000	 300.0000	 300.0000	   0.0000	   0.0000	   0.0000	 16.8000	 26.5000	 74.8333	   5.1000	   5.5000	   5.9000	  0.8000	  0.2000	  0.1000	  0.1600	  0.1900	   0.0000	   0.0000	   0.0000	   0.0000	   0.0000	   0.0000	   0.0000	   0.0000	   0.0000	  1.0000	  0.0000	        0.0000	        0.0000	        0.0000	        0.0000	        0.0000	        0.0000	        0.0000	  0.4767	  0.2691	-27.9925
2018	153	  23	 55	152.9965	  0.0000	  3.5566	    0.0636	 11.2869	  0.0000	 17.0000	 300.0000	 300.0000	 300.0000	   0.0000	   0.0000	   0.0000	 15.4000	 27.9000	 81.1667	   5.1000	   5.5000	   5.9000	  0.8000	  0.2000	  0.1000	  0.1600	  0.1900	   0.0000	   0.0000	   0.0000	   0.0000	   0.0000	   0.0000	   0.0000	   0.0000	   0.0000	  1.0000	  0.0000	        0.0000	        0.0000	        0.0000	        0.0000	        0.0000	        0.0000	        0.0000	  0.4767	  0.2691	-27.9925
2018	154	  23	 55	153.9965	  0.0000	3336.5615	   75.0179	 24.0331	  0.0000	 18.0000	 300.0000	 300.0000	 300.0000	   0.0000	   0.0000	   0.0000	 16.9000	 26.7000	 63.7500	   5.1000	   5.5000	   5.9000	  0.8000	  0.2000	  0.1000	  0.1600	  0.1900	 320.6438	 145.7401	 174.9037	 320.6438	 145.7401	 174.9037	 320.6438	 145.7401	 174.9037	  1.0000	  0.0000	        0.0000	        0.0000	        0.0000	        0.0000	        0.0000	        0.0000	        0.0000	  0.4767	  0.2691	-27.9925
2018	155	  23	 55	154.9965	  0.0000	 16.6916	    0.3547	 28.9821	  0.0000	 20.0000	 300.0000	 300.0000	 300.0000	   0.0000	   0.0000	   0.0000	 17.2417	 27.1000	 72.9167	   5.1000	   5.5000	   5.9000	  0.8000	  0.2000	  0.1000	  0.1600	  0.1900	   0.0000	   0.0000	   0.0000	   0.0000	   0.0000	   0.0000	   0.0000	   0.0000	   0.0000	  1.0000	  0.0000	        0.0000	        0.0000	        0.0000	        0.0000	        0.0000	        0.0000	        0.0000	  0.4767	  0.2691	-27.9925
2018	156	  23	 55	155.9965	  0.0000	3169.8337	   51.0044	 33.3866	  0.0000	 21.0000	 300.0000	 300.0000	 300.0000	   0.0000	   0.0000	   0.0000	 12.3000	 18.9000	 60.2500	   5.1000	   5.5000	   5.9000	  0.8000	  0.2000	  0.1000	  0.1600	  0.1900	 220.2608	 100.1143	 120.1465	 220.2608	 100.1143	 120.1465	 220.2608	 100.1143	 120.1465	  1.0000	  0.0000	        0.0000	        0.0000	        0.0000	        0.0000	        0.0000	        0.0000	        0.0000	  0.4767	  0.2691	-27.9925
2018	157	  23	 55	156.9965	  0.0000	3037.6172	   54.5405	 37.6174	  0.0000	 22.0000	 300.0000	 300.0000	 300.0000	   0.0000	   0.0000	   0.0000	 13.0000	 21.2000	 59.6667	   5.1000	   5.5000	   5.9000	  0.8000	  0.2000	  0.1000	  0.1600	  0.1900	 237.3733	 107.8924	 129.4809	 237.3733	 107.8924	 129.4809	 237.3733	 107.8924	 129.4809	  1.0000	  0.0000	        0.0000	        0.0000	        0.0000	        0.0000	        0.0000	        0.0000	        0.0000	  0.4767	  0.2691	-27.9925
2018	158	  23	 55	157.9965	  0.0000	3148.4041	   64.3832	 42.9705	  0.0000	 23.0000	 300.0000	 300.0000	 300.0000	   0.0000	   0.0000	   0.0000	 15.5000	 24.0000	 63.9167	   5.1000	   5.5000	   5.9000	  0.8000	  0.2000	  0.1000	  0.1600	  0.1900	 282.1223	 128.2319	 153.8904	 282.1223	 128.2319	 153.8904	 282.1223	 128.2319	 153.8904	  1.0000	  0.0000	        0.0000	        0.0000	        0.0000	        0.0000	        0.0000	        0.0000	        0.0000	  0.4767	  0.2691	-27.9925
2018	159	  23	 55	158.9965	  0.0000	  3.5949	    0.0556	 32.9956	  0.0000	 26.0000	 300.0000	 300.0000	 300.0000	   0.0000	   0.0000	   0.0000	 15.5000	 26.5000	 74.1667	   5.1000	   5.5000	   5.9000	  0.8000	  0.2000	  0.1000	  0.1600	  0.1900	   5.0752	   2.3086	   2.7666	   5.0752	   2.3086	   2.7666	   5.0752	   2.3086	   2.7666	  1.0000	  0.0000	        0.0000	        0.0000	        0.0000	        0.0000	        0.0000	        0.0000	        0.0000	  0.4767	  0.2691	-27.9925
2018	160	  23	 55	159.9965	  0.0000	  3.5563	    0.0631	 22.2101	  0.0000	 30.0000	 300.0000	 300.0000	 300.0000	   0.0000	   0.0000	   0.0000	 13.5000	 26.3000	 75.2500	   5.1000	   5.5000	   5.9000	  0.8000	  0.2000	  0.1000	  0.1600	  0.1900	  11.5737	   5.2628	   6.3109	  11.5737	   5.2628	   6.3109	  11.5737	   5.2628	   6.3109	  1.0000	  0.0000	        0.0000	        0.0000	        0.0000	        0.0000	        0.0000	        0.0000	        0.0000	  0.4767	  0.2691	-27.9925
2018	161	  23	 55	160.9965	  0.0000	  3.5490	    0.0559	  0.1327	 16.6083	  0.0000	 300.0000	 300.0000	 300.0000	   0.0000	   0.0000	   0.0000	 15.1000	 25.3000	 70.8333	   5.1000	   5.5000	   5.9000	  0.8000	  0.2000	  0.1000	  0.1600	  0.1900	   0.0000	   0.0000	   0.0000	   0.0000	   0.0000	   0.0000	   0.0000	   0.0000	   0.0000	  1.0000	  0.0000	        0.0000	        0.0000	        0.0000	        0.0000	        0.0000	        0.0000	        0.0000	  0.4767	  0.2691	-27.9925
2018	162	  23	 55	161.9965	  0.0000	  3.6295	    0.0496	 14.4740	 15.8250	  0.0000	 300.0000	 300.0000	 300.0000	   0.0000	   0.0000	   0.0000	 13.7000	 16.9000	 78.8333	   5.1000	   5.5000	   5.9000	  0.8000	  0.2000	  0.1000	  0.1600	  0.1900	   0.0000	   0.0000	   0.0000	   0.0000	   0.0000	   0.0000	   0.0000	   0.0000	   0.0000	  1.0000	  0.0000	        0.0000	        0.0000	        0.0000	        0.0000	        0.0000	        0.0000	        0.0000	  0.4767	  0.2691	-27.9925
2018	163	  23	 55	162.9965	  0.0000	 16.5628	    0.2866	 20.2151	  0.0000	  2.0000	 300.0000	 300.0000	 300.0000	   0.0000	   0.0000	   0.0000	 13.6000	 21.7000	 72.5000	   5.1000	   5.5000	   5.9000	  0.8000	  0.2000	  0.1000	  0.1600	  0.1900	   0.0000	   0.0000	   0.0000	   0.0000	   0.0000	   0.0000	   0.0000	   0.0000	   0.0000	  1.0000	  0.0000	        0.0000	        0.0000	        0.0000	        0.0000	        0.0000	        0.0000	        0.0000	  0.4767	  0.2691	-27.9925
2018	164	  23	 55	163.9965	  0.0000	3734.4663	   65.6649	 29.3051	  0.0000	  3.0000	 300.0000	 300.0000	 300.0000	   0.0000	   0.0000	   0.0000	 12.5000	 21.9000	 71.8333	   5.1000	   5.5000	   5.9000	  0.8000	  0.2000	  0.1000	  0.1600	  0.1900	 255.4109	 116.0887	 139.3222	 255.4109	 116.0887	 139.3222	 255.4109	 116.0887	 139.3222	  1.0000	  0.0000	        0.0000	        0.0000	        0.0000	        0.0000	        0.0000	        0.0000	        0.0000	  0.4767	  0.2691	-27.9925
2018	165	  23	 55	164.9965	  0.0000	 15.1625	    0.2447	 27.6049	 53.2333	  0.0000	 300.0000	 300.0000	 300.0000	   0.0000	   0.0000	   0.0000	 13.8000	 20.6000	 60.8333	   5.1000	   5.5000	   5.9000	  0.8000	  0.2000	  0.1000	  0.1600	  0.1900	   0.0000	   0.0000	   0.0000	   0.0000	   0.0000	   0.0000	   0.0000	   0.0000	   0.0000	  1.0000	  0.0000	        0.0000	        0.0000	        0.0000	        0.0000	        0.0000	        0.0000	        0.0000	  0.4767	  0.2691	-27.9925
2018	166	  23	 55	165.9965	  0.0000	4816.3338	   75.4348	 37.1709	  0.0000	  1.0000	 300.0000	 300.0000	 300.0000	   0.0000	   0.0000	   0.0000	 13.6000	 18.9000	 81.0000	   5.1000	   5.5000	   5.9000	  0.8000	  0.2000	  0.1000	  0.1600	  0.1900	 294.9920	 134.0789	 160.9130	 294.9920	 134.0789	 160.9130	 294.9920	 134.0789	 160.9130	  1.0000	  0.0000	        0.0000	        0.0000	        0.0000	        0.0000	        0.0000	        0.0000	        0.0000	  0.4767	  0.2691	-27.9925
2018	167	  23	 55	166.9965	  0.0000	 18.8861	    0.3055	 35.6364	 16.3833	  0.0000	 300.0000	 300.0000	 300.0000	   0.0000	   0.0000	   0.0000	 13.9000	 22.2000	 72.0833	   5.1000	   5.5000	   5.9000	  0.8000	  0.2000	  0.1000	  0.1600	  0.1900	   0.0000	   0.0000	   0.0000	   0.0000	   0.0000	   0.0000	   0.0000	   0.0000	   0.0000	  1.0000	  0.0000	        0.0000	        0.0000	        0.0000	        0.0000	        0.0000	        0.0000	        0.0000	  0.4767	  0.2691	-27.9925
2018	168	  23	 55	167.9965	  0.0000	  3.5434	    0.0503	  0.1653	156.0500	  0.0000	 300.0000	 300.0000	 300.0000	   0.0000	   0.0000	   0.0000	 13.9000	 18.4000	115.5000	   5.1000	   5.5000	   5.9000	  0.8000	  0.2000	  0.1000	  0.1600	  0.1900	   0.0000	   0.0000	   0.0000	   0.0000	   0.0000	   0.0000	   0.0000	   0.0000	   0.0000	  1.0000	  0.0000	        0.0000	        0.0000	        0.0000	        0.0000	        0.0000	        0.0000	        0.0000	  0.4767	  0.2691	-27.9925
2018	169	  23	 55	168.9965	  0.0000	  3.6027	    0.0508	  9.7648	  7.4417	  0.0000	 300.0000	 300.0000	 300.0000	   0.0000	   0.0000	   0.0000	 14.1000	 18.2000	 57.5833	   5.1000	   5.5000	   5.9000	  0.8000	  0.2000	  0.1000	  0.1600	  0.1900	   0.0000	   0.0000	   0.0000	   0.0000	   0.0000	   0.0000	   0.0000	   0.0000	   0.0000	  1.0000	  0.0000	        0.0000	        0.0000	        0.0000	        0.0000	        0.0000	        0.0000	        0.0000	  0.4767	  0.2691	-27.9925
2018	170	  23	 55	169.9965	  0.0000	3086.0715	   47.3014	 17.2721	  7.2417	  0.0000	 300.0000	 300.0000	 300.0000	   0.0000	   0.0000	   0.0000	 12.9250	 17.4000	 65.2500	   5.1000	   5.5000	   5.9000	  0.8000	  0.2000	  0.1000	  0.1600	  0.1900	 170.0893	  77.3080	  92.7813	 170.0893	  77.3080	  92.7813	 170.0893	  77.3080	  92.7813	  1.0000	  0.0000	        0.0000	        0.0000	        0.0000	        0.0000	        0.0000	        0.0000	        0.0000	  0.4767	  0.2691	-27.9925
2018	171	  23	 55	170.9965	  0.0000	  3.5441	    0.0510	 11.2265	 50.3500	  0.0000	 300.0000	 300.0000	 300.0000	   0.0000	   0.0000	   0.0000	 11.4000	 16.9000	 55.5833	   5.1000	   5.5000	   5.9000	  0.8000	  0.2000	  0.1000	  0.1600	  0.1900	   0.0000	   0.0000	   0.0000	   0.0000	   0.0000	   0.0000	   0.0000	   0.0000	   0.0000	  1.0000	  0.0000	        0.0000	        0.0000	        0.0000	        0.0000	        0.0000	        0.0000	        0.0000	  0.4767	  0.2691	-27.9925
2018	172	  23	 55	171.9965	  0.0000	 15.7612	    0.2006	 14.8665	 16.6667	  0.0000	 300.0000	 300.0000	 300.0000	   0.0000	   0.0000	   0.0000	  9.8000	 16.0000	 59.1667	   5.1000	   5.5000	   5.9000	  0.8000	  0.2000	  0.1000	  0.1600	  0.1900	   0.0000	   0.0000	   0.0000	   0.0000	   0.0000	   0.0000	   0.0000	   0.0000	   0.0000	  1.0000	  0.0000	        0.0000	        0.0000	        0.0000	        0.0000	        0.0000	        0.0000	        0.0000	  0.4767	  0.2691	-27.9925
2018	173	  23	 55	172.9965	  0.0000	  3.5353	    0.0422	 11.2473	  0.0000	  4.0000	 300.0000	 300.0000	 300.0000	   0.0000	   0.0000	   0.0000	  9.4000	 17.3000	 66.4167	   5.1000	   5.5000	   5.9000	  0.8000	  0.2000	  0.1000	  0.1600	  0.1900	   0.0000	   0.0000	   0.0000	   0.0000	   0.0000	   0.0000	   0.0000	   0.0000	   0.0000	  1.0000	  0.0000	        0.0000	        0.0000	        0.0000	        0.0000	        0.0000	        0.0000	        0.0000	  0.4767	  0.2691	-27.9925
2018	174	  23	 55	173.9965	  0.0000	  3.5343	    0.0413	  6.4597	  0.0000	 10.0000	 300.0000	 300.0000	 300.0000	   0.0000	   0.0000	   0.0000	  8.6000	 19.1000	 65.3333	   5.1000	   5.5000	   5.9000	  0.8000	  0.2000	  0.1000	  0.1600	  0.1900	   0.0000	   0.0000	   0.0000	   0.0000	   0.0000	   0.0000	   0.0000	   0.0000	   0.0000	  1.0000	  0.0000	        0.0000	        0.0000	        0.0000	        0.0000	        0.0000	        0.0000	        0.0000	  0.4767	  0.2691	-27.9925
2018	175	  23	 55	174.9965	  0.0000	3774.5238	   67.4332	 18.6544	  0.0000	 11.0000	 300.0000	 300.0000	 300.0000	   0.0000	   0.0000	   0.0000	 10.4000	 22.3000	 75.0833	   5.1000	   5.5000	   5.9000	  0.8000	  0.2000	  0.1000	  0.1600	  0.1900	 276.0914	 125.4893	 150.6020	 276.0914	 125.4893	 150.6020	 276.0914	 125.4893	 150.6020	  1.0000	  0.0000	        0.0000	        0.0000	        0.0000	        0.0000	        0.0000	        0.0000	        0.0000	  0.4767	  0.2691	-27.9925
2018	176	  23	 55	175.9965	  0.0000	 15.5578	    0.3003	 23.1920	  0.0000	 13.0000	 300.0000	 300.0000	 300.0000	   0.0000	   0.0000	   0.0000	 15.0000	 24.6000	 69.6667	   5.1000	   5.5000	   5.9000	  0.8000	  0.2000	  0.1000	  0.1600	  0.1900	   0.0000	   0.0000	   0.0000	   0.0000	   0.0000	   0.0000	   0.0000	   0.0000	   0.0000	  1.0000	  0.0000	        0.0000	        0.0000	        0.0000	        0.0000	        0.0000	        0.0000	        0.0000	  0.4767	  0.2691	-27.9925
2018	177	  23	 55	176.9965	  0.0000	  3.5576	    0.0645	 19.0804	  0.0000	 17.0000	 300.0000	 300.0000	 300.0000	   0.0000	   0.0000	   0.0000	 14.2000	 27.1000	 78.3333	   5.1000	   5.5000	   5.9000	  0.8000	  0.2000	  0.1000	  0.1600	  0.1900	   0.0000	   0.0000	   0.0000	   0.0000	   0.0000	   0.0000	   0.0000	   0.0000	   0.0000	  1.0000	  0.0000	        0.0000	        0.0000	        0.0000	        0.0000	        0.0000	        0.0000	        0.0000	  0.4767	  0.2691	-27.9925
2018	178	  23	 55	177.9965	  0.0000	 15.6227	    0.3288	 24.3439	  0.0000	 19.0000	 300.0000	 300.0000	 300.0000	   0.0000	   0.0000	   0.0000	 16.4000	 25.9000	 67.8333	   5.1000	   5.5000	   5.9000	  0.8000	  0.2000	  0.1000	  0.1600	  0.1900	   0.0000	   0.0000	   0.0000	   0.0000	   0.0000	   0.0000	   0.0000	   0.0000	   0.0000	  1.0000	  0.0000	        0.0000	        0.0000	        0.0000	        0.0000	        0.0000	        0.0000	        0.0000	  0.4767	  0.2691	-27.9925
2018	179	  23	 55	178.9965	  0.0000	3709.5539	   82.5226	 35.9797	  0.0000	 20.0000	 300.0000	 300.0000	 300.0000	   0.0000	   0.0000	   0.0000	 17.4000	 26.3000	 74.6667	   5.1000	   5.5000	   5.9000	  0.8000	  0.2000	  0.1000	  0.1600	  0.1900	 356.7635	 162.1575	 194.6060	 356.7635	 162.1575	 194.6060	 356.7635	 162.1575	 194.6060	  1.0000	  0.0000	        0.0000	        0.0000	        0.0000	        0.0000	        0.0000	        0.0000	        0.0000	  0.4767	  0.2691	-27.9925
