Year	DOY	Hour	Min	 Dectime	  HDD1_h	  HDD2_c	HDD3_Tmean	HDD4_T5d	   P_day	  DaysSR	GDD_EveTr	GDD_DecTr	GDD_Grass	SDD_EveTr	SDD_DecTr	SDD_Grass	    Tmin	    Tmax	   DLHrs	LAI_EveTr	LAI_DecTr	LAI_Grass	DecidCap	Porosity	AlbEveTr	AlbDecTr	AlbGrass	WU_EveTr1	WU_EveTr2	WU_EveTr3	WU_DecTr1	WU_DecTr2	WU_DecTr3	WU_Grass1	WU_Grass2	WU_Grass3	LAIlumps	 AlbSnow	DensSnow_Paved	DensSnow_Bldgs	DensSnow_EveTr	DensSnow_DecTr	DensSnow_Grass	DensSnow_BSoil	DensSnow_Water	      a1	      a2	      a3
2018	  1	  23	 55	  0.9965	  0.0000	 16.2513	    0.0842	  8.2762	 47.4250	  0.0000	   0.2000	   0.2000	   0.2000	-450.0000	-450.0000	-450.0000	  3.6000	  6.6000	 12.4167	   4.0003	   1.0006	   2.6264	  0.3001	  0.5999	  0.1000	  0.1600	  0.1900	   0.0000	   0.0000	   0.0000	   0.0000	   0.0000	   0.0000	   0.0000	   0.0000	   0.0000	  0.2943	  0.0000	        0.0000	        0.0000	        0.0000	        0.0000	        0.0000	        0.0000	        0.0000	  0.3521	  0.2490	-22.6876
2018	  2	  23	 55	  1.9965	  0.0000	  9.2065	    0.0496	  6.7796	  0.7500	  0.0000	   1.5000	   1.5000	   1.5000	-450.0000	-450.0000	-450.0000	  4.8000	  6.5000	 16.5000	   4.0028	   1.0053	   2.6313	  0.3006	  0.5995	  0.1000	  0.1600	  0.1900	   0.0000	   0.0000	   0.0000	   0.0000	   0.0000	   0.0000	   0.0000	   0.0000	   0.0000	  0.2946	  0.0000	        0.0000	        0.0000	        0.0000	        0.0000	        0.0000	        0.0000	        0.0000	  0.3521	  0.2490	-22.6876
2018	  3	  23	 55	  2.9965	  0.0000	1383.2087	    4.7975	  6.3832	 14.0500	  0.0000	   0.0000	   0.0000	   0.0000	-450.0000	-450.0000	-450.0000	  2.6000	  5.0000	  5.3333	   4.0028	   1.0053	   2.6313	  0.3006	  0.5995	  0.1000	  0.1600	  0.1900	   0.0000	   0.0000	   0.0000	   0.0000	   0.0000	   0.0000	   0.0000	   0.0000	   0.0000	  0.2951	  0.0000	        0.0000	        0.0000	        0.0000	        0.0000	        0.0000	        0.0000	        0.0000	  0.3521	  0.2490	-22.6876
2018	  4	  23	 55	  3.9965	  0.0000	  9.1575	    0.0248	  4.8325	  0.0167	  0.0000	   0.0000	   0.0000	   0.0000	-450.0000	-450.0000	-450.0000	  2.2000	  3.5000	 16.0000	   4.0028	   1.0053	   2.6313	  0.3006	  0.5995	  0.1000	  0.1600	  0.1900	   0.0000	   0.0000	   0.0000	   0.0000	   0.0000	   0.0000	   0.0000	   0.0000	   0.0000	  0.2951	  0.0000	        0.0000	        0.0000	        0.0000	        0.0000	        0.0000	        0.0000	        0.0000	  0.3521	  0.2490	-22.6876
2018	  5	  23	 55	  4.9965	  0.0000	1224.1347	    2.3612	  4.3383	  0.0000	  1.0000	   0.0000	   0.0000	   0.0000	-450.0000	-450.0000	-450.0000	  0.8167	  2.8000	  6.4167	   4.0028	   1.0053	   2.6313	  0.3006	  0.5995	  0.1000	  0.1600	  0.1900	   0.0000	   0.0000	   0.0000	   0.0000	   0.0000	   0.0000	   0.0000	   0.0000	   0.0000	  0.2951	  0.0000	        0.0000	        0.0000	        0.0000	        0.0000	        0.0000	        0.0000	        0.0000	  0.3521	  0.2490	-22.6876
2018	  6	  23	 55	  5.9965	  0.0000	  8.5432	   -0.0315	  2.2899	  0.0000	  3.0000	   0.0000	   0.0000	   0.0000	-450.0000	-450.0000	-450.0000	 -6.0500	  0.8000	  8.5000	   4.0028	   1.0053	   2.6313	  0.3006	  0.5995	  0.1000	  0.1600	  0.1900	   0.0000	   0.0000	   0.0000	   0.0000	   0.0000	   0.0000	   0.0000	   0.0000	   0.0000	  0.2951	  0.0000	        0.0000	        0.0000	        0.0000	        0.0000	        0.0000	        0.0000	        0.0000	  0.3521	  0.2490	-22.6876
2018	  7	  23	 55	  6.9965	  0.0000	1900.4260	   -3.5914	  1.1136	  0.0000	  4.0000	   0.0000	   0.0000	   0.0000	-450.0000	-450.0000	-450.0000	 -7.9000	  4.4000	 23.6667	   4.0028	   1.0053	   2.6313	  0.3006	  0.5995	  0.1000	  0.1600	  0.1900	   0.0000	   0.0000	   0.0000	   0.0000	   0.0000	   0.0000	   0.0000	   0.0000	   0.0000	  0.2951	  0.0000	        0.0000	        0.0000	        0.0000	        0.0000	        0.0000	        0.0000	        0.0000	  0.3521	  0.2490	-22.6876
2018	  8	  23	 55	  7.9965	  0.0000	1521.7874	    4.1428	  1.7195	  0.0000	  5.0000	   0.0000	   0.0000	   0.0000	-450.0000	-450.0000	-450.0000	  0.2000	  4.3000	 13.8333	   4.0028	   1.0053	   2.6313	  0.3006	  0.5995	  0.1000	  0.1600	  0.1900	   0.0000	   0.0000	   0.0000	   0.0000	   0.0000	   0.0000	   0.0000	   0.0000	   0.0000	  0.2951	  0.0000	        0.0000	        0.0000	        0.0000	        0.0000	        0.0000	        0.0000	        0.0000	  0.3521	  0.2490	-22.6876
2018	  9	  23	 55	  8.9965	  0.0000	1635.8643	    3.3522	  2.0460	  0.0000	  6.0000	   0.0000	   0.0000	   0.0000	-450.0000	-450.0000	-450.0000	 -0.9000	  4.6000	 15.4167	   4.0028	   1.0053	   2.6313	  0.3006	  0.5995	  0.1000	  0.1600	  0.1900	   0.0000	   0.0000	   0.0000	   0.0000	   0.0000	   0.0000	   0.0000	   0.0000	   0.0000	  0.2951	  0.0000	        0.0000	        0.0000	        0.0000	        0.0000	        0.0000	        0.0000	        0.0000	  0.3521	  0.2490	-22.6876
2018	 10	  23	 55	  9.9965	  0.0000	2014.8681	    6.4256	  2.9219	 14.8250	  0.0000	   0.0000	   0.0000	   0.0000	-450.0000	-450.0000	-450.0000	  2.1000	  3.9000	  5.5833	   4.0028	   1.0053	   2.6313	  0.3006	  0.5995	  0.1000	  0.1600	  0.1900	   0.0000	   0.0000	   0.0000	   0.0000	   0.0000	   0.0000	   0.0000	   0.0000	   0.0000	  0.2951	  0.0000	        0.0000	        0.0000	        0.0000	        0.0000	        0.0000	        0.0000	        0.0000	  0.3521	  0.2490	-22.6876
2018	 11	  23	 55	 10.9965	  0.0000	3113.5616	    8.6557	  4.0687	 18.6417	  0.0000	   0.0000	   0.0000	   0.0000	-450.0000	-450.0000	-450.0000	 -0.4000	  3.5000	 42.7500	   4.0028	   1.0053	   2.6313	  0.3006	  0.5995	  0.1000	  0.1600	  0.1900	   0.0000	   0.0000	   0.0000	   0.0000	   0.0000	   0.0000	   0.0000	   0.0000	   0.0000	  0.2951	  0.0000	        0.0000	        0.0000	        0.0000	        0.0000	        0.0000	        0.0000	        0.0000	  0.3521	  0.2490	-22.6876
2018	 12	  23	 55	 11.9965	  0.0000	 13.9260	    0.0147	  3.2894	  0.4750	  0.0000	   0.0000	   0.0000	   0.0000	-450.0000	-450.0000	-450.0000	 -0.5000	  2.0000	 16.9167	   4.0028	   1.0053	   2.6313	  0.3006	  0.5995	  0.1000	  0.1600	  0.1900	   0.0000	   0.0000	   0.0000	   0.0000	   0.0000	   0.0000	   0.0000	   0.0000	   0.0000	  0.2951	  0.0000	        0.0000	        0.0000	        0.0000	        0.0000	        0.0000	        0.0000	        0.0000	  0.3521	  0.2490	-22.6876
2018	 13	  23	 55	 12.9965	  0.0000	1103.6005	    0.1755	  2.6666	  0.2083	  0.0000	   0.0000	   0.0000	   0.0000	-450.0000	-450.0000	-450.0000	 -0.7917	  0.7000	  4.9167	   4.0028	   1.0053	   2.6313	  0.3006	  0.5995	  0.1000	  0.1600	  0.1900	   0.0000	   0.0000	   0.0000	   0.0000	   0.0000	   0.0000	   0.0000	   0.0000	   0.0000	  0.2951	  0.0000	        0.0000	        0.0000	        0.0000	        0.0000	        0.0000	        0.0000	        0.0000	  0.3521	  0.2490	-22.6876
2018	 14	  23	 55	 13.9965	  0.0000	1054.0305	   -0.6629	  2.0007	  0.0000	  1.0000	   0.0000	   0.0000	   0.0000	-450.0000	-450.0000	-450.0000	 -1.7833	  0.0010	  5.0833	   4.0028	   1.0053	   2.6313	  0.3006	  0.5995	  0.1000	  0.1600	  0.1900	   0.0000	   0.0000	   0.0000	   0.0000	   0.0000	   0.0000	   0.0000	   0.0000	   0.0000	  0.2951	  0.0000	        0.0000	        0.0000	        0.0000	        0.0000	        0.0000	        0.0000	        0.0000	  0.3521	  0.2490	-22.6876
2018	 15	  23	 55	 14.9965	  0.0000	1245.9708	   -0.1686	  1.5669	  5.4500	  0.0000	   0.0000	   0.0000	   0.0000	-450.0000	-450.0000	-450.0000	 -1.9000	  0.8833	  4.5000	   4.0028	   1.0053	   2.6313	  0.3006	  0.5995	  0.1000	  0.1600	  0.1900	   0.0000	   0.0000	   0.0000	   0.0000	   0.0000	   0.0000	   0.0000	   0.0000	   0.0000	  0.2951	  0.0000	        0.0000	        0.0000	        0.0000	        0.0000	        0.0000	        0.0000	        0.0000	  0.3521	  0.2490	-22.6876
2018	 16	  23	 55	 15.9965	  0.0000	 21.1613	    0.0580	  3.4593	 50.3167	  0.0000	   0.0000	   0.0000	   0.0000	-450.0000	-450.0000	-450.0000	  0.4000	  3.7000	 55.8333	   4.0028	   1.0053	   2.6313	  0.3006	  0.5995	  0.1000	  0.1600	  0.1900	   0.0000	   0.0000	   0.0000	   0.0000	   0.0000	   0.0000	   0.0000	   0.0000	   0.0000	  0.2951	  0.0000	        0.0000	        0.0000	        0.0000	        0.0000	        0.0000	        0.0000	        0.0000	  0.3521	  0.2490	-22.6876
2018	 17	  23	 55	 16.9965	  0.0000	 16.4884	    0.0302	  3.4143	  0.1417	  0.0000	   0.0000	   0.0000	   0.0000	-450.0000	-450.0000	-450.0000	  0.7000	  3.3000	 28.4167	   4.0028	   1.0053	   2.6313	  0.3006	  0.5995	  0.1000	  0.1600	  0.1900	   0.0000	   0.0000	   0.0000	   0.0000	   0.0000	   0.0000	   0.0000	   0.0000	   0.0000	  0.2951	  0.0000	        0.0000	        0.0000	        0.0000	        0.0000	        0.0000	        0.0000	        0.0000	  0.3521	  0.2490	-22.6876
2018	 18	  23	 55	 17.9965	  0.0000	3884.8708	    3.7384	  3.4791	  0.0083	  0.0000	   0.0000	   0.0000	   0.0000	-450.0000	-450.0000	-450.0000	 -1.1667	  1.5000	 22.6667	   4.0028	   1.0053	   2.6313	  0.3006	  0.5995	  0.1000	  0.1600	  0.1900	   0.0000	   0.0000	   0.0000	   0.0000	   0.0000	   0.0000	   0.0000	   0.0000	   0.0000	  0.2951	  0.0000	        0.0000	        0.0000	        0.0000	        0.0000	        0.0000	        0.0000	        0.0000	  0.3521	  0.2490	-22.6876
2018	 19	  23	 55	 18.9965	  0.0000	1803.8206	   -2.7334	  2.2366	  0.0000	  1.0000	   0.0000	   0.0000	   0.0000	-450.0000	-450.0000	-450.0000	 -3.8000	  0.8000	 21.6667	   4.0028	   1.0053	   2.6313	  0.3006	  0.5995	  0.1000	  0.1600	  0.1900	   0.0000	   0.0000	   0.0000	   0.0000	   0.0000	   0.0000	   0.0000	   0.0000	   0.0000	  0.2951	  0.0000	        0.0000	        0.0000	        0.0000	        0.0000	        0.0000	        0.0000	        0.0000	  0.3521	  0.2490	-22.6876
2018	 20	  23	 55	 19.9965	  0.0000	1218.7066	    0.4139	  1.8721	  0.3000	  0.0000	   0.0000	   0.0000	   0.0000	-450.0000	-450.0000	-450.0000	 -1.1000	  1.2000	 11.3333	   4.0028	   1.0053	   2.6313	  0.3006	  0.5995	  0.1000	  0.1600	  0.1900	   0.0000	   0.0000	   0.0000	   0.0000	   0.0000	   0.0000	   0.0000	   0.0000	   0.0000	  0.2951	  0.0000	        0.0000	        0.0000	        0.0000	        0.0000	        0.0000	        0.0000	        0.0000	  0.3521	  0.2490	-22.6876
2018	 21	  23	 55	 20.9965	  0.0000	1253.4153	    0.3142	  1.5605	  0.0000	  1.0000	   0.0000	   0.0000	   0.0000	-450.0000	-450.0000	-450.0000	 -0.4000	  1.0000	  9.8333	   4.0028	   1.0053	   2.6313	  0.3006	  0.5995	  0.1000	  0.1600	  0.1900	   0.0000	   0.0000	   0.0000	   0.0000	   0.0000	   0.0000	   0.0000	   0.0000	   0.0000	  0.2951	  0.0000	        0.0000	        0.0000	        0.0000	        0.0000	        0.0000	        0.0000	        0.0000	  0.3521	  0.2490	-22.6876
2018	 22	  23	 55	 21.9965	  0.0000	1245.6380	   -0.5014	  1.1481	  0.0000	  2.0000	   0.0000	   0.0000	   0.0000	-450.0000	-450.0000	-450.0000	 -2.0000	  0.6000	 11.3333	   4.0028	   1.0053	   2.6313	  0.3006	  0.5995	  0.1000	  0.1600	  0.1900	   0.0000	   0.0000	   0.0000	   0.0000	   0.0000	   0.0000	   0.0000	   0.0000	   0.0000	  0.2951	  0.0000	        0.0000	        0.0000	        0.0000	        0.0000	        0.0000	        0.0000	        0.0000	  0.3521	  0.2490	-22.6876
2018	 23	  23	 55	 22.9965	  0.0000	  8.6720	    0.0245	  1.0715	 28.4417	  0.0000	   0.0000	   0.0000	   0.0000	-450.0000	-450.0000	-450.0000	 -0.4000	  4.9500	  8.0000	   4.0028	   1.0053	   2.6313	  0.3006	  0.5995	  0.1000	  0.1600	  0.1900	   0.0000	   0.0000	   0.0000	   0.0000	   0.0000	   0.0000	   0.0000	   0.0000	   0.0000	  0.2951	  0.0000	        0.0000	        0.0000	        0.0000	        0.0000	        0.0000	        0.0000	        0.0000	  0.3521	  0.2490	-22.6876
2018	 24	  23	 55	 23.9965	  0.0000	1738.0704	   11.5756	  3.1724	 20.8083	  0.0000	   1.9500	   1.9500	   1.9500	-450.0000	-450.0000	-450.0000	  5.0000	  8.9000	  5.8333	   4.0049	   1.0092	   2.6353	  0.3010	  0.5992	  0.1000	  0.1600	  0.1900	   0.0000	   0.0000	   0.0000	   0.0000	   0.0000	   0.0000	   0.0000	   0.0000	   0.0000	  0.2958	  0.0000	        0.0000	        0.0000	        0.0000	        0.0000	        0.0000	        0.0000	        0.0000	  0.3521	  0.2490	-22.6876
2018	 25	  23	 55	 24.9965	  0.0000	1453.0024	    8.4554	  4.2290	  1.6333	  0.0000	   2.7500	   2.7500	   2.7500	-450.0000	-450.0000	-450.0000	  5.3000	  6.3000	 10.6667	   4.0078	   1.0147	   2.6410	  0.3016	  0.5987	  0.1000	  0.1600	  0.1900	   0.0000	   0.0000	   0.0000	   0.0000	   0.0000	   0.0000	   0.0000	   0.0000	   0.0000	  0.2968	  0.0000	        0.0000	        0.0000	        0.0000	        0.0000	        0.0000	        0.0000	        0.0000	  0.3521	  0.2490	-22.6876
2018	 26	  23	 55	 25.9965	  0.0000	 11.7766	    0.0485	  4.5648	 10.5083	  0.0000	   0.0000	   0.0000	   0.0000	-450.0000	-450.0000	-450.0000	  2.3750	  5.7000	 12.9167	   4.0078	   1.0147	   2.6410	  0.3016	  0.5987	  0.1000	  0.1600	  0.1900	   0.0000	   0.0000	   0.0000	   0.0000	   0.0000	   0.0000	   0.0000	   0.0000	   0.0000	  0.2968	  0.0000	        0.0000	        0.0000	        0.0000	        0.0000	        0.0000	        0.0000	        0.0000	  0.3521	  0.2490	-22.6876
2018	 27	  23	 55	 26.9965	  0.0000	 11.3772	    0.0251	  3.5118	 19.7250	  0.0000	   0.0000	   0.0000	   0.0000	-450.0000	-450.0000	-450.0000	 -2.8000	  4.5000	 25.8333	   4.0078	   1.0147	   2.6410	  0.3016	  0.5987	  0.1000	  0.1600	  0.1900	   0.0000	   0.0000	   0.0000	   0.0000	   0.0000	   0.0000	   0.0000	   0.0000	   0.0000	  0.2968	  0.0000	        0.0000	        0.0000	        0.0000	        0.0000	        0.0000	        0.0000	        0.0000	  0.3521	  0.2490	-22.6876
2018	 28	  23	 55	 27.9965	  0.0000	2828.4225	   15.9068	  5.9908	 41.4417	  0.0000	   0.4500	   0.4500	   0.4500	-450.0000	-450.0000	-450.0000	  3.6000	  7.3000	  9.3333	   4.0082	   1.0156	   2.6420	  0.3017	  0.5986	  0.1000	  0.1600	  0.1900	   0.0000	   0.0000	   0.0000	   0.0000	   0.0000	   0.0000	   0.0000	   0.0000	   0.0000	  0.2969	  0.0000	        0.0000	        0.0000	        0.0000	        0.0000	        0.0000	        0.0000	        0.0000	  0.3521	  0.2490	-22.6876
2018	 29	  23	 55	 28.9965	  0.0000	 23.3210	    0.0952	  7.6068	 45.5083	  0.0000	   0.0000	   0.0000	   0.0000	-450.0000	-450.0000	-450.0000	  2.5000	  7.2000	 13.0833	   4.0082	   1.0156	   2.6420	  0.3017	  0.5986	  0.1000	  0.1600	  0.1900	   0.0000	   0.0000	   0.0000	   0.0000	   0.0000	   0.0000	   0.0000	   0.0000	   0.0000	  0.2969	  0.0000	        0.0000	        0.0000	        0.0000	        0.0000	        0.0000	        0.0000	        0.0000	  0.3521	  0.2490	-22.6876
2018	 30	  23	 55	 29.9965	  0.0000	4468.8810	   16.8915	  9.4637	  0.0000	  1.0000	   0.0000	   0.0000	   0.0000	-450.0000	-450.0000	-450.0000	 -0.4000	  5.5000	 27.5833	   4.0082	   1.0156	   2.6420	  0.3017	  0.5986	  0.1000	  0.1600	  0.1900	   0.0000	   0.0000	   0.0000	   0.0000	   0.0000	   0.0000	   0.0000	   0.0000	   0.0000	  0.2969	  0.0000	        0.0000	        0.0000	        0.0000	        0.0000	        0.0000	        0.0000	        0.0000	  0.3521	  0.2490	-22.6876
2018	 31	  23	 55	 30.9965	  0.0000	4704.0112	   18.8056	 11.3321	 45.1750	  0.0000	   0.0000	   0.0000	   0.0000	-450.0000	-450.0000	-450.0000	  1.5000	  5.3000	 18.3333	   4.0082	   1.0156	   2.6420	  0.3017	  0.5986	  0.1000	  0.1600	  0.1900	   0.0000	   0.0000	   0.0000	   0.0000	   0.0000	   0.0000	   0.0000	   0.0000	   0.0000	  0.2969	  0.0000	        0.0000	        0.0000	        0.0000	        0.0000	        0.0000	        0.0000	        0.0000	  0.3521	  0.2490	-22.6876
2018	 32	  23	 55	 31.9965	  0.0000	6061.0206	   21.7697	 13.4196	 76.5333	  0.0000	   0.0000	   0.0000	   0.0000	-450.0000	-450.0000	-450.0000	  0.7000	  4.5000	 21.3333	   4.0082	   1.0156	   2.6420	  0.3017	  0.5986	  0.1000	  0.1600	  0.1900	   0.0000	   0.0000	   0.0000	   0.0000	   0.0000	   0.0000	   0.0000	   0.0000	   0.0000	  0.2969	  0.0000	        0.0000	        0.0000	        0.0000	        0.0000	        0.0000	        0.0000	        0.0000	  0.3521	  0.2490	-22.6876
2018	 33	  23	 55	 32.9965	  0.0000	2263.6659	   -5.8393	  9.5678	  1.5250	  0.0000	   0.0000	   0.0000	   0.0000	-450.0000	-450.0000	-450.0000	 -5.1000	  3.0000	 13.6667	   4.0082	   1.0156	   2.6420	  0.3017	  0.5986	  0.1000	  0.1600	  0.1900	   0.0000	   0.0000	   0.0000	   0.0000	   0.0000	   0.0000	   0.0000	   0.0000	   0.0000	  0.2969	  0.0000	        0.0000	        0.0000	        0.0000	        0.0000	        0.0000	        0.0000	        0.0000	  0.3521	  0.2490	-22.6876
2018	 34	  23	 55	 33.9965	  0.0000	1214.2790	   -4.0137	  6.8515	  0.1750	  0.0000	   0.0000	   0.0000	   0.0000	-450.0000	-450.0000	-450.0000	 -5.1000	 -2.2000	  9.8333	   4.0082	   1.0156	   2.6420	  0.3017	  0.5986	  0.1000	  0.1600	  0.1900	   0.0000	   0.0000	   0.0000	   0.0000	   0.0000	   0.0000	   0.0000	   0.0000	   0.0000	  0.2969	  0.0000	        0.0000	        0.0000	        0.0000	        0.0000	        0.0000	        0.0000	        0.0000	  0.3521	  0.2490	-22.6876
2018	 35	  23	 55	 34.9965	  0.0000	1508.9606	   -5.2031	  4.4406	  0.0000	  1.0000	   0.0000	   0.0000	   0.0000	-450.0000	-450.0000	-450.0000	 -6.6917	 -2.2000	 15.8333	   4.0082	   1.0156	   2.6420	  0.3017	  0.5986	  0.1000	  0.1600	  0.1900	   0.0000	   0.0000	   0.0000	   0.0000	   0.0000	   0.0000	   0.0000	   0.0000	   0.0000	  0.2969	  0.0000	        0.0000	        0.0000	        0.0000	        0.0000	        0.0000	        0.0000	        0.0000	  0.3521	  0.2490	-22.6876
2018	 36	  23	 55	 35.9965	  0.0000	2075.4448	  -13.0569	  0.9411	  0.0000	  2.0000	   0.0000	   0.0000	   0.0000	-450.0000	-450.0000	-450.0000	 -9.1000	 -2.9000	 26.5000	   4.0082	   1.0156	   2.6420	  0.3017	  0.5986	  0.1000	  0.1600	  0.1900	   0.0000	   0.0000	   0.0000	   0.0000	   0.0000	   0.0000	   0.0000	   0.0000	   0.0000	  0.2969	  0.0000	        0.0000	        0.0000	        0.0000	        0.0000	        0.0000	        0.0000	        0.0000	  0.3521	  0.2490	-22.6876
2018	 37	  23	 55	 36.9965	  0.0000	1467.4454	   -4.9484	 -0.2368	  0.3083	  0.0000	   0.0000	   0.0000	   0.0000	-450.0000	-450.0000	-450.0000	 -8.5000	 -0.8000	  9.7500	   4.0082	   1.0156	   2.6420	  0.3017	  0.5986	  0.1000	  0.1600	  0.1900	   0.0000	   0.0000	   0.0000	   0.0000	   0.0000	   0.0000	   0.0000	   0.0000	   0.0000	  0.2969	  0.0000	        0.0000	        0.0000	        0.0000	        0.0000	        0.0000	        0.0000	        0.0000	  0.3521	  0.2490	-22.6876
2018	 38	  23	 55	 37.9965	  0.0000	1722.2904	   -0.7235	 -0.3341	  5.4167	  0.0000	   0.0000	   0.0000	   0.0000	-450.0000	-450.0000	-450.0000	 -3.7000	  2.0000	 16.4167	   4.0082	   1.0156	   2.6420	  0.3017	  0.5986	  0.1000	  0.1600	  0.1900	   0.0000	   0.0000	   0.0000	   0.0000	   0.0000	   0.0000	   0.0000	   0.0000	   0.0000	  0.2969	  0.0000	        0.0000	        0.0000	        0.0000	        0.0000	        0.0000	        0.0000	        0.0000	  0.3521	  0.2490	-22.6876
2018	 39	  23	 55	 38.9965	  0.0000	2391.4889	    3.6352	  0.4597	  0.0000	  1.0000	   0.0000	   0.0000	   0.0000	-450.0000	-450.0000	-450.0000	 -0.1000	  2.5000	 28.0000	   4.0082	   1.0156	   2.6420	  0.3017	  0.5986	  0.1000	  0.1600	  0.1900	   0.0000	   0.0000	   0.0000	   0.0000	   0.0000	   0.0000	   0.0000	   0.0000	   0.0000	  0.2969	  0.0000	        0.0000	        0.0000	        0.0000	        0.0000	        0.0000	        0.0000	        0.0000	  0.3521	  0.2490	-22.6876
2018	 40	  23	 55	 39.9965	  0.0000	  3.5079	   -0.0072	  0.2421	  0.0000	  4.0000	   0.0000	   0.0000	   0.0000	-450.0000	-450.0000	-450.0000	 -2.7000	  1.6000	 21.5833	   4.0082	   1.0156	   2.6420	  0.3017	  0.5986	  0.1000	  0.1600	  0.1900	   0.0000	   0.0000	   0.0000	   0.0000	   0.0000	   0.0000	   0.0000	   0.0000	   0.0000	  0.2969	  0.0000	        0.0000	        0.0000	        0.0000	        0.0000	        0.0000	        0.0000	        0.0000	  0.3521	  0.2490	-22.6876
2018	 41	  23	 55	 40.9965	  0.0000	1430.1513	   -0.4724	  0.0992	  0.0000	  5.0000	   0.0000	   0.0000	   0.0000	-450.0000	-450.0000	-450.0000	 -2.0000	  0.9000	 16.4167	   4.0082	   1.0156	   2.6420	  0.3017	  0.5986	  0.1000	  0.1600	  0.1900	   0.0000	   0.0000	   0.0000	   0.0000	   0.0000	   0.0000	   0.0000	   0.0000	   0.0000	  0.2969	  0.0000	        0.0000	        0.0000	        0.0000	        0.0000	        0.0000	        0.0000	        0.0000	  0.3521	  0.2490	-22.6876
2018	 42	  23	 55	 41.9965	  0.0000	1556.4638	    0.5300	  0.1853	  6.7083	  0.0000	   0.0000	   0.0000	   0.0000	-450.0000	-450.0000	-450.0000	 -1.5000	  2.6000	 14.7500	   4.0082	   1.0156	   2.6420	  0.3017	  0.5986	  0.1000	  0.1600	  0.1900	   0.0000	   0.0000	   0.0000	   0.0000	   0.0000	   0.0000	   0.0000	   0.0000	   0.0000	  0.2969	  0.0000	        0.0000	        0.0000	        0.0000	        0.0000	        0.0000	        0.0000	        0.0000	  0.3521	  0.2490	-22.6876
2018	 43	  23	 55	 42.9965	  0.0000	2493.6915	    4.8936	  1.1270	 43.3583	  0.0000	   0.0000	   0.0000	   0.0000	-450.0000	-450.0000	-450.0000	  0.6000	  3.2000	 18.9167	   4.0082	   1.0156	   2.6420	  0.3017	  0.5986	  0.1000	  0.1600	  0.1900	   0.0000	   0.0000	   0.0000	   0.0000	   0.0000	   0.0000	   0.0000	   0.0000	   0.0000	  0.2969	  0.0000	        0.0000	        0.0000	        0.0000	        0.0000	        0.0000	        0.0000	        0.0000	  0.3521	  0.2490	-22.6876
2018	 44	  23	 55	 43.9965	  0.0000	4374.3125	    9.3438	  2.7704	  0.2667	  0.0000	   0.0000	   0.0000	   0.0000	-450.0000	-450.0000	-450.0000	  1.5000	  2.7000	 57.5833	   4.0082	   1.0156	   2.6420	  0.3017	  0.5986	  0.1000	  0.1600	  0.1900	   0.0000	   0.0000	   0.0000	   0.0000	   0.0000	   0.0000	   0.0000	   0.0000	   0.0000	  0.2969	  0.0000	        0.0000	        0.0000	        0.0000	        0.0000	        0.0000	        0.0000	        0.0000	  0.3521	  0.2490	-22.6876
2018	 45	  23	 55	 44.9965	  0.0000	2692.5532	    5.3476	  3.2858	  0.0000	  1.0000	   0.0000	   0.0000	   0.0000	-450.0000	-450.0000	-450.0000	 -0.3583	  4.2000	 45.9167	   4.0082	   1.0156	   2.6420	  0.3017	  0.5986	  0.1000	  0.1600	  0.1900	   0.0000	   0.0000	   0.0000	   0.0000	   0.0000	   0.0000	   0.0000	   0.0000	   0.0000	  0.2969	  0.0000	        0.0000	        0.0000	        0.0000	        0.0000	        0.0000	        0.0000	        0.0000	  0.3521	  0.2490	-22.6876
2018	 46	  23	 55	 45.9965	  0.0000	1598.9282	    1.2244	  2.8735	  3.3750	  0.0000	   0.0000	   0.0000	   0.0000	-450.0000	-450.0000	-450.0000	 -0.6000	  2.7000	 18.6667	   4.0082	   1.0156	   2.6420	  0.3017	  0.5986	  0.1000	  0.1600	  0.1900	   0.0000	   0.0000	   0.0000	   0.0000	   0.0000	   0.0000	   0.0000	   0.0000	   0.0000	  0.2969	  0.0000	        0.0000	        0.0000	        0.0000	        0.0000	        0.0000	        0.0000	        0.0000	  0.3521	  0.2490	-22.6876
2018	 47	  23	 55	 46.9965	  0.0000	4612.3258	    7.1794	  3.7347	  9.3500	  0.0000	   0.0000	   0.0000	   0.0000	-450.0000	-450.0000	-450.0000	 -0.3000	  3.3000	 43.2500	   4.0082	   1.0156	   2.6420	  0.3017	  0.5986	  0.1000	  0.1600	  0.1900	   0.0000	   0.0000	   0.0000	   0.0000	   0.0000	   0.0000	   0.0000	   0.0000	   0.0000	  0.2969	  0.0000	        0.0000	        0.0000	        0.0000	        0.0000	        0.0000	        0.0000	        0.0000	  0.3521	  0.2490	-22.6876
2018	 48	  23	 55	 47.9965	  0.0000	2283.7610	    0.3324	  3.0542	  0.0000	  1.0000	   0.0000	   0.0000	   0.0000	-450.0000	-450.0000	-450.0000	 -3.3000	  2.0000	 33.7500	   4.0082	   1.0156	   2.6420	  0.3017	  0.5986	  0.1000	  0.1600	  0.1900	   0.0000	   0.0000	   0.0000	   0.0000	   0.0000	   0.0000	   0.0000	   0.0000	   0.0000	  0.2969	  0.0000	        0.0000	        0.0000	        0.0000	        0.0000	        0.0000	        0.0000	        0.0000	  0.3521	  0.2490	-22.6876
2018	 49	  23	 55	 48.9965	  0.0000	2785.8758	    4.6876	  3.3809	 33.0333	  0.0000	   0.0000	   0.0000	   0.0000	-450.0000	-450.0000	-450.0000	  0.8000	  3.0000	 33.7500	   4.0082	   1.0156	   2.6420	  0.3017	  0.5986	  0.1000	  0.1600	  0.1900	   0.0000	   0.0000	   0.0000	   0.0000	   0.0000	   0.0000	   0.0000	   0.0000	   0.0000	  0.2969	  0.0000	        0.0000	        0.0000	        0.0000	        0.0000	        0.0000	        0.0000	        0.0000	  0.3521	  0.2490	-22.6876
2018	 50	  23	 55	 49.9965	  0.0000	4503.1301	    5.8897	  3.8827	 31.8500	  0.0000	   0.0000	   0.0000	   0.0000	-450.0000	-450.0000	-450.0000	  0.5000	  1.6000	 72.5833	   4.0082	   1.0156	   2.6420	  0.3017	  0.5986	  0.1000	  0.1600	  0.1900	   0.0000	   0.0000	   0.0000	   0.0000	   0.0000	   0.0000	   0.0000	   0.0000	   0.0000	  0.2969	  0.0000	        0.0000	        0.0000	        0.0000	        0.0000	        0.0000	        0.0000	        0.0000	  0.3521	  0.2490	-22.6876
2018	 51	  23	 55	 50.9965	  0.0000	2124.2563	    0.9462	  3.2954	  0.0000	  1.0000	   0.0000	   0.0000	   0.0000	-450.0000	-450.0000	-450.0000	 -0.8000	  1.6000	 26.2500	   4.0082	   1.0156	   2.6420	  0.3017	  0.5986	  0.1000	  0.1600	  0.1900	   0.0000	   0.0000	   0.0000	   0.0000	   0.0000	   0.0000	   0.0000	   0.0000	   0.0000	  0.2969	  0.0000	        0.0000	        0.0000	        0.0000	        0.0000	        0.0000	        0.0000	        0.0000	  0.3521	  0.2490	-22.6876
2018	 52	  23	 55	 51.9965	  0.0000	  3.5359	   -0.0145	  1.6998	 12.5167	  0.0000	   0.0000	   0.0000	   0.0000	-450.0000	-450.0000	-450.0000	 -4.1333	  0.6000	 88.3333	   4.0082	   1.0156	   2.6420	  0.3017	  0.5986	  0.1000	  0.1600	  0.1900	   0.0000	   0.0000	   0.0000	   0.0000	   0.0000	   0.0000	   0.0000	   0.0000	   0.0000	  0.2969	  0.0000	        0.0000	        0.0000	        0.0000	        0.0000	        0.0000	        0.0000	        0.0000	  0.3521	  0.2490	-22.6876
2018	 53	  23	 55	 52.9965	  0.0000	2233.2847	   -8.3739	 -0.3150	  0.0000	  1.0000	   0.0000	   0.0000	   0.0000	-450.0000	-450.0000	-450.0000	 -6.6000	 -1.2000	 31.0833	   4.0082	   1.0156	   2.6420	  0.3017	  0.5986	  0.1000	  0.1600	  0.1900	   0.0000	   0.0000	   0.0000	   0.0000	   0.0000	   0.0000	   0.0000	   0.0000	   0.0000	  0.2969	  0.0000	        0.0000	        0.0000	        0.0000	        0.0000	        0.0000	        0.0000	        0.0000	  0.3521	  0.2490	-22.6876
2018	 54	  23	 55	 53.9965	  0.0000	  9.4965	   -0.0122	 -0.4145	  0.0000	  3.0000	   0.0000	   0.0000	   0.0000	-450.0000	-450.0000	-450.0000	 -3.0000	  0.7000	 17.7500	   4.0082	   1.0156	   2.6420	  0.3017	  0.5986	  0.1000	  0.1600	  0.1900	   0.0000	   0.0000	   0.0000	   0.0000	   0.0000	   0.0000	   0.0000	   0.0000	   0.0000	  0.2969	  0.0000	        0.0000	        0.0000	        0.0000	        0.0000	        0.0000	        0.0000	        0.0000	  0.3521	  0.2490	-22.6876
2018	 55	  23	 55	 54.9965	  0.0000	 10.6345	   -0.0385	 -1.1982	  0.0000	  5.0000	   0.0000	   0.0000	   0.0000	-450.0000	-450.0000	-450.0000	 -5.2583	 -0.7000	 28.6667	   4.0082	   1.0156	   2.6420	  0.3017	  0.5986	  0.1000	  0.1600	  0.1900	   0.0000	   0.0000	   0.0000	   0.0000	   0.0000	   0.0000	   0.0000	   0.0000	   0.0000	  0.2969	  0.0000	        0.0000	        0.0000	        0.0000	        0.0000	        0.0000	        0.0000	        0.0000	  0.3521	  0.2490	-22.6876
2018	 56	  23	 55	 55.9965	  0.0000	1878.9630	  -11.1311	 -3.1848	  0.0000	  6.0000	   0.0000	   0.0000	   0.0000	-450.0000	-450.0000	-450.0000	 -8.5000	 -4.3000	 26.5000	   4.0082	   1.0156	   2.6420	  0.3017	  0.5986	  0.1000	  0.1600	  0.1900	   0.0000	   0.0000	   0.0000	   0.0000	   0.0000	   0.0000	   0.0000	   0.0000	   0.0000	  0.2969	  0.0000	        0.0000	        0.0000	        0.0000	        0.0000	        0.0000	        0.0000	        0.0000	  0.3521	  0.2490	-22.6876
2018	 57	  23	 55	 56.9965	  0.0000	 10.5987	   -0.0621	 -3.9373	  0.0000	  8.0000	   0.0000	   0.0000	   0.0000	-450.0000	-450.0000	-450.0000	 -9.4000	 -2.5000	 32.0833	   4.0082	   1.0156	   2.6420	  0.3017	  0.5986	  0.1000	  0.1600	  0.1900	   0.0000	   0.0000	   0.0000	   0.0000	   0.0000	   0.0000	   0.0000	   0.0000	   0.0000	  0.2969	  0.0000	        0.0000	        0.0000	        0.0000	        0.0000	        0.0000	        0.0000	        0.0000	  0.3521	  0.2490	-22.6876
2018	 58	  23	 55	 57.9965	  0.0000	 10.4995	   -0.1007	 -5.1716	  0.2583	  0.0000	   0.0000	   0.0000	   0.0000	-450.0000	-450.0000	-450.0000	-12.4500	 -6.1000	 27.3333	   4.0082	   1.0156	   2.6420	  0.3017	  0.5986	  0.1000	  0.1600	  0.1900	   0.0000	   0.0000	   0.0000	   0.0000	   0.0000	   0.0000	   0.0000	   0.0000	   0.0000	  0.2969	  0.0000	        0.0000	        0.0000	        0.0000	        0.0000	        0.0000	        0.0000	        0.0000	  0.3521	  0.2490	-22.6876
2018	 59	  23	 55	 58.9965	  0.0000	1871.9704	  -18.1237	 -7.7620	  0.0000	  1.0000	   0.0000	   0.0000	   0.0000	-450.0000	-450.0000	-450.0000	-12.5000	 -6.9000	 29.0833	   4.0082	   1.0156	   2.6420	  0.3017	  0.5986	  0.1000	  0.1600	  0.1900	   0.0000	   0.0000	   0.0000	   0.0000	   0.0000	   0.0000	   0.0000	   0.0000	   0.0000	  0.2969	  0.0000	        0.0000	        0.0000	        0.0000	        0.0000	        0.0000	        0.0000	        0.0000	  0.3521	  0.2490	-22.6876
2018	 60	  23	 55	 59.9965	  0.0000	2065.3046	  -16.2355	 -9.4567	  0.0000	  2.0000	   0.0000	   0.0000	   0.0000	-450.0000	-450.0000	-450.0000	-12.0000	 -4.8000	 30.9167	   4.0082	   1.0156	   2.6420	  0.3017	  0.5986	  0.1000	  0.1600	  0.1900	   0.0000	   0.0000	   0.0000	   0.0000	   0.0000	   0.0000	   0.0000	   0.0000	   0.0000	  0.2969	  0.0000	        0.0000	        0.0000	        0.0000	        0.0000	        0.0000	        0.0000	        0.0000	  0.3521	  0.2490	-22.6876
2018	 61	  23	 55	 60.9965	  0.0000	1517.5021	   -7.1042	 -8.9862	  0.0000	  3.0000	   0.0000	   0.0000	   0.0000	-450.0000	-450.0000	-450.0000	 -6.7000	 -3.4083	 20.6667	   4.0082	   1.0156	   2.6420	  0.3017	  0.5986	  0.1000	  0.1600	  0.1900	   0.0000	   0.0000	   0.0000	   0.0000	   0.0000	   0.0000	   0.0000	   0.0000	   0.0000	  0.2969	  0.0000	        0.0000	        0.0000	        0.0000	        0.0000	        0.0000	        0.0000	        0.0000	  0.3521	  0.2490	-22.6876
2018	 62	  23	 55	 61.9965	  0.0000	1700.8715	   -4.7383	 -8.1366	  0.0000	  4.0000	   0.0000	   0.0000	   0.0000	-450.0000	-450.0000	-450.0000	 -3.8000	 -0.8000	 20.6667	   4.0082	   1.0156	   2.6420	  0.3017	  0.5986	  0.1000	  0.1600	  0.1900	   0.0000	   0.0000	   0.0000	   0.0000	   0.0000	   0.0000	   0.0000	   0.0000	   0.0000	  0.2969	  0.0000	        0.0000	        0.0000	        0.0000	        0.0000	        0.0000	        0.0000	        0.0000	  0.3521	  0.2490	-22.6876
2018	 63	  23	 55	 62.9965	  0.0000	1615.6794	   -2.9095	 -7.0912	  0.0000	  5.0000	   0.0000	   0.0000	   0.0000	-450.0000	-450.0000	-450.0000	 -3.8000	 -0.4000	 22.0833	   4.0082	   1.0156	   2.6420	  0.3017	  0.5986	  0.1000	  0.1600	  0.1900	   0.0000	   0.0000	   0.0000	   0.0000	   0.0000	   0.0000	   0.0000	   0.0000	   0.0000	  0.2969	  0.0000	        0.0000	        0.0000	        0.0000	        0.0000	        0.0000	        0.0000	        0.0000	  0.3521	  0.2490	-22.6876
2018	 64	  23	 55	 63.9965	  0.0000	2743.6757	   -2.7041	 -6.2138	 14.2667	  0.0000	   0.0000	   0.0000	   0.0000	-450.0000	-450.0000	-450.0000	 -2.1000	 -0.1000	 45.4167	   4.0082	   1.0156	   2.6420	  0.3017	  0.5986	  0.1000	  0.1600	  0.1900	   0.0000	   0.0000	   0.0000	   0.0000	   0.0000	   0.0000	   0.0000	   0.0000	   0.0000	  0.2969	  0.0000	        0.0000	        0.0000	        0.0000	        0.0000	        0.0000	        0.0000	        0.0000	  0.3521	  0.2490	-22.6876
2018	 65	  23	 55	 64.9965	  0.0000	3538.5405	    2.0108	 -4.5689	  4.0500	  0.0000	   0.0000	   0.0000	   0.0000	-450.0000	-450.0000	-450.0000	 -1.5000	  2.0000	 48.4167	   4.0082	   1.0156	   2.6420	  0.3017	  0.5986	  0.1000	  0.1600	  0.1900	   0.0000	   0.0000	   0.0000	   0.0000	   0.0000	   0.0000	   0.0000	   0.0000	   0.0000	  0.2969	  0.0000	        0.0000	        0.0000	        0.0000	        0.0000	        0.0000	        0.0000	        0.0000	  0.3521	  0.2490	-22.6876
2018	 66	  23	 55	 65.9965	  0.0000	 10.7044	    0.0193	 -2.0277	  1.3000	  0.0000	   0.0000	   0.0000	   0.0000	-450.0000	-450.0000	-450.0000	 -0.0333	  4.5000	 32.5833	   4.0082	   1.0156	   2.6420	  0.3017	  0.5986	  0.1000	  0.1600	  0.1900	   0.0000	   0.0000	   0.0000	   0.0000	   0.0000	   0.0000	   0.0000	   0.0000	   0.0000	  0.2969	  0.0000	        0.0000	        0.0000	        0.0000	        0.0000	        0.0000	        0.0000	        0.0000	  0.3521	  0.2490	-22.6876
2018	 67	  23	 55	 66.9965	  0.0000	3633.6237	   -0.3693	 -1.6960	 13.1500	  0.0000	   0.0000	   0.0000	   0.0000	-450.0000	-450.0000	-450.0000	 -1.1000	  0.7000	 48.3333	   4.0082	   1.0156	   2.6420	  0.3017	  0.5986	  0.1000	  0.1600	  0.1900	   0.0000	   0.0000	   0.0000	   0.0000	   0.0000	   0.0000	   0.0000	   0.0000	   0.0000	  0.2969	  0.0000	        0.0000	        0.0000	        0.0000	        0.0000	        0.0000	        0.0000	        0.0000	  0.3521	  0.2490	-22.6876
2018	 68	  23	 55	 67.9965	  0.0000	 14.0115	   -0.0210	 -1.7021	  0.0000	  2.0000	   0.0000	   0.0000	   0.0000	-450.0000	-450.0000	-450.0000	 -3.5000	  0.2000	 42.7500	   4.0082	   1.0156	   2.6420	  0.3017	  0.5986	  0.1000	  0.1600	  0.1900	   0.0000	   0.0000	   0.0000	   0.0000	   0.0000	   0.0000	   0.0000	   0.0000	   0.0000	  0.2969	  0.0000	        0.0000	        0.0000	        0.0000	        0.0000	        0.0000	        0.0000	        0.0000	  0.3521	  0.2490	-22.6876
2018	 69	  23	 55	 68.9965	  0.0000	2582.4635	   -3.7978	 -2.1212	  0.0000	  3.0000	   0.0000	   0.0000	   0.0000	-450.0000	-450.0000	-450.0000	 -6.0000	  2.2000	 40.0833	   4.0082	   1.0156	   2.6420	  0.3017	  0.5986	  0.1000	  0.1600	  0.1900	   0.0000	   0.0000	   0.0000	   0.0000	   0.0000	   0.0000	   0.0000	   0.0000	   0.0000	  0.2969	  0.0000	        0.0000	        0.0000	        0.0000	        0.0000	        0.0000	        0.0000	        0.0000	  0.3521	  0.2490	-22.6876
2018	 70	  23	 55	 69.9965	  0.0000	4755.8265	    7.9659	 -0.1038	 64.2250	  0.0000	   0.0000	   0.0000	   0.0000	-450.0000	-450.0000	-450.0000	 -2.2000	  3.0833	 78.6667	   4.0082	   1.0156	   2.6420	  0.3017	  0.5986	  0.1000	  0.1600	  0.1900	   0.0000	   0.0000	   0.0000	   0.0000	   0.0000	   0.0000	   0.0000	   0.0000	   0.0000	  0.2969	  0.0000	        0.0000	        0.0000	        0.0000	        0.0000	        0.0000	        0.0000	        0.0000	  0.3521	  0.2490	-22.6876
2018	 71	  23	 55	 70.9965	  0.0000	2797.8109	   13.1419	  2.5453	  6.8500	  0.0000	   0.0000	   0.0000	   0.0000	-450.0000	-450.0000	-450.0000	  2.8000	  5.9000	 36.0833	   4.0082	   1.0156	   2.6420	  0.3017	  0.5986	  0.1000	  0.1600	  0.1900	   0.0000	   0.0000	   0.0000	   0.0000	   0.0000	   0.0000	   0.0000	   0.0000	   0.0000	  0.2969	  0.0000	        0.0000	        0.0000	        0.0000	        0.0000	        0.0000	        0.0000	        0.0000	  0.3521	  0.2490	-22.6876
2018	 72	  23	 55	 71.9965	  0.0000	3070.1337	    6.9978	  3.4358	  0.0000	  1.0000	   0.0000	   0.0000	   0.0000	-450.0000	-450.0000	-450.0000	  1.3083	  2.9000	 19.5833	   4.0082	   1.0156	   2.6420	  0.3017	  0.5986	  0.1000	  0.1600	  0.1900	   0.0000	   0.0000	   0.0000	   0.0000	   0.0000	   0.0000	   0.0000	   0.0000	   0.0000	  0.2969	  0.0000	        0.0000	        0.0000	        0.0000	        0.0000	        0.0000	        0.0000	        0.0000	  0.3521	  0.2490	-22.6876
2018	 73	  23	 55	 72.9965	  0.0000	 11.6597	    0.0043	  2.7458	  0.0000	  3.0000	   0.0000	   0.0000	   0.0000	-450.0000	-450.0000	-450.0000	 -2.1667	  3.5000	 35.5833	   4.0082	   1.0156	   2.6420	  0.3017	  0.5986	  0.1000	  0.1600	  0.1900	   0.0000	   0.0000	   0.0000	   0.0000	   0.0000	   0.0000	   0.0000	   0.0000	   0.0000	  0.2969	  0.0000	        0.0000	        0.0000	        0.0000	        0.0000	        0.0000	        0.0000	        0.0000	  0.3521	  0.2490	-22.6876
2018	 74	  23	 55	 73.9965	  0.0000	 10.4791	   -0.0241	  1.2916	  0.0000	  5.0000	   0.0000	   0.0000	   0.0000	-450.0000	-450.0000	-450.0000	 -4.0333	  0.7000	 27.5000	   4.0082	   1.0156	   2.6420	  0.3017	  0.5986	  0.1000	  0.1600	  0.1900	   0.0000	   0.0000	   0.0000	   0.0000	   0.0000	   0.0000	   0.0000	   0.0000	   0.0000	  0.2969	  0.0000	        0.0000	        0.0000	        0.0000	        0.0000	        0.0000	        0.0000	        0.0000	  0.3521	  0.2490	-22.6876
2018	 75	  23	 55	 74.9965	  0.0000	2302.9524	   -8.3228	 -0.6313	  0.0000	  6.0000	   0.0000	   0.0000	   0.0000	-450.0000	-450.0000	-450.0000	 -6.7000	 -0.5000	 35.0000	   4.0082	   1.0156	   2.6420	  0.3017	  0.5986	  0.1000	  0.1600	  0.1900	   0.0000	   0.0000	   0.0000	   0.0000	   0.0000	   0.0000	   0.0000	   0.0000	   0.0000	  0.2969	  0.0000	        0.0000	        0.0000	        0.0000	        0.0000	        0.0000	        0.0000	        0.0000	  0.3521	  0.2490	-22.6876
2018	 76	  23	 55	 75.9965	  0.0000	 11.6377	   -0.0540	 -1.8627	  0.0000	  8.0000	   0.0000	   0.0000	   0.0000	-450.0000	-450.0000	-450.0000	 -7.6000	 -0.4000	 35.3333	   4.0082	   1.0156	   2.6420	  0.3017	  0.5986	  0.1000	  0.1600	  0.1900	   0.0000	   0.0000	   0.0000	   0.0000	   0.0000	   0.0000	   0.0000	   0.0000	   0.0000	  0.2969	  0.0000	        0.0000	        0.0000	        0.0000	        0.0000	        0.0000	        0.0000	        0.0000	  0.3521	  0.2490	-22.6876
2018	 77	  23	 55	 76.9965	  0.0000	 13.5792	   -0.0531	 -2.6604	  0.0000	 10.0000	   0.0000	   0.0000	   0.0000	-450.0000	-450.0000	-450.0000	-10.0000	  2.1000	 46.5833	   4.0082	   1.0156	   2.6420	  0.3017	  0.5986	  0.1000	  0.1600	  0.1900	   0.0000	   0.0000	   0.0000	   0.0000	   0.0000	   0.0000	   0.0000	   0.0000	   0.0000	  0.2969	  0.0000	        0.0000	        0.0000	        0.0000	        0.0000	        0.0000	        0.0000	        0.0000	  0.3521	  0.2490	-22.6876
2018	 78	  23	 55	 77.9965	  0.0000	2393.3515	   -1.4639	 -2.4211	  2.0417	  0.0000	   0.0000	   0.0000	   0.0000	-450.0000	-450.0000	-450.0000	 -7.2000	  3.0000	 30.7500	   4.0082	   1.0156	   2.6420	  0.3017	  0.5986	  0.1000	  0.1600	  0.1900	   0.0000	   0.0000	   0.0000	   0.0000	   0.0000	   0.0000	   0.0000	   0.0000	   0.0000	  0.2969	  0.0000	        0.0000	        0.0000	        0.0000	        0.0000	        0.0000	        0.0000	        0.0000	  0.3521	  0.2490	-22.6876
2018	 79	  23	 55	 78.9965	  0.0000	2651.7851	    2.8687	 -1.3631	  0.0000	  1.0000	   0.0000	   0.0000	   0.0000	-450.0000	-450.0000	-450.0000	 -3.1000	  5.4000	 42.2500	   4.0082	   1.0156	   2.6420	  0.3017	  0.5986	  0.1000	  0.1600	  0.1900	   0.0000	   0.0000	   0.0000	   0.0000	   0.0000	   0.0000	   0.0000	   0.0000	   0.0000	  0.2969	  0.0000	        0.0000	        0.0000	        0.0000	        0.0000	        0.0000	        0.0000	        0.0000	  0.3521	  0.2490	-22.6876
2018	 80	  23	 55	 79.9965	  0.0000	2236.5365	    5.3205	 -0.0264	  4.7000	  0.0000	   0.0000	   0.0000	   0.0000	-450.0000	-450.0000	-450.0000	 -2.1000	  5.0000	 32.3333	   4.0082	   1.0156	   2.6420	  0.3017	  0.5986	  0.1000	  0.1600	  0.1900	   0.0000	   0.0000	   0.0000	   0.0000	   0.0000	   0.0000	   0.0000	   0.0000	   0.0000	  0.2969	  0.0000	        0.0000	        0.0000	        0.0000	        0.0000	        0.0000	        0.0000	        0.0000	  0.3521	  0.2490	-22.6876
2018	 81	  23	 55	 80.9965	  0.0000	2199.7585	    3.3508	  0.6490	  1.2667	  0.0000	   0.0000	   0.0000	   0.0000	-450.0000	-450.0000	-450.0000	 -0.5000	  3.4000	 35.0833	   4.0082	   1.0156	   2.6420	  0.3017	  0.5986	  0.1000	  0.1600	  0.1900	   0.0000	   0.0000	   0.0000	   0.0000	   0.0000	   0.0000	   0.0000	   0.0000	   0.0000	  0.2969	  0.0000	        0.0000	        0.0000	        0.0000	        0.0000	        0.0000	        0.0000	        0.0000	  0.3521	  0.2490	-22.6876
2018	 82	  23	 55	 81.9965	  0.0000	1765.8540	    1.0700	  0.7332	  0.0000	  1.0000	   0.0000	   0.0000	   0.0000	-450.0000	-450.0000	-450.0000	 -1.5000	  2.0000	 27.6667	   4.0082	   1.0156	   2.6420	  0.3017	  0.5986	  0.1000	  0.1600	  0.1900	   0.0000	   0.0000	   0.0000	   0.0000	   0.0000	   0.0000	   0.0000	   0.0000	   0.0000	  0.2969	  0.0000	        0.0000	        0.0000	        0.0000	        0.0000	        0.0000	        0.0000	        0.0000	  0.3521	  0.2490	-22.6876
2018	 83	  23	 55	 82.9965	  0.0000	2196.4438	    3.5169	  1.2900	  4.3250	  0.0000	   0.0000	   0.0000	   0.0000	-450.0000	-450.0000	-450.0000	  0.9000	  3.1000	 32.5833	   4.0082	   1.0156	   2.6420	  0.3017	  0.5986	  0.1000	  0.1600	  0.1900	   0.0000	   0.0000	   0.0000	   0.0000	   0.0000	   0.0000	   0.0000	   0.0000	   0.0000	  0.2969	  0.0000	        0.0000	        0.0000	        0.0000	        0.0000	        0.0000	        0.0000	        0.0000	  0.3521	  0.2490	-22.6876
2018	 84	  23	 55	 83.9965	  0.0000	2304.1474	   10.2763	  3.0872	  0.0000	  1.0000	   0.0000	   0.0000	   0.0000	-450.0000	-450.0000	-450.0000	  2.1000	  7.2000	 38.5833	   4.0082	   1.0156	   2.6420	  0.3017	  0.5986	  0.1000	  0.1600	  0.1900	   0.0000	   0.0000	   0.0000	   0.0000	   0.0000	   0.0000	   0.0000	   0.0000	   0.0000	  0.2969	  0.0000	        0.0000	        0.0000	        0.0000	        0.0000	        0.0000	        0.0000	        0.0000	  0.3521	  0.2490	-22.6876
2018	 85	  23	 55	 84.9965	  0.0000	1821.4352	    4.4387	  3.3575	  3.0833	  0.0000	   0.0000	   0.0000	   0.0000	-450.0000	-450.0000	-450.0000	 -1.6917	  5.6000	 29.2500	   4.0082	   1.0156	   2.6420	  0.3017	  0.5986	  0.1000	  0.1600	  0.1900	   0.0000	   0.0000	   0.0000	   0.0000	   0.0000	   0.0000	   0.0000	   0.0000	   0.0000	  0.2969	  0.0000	        0.0000	        0.0000	        0.0000	        0.0000	        0.0000	        0.0000	        0.0000	  0.3521	  0.2490	-22.6876
2018	 86	  23	 55	 85.9965	  0.0000	 14.7137	   -0.0101	  2.1377	  2.5833	  0.0000	   0.0000	   0.0000	   0.0000	-450.0000	-450.0000	-450.0000	 -2.8333	  1.3000	 59.3333	   4.0082	   1.0156	   2.6420	  0.3017	  0.5986	  0.1000	  0.1600	  0.1900	   0.0000	   0.0000	   0.0000	   0.0000	   0.0000	   0.0000	   0.0000	   0.0000	   0.0000	  0.2969	  0.0000	        0.0000	        0.0000	        0.0000	        0.0000	        0.0000	        0.0000	        0.0000	  0.3521	  0.2490	-22.6876
2018	 87	  23	 55	 86.9965	  0.0000	2803.6099	   -1.9441	  1.3214	  0.0000	  1.0000	   0.0000	   0.0000	   0.0000	-450.0000	-450.0000	-450.0000	 -5.4000	  2.6000	 46.7500	   4.0082	   1.0156	   2.6420	  0.3017	  0.5986	  0.1000	  0.1600	  0.1900	   0.0000	   0.0000	   0.0000	   0.0000	   0.0000	   0.0000	   0.0000	   0.0000	   0.0000	  0.2969	  0.0000	        0.0000	        0.0000	        0.0000	        0.0000	        0.0000	        0.0000	        0.0000	  0.3521	  0.2490	-22.6876
2018	 88	  23	 55	 87.9965	  0.0000	 12.3706	   -0.0003	  1.1308	  0.0000	  3.0000	   0.0000	   0.0000	   0.0000	-450.0000	-450.0000	-450.0000	 -3.3000	  4.5000	 41.9167	   4.0082	   1.0156	   2.6420	  0.3017	  0.5986	  0.1000	  0.1600	  0.1900	   0.0000	   0.0000	   0.0000	   0.0000	   0.0000	   0.0000	   0.0000	   0.0000	   0.0000	  0.2969	  0.0000	        0.0000	        0.0000	        0.0000	        0.0000	        0.0000	        0.0000	        0.0000	  0.3521	  0.2490	-22.6876
2018	 89	  23	 55	 88.9965	  0.0000	 13.1045	    0.0059	  1.3690	  0.0000	  5.0000	   0.0000	   0.0000	   0.0000	-450.0000	-450.0000	-450.0000	 -4.0000	  5.9000	 46.4167	   4.0082	   1.0156	   2.6420	  0.3017	  0.5986	  0.1000	  0.1600	  0.1900	   0.0000	   0.0000	   0.0000	   0.0000	   0.0000	   0.0000	   0.0000	   0.0000	   0.0000	  0.2969	  0.0000	        0.0000	        0.0000	        0.0000	        0.0000	        0.0000	        0.0000	        0.0000	  0.3521	  0.2490	-22.6876
2018	 90	  23	 55	 89.9965	  0.0000	 13.0115	    0.0220	  1.8826	  0.0000	  7.0000	   0.0000	   0.0000	   0.0000	-450.0000	-450.0000	-450.0000	 -4.7000	  7.3000	 46.3333	   4.0082	   1.0156	   2.6420	  0.3017	  0.5986	  0.1000	  0.1600	  0.1900	   0.0000	   0.0000	   0.0000	   0.0000	   0.0000	   0.0000	   0.0000	   0.0000	   0.0000	  0.2969	  0.0000	        0.0000	        0.0000	        0.0000	        0.0000	        0.0000	        0.0000	        0.0000	  0.3521	  0.2490	-22.6876
2018	 91	  23	 55	 90.9965	  0.0000	2548.1339	    7.1235	  2.9308	  0.0000	  8.0000	   0.0000	   0.0000	   0.0000	-450.0000	-450.0000	-450.0000	 -1.4667	  6.4000	 40.8333	   4.0082	   1.0156	   2.6420	  0.3017	  0.5986	  0.1000	  0.1600	  0.1900	   0.0000	   0.0000	   0.0000	   0.0000	   0.0000	   0.0000	   0.0000	   0.0000	   0.0000	  0.2969	  0.0000	        0.0000	        0.0000	        0.0000	        0.0000	        0.0000	        0.0000	        0.0000	  0.3521	  0.2490	-22.6876
2018	 92	  23	 55	 91.9965	  0.0000	 13.6988	    0.0059	  2.5554	  0.0000	 10.0000	   0.0000	   0.0000	   0.0000	-450.0000	-450.0000	-450.0000	 -4.0000	  6.3000	 50.4167	   4.0082	   1.0156	   2.6420	  0.3017	  0.5986	  0.1000	  0.1600	  0.1900	   0.0000	   0.0000	   0.0000	   0.0000	   0.0000	   0.0000	   0.0000	   0.0000	   0.0000	  0.2969	  0.0000	        0.0000	        0.0000	        0.0000	        0.0000	        0.0000	        0.0000	        0.0000	  0.3521	  0.2490	-22.6876
2018	 93	  23	 55	 92.9965	  0.0000	2189.4675	    3.5023	  2.7448	 10.1250	  0.0000	   0.0000	   0.0000	   0.0000	-450.0000	-450.0000	-450.0000	 -3.1000	  4.1667	 30.2500	   4.0082	   1.0156	   2.6420	  0.3017	  0.5986	  0.1000	  0.1600	  0.1900	   0.0000	   0.0000	   0.0000	   0.0000	   0.0000	   0.0000	   0.0000	   0.0000	   0.0000	  0.2969	  0.0000	        0.0000	        0.0000	        0.0000	        0.0000	        0.0000	        0.0000	        0.0000	  0.3521	  0.2490	-22.6876
2018	 94	  23	 55	 93.9965	  0.0000	5010.1159	   36.0009	  9.3960	128.2000	  0.0000	   1.9500	   1.9500	   1.9500	-450.0000	-450.0000	-450.0000	  4.2000	  9.7000	 62.5833	   4.0103	   1.0195	   2.6460	  0.3022	  0.5983	  0.1000	  0.1600	  0.1900	   0.0000	   0.0000	   0.0000	   0.0000	   0.0000	   0.0000	   0.0000	   0.0000	   0.0000	  0.2976	  0.0000	        0.0000	        0.0000	        0.0000	        0.0000	        0.0000	        0.0000	        0.0000	  0.3521	  0.2490	-22.6876
2018	 95	  23	 55	 94.9965	  0.0000	2372.1944	   15.6683	 10.6505	 25.3083	  0.0000	   3.4042	   3.4042	   3.4042	-450.0000	-450.0000	-450.0000	  3.9083	  9.0000	 35.4167	   4.0139	   1.0263	   2.6531	  0.3029	  0.5977	  0.1000	  0.1600	  0.1900	   0.0000	   0.0000	   0.0000	   0.0000	   0.0000	   0.0000	   0.0000	   0.0000	   0.0000	  0.2988	  0.0000	        0.0000	        0.0000	        0.0000	        0.0000	        0.0000	        0.0000	        0.0000	  0.3521	  0.2490	-22.6876
2018	 96	  23	 55	 95.9965	  0.0000	3145.9470	   16.6753	 11.8554	  0.0000	  1.0000	   0.0000	   0.0000	   0.0000	-450.0000	-450.0000	-450.0000	  2.3000	  7.3000	 59.4167	   4.0139	   1.0263	   2.6531	  0.3029	  0.5977	  0.1000	  0.1600	  0.1900	   0.0000	   0.0000	   0.0000	   0.0000	   0.0000	   0.0000	   0.0000	   0.0000	   0.0000	  0.2988	  0.0000	        0.0000	        0.0000	        0.0000	        0.0000	        0.0000	        0.0000	        0.0000	  0.3521	  0.2490	-22.6876
2018	 97	  23	 55	 96.9965	  0.0000	 13.2122	    0.1014	 11.3917	  0.0000	  3.0000	   5.8000	   5.8000	   5.8000	-450.0000	-450.0000	-450.0000	  2.3000	 13.5000	 48.0000	   4.0231	   1.0437	   2.6712	  0.3049	  0.5961	  0.1000	  0.1600	  0.1900	   0.0000	   0.0000	   0.0000	   0.0000	   0.0000	   0.0000	   0.0000	   0.0000	   0.0000	  0.2998	  0.0000	        0.0000	        0.0000	        0.0000	        0.0000	        0.0000	        0.0000	        0.0000	  0.3521	  0.2490	-22.6876
2018	 98	  23	 55	 97.9965	  0.0000	2849.8959	   33.8994	 15.8932	  0.0000	  4.0000	  11.9000	  11.9000	  11.9000	-450.0000	-450.0000	-450.0000	  4.6000	 17.6000	 51.9167	   4.0357	   1.0676	   2.6959	  0.3075	  0.5940	  0.1000	  0.1600	  0.1900	   0.0000	   0.0000	   0.0000	   0.0000	   0.0000	   0.0000	   0.0000	   0.0000	   0.0000	  0.3060	  0.0000	        0.0000	        0.0000	        0.0000	        0.0000	        0.0000	        0.0000	        0.0000	  0.3521	  0.2490	-22.6876
2018	 99	  23	 55	 98.9965	  0.0000	  3.5446	    0.0181	 11.5004	  0.0000	  7.0000	  23.1500	  23.1500	  23.1500	-450.0000	-450.0000	-450.0000	  4.6000	 12.9000	 51.8333	   4.0972	   1.1844	   2.8171	  0.3205	  0.5836	  0.1000	  0.1600	  0.1900	   0.0000	   0.0000	   0.0000	   0.0000	   0.0000	   0.0000	   0.0000	   0.0000	   0.0000	  0.3114	  0.0000	        0.0000	        0.0000	        0.0000	        0.0000	        0.0000	        0.0000	        0.0000	  0.3521	  0.2490	-22.6876
2018	100	  23	 55	 99.9965	  0.0000	2468.0278	   17.5190	 12.7041	  0.0000	  8.0000	  25.5208	  25.5208	  25.5208	-450.0000	-450.0000	-450.0000	  3.6417	 11.1000	 38.6667	   4.1242	   1.2358	   2.8703	  0.3262	  0.5790	  0.1000	  0.1600	  0.1900	   0.0000	   0.0000	   0.0000	   0.0000	   0.0000	   0.0000	   0.0000	   0.0000	   0.0000	  0.3352	  0.0000	        0.0000	        0.0000	        0.0000	        0.0000	        0.0000	        0.0000	        0.0000	  0.3521	  0.2490	-22.6876
2018	101	  23	 55	100.9965	  0.0000	  3.5446	    0.0149	  9.4774	  0.0000	 11.0000	  32.2708	  32.2708	  32.2708	-450.0000	-450.0000	-450.0000	  1.1000	 13.4000	 49.8333	   4.2196	   1.4178	   3.0584	  0.3464	  0.5629	  0.1000	  0.1600	  0.1900	   0.0000	   0.0000	   0.0000	   0.0000	   0.0000	   0.0000	   0.0000	   0.0000	   0.0000	  0.3450	  0.0000	        0.0000	        0.0000	        0.0000	        0.0000	        0.0000	        0.0000	        0.0000	  0.3521	  0.2490	-22.6876
2018	102	  23	 55	101.9965	  0.0000	2996.4613	   27.3080	 13.0435	  0.0000	 12.0000	  36.1208	  36.1208	  36.1208	-450.0000	-450.0000	-450.0000	  2.1000	 15.6000	 48.6667	   4.2578	   1.4911	   3.1339	  0.3546	  0.5563	  0.1000	  0.1600	  0.1900	   0.0000	   0.0000	   0.0000	   0.0000	   0.0000	   0.0000	   0.0000	   0.0000	   0.0000	  0.3795	  0.0000	        0.0000	        0.0000	        0.0000	        0.0000	        0.0000	        0.0000	        0.0000	  0.3521	  0.2490	-22.6876
2018	103	  23	 55	102.9965	  0.0000	 14.4221	    0.1713	 14.6092	  0.0000	 14.0000	  50.6208	  50.6208	  50.6208	   0.0000	   0.0000	   0.0000	  4.5000	 20.0000	 51.1667	   4.3575	   1.6823	   3.3308	  0.3758	  0.5393	  0.1000	  0.1600	  0.1900	   0.0000	   0.0000	   0.0000	   0.0000	   0.0000	   0.0000	   0.0000	   0.0000	   0.0000	  0.3948	  0.0000	        0.0000	        0.0000	        0.0000	        0.0000	        0.0000	        0.0000	        0.0000	  0.3521	  0.2490	-22.6876
2018	104	  23	 55	103.9965	  0.0000	 14.9537	    0.1813	 16.2799	  0.0000	 16.0000	  66.6208	  66.6208	  66.6208	   0.0000	   0.0000	   0.0000	  6.1000	 19.9000	 50.5000	   4.4903	   1.9385	   3.5938	  0.4043	  0.5166	  0.1000	  0.1600	  0.1900	   0.0000	   0.0000	   0.0000	   0.0000	   0.0000	   0.0000	   0.0000	   0.0000	   0.0000	  0.4335	  0.0000	        0.0000	        0.0000	        0.0000	        0.0000	        0.0000	        0.0000	        0.0000	  0.3521	  0.2490	-22.6876
2018	105	  23	 55	104.9965	  0.0000	2356.9938	   21.3527	 17.2944	 31.2333	  0.0000	  71.0708	  71.0708	  71.0708	   0.0000	   0.0000	   0.0000	  7.4000	 11.5000	 39.4167	   4.5658	   2.0844	   3.7434	  0.4205	  0.5036	  0.1000	  0.1600	  0.1900	   0.0000	   0.0000	   0.0000	   0.0000	   0.0000	   0.0000	   0.0000	   0.0000	   0.0000	  0.4824	  0.0000	        0.0000	        0.0000	        0.0000	        0.0000	        0.0000	        0.0000	        0.0000	  0.3521	  0.2490	-22.6876
2018	106	  23	 55	105.9965	  0.0000	  3.5545	    0.0294	 12.2398	  0.1500	  0.0000	  86.9708	  86.9708	  86.9708	   0.0000	   0.0000	   0.0000	  8.2000	 12.4000	 47.6667	   4.8264	   2.5906	   4.2610	  0.4767	  0.4586	  0.1000	  0.1600	  0.1900	   0.0000	   0.0000	   0.0000	   0.0000	   0.0000	   0.0000	   0.0000	   0.0000	   0.0000	  0.5096	  0.0000	        0.0000	        0.0000	        0.0000	        0.0000	        0.0000	        0.0000	        0.0000	  0.3521	  0.2490	-22.6876
2018	107	  23	 55	106.9965	  0.0000	1938.0052	   16.5836	 13.1086	  0.0083	  0.0000	  90.5208	  90.5208	  90.5208	   0.0000	   0.0000	   0.0000	  6.5000	 10.6000	 32.6667	   4.9228	   2.7787	   4.4528	  0.4976	  0.4419	  0.1000	  0.1600	  0.1900	   0.0000	   0.0000	   0.0000	   0.0000	   0.0000	   0.0000	   0.0000	   0.0000	   0.0000	  0.6025	  0.0000	        0.0000	        0.0000	        0.0000	        0.0000	        0.0000	        0.0000	        0.0000	  0.3521	  0.2490	-22.6876
2018	108	  23	 55	107.9965	  0.0000	2532.0159	   29.2947	 16.3458	  0.0000	  1.0000	  97.1708	  97.1708	  97.1708	   0.0000	   0.0000	   0.0000	  8.1000	 15.2000	 40.6667	   5.0263	   2.9811	   4.6591	  0.5201	  0.4239	  0.1000	  0.1600	  0.1900	   0.0000	   0.0000	   0.0000	   0.0000	   0.0000	   0.0000	   0.0000	   0.0000	   0.0000	  0.6375	  0.0000	        0.0000	        0.0000	        0.0000	        0.0000	        0.0000	        0.0000	        0.0000	  0.3521	  0.2490	-22.6876
2018	109	  23	 55	108.9965	  0.0000	2509.0696	   30.7142	 19.2195	  0.0000	  2.0000	 104.2208	 104.2208	 104.2208	   0.0000	   0.0000	   0.0000	  8.7000	 15.4000	 41.0833	   5.1000	   3.1989	   4.8808	  0.5443	  0.4045	  0.1000	  0.1600	  0.1900	   0.0000	   0.0000	   0.0000	   0.0000	   0.0000	   0.0000	   0.0000	   0.0000	   0.0000	  0.6746	  0.0000	        0.0000	        0.0000	        0.0000	        0.0000	        0.0000	        0.0000	        0.0000	  0.3521	  0.2490	-22.6876
2018	110	  23	 55	109.9965	  0.0000	2829.4997	   44.8307	 24.3417	  0.0000	  3.0000	 115.1708	 115.1708	 115.1708	   0.0000	   0.0000	   0.0000	  9.8000	 22.1000	 51.1667	   5.1000	   3.4402	   5.1262	  0.5711	  0.3831	  0.1000	  0.1600	  0.1900	   0.0000	   0.0000	   0.0000	   0.0000	   0.0000	   0.0000	   0.0000	   0.0000	   0.0000	  0.7143	  0.0000	        0.0000	        0.0000	        0.0000	        0.0000	        0.0000	        0.0000	        0.0000	  0.3521	  0.2490	-22.6876
2018	111	  23	 55	110.9965	  0.0000	2610.3269	   27.5464	 24.9826	  0.0000	  4.0000	 120.3250	 120.3250	 120.3250	   0.0000	   0.0000	   0.0000	  6.9083	 13.4000	 49.2500	   5.1000	   3.6930	   5.3831	  0.5992	  0.3606	  0.1000	  0.1600	  0.1900	   0.0000	   0.0000	   0.0000	   0.0000	   0.0000	   0.0000	   0.0000	   0.0000	   0.0000	  0.7558	  0.0000	        0.0000	        0.0000	        0.0000	        0.0000	        0.0000	        0.0000	        0.0000	  0.3521	  0.2490	-22.6876
2018	112	  23	 55	111.9965	  0.0000	2757.7148	   25.2583	 25.0378	  0.0000	  5.0000	 124.3250	 124.3250	 124.3250	   0.0000	   0.0000	   0.0000	  6.0000	 12.0000	 50.4167	   5.1000	   3.9550	   5.6491	  0.6283	  0.3373	  0.1000	  0.1600	  0.1900	   0.0000	   0.0000	   0.0000	   0.0000	   0.0000	   0.0000	   0.0000	   0.0000	   0.0000	  0.7989	  0.0000	        0.0000	        0.0000	        0.0000	        0.0000	        0.0000	        0.0000	        0.0000	  0.3521	  0.2490	-22.6876
2018	113	  23	 55	112.9965	  0.0000	4402.4512	   40.9634	 28.2229	190.1333	  0.0000	 129.5792	 129.5792	 129.5792	   0.0000	   0.0000	   0.0000	  7.5083	 13.0000	 91.6667	   5.1000	   4.2288	   5.9000	  0.6588	  0.3130	  0.1000	  0.1600	  0.1900	   0.0000	   0.0000	   0.0000	   0.0000	   0.0000	   0.0000	   0.0000	   0.0000	   0.0000	  0.8428	  0.0000	        0.0000	        0.0000	        0.0000	        0.0000	        0.0000	        0.0000	        0.0000	  0.3521	  0.2490	-22.6876
2018	114	  23	 55	113.9965	  0.0000	1613.9396	   12.7549	 25.1293	 11.9250	  0.0000	 132.6917	 132.6917	 132.6917	   0.0000	   0.0000	   0.0000	  6.8250	  9.4000	 25.5000	   5.1000	   4.5100	   5.9000	  0.6900	  0.2880	  0.1000	  0.1600	  0.1900	   0.0000	   0.0000	   0.0000	   0.0000	   0.0000	   0.0000	   0.0000	   0.0000	   0.0000	  0.8776	  0.0000	        0.0000	        0.0000	        0.0000	        0.0000	        0.0000	        0.0000	        0.0000	  0.3521	  0.2490	-22.6876
2018	115	  23	 55	114.9965	  0.0000	2608.9965	   22.7352	 24.6505	  0.0000	  1.0000	 136.6417	 136.6417	 136.6417	   0.0000	   0.0000	   0.0000	  6.7000	 11.2000	 50.0000	   5.1000	   4.8002	   5.9000	  0.7222	  0.2622	  0.1000	  0.1600	  0.1900	   0.0000	   0.0000	   0.0000	   0.0000	   0.0000	   0.0000	   0.0000	   0.0000	   0.0000	  0.9135	  0.0000	        0.0000	        0.0000	        0.0000	        0.0000	        0.0000	        0.0000	        0.0000	  0.3521	  0.2490	-22.6876
2018	116	  23	 55	115.9965	  0.0000	2108.5498	   16.5672	 23.0338	  5.0750	  0.0000	 139.3917	 139.3917	 139.3917	   0.0000	   0.0000	   0.0000	  6.3000	  9.2000	 40.1667	   5.1000	   5.0970	   5.9000	  0.7552	  0.2358	  0.1000	  0.1600	  0.1900	   0.0000	   0.0000	   0.0000	   0.0000	   0.0000	   0.0000	   0.0000	   0.0000	   0.0000	  0.9502	  0.0000	        0.0000	        0.0000	        0.0000	        0.0000	        0.0000	        0.0000	        0.0000	  0.3521	  0.2490	-22.6876
2018	117	  23	 55	116.9965	  0.0000	2525.8821	   23.1609	 23.0592	  1.0250	  0.0000	 143.3917	 143.3917	 143.3917	   0.0000	   0.0000	   0.0000	  6.6000	 11.4000	 47.0833	   5.1000	   5.4031	   5.9000	  0.7892	  0.2086	  0.1000	  0.1600	  0.1900	   0.0000	   0.0000	   0.0000	   0.0000	   0.0000	   0.0000	   0.0000	   0.0000	   0.0000	  0.9880	  0.0000	        0.0000	        0.0000	        0.0000	        0.0000	        0.0000	        0.0000	        0.0000	  0.3521	  0.2490	-22.6876
2018	118	  23	 55	117.9965	  0.0000	2709.1694	   25.4447	 23.5363	  4.4500	  0.0000	 147.6917	 147.6917	 147.6917	   0.0000	   0.0000	   0.0000	  5.9000	 12.7000	 46.8333	   5.1000	   5.5000	   5.9000	  0.8000	  0.2000	  0.1000	  0.1600	  0.1900	   0.0000	   0.0000	   0.0000	   0.0000	   0.0000	   0.0000	   0.0000	   0.0000	   0.0000	  1.0000	  0.0000	        0.0000	        0.0000	        0.0000	        0.0000	        0.0000	        0.0000	        0.0000	  0.3521	  0.2490	-22.6876
2018	119	  23	 55	118.9965	  0.0000	3075.2458	   32.9950	 25.4281	  0.1917	  0.0000	 152.9917	 152.9917	 152.9917	   0.0000	   0.0000	   0.0000	  6.9000	 13.7000	 56.7500	   5.1000	   5.5000	   5.9000	  0.8000	  0.2000	  0.1000	  0.1600	  0.1900	   0.0000	   0.0000	   0.0000	   0.0000	   0.0000	   0.0000	   0.0000	   0.0000	   0.0000	  1.0000	  0.0000	        0.0000	        0.0000	        0.0000	        0.0000	        0.0000	        0.0000	        0.0000	  0.3521	  0.2490	-22.6876
2018	120	  23	 55	119.9965	  0.0000	2872.1637	   28.3205	 26.0065	123.2917	  0.0000	 158.0917	 158.0917	 158.0917	   0.0000	   0.0000	   0.0000	  6.9000	 13.3000	 47.5833	   5.1000	   5.5000	   5.9000	  0.8000	  0.2000	  0.1000	  0.1600	  0.1900	   0.0000	   0.0000	   0.0000	   0.0000	   0.0000	   0.0000	   0.0000	   0.0000	   0.0000	  1.0000	  0.0000	        0.0000	        0.0000	        0.0000	        0.0000	        0.0000	        0.0000	        0.0000	  0.3521	  0.2490	-22.6876
2018	121	  23	 55	120.9965	  0.0000	2983.1835	   27.9536	 26.3959	 12.0250	  0.0000	 163.1417	 163.1417	 163.1417	   0.0000	   0.0000	   0.0000	  6.9000	 13.2000	 54.3333	   5.1000	   5.5000	   5.9000	  0.8000	  0.2000	  0.1000	  0.1600	  0.1900	   0.0000	   0.0000	   0.0000	   0.0000	   0.0000	   0.0000	   0.0000	   0.0000	   0.0000	  1.0000	  0.0000	        0.0000	        0.0000	        0.0000	        0.0000	        0.0000	        0.0000	        0.0000	  0.3521	  0.2490	-22.6876
2018	122	  23	 55	121.9965	  0.0000	3297.9395	   36.3960	 28.3960	  0.0000	  1.0000	 168.7083	 168.7083	 168.7083	   0.0000	   0.0000	   0.0000	  7.6333	 13.5000	 62.3333	   5.1000	   5.5000	   5.9000	  0.8000	  0.2000	  0.1000	  0.1600	  0.1900	   0.0000	   0.0000	   0.0000	   0.0000	   0.0000	   0.0000	   0.0000	   0.0000	   0.0000	  1.0000	  0.0000	        0.0000	        0.0000	        0.0000	        0.0000	        0.0000	        0.0000	        0.0000	  0.3521	  0.2490	-22.6876
2018	123	  23	 55	122.9965	  0.0000	3214.8857	   29.9206	 28.7009	 10.8500	  0.0000	 173.0583	 173.0583	 173.0583	   0.0000	   0.0000	   0.0000	  6.7000	 12.0000	 65.8333	   5.1000	   5.5000	   5.9000	  0.8000	  0.2000	  0.1000	  0.1600	  0.1900	   0.0000	   0.0000	   0.0000	   0.0000	   0.0000	   0.0000	   0.0000	   0.0000	   0.0000	  1.0000	  0.0000	        0.0000	        0.0000	        0.0000	        0.0000	        0.0000	        0.0000	        0.0000	  0.3521	  0.2490	-22.6876
2018	124	  23	 55	123.9965	  0.0000	2693.3204	   26.9998	 28.3607	  0.0000	  1.0000	 177.5083	 177.5083	 177.5083	   0.0000	   0.0000	   0.0000	  6.5000	 12.4000	 53.1667	   5.1000	   5.5000	   5.9000	  0.8000	  0.2000	  0.1000	  0.1600	  0.1900	   0.0000	   0.0000	   0.0000	   0.0000	   0.0000	   0.0000	   0.0000	   0.0000	   0.0000	  1.0000	  0.0000	        0.0000	        0.0000	        0.0000	        0.0000	        0.0000	        0.0000	        0.0000	  0.3521	  0.2490	-22.6876
2018	125	  23	 55	124.9965	  0.0000	  3.5232	    0.0302	  9.8639	  0.0000	  7.0000	 219.5083	 219.5083	 219.5083	   0.0000	   0.0000	   0.0000	  8.1000	 15.9000	 55.6667	   5.1000	   5.5000	   5.9000	  0.8000	  0.2000	  0.1000	  0.1600	  0.1900	   0.0000	   0.0000	   0.0000	   0.0000	   0.0000	   0.0000	   0.0000	   0.0000	   0.0000	  1.0000	  0.0000	        0.0000	        0.0000	        0.0000	        0.0000	        0.0000	        0.0000	        0.0000	  0.3521	  0.2490	-22.6876
2018	126	  23	 55	125.9965	  0.0000	  3.5716	    0.0374	 11.4440	  0.0000	 10.0000	 242.4583	 242.4583	 242.4583	   0.0000	   0.0000	   0.0000	  6.6000	 18.7000	 64.6667	   5.1000	   5.5000	   5.9000	  0.8000	  0.2000	  0.1000	  0.1600	  0.1900	   0.0000	   0.0000	   0.0000	   0.0000	   0.0000	   0.0000	   0.0000	   0.0000	   0.0000	  1.0000	  0.0000	        0.0000	        0.0000	        0.0000	        0.0000	        0.0000	        0.0000	        0.0000	  0.3521	  0.2490	-22.6876
2018	127	  23	 55	126.9965	  0.0000	 16.4207	    0.2657	 17.7125	  0.0000	 12.0000	 264.2583	 264.2583	 264.2583	   0.0000	   0.0000	   0.0000	  9.8000	 22.0000	 67.5000	   5.1000	   5.5000	   5.9000	  0.8000	  0.2000	  0.1000	  0.1600	  0.1900	   0.0000	   0.0000	   0.0000	   0.0000	   0.0000	   0.0000	   0.0000	   0.0000	   0.0000	  1.0000	  0.0000	        0.0000	        0.0000	        0.0000	        0.0000	        0.0000	        0.0000	        0.0000	  0.3521	  0.2490	-22.6876
2018	128	  23	 55	127.9965	  0.0000	 16.7370	    0.2910	 22.7417	  0.0000	 14.0000	 288.1583	 288.1583	 288.1583	   0.0000	   0.0000	   0.0000	  9.7000	 24.2000	 68.4167	   5.1000	   5.5000	   5.9000	  0.8000	  0.2000	  0.1000	  0.1600	  0.1900	   0.0000	   0.0000	   0.0000	   0.0000	   0.0000	   0.0000	   0.0000	   0.0000	   0.0000	  1.0000	  0.0000	        0.0000	        0.0000	        0.0000	        0.0000	        0.0000	        0.0000	        0.0000	  0.3521	  0.2490	-22.6876
2018	129	  23	 55	128.9965	  0.0000	  3.5959	    0.0568	 21.7591	  0.0000	 17.0000	 300.0000	 300.0000	 300.0000	   0.0000	   0.0000	   0.0000	 11.2000	 25.9000	 70.8333	   5.1000	   5.5000	   5.9000	  0.8000	  0.2000	  0.1000	  0.1600	  0.1900	   0.0000	   0.0000	   0.0000	   0.0000	   0.0000	   0.0000	   0.0000	   0.0000	   0.0000	  1.0000	  0.0000	        0.0000	        0.0000	        0.0000	        0.0000	        0.0000	        0.0000	        0.0000	  0.3521	  0.2490	-22.6876
2018	130	  23	 55	129.9965	  0.0000	4285.5566	   84.1873	 34.2448	 11.7000	  0.0000	 300.0000	 300.0000	 300.0000	   0.0000	   0.0000	   0.0000	 12.2000	 27.6000	 64.5833	   5.1000	   5.5000	   5.9000	  0.8000	  0.2000	  0.1000	  0.1600	  0.1900	   0.0000	   0.0000	   0.0000	   0.0000	   0.0000	   0.0000	   0.0000	   0.0000	   0.0000	  1.0000	  0.0000	        0.0000	        0.0000	        0.0000	        0.0000	        0.0000	        0.0000	        0.0000	  0.3521	  0.2490	-22.6876
2018	131	  23	 55	130.9965	  0.0000	3441.5995	   47.7842	 36.9526	  9.3333	  0.0000	 300.0000	 300.0000	 300.0000	   0.0000	   0.0000	   0.0000	 10.7000	 16.7000	 64.5000	   5.1000	   5.5000	   5.9000	  0.8000	  0.2000	  0.1000	  0.1600	  0.1900	   0.0000	   0.0000	   0.0000	   0.0000	   0.0000	   0.0000	   0.0000	   0.0000	   0.0000	  1.0000	  0.0000	        0.0000	        0.0000	        0.0000	        0.0000	        0.0000	        0.0000	        0.0000	  0.3521	  0.2490	-22.6876
2018	132	  23	 55	131.9965	  0.0000	3195.6044	   52.4092	 40.0440	  0.0000	  1.0000	 300.0000	 300.0000	 300.0000	   0.0000	   0.0000	   0.0000	 10.3000	 19.9000	 63.6667	   5.1000	   5.5000	   5.9000	  0.8000	  0.2000	  0.1000	  0.1600	  0.1900	   0.0000	   0.0000	   0.0000	   0.0000	   0.0000	   0.0000	   0.0000	   0.0000	   0.0000	  1.0000	  0.0000	        0.0000	        0.0000	        0.0000	        0.0000	        0.0000	        0.0000	        0.0000	  0.3521	  0.2490	-22.6876
2018	133	  23	 55	132.9965	  0.0000	3398.1227	   70.4433	 46.1238	  0.0000	  2.0000	 300.0000	 300.0000	 300.0000	   0.0000	   0.0000	   0.0000	 14.9167	 25.6000	 61.1667	   5.1000	   5.5000	   5.9000	  0.8000	  0.2000	  0.1000	  0.1600	  0.1900	   0.0000	   0.0000	   0.0000	   0.0000	   0.0000	   0.0000	   0.0000	   0.0000	   0.0000	  1.0000	  0.0000	        0.0000	        0.0000	        0.0000	        0.0000	        0.0000	        0.0000	        0.0000	  0.3521	  0.2490	-22.6876
2018	134	  23	 55	133.9965	  0.0000	 17.6101	    0.3757	 44.0019	  0.0000	  4.0000	 300.0000	 300.0000	 300.0000	   0.0000	   0.0000	   0.0000	 12.3000	 28.2000	 73.7500	   5.1000	   5.5000	   5.9000	  0.8000	  0.2000	  0.1000	  0.1600	  0.1900	   0.0000	   0.0000	   0.0000	   0.0000	   0.0000	   0.0000	   0.0000	   0.0000	   0.0000	  1.0000	  0.0000	        0.0000	        0.0000	        0.0000	        0.0000	        0.0000	        0.0000	        0.0000	  0.3521	  0.2490	-22.6876
2018	135	  23	 55	134.9965	  0.0000	 17.2815	    0.3624	 42.1716	  0.0000	  6.0000	 300.0000	 300.0000	 300.0000	   0.0000	   0.0000	   0.0000	 13.8000	 28.1000	 71.5000	   5.1000	   5.5000	   5.9000	  0.8000	  0.2000	  0.1000	  0.1600	  0.1900	   0.0000	   0.0000	   0.0000	   0.0000	   0.0000	   0.0000	   0.0000	   0.0000	   0.0000	  1.0000	  0.0000	        0.0000	        0.0000	        0.0000	        0.0000	        0.0000	        0.0000	        0.0000	  0.3521	  0.2490	-22.6876
2018	136	  23	 55	135.9965	  0.0000	 16.4980	    0.3188	 39.4235	  0.0000	  8.0000	 300.0000	 300.0000	 300.0000	   0.0000	   0.0000	   0.0000	 14.1917	 26.4000	 71.1667	   5.1000	   5.5000	   5.9000	  0.8000	  0.2000	  0.1000	  0.1600	  0.1900	   0.0000	   0.0000	   0.0000	   0.0000	   0.0000	   0.0000	   0.0000	   0.0000	   0.0000	  1.0000	  0.0000	        0.0000	        0.0000	        0.0000	        0.0000	        0.0000	        0.0000	        0.0000	  0.3521	  0.2490	-22.6876
2018	137	  23	 55	136.9965	  0.0000	 14.0915	    0.2288	 33.5344	  0.2500	  0.0000	 300.0000	 300.0000	 300.0000	   0.0000	   0.0000	   0.0000	 13.4000	 20.5000	 59.3333	   5.1000	   5.5000	   5.9000	  0.8000	  0.2000	  0.1000	  0.1600	  0.1900	   0.0000	   0.0000	   0.0000	   0.0000	   0.0000	   0.0000	   0.0000	   0.0000	   0.0000	  1.0000	  0.0000	        0.0000	        0.0000	        0.0000	        0.0000	        0.0000	        0.0000	        0.0000	  0.3521	  0.2490	-22.6876
2018	138	  23	 55	137.9965	  0.0000	  3.5764	    0.0345	 25.7464	  0.7167	  0.0000	 300.0000	 300.0000	 300.0000	   0.0000	   0.0000	   0.0000	  9.6250	 20.9000	 75.4167	   5.1000	   5.5000	   5.9000	  0.8000	  0.2000	  0.1000	  0.1600	  0.1900	   0.0000	   0.0000	   0.0000	   0.0000	   0.0000	   0.0000	   0.0000	   0.0000	   0.0000	  1.0000	  0.0000	        0.0000	        0.0000	        0.0000	        0.0000	        0.0000	        0.0000	        0.0000	  0.3521	  0.2490	-22.6876
2018	139	  23	 55	138.9965	  0.0000	  3.5369	    0.0437	 17.5182	  0.0000	  4.0000	 300.0000	 300.0000	 300.0000	   0.0000	   0.0000	   0.0000	  7.2000	 22.1000	 78.3333	   5.1000	   5.5000	   5.9000	  0.8000	  0.2000	  0.1000	  0.1600	  0.1900	   0.0000	   0.0000	   0.0000	   0.0000	   0.0000	   0.0000	   0.0000	   0.0000	   0.0000	  1.0000	  0.0000	        0.0000	        0.0000	        0.0000	        0.0000	        0.0000	        0.0000	        0.0000	  0.3521	  0.2490	-22.6876
2018	140	  23	 55	139.9965	  0.0000	  3.5825	    0.0442	 17.7373	  0.0000	  7.0000	 300.0000	 300.0000	 300.0000	   0.0000	   0.0000	   0.0000	 10.2000	 22.2000	 70.0000	   5.1000	   5.5000	   5.9000	  0.8000	  0.2000	  0.1000	  0.1600	  0.1900	   0.0000	   0.0000	   0.0000	   0.0000	   0.0000	   0.0000	   0.0000	   0.0000	   0.0000	  1.0000	  0.0000	        0.0000	        0.0000	        0.0000	        0.0000	        0.0000	        0.0000	        0.0000	  0.3521	  0.2490	-22.6876
2018	141	  23	 55	140.9965	  0.0000	  3.5868	    0.0501	 17.6605	  0.0000	 10.0000	 300.0000	 300.0000	 300.0000	   0.0000	   0.0000	   0.0000	 10.6000	 22.7000	 70.5833	   5.1000	   5.5000	   5.9000	  0.8000	  0.2000	  0.1000	  0.1600	  0.1900	   0.0000	   0.0000	   0.0000	   0.0000	   0.0000	   0.0000	   0.0000	   0.0000	   0.0000	  1.0000	  0.0000	        0.0000	        0.0000	        0.0000	        0.0000	        0.0000	        0.0000	        0.0000	  0.3521	  0.2490	-22.6876
2018	142	  23	 55	141.9965	  0.0000	  3.5855	    0.0448	 18.6504	  0.0000	 13.0000	 300.0000	 300.0000	 300.0000	   0.0000	   0.0000	   0.0000	 11.2000	 23.0000	 75.6667	   5.1000	   5.5000	   5.9000	  0.8000	  0.2000	  0.1000	  0.1600	  0.1900	   0.0000	   0.0000	   0.0000	   0.0000	   0.0000	   0.0000	   0.0000	   0.0000	   0.0000	  1.0000	  0.0000	        0.0000	        0.0000	        0.0000	        0.0000	        0.0000	        0.0000	        0.0000	  0.3521	  0.2490	-22.6876
2018	143	  23	 55	142.9965	  0.0000	 17.2330	    0.3260	 24.6862	  0.0000	 15.0000	 300.0000	 300.0000	 300.0000	   0.0000	   0.0000	   0.0000	 10.5000	 24.9000	 74.5000	   5.1000	   5.5000	   5.9000	  0.8000	  0.2000	  0.1000	  0.1600	  0.1900	   0.0000	   0.0000	   0.0000	   0.0000	   0.0000	   0.0000	   0.0000	   0.0000	   0.0000	  1.0000	  0.0000	        0.0000	        0.0000	        0.0000	        0.0000	        0.0000	        0.0000	        0.0000	  0.3521	  0.2490	-22.6876
2018	144	  23	 55	143.9965	  0.0000	 16.8946	    0.3394	 28.9148	  0.0000	 17.0000	 300.0000	 300.0000	 300.0000	   0.0000	   0.0000	   0.0000	 12.0000	 25.8000	 73.1667	   5.1000	   5.5000	   5.9000	  0.8000	  0.2000	  0.1000	  0.1600	  0.1900	   0.0000	   0.0000	   0.0000	   0.0000	   0.0000	   0.0000	   0.0000	   0.0000	   0.0000	  1.0000	  0.0000	        0.0000	        0.0000	        0.0000	        0.0000	        0.0000	        0.0000	        0.0000	  0.3521	  0.2490	-22.6876
2018	145	  23	 55	144.9965	  0.0000	 16.5421	    0.3508	 31.8398	  0.0000	 19.0000	 300.0000	 300.0000	 300.0000	   0.0000	   0.0000	   0.0000	 15.5000	 27.4000	 69.5833	   5.1000	   5.5000	   5.9000	  0.8000	  0.2000	  0.1000	  0.1600	  0.1900	   0.0000	   0.0000	   0.0000	   0.0000	   0.0000	   0.0000	   0.0000	   0.0000	   0.0000	  1.0000	  0.0000	        0.0000	        0.0000	        0.0000	        0.0000	        0.0000	        0.0000	        0.0000	  0.3521	  0.2490	-22.6876
2018	146	  23	 55	145.9965	  0.0000	 17.3428	    0.3631	 34.2992	  0.0000	 21.0000	 300.0000	 300.0000	 300.0000	   0.0000	   0.0000	   0.0000	 14.0000	 26.9000	 78.5000	   5.1000	   5.5000	   5.9000	  0.8000	  0.2000	  0.1000	  0.1600	  0.1900	   0.0000	   0.0000	   0.0000	   0.0000	   0.0000	   0.0000	   0.0000	   0.0000	   0.0000	  1.0000	  0.0000	        0.0000	        0.0000	        0.0000	        0.0000	        0.0000	        0.0000	        0.0000	  0.3521	  0.2490	-22.6876
2018	147	  23	 55	146.9965	  0.0000	  3.5956	    0.0630	 26.5044	  4.9583	  0.0000	 300.0000	 300.0000	 300.0000	   0.0000	   0.0000	   0.0000	 16.6000	 26.9000	 54.4167	   5.1000	   5.5000	   5.9000	  0.8000	  0.2000	  0.1000	  0.1600	  0.1900	   0.0000	   0.0000	   0.0000	   0.0000	   0.0000	   0.0000	   0.0000	   0.0000	   0.0000	  1.0000	  0.0000	        0.0000	        0.0000	        0.0000	        0.0000	        0.0000	        0.0000	        0.0000	  0.3521	  0.2490	-22.6876
2018	148	  23	 55	147.9965	  0.0000	8317.2576	  137.2925	 48.6620	100.8833	  0.0000	 300.0000	 300.0000	 300.0000	   0.0000	   0.0000	   0.0000	 15.1333	 21.2000	 85.5833	   5.1000	   5.5000	   5.9000	  0.8000	  0.2000	  0.1000	  0.1600	  0.1900	   0.0000	   0.0000	   0.0000	   0.0000	   0.0000	   0.0000	   0.0000	   0.0000	   0.0000	  1.0000	  0.0000	        0.0000	        0.0000	        0.0000	        0.0000	        0.0000	        0.0000	        0.0000	  0.3521	  0.2490	-22.6876
2018	149	  23	 55	148.9965	  0.0000	  3.6165	    0.0673	 37.9662	  4.3500	  0.0000	 300.0000	 300.0000	 300.0000	   0.0000	   0.0000	   0.0000	 15.1000	 28.3000	 88.7500	   5.1000	   5.5000	   5.9000	  0.8000	  0.2000	  0.1000	  0.1600	  0.1900	   0.0000	   0.0000	   0.0000	   0.0000	   0.0000	   0.0000	   0.0000	   0.0000	   0.0000	  1.0000	  0.0000	        0.0000	        0.0000	        0.0000	        0.0000	        0.0000	        0.0000	        0.0000	  0.3521	  0.2490	-22.6876
2018	150	  23	 55	149.9965	  0.0000	 17.6786	    0.4321	 40.7162	  0.0000	  2.0000	 300.0000	 300.0000	 300.0000	   0.0000	   0.0000	   0.0000	 16.6000	 30.6000	 76.3333	   5.1000	   5.5000	   5.9000	  0.8000	  0.2000	  0.1000	  0.1600	  0.1900	   0.0000	   0.0000	   0.0000	   0.0000	   0.0000	   0.0000	   0.0000	   0.0000	   0.0000	  1.0000	  0.0000	        0.0000	        0.0000	        0.0000	        0.0000	        0.0000	        0.0000	        0.0000	  0.3521	  0.2490	-22.6876
2018	151	  23	 55	150.9965	  0.0000	  3.6085	    0.0697	 33.1194	  0.0000	  5.0000	 300.0000	 300.0000	 300.0000	   0.0000	   0.0000	   0.0000	 18.6000	 29.1000	 72.0000	   5.1000	   5.5000	   5.9000	  0.8000	  0.2000	  0.1000	  0.1600	  0.1900	   0.0000	   0.0000	   0.0000	   0.0000	   0.0000	   0.0000	   0.0000	   0.0000	   0.0000	  1.0000	  0.0000	        0.0000	        0.0000	        0.0000	        0.0000	        0.0000	        0.0000	        0.0000	  0.3521	  0.2490	-22.6876
2018	152	  23	 55	151.9965	  0.0000	  3.5550	    0.0619	 22.7270	  0.0000	  9.0000	 300.0000	 300.0000	 300.0000	   0.0000	   0.0000	   0.0000	 16.8000	 26.5000	 76.0000	   5.1000	   5.5000	   5.9000	  0.8000	  0.2000	  0.1000	  0.1600	  0.1900	   0.0000	   0.0000	   0.0000	   0.0000	   0.0000	   0.0000	   0.0000	   0.0000	   0.0000	  1.0000	  0.0000	        0.0000	        0.0000	        0.0000	        0.0000	        0.0000	        0.0000	        0.0000	  0.3521	  0.2490	-22.6876
2018	153	  23	 55	152.9965	  0.0000	  3.6084	    0.0648	 24.4278	  0.0000	 12.0000	 300.0000	 300.0000	 300.0000	   0.0000	   0.0000	   0.0000	 15.4000	 27.9000	 84.7500	   5.1000	   5.5000	   5.9000	  0.8000	  0.2000	  0.1000	  0.1600	  0.1900	   0.0000	   0.0000	   0.0000	   0.0000	   0.0000	   0.0000	   0.0000	   0.0000	   0.0000	  1.0000	  0.0000	        0.0000	        0.0000	        0.0000	        0.0000	        0.0000	        0.0000	        0.0000	  0.3521	  0.2490	-22.6876
2018	154	  23	 55	153.9965	  0.0000	3579.4173	   81.1769	 35.7776	  0.0000	 13.0000	 300.0000	 300.0000	 300.0000	   0.0000	   0.0000	   0.0000	 16.9000	 26.7000	 69.6667	   5.1000	   5.5000	   5.9000	  0.8000	  0.2000	  0.1000	  0.1600	  0.1900	 339.5514	 154.3335	 185.2180	 339.5514	 154.3335	 185.2180	 339.5514	 154.3335	 185.2180	  1.0000	  0.0000	        0.0000	        0.0000	        0.0000	        0.0000	        0.0000	        0.0000	        0.0000	  0.3521	  0.2490	-22.6876
2018	155	  23	 55	154.9965	  0.0000	  3.5535	    0.0603	 23.8162	  0.0000	 17.0000	 300.0000	 300.0000	 300.0000	   0.0000	   0.0000	   0.0000	 17.2417	 27.1000	 77.4167	   5.1000	   5.5000	   5.9000	  0.8000	  0.2000	  0.1000	  0.1600	  0.1900	   0.0000	   0.0000	   0.0000	   0.0000	   0.0000	   0.0000	   0.0000	   0.0000	   0.0000	  1.0000	  0.0000	        0.0000	        0.0000	        0.0000	        0.0000	        0.0000	        0.0000	        0.0000	  0.3521	  0.2490	-22.6876
2018	156	  23	 55	155.9965	  0.0000	3580.2801	   57.6738	 30.5877	  0.0000	 18.0000	 300.0000	 300.0000	 300.0000	   0.0000	   0.0000	   0.0000	 12.3000	 18.9000	 67.9167	   5.1000	   5.5000	   5.9000	  0.8000	  0.2000	  0.1000	  0.1600	  0.1900	 244.6384	 111.1941	 133.4443	 244.6384	 111.1941	 133.4443	 244.6384	 111.1941	 133.4443	  1.0000	  0.0000	        0.0000	        0.0000	        0.0000	        0.0000	        0.0000	        0.0000	        0.0000	  0.3521	  0.2490	-22.6876
2018	157	  23	 55	156.9965	  0.0000	3179.5409	   57.2308	 35.9163	  0.0000	 19.0000	 300.0000	 300.0000	 300.0000	   0.0000	   0.0000	   0.0000	 13.0000	 21.2000	 63.8333	   5.1000	   5.5000	   5.9000	  0.8000	  0.2000	  0.1000	  0.1600	  0.1900	 244.3133	 111.0465	 133.2669	 244.3133	 111.0465	 133.2669	 244.3133	 111.0465	 133.2669	  1.0000	  0.0000	        0.0000	        0.0000	        0.0000	        0.0000	        0.0000	        0.0000	        0.0000	  0.3521	  0.2490	-22.6876
2018	158	  23	 55	157.9965	  0.0000	  3.5946	    0.0615	 27.3484	  0.0000	 22.0000	 300.0000	 300.0000	 300.0000	   0.0000	   0.0000	   0.0000	 15.5000	 24.0000	 69.4167	   5.1000	   5.5000	   5.9000	  0.8000	  0.2000	  0.1000	  0.1600	  0.1900	   0.0000	   0.0000	   0.0000	   0.0000	   0.0000	   0.0000	   0.0000	   0.0000	   0.0000	  1.0000	  0.0000	        0.0000	        0.0000	        0.0000	        0.0000	        0.0000	        0.0000	        0.0000	  0.3521	  0.2490	-22.6876
2018	159	  23	 55	158.9965	  0.0000	  3.5961	    0.0557	 25.4332	  0.0000	 25.0000	 300.0000	 300.0000	 300.0000	   0.0000	   0.0000	   0.0000	 15.5000	 26.5000	 77.7500	   5.1000	   5.5000	   5.9000	  0.8000	  0.2000	  0.1000	  0.1600	  0.1900	   3.4590	   1.5739	   1.8851	   3.4590	   1.5739	   1.8851	   3.4590	   1.5739	   1.8851	  1.0000	  0.0000	        0.0000	        0.0000	        0.0000	        0.0000	        0.0000	        0.0000	        0.0000	  0.3521	  0.2490	-22.6876
2018	160	  23	 55	159.9965	  0.0000	  3.6042	    0.0642	 24.2792	  0.0000	 28.0000	 300.0000	 300.0000	 300.0000	   0.0000	   0.0000	   0.0000	 13.5000	 26.3000	 78.8333	   5.1000	   5.5000	   5.9000	  0.8000	  0.2000	  0.1000	  0.1600	  0.1900	   8.3455	   3.7953	   4.5503	   8.3455	   3.7953	   4.5503	   8.3455	   3.7953	   4.5503	  1.0000	  0.0000	        0.0000	        0.0000	        0.0000	        0.0000	        0.0000	        0.0000	        0.0000	  0.3521	  0.2490	-22.6876
2018	161	  23	 55	160.9965	  0.0000	  3.6294	    0.0574	 28.0798	 49.9083	  0.0000	 300.0000	 300.0000	 300.0000	   0.0000	   0.0000	   0.0000	 15.1000	 25.3000	 96.4167	   5.1000	   5.5000	   5.9000	  0.8000	  0.2000	  0.1000	  0.1600	  0.1900	   0.0000	   0.0000	   0.0000	   0.0000	   0.0000	   0.0000	   0.0000	   0.0000	   0.0000	  1.0000	  0.0000	        0.0000	        0.0000	        0.0000	        0.0000	        0.0000	        0.0000	        0.0000	  0.3521	  0.2490	-22.6876
2018	162	  23	 55	161.9965	  0.0000	  3.6075	    0.0492	 25.2524	 13.8833	  0.0000	 300.0000	 300.0000	 300.0000	   0.0000	   0.0000	   0.0000	 13.7000	 16.9000	113.0000	   5.1000	   5.5000	   5.9000	  0.8000	  0.2000	  0.1000	  0.1600	  0.1900	   0.0000	   0.0000	   0.0000	   0.0000	   0.0000	   0.0000	   0.0000	   0.0000	   0.0000	  1.0000	  0.0000	        0.0000	        0.0000	        0.0000	        0.0000	        0.0000	        0.0000	        0.0000	  0.3521	  0.2490	-22.6876
2018	163	  23	 55	162.9965	  0.0000	 17.5902	    0.3073	 28.0693	  0.0000	  2.0000	 300.0000	 300.0000	 300.0000	   0.0000	   0.0000	   0.0000	 13.6000	 21.7000	 80.0000	   5.1000	   5.5000	   5.9000	  0.8000	  0.2000	  0.1000	  0.1600	  0.1900	   0.0000	   0.0000	   0.0000	   0.0000	   0.0000	   0.0000	   0.0000	   0.0000	   0.0000	  1.0000	  0.0000	        0.0000	        0.0000	        0.0000	        0.0000	        0.0000	        0.0000	        0.0000	  0.3521	  0.2490	-22.6876
2018	164	  23	 55	163.9965	  0.0000	3739.4604	   67.1782	 35.8911	  0.0000	  3.0000	 300.0000	 300.0000	 300.0000	   0.0000	   0.0000	   0.0000	 12.5000	 21.9000	 74.6667	   5.1000	   5.5000	   5.9000	  0.8000	  0.2000	  0.1000	  0.1600	  0.1900	 262.0424	 119.1029	 142.9395	 262.0424	 119.1029	 142.9395	 262.0424	 119.1029	 142.9395	  1.0000	  0.0000	        0.0000	        0.0000	        0.0000	        0.0000	        0.0000	        0.0000	        0.0000	  0.3521	  0.2490	-22.6876
2018	165	  23	 55	164.9965	  0.0000	 17.5761	    0.2811	 33.5009	 46.0583	  0.0000	 300.0000	 300.0000	 300.0000	   0.0000	   0.0000	   0.0000	 13.8000	 20.6000	 56.5833	   5.1000	   5.5000	   5.9000	  0.8000	  0.2000	  0.1000	  0.1600	  0.1900	   0.0000	   0.0000	   0.0000	   0.0000	   0.0000	   0.0000	   0.0000	   0.0000	   0.0000	  1.0000	  0.0000	        0.0000	        0.0000	        0.0000	        0.0000	        0.0000	        0.0000	        0.0000	  0.3521	  0.2490	-22.6876
2018	166	  23	 55	165.9965	  0.0000	5759.5980	   89.3158	 44.6638	  0.0000	  1.0000	 300.0000	 300.0000	 300.0000	   0.0000	   0.0000	   0.0000	 13.6000	 18.9000	106.0833	   5.1000	   5.5000	   5.9000	  0.8000	  0.2000	  0.1000	  0.1600	  0.1900	 355.8211	 161.7270	 194.0941	 355.8211	 161.7270	 194.0941	 355.8211	 161.7270	 194.0941	  1.0000	  0.0000	        0.0000	        0.0000	        0.0000	        0.0000	        0.0000	        0.0000	        0.0000	  0.3521	  0.2490	-22.6876
2018	167	  23	 55	166.9965	  0.0000	  3.5420	    0.0490	 10.8364	  9.6833	  0.0000	 300.0000	 300.0000	 300.0000	   0.0000	   0.0000	   0.0000	 13.9000	 22.2000	 69.4167	   5.1000	   5.5000	   5.9000	  0.8000	  0.2000	  0.1000	  0.1600	  0.1900	   0.0000	   0.0000	   0.0000	   0.0000	   0.0000	   0.0000	   0.0000	   0.0000	   0.0000	  1.0000	  0.0000	        0.0000	        0.0000	        0.0000	        0.0000	        0.0000	        0.0000	        0.0000	  0.3521	  0.2490	-22.6876
2018	168	  23	 55	167.9965	  0.0000	12277.8417	  181.9358	 45.0562	153.0417	  0.0000	 300.0000	 300.0000	 300.0000	   0.0000	   0.0000	   0.0000	 13.9000	 18.4000	186.6667	   5.1000	   5.5000	   5.9000	  0.8000	  0.2000	  0.1000	  0.1600	  0.1900	 760.0839	 345.4727	 414.6113	 760.0839	 345.4727	 414.6113	 760.0839	 345.4727	 414.6113	  1.0000	  0.0000	        0.0000	        0.0000	        0.0000	        0.0000	        0.0000	        0.0000	        0.0000	  0.3521	  0.2490	-22.6876
2018	169	  23	 55	168.9965	  0.0000	  3.5983	    0.0507	 32.1422	  6.5667	  0.0000	 300.0000	 300.0000	 300.0000	   0.0000	   0.0000	   0.0000	 14.1000	 18.2000	 65.5833	   5.1000	   5.5000	   5.9000	  0.8000	  0.2000	  0.1000	  0.1600	  0.1900	   0.0000	   0.0000	   0.0000	   0.0000	   0.0000	   0.0000	   0.0000	   0.0000	   0.0000	  1.0000	  0.0000	        0.0000	        0.0000	        0.0000	        0.0000	        0.0000	        0.0000	        0.0000	  0.3521	  0.2490	-22.6876
2018	170	  23	 55	169.9965	  0.0000	3057.7326	   46.8092	 35.0756	  7.0583	  0.0000	 300.0000	 300.0000	 300.0000	   0.0000	   0.0000	   0.0000	 12.9250	 17.4000	 64.4167	   5.1000	   5.5000	   5.9000	  0.8000	  0.2000	  0.1000	  0.1600	  0.1900	 167.9324	  76.3276	  91.6048	 167.9324	  76.3276	  91.6048	 167.9324	  76.3276	  91.6048	  1.0000	  0.0000	        0.0000	        0.0000	        0.0000	        0.0000	        0.0000	        0.0000	        0.0000	  0.3521	  0.2490	-22.6876
2018	171	  23	 55	170.9965	  0.0000	  3.5441	    0.0510	 18.5104	 53.6667	  0.0000	 300.0000	 300.0000	 300.0000	   0.0000	   0.0000	   0.0000	 11.4000	 16.9000	 57.0000	   5.1000	   5.5000	   5.9000	  0.8000	  0.2000	  0.1000	  0.1600	  0.1900	   0.0000	   0.0000	   0.0000	   0.0000	   0.0000	   0.0000	   0.0000	   0.0000	   0.0000	  1.0000	  0.0000	        0.0000	        0.0000	        0.0000	        0.0000	        0.0000	        0.0000	        0.0000	  0.3521	  0.2490	-22.6876
2018	172	  23	 55	171.9965	  0.0000	 16.7590	    0.2159	 20.2354	 22.2417	  0.0000	 300.0000	 300.0000	 300.0000	   0.0000	   0.0000	   0.0000	  9.8000	 16.0000	 65.5833	   5.1000	   5.5000	   5.9000	  0.8000	  0.2000	  0.1000	  0.1600	  0.1900	   0.0000	   0.0000	   0.0000	   0.0000	   0.0000	   0.0000	   0.0000	   0.0000	   0.0000	  1.0000	  0.0000	        0.0000	        0.0000	        0.0000	        0.0000	        0.0000	        0.0000	        0.0000	  0.3521	  0.2490	-22.6876
2018	173	  23	 55	172.9965	  0.0000	  3.5354	    0.0422	 13.8468	  0.0000	  4.0000	 300.0000	 300.0000	 300.0000	   0.0000	   0.0000	   0.0000	  9.4000	 17.3000	 73.3333	   5.1000	   5.5000	   5.9000	  0.8000	  0.2000	  0.1000	  0.1600	  0.1900	   0.0000	   0.0000	   0.0000	   0.0000	   0.0000	   0.0000	   0.0000	   0.0000	   0.0000	  1.0000	  0.0000	        0.0000	        0.0000	        0.0000	        0.0000	        0.0000	        0.0000	        0.0000	  0.3521	  0.2490	-22.6876
2018	174	  23	 55	173.9965	  0.0000	3514.5753	   54.6241	 22.0022	  0.0000	  5.0000	 300.0000	 300.0000	 300.0000	   0.0000	   0.0000	   0.0000	  8.6000	 19.1000	 68.6667	   5.1000	   5.5000	   5.9000	  0.8000	  0.2000	  0.1000	  0.1600	  0.1900	 210.2609	  95.5673	 114.6935	 210.2609	  95.5673	 114.6935	 210.2609	  95.5673	 114.6935	  1.0000	  0.0000	        0.0000	        0.0000	        0.0000	        0.0000	        0.0000	        0.0000	        0.0000	  0.3521	  0.2490	-22.6876
2018	175	  23	 55	174.9965	  0.0000	3974.1455	   72.1281	 32.0274	  0.0000	  6.0000	 300.0000	 300.0000	 300.0000	   0.0000	   0.0000	   0.0000	 10.4000	 22.3000	 82.1667	   5.1000	   5.5000	   5.9000	  0.8000	  0.2000	  0.1000	  0.1600	  0.1900	 288.5832	 131.1666	 157.4166	 288.5832	 131.1666	 157.4166	 288.5832	 131.1666	 157.4166	  1.0000	  0.0000	        0.0000	        0.0000	        0.0000	        0.0000	        0.0000	        0.0000	        0.0000	  0.3521	  0.2490	-22.6876
2018	176	  23	 55	175.9965	  0.0000	3497.1019	   71.9591	 40.0137	  0.0000	  7.0000	 300.0000	 300.0000	 300.0000	   0.0000	   0.0000	   0.0000	 15.0000	 24.6000	 70.6667	   5.1000	   5.5000	   5.9000	  0.8000	  0.2000	  0.1000	  0.1600	  0.1900	 289.4589	 131.5647	 157.8942	 289.4589	 131.5647	 157.8942	 289.4589	 131.5647	 157.8942	  1.0000	  0.0000	        0.0000	        0.0000	        0.0000	        0.0000	        0.0000	        0.0000	        0.0000	  0.3521	  0.2490	-22.6876
2018	177	  23	 55	176.9965	  0.0000	  3.6097	    0.0656	 33.1630	  0.0000	 10.0000	 300.0000	 300.0000	 300.0000	   0.0000	   0.0000	   0.0000	 14.2000	 27.1000	 83.6667	   5.1000	   5.5000	   5.9000	  0.8000	  0.2000	  0.1000	  0.1600	  0.1900	   0.0000	   0.0000	   0.0000	   0.0000	   0.0000	   0.0000	   0.0000	   0.0000	   0.0000	  1.0000	  0.0000	        0.0000	        0.0000	        0.0000	        0.0000	        0.0000	        0.0000	        0.0000	  0.3521	  0.2490	-22.6876
2018	178	  23	 55	177.9965	  0.0000	 16.6428	    0.3544	 34.5353	  0.0000	 12.0000	 300.0000	 300.0000	 300.0000	   0.0000	   0.0000	   0.0000	 16.4000	 25.9000	 74.7500	   5.1000	   5.5000	   5.9000	  0.8000	  0.2000	  0.1000	  0.1600	  0.1900	   0.0000	   0.0000	   0.0000	   0.0000	   0.0000	   0.0000	   0.0000	   0.0000	   0.0000	  1.0000	  0.0000	        0.0000	        0.0000	        0.0000	        0.0000	        0.0000	        0.0000	        0.0000	  0.3521	  0.2490	-22.6876
2018	179	  23	 55	178.9965	  0.0000	3839.3708	   87.0294	 45.0341	  0.0000	 13.0000	 300.0000	 300.0000	 300.0000	   0.0000	   0.0000	   0.0000	 17.4000	 26.3000	 77.9167	   5.1000	   5.5000	   5.9000	  0.8000	  0.2000	  0.1000	  0.1600	  0.1900	 365.1984	 165.9905	 199.2078	 365.1984	 165.9905	 199.2078	 365.1984	 165.9905	 199.2078	  1.0000	  0.0000	        0.0000	        0.0000	        0.0000	        0.0000	        0.0000	        0.0000	        0.0000	  0.3521	  0.2490	-22.6876
