%iy id HDD1_h HDD2_c HDD3_Tmean HDD4_T5d P/day DaysSR GDD1_g GDD2_s GDD3_Tmin GDD4_Tmax GDD5_DayLHrs LAI_EveTr LAI_DecTr LAI_Grass DecidCap Porosity AlbEveTr AlbDecTr AlbGrass WU_EveTr(1) WU_EveTr(2) WU_EveTr(3) WU_DecTr(1) WU_DecTr(2) WU_DecTr(3) WU_Grass(1) WU_Grass(2) WU_Grass(3) deltaLAI LAIlumps AlbSnow Dens_Snow_Paved Dens_Snow_Bldgs Dens_Snow_EveTr Dens_Snow_DecTr Dens_Snow_Grass Dens_Snow_BSoil Dens_Snow_Water BoAnOHMEnd a1AnOHM a2AnOHM a3AnOHM
2004   43   19.5    0.0   -1.3   -1.3   2.1833    0.0    0.0    NaN   -5.1    1.6    6.4   4.00   1.00   1.60   0.30   0.60   0.10   0.12   0.18   0.000   0.000   0.000   0.000   0.000   0.000   0.000   0.000   0.000    0.00    0.00    0.00    0.00    0.00    0.00    0.00    0.00    0.00    0.00    2.00    0.00    0.00    0.00
2004   44   17.3    0.0    0.9   -0.9   0.8083    0.0    0.0    NaN   -0.3    1.5    6.3   4.00   1.00   1.60   0.30   0.60   0.10   0.12   0.18   0.000   0.000   0.000   0.000   0.000   0.000   0.000   0.000   0.000    0.00    0.00    0.00    0.00    0.00    0.00    0.00    0.00    0.00    0.00    1.17    0.00    0.00    0.00
2004   45   18.3    0.0   -0.1   -0.6   0.1083    0.0    0.0    NaN   -2.4    1.6    7.1   4.00   1.00   1.60   0.30   0.60   0.10   0.12   0.18   0.000   0.000   0.000   0.000   0.000   0.000   0.000   0.000   0.000    0.00    0.00    0.00    0.00    0.00    0.00    0.00    0.00    0.00    0.00    8.00    0.00    0.00    0.00
2004   46   17.2    0.0    1.0   -0.2   0.0000    1.0    0.0    NaN   -2.6    5.8    7.4   4.00   1.00   1.60   0.30   0.60   0.10   0.12   0.18   0.000   0.000   0.000   0.000   0.000   0.000   0.000   0.000   0.000    0.00    0.00    0.00    0.00    0.00    0.00    0.00    0.00    0.00    0.00    5.12    0.00    0.00    0.00
2004   47   17.5    0.0    0.7    0.2   1.7917    0.0    0.0    NaN   -1.4    3.0    6.6   4.00   1.00   1.60   0.30   0.60   0.10   0.12   0.18   0.000   0.000   0.000   0.000   0.000   0.000   0.000   0.000   0.000    0.00    0.00    0.00    0.00    0.00    0.00    0.00    0.00    0.00    0.00   -1.92    0.00    0.00    0.00
2004   48   15.5    0.0    2.7    1.0   0.7083    0.0    0.0    NaN    0.7    5.0    7.6   4.00   1.00   1.60   0.30   0.60   0.10   0.12   0.18   0.000   0.000   0.000   0.000   0.000   0.000   0.000   0.000   0.000    0.00    0.00    0.00    0.00    0.00    0.00    0.00    0.00    0.00    0.00    4.96    0.00    0.00    0.00
2004   49   17.1    0.0    1.1    1.1   0.0000    1.0    0.0    NaN   -1.5    3.4    7.7   4.00   1.00   1.60   0.30   0.60   0.10   0.12   0.18   0.000   0.000   0.000   0.000   0.000   0.000   0.000   0.000   0.000    0.00    0.00    0.00    0.00    0.00    0.00    0.00    0.00    0.00    0.00    6.12    0.00    0.00    0.00
2004   50   18.6    0.0   -0.4    1.0   0.0000    2.0    0.0    NaN   -2.9    1.2    7.7   4.00   1.00   1.60   0.30   0.60   0.10   0.12   0.18   0.000   0.000   0.000   0.000   0.000   0.000   0.000   0.000   0.000    0.00    0.00    0.00    0.00    0.00    0.00    0.00    0.00    0.00    0.00    6.65    0.00    0.00    0.00
2004   51   16.6    0.0    1.6    1.2   0.0000    3.0    0.0    NaN    0.3    4.0    7.7   4.00   1.00   1.60   0.30   0.60   0.10   0.12   0.18   0.000   0.000   0.000   0.000   0.000   0.000   0.000   0.000   0.000    0.00    0.00    0.00    0.00    0.00    0.00    0.00    0.00    0.00    0.00    7.47    0.00    0.00    0.00
2004   52   17.7    0.0    0.5    1.1   0.0000    4.0    0.0    NaN   -1.9    3.9    7.7   4.00   1.00   1.60   0.30   0.60   0.10   0.12   0.18   0.000   0.000   0.000   0.000   0.000   0.000   0.000   0.000   0.000    0.00    0.00    0.00    0.00    0.00    0.00    0.00    0.00    0.00    0.00    7.31    0.00    0.00    0.00
2004   53   19.0    0.0   -0.8    0.4   0.6000    0.0    0.0    NaN   -2.6    3.2    7.9   4.00   1.00   1.60   0.30   0.60   0.10   0.12   0.18   0.000   0.000   0.000   0.000   0.000   0.000   0.000   0.000   0.000    0.00    0.00    0.00    0.00    0.00    0.00    0.00    0.00    0.00    0.00    2.90    0.00    0.00    0.00
2004   54   20.0    0.0   -1.8   -0.2   0.2000    0.0    0.0    NaN   -3.9    0.4    8.0   4.00   1.00   1.60   0.30   0.60   0.10   0.12   0.18   0.000   0.000   0.000   0.000   0.000   0.000   0.000   0.000   0.000    0.00    0.00    0.00    0.00    0.00    0.00    0.00    0.00    0.00    0.00    9.73    0.00    0.00    0.00
2004   55   16.4    0.0    1.8    0.3   3.1000    0.0    0.0    NaN   -0.6    4.4    8.0   4.00   1.00   1.60   0.30   0.60   0.10   0.12   0.18   0.000   0.000   0.000   0.000   0.000   0.000   0.000   0.000   0.000    0.00    0.00    0.00    0.00    0.00    0.00    0.00    0.00    0.00    0.00    7.57    0.00    0.00    0.00
2004   56   16.7    0.0    1.5    0.3   0.0000    1.0    0.0    NaN    0.5    2.3    8.0   4.00   1.00   1.60   0.30   0.60   0.10   0.12   0.18   0.000   0.000   0.000   0.000   0.000   0.000   0.000   0.000   0.000    0.00    0.00    0.00    0.00    0.00    0.00    0.00    0.00    0.00    0.00    3.59    0.00    0.00    0.00
2004   57   17.2    0.0    1.0    0.4   0.0000    2.0    0.0    NaN   -2.8    4.3    8.2   4.00   1.00   1.60   0.30   0.60   0.10   0.12   0.18   0.000   0.000   0.000   0.000   0.000   0.000   0.000   0.000   0.000    0.00    0.00    0.00    0.00    0.00    0.00    0.00    0.00    0.00    0.00    7.98    0.00    0.00    0.00
2004   58   17.4    0.0    0.8    0.7   0.0000    3.0    0.0    NaN   -1.3    2.2    7.9   4.00   1.00   1.60   0.30   0.60   0.10   0.12   0.18   0.000   0.000   0.000   0.000   0.000   0.000   0.000   0.000   0.000    0.00    0.00    0.00    0.00    0.00    0.00    0.00    0.00    0.00    0.00    6.12    0.00    0.00    0.00
2004   59   19.5    0.0   -1.3    0.8   0.2000    0.0    0.0    NaN   -3.8    1.3    8.1   4.00   1.00   1.60   0.30   0.60   0.10   0.12   0.18   0.000   0.000   0.000   0.000   0.000   0.000   0.000   0.000   0.000    0.00    0.00    0.00    0.00    0.00    0.00    0.00    0.00    0.00    0.00    5.34    0.00    0.00    0.00
2004   60   19.2    0.0   -1.0    0.2   0.0000    1.0    0.0    NaN   -4.9    2.3    8.7   4.00   1.00   1.60   0.30   0.60   0.10   0.12   0.18   0.000   0.000   0.000   0.000   0.000   0.000   0.000   0.000   0.000    0.00    0.00    0.00    0.00    0.00    0.00    0.00    0.00    0.00    0.00    8.37    0.00    0.00    0.00
2004   61   14.1    0.0    4.1    0.7   0.0000    2.0    0.0    NaN    0.8    8.0    9.8   4.00   1.00   1.60   0.30   0.60   0.10   0.12   0.18   0.000   0.000   0.000   0.000   0.000   0.000   0.000   0.000   0.000    0.00    0.00    0.00    0.00    0.00    0.00    0.00    0.00    0.00    0.00    6.76    0.00    0.00    0.00
2004   62   13.9    0.0    4.3    1.4   0.0000    3.0    0.0    NaN   -0.6    8.1    9.2   4.00   1.00   1.60   0.30   0.60   0.10   0.12   0.18   0.000   0.000   0.000   0.000   0.000   0.000   0.000   0.000   0.000    0.00    0.00    0.00    0.00    0.00    0.00    0.00    0.00    0.00    0.00    6.52    0.00    0.00    0.00
2004   63   20.3    0.0   -2.1    0.8   0.0000    4.0    0.0    NaN   -4.6   -0.3   10.0   4.00   1.00   1.60   0.30   0.60   0.10   0.12   0.18   0.000   0.000   0.000   0.000   0.000   0.000   0.000   0.000   0.000    0.00    0.00    0.00    0.00    0.00    0.00    0.00    0.00    0.00    0.00    9.81    0.00    0.00    0.00
2004   64   21.5    0.0   -3.3    0.4   0.0000    5.0    0.0    NaN   -7.4    1.0   10.2   4.00   1.00   1.60   0.30   0.60   0.10   0.12   0.18   0.000   0.000   0.000   0.000   0.000   0.000   0.000   0.000   0.000    0.00    0.00    0.00    0.00    0.00    0.00    0.00    0.00    0.00    0.00    9.31    0.00    0.00    0.00
2004   65   20.8    0.0   -2.6    0.1   0.0000    6.0    0.0    NaN   -6.4   -0.1    9.3   4.00   1.00   1.60   0.30   0.60   0.10   0.12   0.18   0.000   0.000   0.000   0.000   0.000   0.000   0.000   0.000   0.000    0.00    0.00    0.00    0.00    0.00    0.00    0.00    0.00    0.00    0.00    1.42    0.00    0.00    0.00
2004   66   19.5    0.0   -1.3   -1.0   0.0000    7.0    0.0    NaN   -4.3    2.7    9.8   4.00   1.00   1.60   0.30   0.60   0.10   0.12   0.18   0.000   0.000   0.000   0.000   0.000   0.000   0.000   0.000   0.000    0.00    0.00    0.00    0.00    0.00    0.00    0.00    0.00    0.00    0.00    7.78    0.00    0.00    0.00
2004   67   19.2    0.0   -1.0   -2.1   0.0000    8.0    0.0    NaN   -5.9    3.5   10.3   4.00   1.00   1.60   0.30   0.60   0.10   0.12   0.18   0.000   0.000   0.000   0.000   0.000   0.000   0.000   0.000   0.000    0.00    0.00    0.00    0.00    0.00    0.00    0.00    0.00    0.00    0.00    8.87    0.00    0.00    0.00
2004   68   17.4    0.0    0.8   -1.5   0.0000    9.0    0.0    NaN   -1.8    3.1   10.2   4.00   1.00   1.60   0.30   0.60   0.10   0.12   0.18   0.000   0.000   0.000   0.000   0.000   0.000   0.000   0.000   0.000    0.00    0.00    0.00    0.00    0.00    0.00    0.00    0.00    0.00    0.00    7.87    0.00    0.00    0.00
2004   69   17.4    0.0    0.8   -0.7   0.0000   10.0    0.0    NaN   -2.7    3.5   10.4   4.00   1.00   1.60   0.30   0.60   0.10   0.12   0.18   0.000   0.000   0.000   0.000   0.000   0.000   0.000   0.000   0.000    0.00    0.00    0.00    0.00    0.00    0.00    0.00    0.00    0.00    0.00    5.86    0.00    0.00    0.00
2004   70   18.3    0.0   -0.1   -0.2   0.0000   11.0    0.0    NaN   -3.9    4.1   10.5   4.00   1.00   1.60   0.30   0.60   0.10   0.12   0.18   0.000   0.000   0.000   0.000   0.000   0.000   0.000   0.000   0.000    0.00    0.00    0.00    0.00    0.00    0.00    0.00    0.00    0.00    0.00    8.87    0.00    0.00    0.00
2004   71   16.0    0.0    2.2    0.5   0.0000   12.0    0.0    NaN   -1.0    6.6   10.5   4.00   1.00   1.60   0.30   0.60   0.10   0.12   0.18   0.000   0.000   0.000   0.000   0.000   0.000   0.000   0.000   0.000    0.00    0.00    0.00    0.00    0.00    0.00    0.00    0.00    0.00    0.00    8.06    0.00    0.00    0.00
2004   72   16.7    0.0    1.5    1.0   0.0000   13.0    0.0    NaN   -1.4    5.6   10.3   4.00   1.00   1.60   0.30   0.60   0.10   0.12   0.18   0.000   0.000   0.000   0.000   0.000   0.000   0.000   0.000   0.000    0.00    0.00    0.00    0.00    0.00    0.00    0.00    0.00    0.00    0.00    8.19    0.00    0.00    0.00
2004   73   17.1    0.0    1.1    1.1   3.9917    0.0    0.0    NaN   -0.7    4.4    9.2   4.00   1.00   1.60   0.30   0.60   0.10   0.12   0.18   0.000   0.000   0.000   0.000   0.000   0.000   0.000   0.000   0.000    0.00    0.00    0.00    0.00    0.00    0.00    0.00    0.00    0.00    0.00   -4.99    0.00    0.00    0.00
2004   74   12.2    0.0    6.0    2.1   2.8500    0.0    1.1    NaN    4.2    8.0   10.2   4.00   1.00   1.60   0.30   0.60   0.10   0.12   0.18   0.000   0.000   0.000   0.000   0.000   0.000   0.000   0.000   0.000    0.00    0.00    0.00    0.00    0.00    0.00    0.00    0.00    0.00    0.00    7.11    0.00    0.00    0.00
2004   75   12.2    0.0    6.0    3.4   5.7500    0.0    1.9    NaN    4.6    7.1   10.2   4.00   1.00   1.60   0.30   0.60   0.10   0.12   0.18   0.000   0.000   0.000   0.000   0.000   0.000   0.000   0.000   0.000    0.00    0.00    0.00    0.00    0.00    0.00    0.00    0.00    0.00    0.00    6.46    0.00    0.00    0.00
2004   76   10.9    0.0    7.3    4.4   2.1083    0.0    4.4    NaN    5.0    9.9   10.3   4.00   1.00   1.60   0.30   0.60   0.10   0.12   0.18   0.000   0.000   0.000   0.000   0.000   0.000   0.000   0.000   0.000    0.00    0.00    0.00    0.00    0.00    0.00    0.00    0.00    0.00    0.00    7.06    0.00    0.00    0.00
2004   77   10.6    0.0    7.6    5.6   0.0000    1.0    7.1    NaN    4.6   10.8   10.9   4.01   1.01   1.61   0.30   0.60   0.10   0.12   0.18   0.000   0.000   0.000   0.000   0.000   0.000   0.000   0.000   0.000    0.00    0.00    0.00    0.00    0.00    0.00    0.00    0.00    0.00    0.00    7.13    0.00    0.00    0.00
2004   78   11.9    0.0    6.3    6.6   0.0000    2.0    9.2    NaN    4.5    9.7   10.8   4.01   1.01   1.61   0.30   0.60   0.10   0.12   0.18   0.000   0.000   0.000   0.000   0.000   0.000   0.000   0.000   0.000    0.00    0.00    0.00    0.00    0.00    0.00    0.00    0.00    0.00    0.00    7.70    0.00    0.00    0.00
2004   79   12.1    0.0    6.1    6.6   7.0000    0.0   10.1    NaN    5.1    6.8   10.6   4.02   1.02   1.62   0.30   0.60   0.10   0.12   0.18   0.000   0.000   0.000   0.000   0.000   0.000   0.000   0.000   0.000    0.00    0.00    0.00    0.00    0.00    0.00    0.00    0.00    0.00    0.00    5.23    0.00    0.00    0.00
2004   80   13.6    0.0    4.6    6.4  10.8500    0.0   10.1    NaN    1.7    6.7   11.0   4.02   1.02   1.62   0.30   0.60   0.10   0.12   0.18   0.000   0.000   0.000   0.000   0.000   0.000   0.000   0.000   0.000    0.00    0.00    0.00    0.00    0.00    0.00    0.00    0.00    0.00    0.00    7.95    0.00    0.00    0.00
2004   81   14.7    0.0    3.5    5.6   1.0500    0.0   10.1    NaN    1.4    5.8   11.2   4.03   1.03   1.63   0.30   0.60   0.10   0.12   0.18   0.000   0.000   0.000   0.000   0.000   0.000   0.000   0.000   0.000    0.00    0.00    0.00    0.00    0.00    0.00    0.00    0.00    0.00    0.00    6.92    0.00    0.00    0.00
2004   82   14.5    0.0    3.7    4.8   5.1000    0.0   10.1    NaN    1.7    6.7   10.4   4.03   1.03   1.63   0.30   0.60   0.10   0.12   0.18   0.000   0.000   0.000   0.000   0.000   0.000   0.000   0.000   0.000    0.00    0.00    0.00    0.00    0.00    0.00    0.00    0.00    0.00    0.00    7.71    0.00    0.00    0.00
2004   83   16.4    0.0    1.8    3.9   0.0000    1.0   10.1    NaN   -0.8    3.8   10.8   4.04   1.04   1.64   0.30   0.60   0.10   0.12   0.18   0.000   0.000   0.000   0.000   0.000   0.000   0.000   0.000   0.000    0.00    0.00    0.00    0.00    0.00    0.00    0.00    0.00    0.00    0.00    7.23    0.00    0.00    0.00
2004   84   17.4    0.0    0.8    2.9   0.0000    2.0   10.1    NaN   -1.2    3.0   11.3   4.04   1.04   1.64   0.30   0.60   0.10   0.12   0.18   0.000   0.000   0.000   0.000   0.000   0.000   0.000   0.000   0.000    0.00    0.00    0.00    0.00    0.00    0.00    0.00    0.00    0.00    0.00    8.30    0.00    0.00    0.00
2004   85   18.3    0.0   -0.1    1.9   0.0000    3.0   10.1    NaN   -2.9    2.4   11.4   4.05   1.05   1.65   0.31   0.60   0.10   0.12   0.18   0.000   0.000   0.000   0.000   0.000   0.000   0.000   0.000   0.000    0.00    0.00    0.00    0.00    0.00    0.00    0.00    0.00    0.00    0.00    8.75    0.00    0.00    0.00
2004   86   18.0    0.0    0.2    1.3   0.0000    4.0   10.1    NaN   -3.4    3.5   11.6   4.05   1.05   1.65   0.31   0.60   0.10   0.12   0.18   0.000   0.000   0.000   0.000   0.000   0.000   0.000   0.000   0.000    0.00    0.00    0.00    0.00    0.00    0.00    0.00    0.00    0.00    0.00    9.23    0.00    0.00    0.00
2004   87   14.0    0.0    4.2    1.4   1.2000    0.0   10.1    NaN    1.9    6.4   11.3   4.06   1.06   1.66   0.31   0.59   0.10   0.12   0.18   0.000   0.000   0.000   0.000   0.000   0.000   0.000   0.000   0.000    0.00    0.00    0.00    0.00    0.00    0.00    0.00    0.00    0.00    0.00    1.22    0.00    0.00    0.00
2004   88   14.1    0.0    4.1    1.8   0.2917    0.0   10.1    NaN   -1.2    7.9   12.4   4.07   1.06   1.66   0.31   0.59   0.10   0.12   0.18   0.000   0.000   0.000   0.000   0.000   0.000   0.000   0.000   0.000    0.00    0.00    0.00    0.00    0.00    0.00    0.00    0.00    0.00    0.00    8.53    0.00    0.00    0.00
2004   89   12.8    0.0    5.4    2.7   0.0083    0.0   10.9    NaN    3.5    8.1   12.5   4.07   1.07   1.67   0.31   0.59   0.10   0.12   0.18   0.000   0.000   0.000   0.000   0.000   0.000   0.000   0.000   0.000    0.00    0.00    0.00    0.00    0.00    0.00    0.00    0.00    0.00    0.00    8.07    0.00    0.00    0.00
2004   90   14.3    0.0    3.9    3.5   0.0000    1.0   10.9    NaN    1.4    8.1   12.7   4.08   1.07   1.67   0.31   0.59   0.10   0.12   0.18   0.000   0.000   0.000   0.000   0.000   0.000   0.000   0.000   0.000    0.00    0.00    0.00    0.00    0.00    0.00    0.00    0.00    0.00    0.00    8.28    0.00    0.00    0.00
2004   91   10.2    0.0    8.0    5.1   0.0000    2.0   13.5    NaN   -0.9   16.0   12.9   4.08   1.08   1.68   0.31   0.59   0.10   0.12   0.18   0.000   0.000   0.000   0.000   0.000   0.000   0.000   0.000   0.000    0.00    0.00    0.00    0.00    0.00    0.00    0.00    0.00    0.00    0.00    6.82    0.00    0.00    0.00
2004   92   11.8    0.0    6.4    5.5   0.0000    3.0   14.1    NaN    0.4   10.8   12.3   4.09   1.09   1.69   0.31   0.59   0.10   0.12   0.18   0.000   0.000   0.000   0.000   0.000   0.000   0.000   0.000   0.000    0.00    0.00    0.00    0.00    0.00    0.00    0.00    0.00    0.00    0.00    7.65    0.00    0.00    0.00
2004   93   14.1    0.0    4.1    5.5   0.0000    4.0   14.1    NaN   -1.3   10.0   12.4   4.10   1.09   1.70   0.31   0.59   0.10   0.12   0.18   0.000   0.000   0.000   0.000   0.000   0.000   0.000   0.000   0.000    0.00    0.00    0.00    0.00    0.00    0.00    0.00    0.00    0.00    0.00    8.07    0.00    0.00    0.00
2004   94   12.6    0.0    5.6    5.6   0.7917    0.0   15.0    NaN   -0.1   12.0   12.4   4.11   1.10   1.70   0.31   0.59   0.10   0.12   0.18   0.000   0.000   0.000   0.000   0.000   0.000   0.000   0.000   0.000    0.00    0.00    0.00    0.00    0.00    0.00    0.00    0.00    0.00    0.00    6.86    0.00    0.00    0.00
2004   95   10.9    0.0    7.3    6.3   6.9083    0.0   17.2    NaN    4.3   10.0   11.8   4.12   1.11   1.71   0.31   0.59   0.10   0.12   0.18   0.000   0.000   0.000   0.000   0.000   0.000   0.000   0.000   0.000    0.00    0.00    0.00    0.00    0.00    0.00    0.00    0.00    0.00    0.00    5.22    0.00    0.00    0.00
2004   96   11.8    0.0    6.4    6.0   1.1000    0.0   19.4    NaN    4.3   10.2   12.0   4.13   1.12   1.72   0.31   0.59   0.10   0.12   0.18   0.000   0.000   0.000   0.000   0.000   0.000   0.000   0.000   0.000    0.00    0.00    0.00    0.00    0.00    0.00    0.00    0.00    0.00    0.00    7.23    0.00    0.00    0.00
2004   97   12.6    0.0    5.6    5.8   2.3000    0.0   20.4    NaN    3.9    8.0   12.1   4.14   1.13   1.73   0.31   0.59   0.10   0.12   0.18   0.000   0.000   0.000   0.000   0.000   0.000   0.000   0.000   0.000    0.00    0.00    0.00    0.00    0.00    0.00    0.00    0.00    0.00    0.00    6.84    0.00    0.00    0.00
2004   98   13.9    0.0    4.3    5.9   4.2000    0.0   20.4    NaN    2.0    7.2   12.4   4.15   1.14   1.74   0.32   0.59   0.10   0.12   0.18   0.000   0.000   0.000   0.000   0.000   0.000   0.000   0.000   0.000    0.00    0.00    0.00    0.00    0.00    0.00    0.00    0.00    0.00    0.00    7.92    0.00    0.00    0.00
2004   99   12.3    0.0    5.9    5.9   0.0000    1.0   21.6    NaN    1.1   11.3   12.8   4.16   1.15   1.75   0.32   0.59   0.10   0.12   0.18   0.000   0.000   0.000   0.000   0.000   0.000   0.000   0.000   0.000    0.00    0.00    0.00    0.00    0.00    0.00    0.00    0.00    0.00    0.00    7.39    0.00    0.00    0.00
2004  100   12.4    0.0    5.8    5.6   0.0000    2.0   21.6    NaN    1.7    8.4   11.9   4.17   1.16   1.76   0.32   0.59   0.10   0.12   0.18   0.000   0.000   0.000   0.000   0.000   0.000   0.000   0.000   0.000    0.00    0.00    0.00    0.00    0.00    0.00    0.00    0.00    0.00    0.00    7.69    0.00    0.00    0.00
2004  101   12.5    0.0    5.7    5.5   0.0000    3.0   22.2    NaN    2.0    9.1   13.0   4.18   1.17   1.78   0.32   0.58   0.10   0.12   0.18   0.000   0.000   0.000   0.000   0.000   0.000   0.000   0.000   0.000    0.00    0.00    0.00    0.00    0.00    0.00    0.00    0.00    0.00    0.00    8.08    0.00    0.00    0.00
2004  102   12.8    0.0    5.4    5.4   0.0000    4.0   22.2    NaN    1.1    8.5   12.3   4.19   1.18   1.79   0.32   0.58   0.10   0.12   0.18   0.000   0.000   0.000   0.000   0.000   0.000   0.000   0.000   0.000    0.00    0.00    0.00    0.00    0.00    0.00    0.00    0.00    0.00    0.00    7.87    0.00    0.00    0.00
2004  103   12.5    0.0    5.7    5.7   0.0000    5.0   22.5    NaN    0.7   10.0   13.1   4.20   1.20   1.80   0.32   0.58   0.10   0.12   0.18   0.000   0.000   0.000   0.000   0.000   0.000   0.000   0.000   0.000    0.00    0.00    0.00    0.00    0.00    0.00    0.00    0.00    0.00    0.00    7.87    0.00    0.00    0.00
2004  104   13.9    0.0    4.3    5.3   0.0000    6.0   22.5    NaN    1.9    6.9   13.0   4.22   1.21   1.81   0.32   0.58   0.10   0.12   0.18   0.000   0.000   0.000   0.000   0.000   0.000   0.000   0.000   0.000    0.00    0.00    0.00    0.00    0.00    0.00    0.00    0.00    0.00    0.00    7.99    0.00    0.00    0.00
