 Wd pai   fai   zH  zHmax   zHstd zd z0  noOfPixels
  0 0.253 0.080 11.456 12.994 0.853 8.019 1.146   399
  5 0.120 0.106 11.592 14.434 1.115 8.114 1.159   400
 10 0.153 0.158 12.085 14.764 1.161 8.459 1.208   404
 15 0.228 0.130 12.359 14.650 1.185 8.651 1.236   413
 20 0.255 0.157 12.184 14.327 1.228 8.529 1.218   423
 25 0.342 0.215 10.237 14.334 3.795 7.166 1.024   439
 30 0.222 0.160 11.798 14.673 1.607 8.259 1.180   459
 35 0.226 0.183 12.037 14.673 1.956 8.426 1.204   486
 40 0.303 0.201 11.228 14.125 2.865 7.860 1.123   519
 45 0.260 0.184 12.055 14.750 2.034 8.439 1.206   562
 50 0.239 0.159 11.847 14.396 1.697 8.293 1.185   519
 55 0.183 0.154 12.313 14.390 1.127 8.619 1.231   486
 60 0.233 0.162 12.275 14.493 1.111 8.593 1.228   459
 65 0.221 0.183 11.846 14.388 1.908 8.292 1.185   439
 70 0.208 0.251 11.950 14.423 2.309 8.365 1.195   423
 75 0.240 0.245 12.111 14.392 1.747 8.477 1.211   413
 80 0.349 0.239 12.296 14.155 1.098 8.607 1.230   404
 85 0.340 0.161 12.277 14.447 0.857 8.594 1.228   400
 90 0.308 0.240 12.198 14.318 1.060 8.538 1.220   399
 95 0.323 0.296 12.335 14.521 1.091 8.634 1.233   400
100 0.446 0.272 12.130 14.419 1.070 8.491 1.213   404
105 0.356 0.264 12.000 14.373 1.239 8.400 1.200   413
110 0.317 0.251 11.508 14.595 2.606 8.056 1.151   423
115 0.246 0.213 12.220 14.544 1.196 8.554 1.222   439
120 0.279 0.185 11.881 14.380 1.953 8.317 1.188   459
125 0.315 0.183 10.793 16.163 3.538 7.555 1.079   486
130 0.260 0.113 10.739 14.447 3.340 7.517 1.074   519
135 0.265 0.163 10.822 14.668 3.226 7.575 1.082   562
140 0.281 0.212 11.858 14.920 2.552 8.300 1.186   519
145 0.267 0.197 11.874 14.354 1.171 8.312 1.187   486
150 0.253 0.163 12.067 14.202 1.105 8.447 1.207   459
155 0.276 0.106 12.609 14.168 0.967 8.826 1.261   439
160 0.194 0.173 12.116 15.125 1.449 8.481 1.212   423
165 0.150 0.103 12.194 14.868 1.133 8.536 1.219   413
170 0.282 0.109 12.240 14.012 1.080 8.568 1.224   404
175 0.190 0.092 11.906 14.468 1.162 8.334 1.191   400
180 0.253 0.091 11.456 12.994 0.853 8.019 1.146   399
185 0.128 0.148 11.736 14.421 1.164 8.215 1.174   400
190 0.141 0.175 12.144 14.776 1.119 8.501 1.214   404
195 0.228 0.135 12.359 14.650 1.185 8.651 1.236   413
200 0.255 0.158 12.184 14.327 1.228 8.529 1.218   423
205 0.344 0.190 10.178 14.435 3.703 7.124 1.018   439
210 0.222 0.161 11.808 14.673 1.606 8.266 1.181   459
215 0.241 0.190 11.916 14.563 2.132 8.341 1.192   486
220 0.297 0.192 11.260 14.183 2.799 7.882 1.126   519
225 0.260 0.178 11.894 14.702 2.272 8.326 1.189   562
230 0.235 0.145 11.807 14.597 1.654 8.265 1.181   519
235 0.185 0.159 12.354 14.359 1.132 8.647 1.235   486
240 0.233 0.166 12.282 14.493 1.100 8.598 1.228   459
245 0.210 0.180 11.740 14.359 2.318 8.218 1.174   439
250 0.208 0.264 11.950 14.423 2.309 8.365 1.195   423
255 0.240 0.221 12.111 14.392 1.747 8.477 1.211   413
260 0.347 0.218 12.300 14.209 1.066 8.610 1.230   404
265 0.370 0.165 12.300 14.369 0.866 8.610 1.230   400
270 0.308 0.218 12.198 14.318 1.060 8.538 1.220   399
275 0.295 0.226 12.188 14.227 1.075 8.532 1.219   400
280 0.436 0.274 11.894 14.009 1.606 8.326 1.189   404
285 0.356 0.271 12.000 14.373 1.239 8.400 1.200   413
290 0.317 0.223 11.508 14.595 2.606 8.056 1.151   423
295 0.237 0.228 12.293 14.482 1.108 8.605 1.229   439
300 0.277 0.198 11.883 14.380 1.955 8.318 1.188   459
305 0.311 0.214 11.094 16.203 3.242 7.766 1.109   486
310 0.254 0.114 10.678 14.447 3.458 7.475 1.068   519
315 0.251 0.166 10.892 14.659 3.150 7.624 1.089   562
320 0.281 0.180 11.947 14.713 2.408 8.363 1.195   519
325 0.222 0.188 11.801 14.320 1.127 8.261 1.180   486
330 0.255 0.167 12.167 14.225 1.109 8.517 1.217   459
335 0.280 0.128 12.818 14.981 1.188 8.973 1.282   439
340 0.194 0.178 12.116 15.125 1.449 8.481 1.212   423
345 0.150 0.111 12.194 14.868 1.133 8.536 1.219   413
350 0.267 0.077 12.263 14.065 1.065 8.584 1.226   404
355 0.182 0.081 12.227 14.760 1.137 8.559 1.223   400
