 Wd pai   fai   zH  zHmax   zHstd zd z0  noOfPixels
  0 0.088 0.072 8.199 11.160 1.720 5.739 0.820   399
  5 0.060 0.037 8.269 8.987 0.536 5.788 0.827   400
 10 0.030 0.019 8.459 9.098 0.528 5.921 0.846   404
 15 0.000 0.000 0.000 0.000 0.000 0.000 0.000   413
 20 0.087 0.037 6.627 9.112 1.977 4.639 0.663   423
 25 0.109 0.047 7.498 9.161 1.693 5.248 0.750   439
 30 0.070 0.045 6.778 9.148 2.295 4.744 0.678   459
 35 0.039 0.019 9.163 9.262 0.036 6.414 0.916   486
 40 0.085 0.043 10.574 13.324 1.497 7.402 1.057   519
 45 0.110 0.058 10.702 13.445 1.390 7.491 1.070   562
 50 0.100 0.039 10.062 13.463 1.261 7.043 1.006   519
 55 0.099 0.020 9.181 9.660 1.229 6.427 0.918   486
 60 0.153 0.032 8.954 9.849 1.731 6.268 0.895   459
 65 0.212 0.059 8.041 10.023 2.083 5.629 0.804   439
 70 0.227 0.039 7.565 11.823 1.838 5.296 0.757   423
 75 0.174 0.024 7.588 9.996 1.574 5.312 0.759   413
 80 0.181 0.024 7.477 9.832 1.526 5.234 0.748   404
 85 0.145 0.019 6.720 7.499 1.094 4.704 0.672   400
 90 0.103 0.025 5.916 7.163 1.668 4.141 0.592   399
 95 0.072 0.026 4.704 7.132 1.747 3.293 0.470   400
100 0.139 0.026 6.732 9.092 2.415 4.713 0.673   404
105 0.111 0.038 6.379 8.848 2.437 4.466 0.638   413
110 0.085 0.101 6.794 15.596 4.891 4.756 0.679   423
115 0.210 0.070 7.302 14.438 3.430 5.111 0.730   439
120 0.294 0.063 9.693 15.715 3.491 6.785 0.969   459
125 0.160 0.054 7.001 13.764 3.457 4.901 0.700   486
130 0.145 0.082 8.097 13.752 4.278 5.668 0.810   519
135 0.158 0.083 10.750 13.664 3.379 7.525 1.075   562
140 0.066 0.069 9.549 13.717 4.047 6.684 0.955   519
145 0.043 0.045 11.726 13.089 0.739 8.208 1.173   486
150 0.041 0.033 9.278 12.569 3.847 6.495 0.928   459
155 0.137 0.076 8.663 14.076 3.951 6.064 0.866   439
160 0.109 0.031 7.575 10.379 2.690 5.302 0.757   423
165 0.070 0.019 4.210 4.670 0.272 2.947 0.421   413
170 0.250 0.063 7.918 10.116 0.726 5.542 0.792   404
175 0.113 0.099 8.778 11.200 1.590 6.144 0.878   400
180 0.088 0.074 8.199 11.160 1.720 5.739 0.820   399
185 0.062 0.041 8.200 8.918 0.543 5.740 0.820   400
190 0.027 0.021 8.500 9.085 0.521 5.950 0.850   404
195 0.000 0.000 0.000 0.000 0.000 0.000 0.000   413
200 0.087 0.039 6.627 9.112 1.977 4.639 0.663   423
205 0.105 0.046 7.478 9.149 1.712 5.235 0.748   439
210 0.068 0.046 6.690 9.107 2.280 4.683 0.669   459
215 0.033 0.019 9.129 9.203 0.029 6.390 0.913   486
220 0.077 0.059 10.427 13.268 1.504 7.299 1.043   519
225 0.103 0.077 10.692 13.211 1.371 7.485 1.069   562
230 0.100 0.042 10.254 13.361 1.342 7.178 1.025   519
235 0.099 0.049 9.353 9.631 0.722 6.547 0.935   486
240 0.153 0.031 8.954 9.849 1.731 6.268 0.895   459
245 0.194 0.039 8.335 9.992 2.069 5.835 0.834   439
250 0.227 0.055 7.565 11.823 1.838 5.296 0.757   423
255 0.174 0.022 7.588 9.996 1.574 5.312 0.759   413
260 0.178 0.018 7.503 9.854 1.537 5.252 0.750   404
265 0.160 0.042 6.911 9.527 1.283 4.838 0.691   400
270 0.103 0.024 5.916 7.163 1.668 4.141 0.592   399
275 0.080 0.024 4.948 7.144 1.795 3.464 0.495   400
280 0.139 0.046 6.599 9.075 2.384 4.619 0.660   404
285 0.111 0.038 6.379 8.848 2.437 4.466 0.638   413
290 0.085 0.098 6.794 15.596 4.891 4.756 0.679   423
295 0.219 0.068 6.748 14.435 3.541 4.724 0.675   439
300 0.294 0.043 9.693 15.715 3.491 6.785 0.969   459
305 0.163 0.064 7.177 13.639 3.409 5.024 0.718   486
310 0.152 0.090 8.540 13.752 4.147 5.978 0.854   519
315 0.146 0.068 10.750 13.604 3.418 7.525 1.075   562
320 0.069 0.073 9.519 13.567 4.185 6.663 0.952   519
325 0.039 0.058 10.961 13.016 2.812 7.673 1.096   486
330 0.041 0.031 9.278 12.569 3.847 6.495 0.928   459
335 0.141 0.055 8.280 13.366 3.513 5.796 0.828   439
340 0.109 0.036 7.575 10.379 2.690 5.302 0.757   423
345 0.070 0.020 4.210 4.670 0.272 2.947 0.421   413
350 0.228 0.046 7.891 10.871 0.882 5.524 0.789   404
355 0.110 0.100 8.762 11.244 1.572 6.134 0.876   400
