 Wd pai   fai   zH  zHmax   zHstd zd z0  noOfPixels
  0 0.246 0.174 9.726 15.609 4.223 6.808 0.973   399
  5 0.422 0.179 12.370 19.020 4.049 8.659 1.237   400
 10 0.297 0.143 12.212 18.483 3.224 8.549 1.221   404
 15 0.383 0.144 12.216 17.279 2.675 8.551 1.222   413
 20 0.333 0.137 12.786 17.802 3.582 8.951 1.279   423
 25 0.367 0.201 12.742 17.756 3.220 8.919 1.274   439
 30 0.320 0.212 12.673 17.617 3.279 8.871 1.267   459
 35 0.261 0.166 12.240 16.428 3.307 8.568 1.224   486
 40 0.266 0.175 10.924 15.899 3.234 7.647 1.092   519
 45 0.242 0.141 10.861 16.192 3.208 7.602 1.086   562
 50 0.301 0.207 10.660 16.027 2.785 7.462 1.066   519
 55 0.352 0.148 9.047 14.488 3.639 6.333 0.905   486
 60 0.423 0.158 10.055 16.624 2.836 7.039 1.006   459
 65 0.269 0.132 10.254 14.449 3.006 7.178 1.025   439
 70 0.322 0.156 11.797 17.316 3.242 8.258 1.180   423
 75 0.322 0.101 11.935 17.519 2.971 8.354 1.193   413
 80 0.213 0.212 12.240 17.290 2.338 8.568 1.224   404
 85 0.217 0.119 12.990 17.504 1.564 9.093 1.299   400
 90 0.213 0.180 12.639 17.111 1.903 8.848 1.264   399
 95 0.287 0.248 12.905 20.611 3.363 9.033 1.290   400
100 0.359 0.303 12.637 21.111 4.031 8.846 1.264   404
105 0.387 0.165 13.282 22.279 4.814 9.297 1.328   413
110 0.310 0.215 12.613 17.593 2.064 8.829 1.261   423
115 0.276 0.181 13.057 17.229 2.064 9.140 1.306   439
120 0.364 0.122 12.881 16.981 1.745 9.016 1.288   459
125 0.230 0.142 11.994 17.323 3.217 8.396 1.199   486
130 0.216 0.145 10.971 17.411 3.908 7.679 1.097   519
135 0.230 0.135 10.502 17.553 3.373 7.351 1.050   562
140 0.407 0.146 11.159 17.378 2.938 7.811 1.116   519
145 0.290 0.126 11.675 17.230 2.875 8.173 1.168   486
150 0.209 0.157 10.859 17.505 3.954 7.601 1.086   459
155 0.301 0.129 11.125 18.067 4.182 7.787 1.112   439
160 0.236 0.147 8.734 18.062 4.719 6.114 0.873   423
165 0.271 0.132 9.557 17.799 4.333 6.690 0.956   413
170 0.354 0.155 9.714 17.260 3.950 6.800 0.971   404
175 0.320 0.158 9.235 17.418 4.126 6.465 0.924   400
180 0.246 0.181 9.726 15.609 4.223 6.808 0.973   399
185 0.435 0.148 12.203 18.930 4.201 8.542 1.220   400
190 0.304 0.146 12.433 18.805 3.341 8.703 1.243   404
195 0.383 0.144 12.216 17.279 2.675 8.551 1.222   413
200 0.333 0.139 12.786 17.802 3.582 8.951 1.279   423
205 0.369 0.175 12.707 17.788 3.248 8.895 1.271   439
210 0.320 0.207 12.670 17.617 3.271 8.869 1.267   459
215 0.270 0.145 12.313 16.403 3.162 8.619 1.231   486
220 0.258 0.168 11.030 15.901 3.156 7.721 1.103   519
225 0.253 0.137 10.767 16.031 3.240 7.537 1.077   562
230 0.303 0.178 10.725 16.049 2.745 7.508 1.073   519
235 0.358 0.193 9.145 14.842 3.590 6.402 0.915   486
240 0.423 0.167 10.071 16.602 2.859 7.050 1.007   459
245 0.289 0.150 10.037 14.612 3.093 7.026 1.004   439
250 0.322 0.164 11.797 17.316 3.242 8.258 1.180   423
255 0.322 0.117 11.935 17.519 2.971 8.354 1.193   413
260 0.191 0.117 12.486 17.336 2.350 8.740 1.249   404
265 0.217 0.116 12.761 17.460 1.684 8.933 1.276   400
270 0.213 0.164 12.639 17.111 1.903 8.848 1.264   399
275 0.280 0.262 12.555 20.665 3.390 8.789 1.256   400
280 0.327 0.328 12.501 22.220 4.377 8.751 1.250   404
285 0.387 0.197 13.282 22.279 4.814 9.297 1.328   413
290 0.310 0.219 12.613 17.593 2.064 8.829 1.261   423
295 0.287 0.185 13.039 17.969 2.125 9.127 1.304   439
300 0.364 0.149 12.874 16.944 1.742 9.012 1.287   459
305 0.239 0.140 11.675 17.369 3.491 8.173 1.168   486
310 0.222 0.122 11.025 17.407 3.797 7.717 1.102   519
315 0.276 0.324 10.520 17.569 3.326 7.364 1.052   562
320 0.418 0.154 10.973 17.459 3.061 7.681 1.097   519
325 0.284 0.121 11.599 17.193 2.965 8.119 1.160   486
330 0.211 0.135 10.772 17.498 4.024 7.540 1.077   459
335 0.303 0.146 10.983 17.830 4.191 7.688 1.098   439
340 0.236 0.145 8.734 18.062 4.719 6.114 0.873   423
345 0.271 0.129 9.557 17.799 4.333 6.690 0.956   413
350 0.354 0.151 9.647 17.239 3.960 6.753 0.965   404
355 0.323 0.162 9.283 17.362 4.132 6.498 0.928   400
