 Wd pai   fai   zH  zHmax   zHstd zd z0  noOfPixels
  0 0.068 0.049 7.051 9.376 1.556 4.936 0.705   399
  5 0.043 0.031 7.515 9.675 2.188 5.260 0.751   400
 10 0.136 0.132 20.144 34.561 13.175 14.100 2.014   404
 15 0.138 0.131 18.736 36.429 14.149 13.115 1.874   413
 20 0.090 0.060 5.611 9.554 1.825 3.927 0.561   423
 25 0.093 0.218 11.148 35.950 12.295 7.804 1.115   439
 30 0.139 0.138 16.274 36.173 13.874 11.392 1.627   459
 35 0.154 0.161 21.948 36.338 14.467 15.364 2.195   486
 40 0.191 0.132 13.486 36.548 12.791 9.441 1.349   519
 45 0.098 0.097 6.217 13.499 3.171 4.352 0.622   562
 50 0.119 0.096 7.876 16.412 4.892 5.513 0.788   519
 55 0.097 0.083 8.368 16.281 5.271 5.857 0.837   486
 60 0.200 0.279 15.734 33.522 11.403 11.014 1.573   459
 65 0.282 0.268 17.855 33.973 11.793 12.499 1.786   439
 70 0.102 0.145 9.116 16.286 5.279 6.381 0.912   423
 75 0.150 0.231 10.138 29.996 5.374 7.096 1.014   413
 80 0.240 0.199 13.526 33.023 10.946 9.468 1.353   404
 85 0.240 0.275 12.320 33.899 10.592 8.624 1.232   400
 90 0.218 0.126 7.286 15.828 3.744 5.100 0.729   399
 95 0.212 0.129 8.854 22.409 6.235 6.198 0.885   400
100 0.228 0.154 9.105 22.142 5.466 6.373 0.910   404
105 0.128 0.111 11.828 22.369 6.658 8.279 1.183   413
110 0.151 0.099 9.428 14.437 3.091 6.599 0.943   423
115 0.087 0.050 7.463 11.083 2.653 5.224 0.746   439
120 0.187 0.156 12.035 25.690 7.501 8.425 1.204   459
125 0.249 0.192 11.853 25.620 6.847 8.297 1.185   486
130 0.204 0.128 8.762 23.881 5.147 6.134 0.876   519
135 0.125 0.069 7.167 10.906 2.105 5.017 0.717   562
140 0.092 0.066 7.252 12.231 3.258 5.076 0.725   519
145 0.045 0.068 5.600 8.246 1.477 3.920 0.560   486
150 0.065 0.042 5.633 9.063 1.935 3.943 0.563   459
155 0.112 0.047 5.929 8.602 1.584 4.150 0.593   439
160 0.132 0.068 8.051 11.236 2.229 5.636 0.805   423
165 0.160 0.065 7.879 13.234 3.082 5.516 0.788   413
170 0.146 0.107 9.328 14.115 2.862 6.529 0.933   404
175 0.090 0.054 7.346 9.359 1.225 5.142 0.735   400
180 0.068 0.053 7.051 9.376 1.556 4.936 0.705   399
185 0.045 0.027 7.675 9.606 2.164 5.373 0.768   400
190 0.116 0.188 18.920 34.213 12.898 13.244 1.892   404
195 0.138 0.115 18.736 36.429 14.149 13.115 1.874   413
200 0.090 0.039 5.611 9.554 1.825 3.927 0.561   423
205 0.093 0.143 8.955 34.585 10.427 6.269 0.896   439
210 0.135 0.125 16.122 36.173 13.859 11.285 1.612   459
215 0.163 0.166 22.715 36.843 14.304 15.901 2.272   486
220 0.191 0.132 13.740 36.842 13.133 9.618 1.374   519
225 0.116 0.088 6.639 13.499 3.174 4.647 0.664   562
230 0.114 0.096 7.955 15.814 4.706 5.569 0.796   519
235 0.091 0.082 8.526 16.281 5.073 5.968 0.853   486
240 0.209 0.234 15.320 33.522 11.319 10.724 1.532   459
245 0.305 0.268 17.454 33.964 11.891 12.218 1.745   439
250 0.102 0.152 9.116 16.286 5.279 6.381 0.912   423
255 0.150 0.187 10.138 29.996 5.374 7.096 1.014   413
260 0.262 0.179 13.192 33.057 10.739 9.234 1.319   404
265 0.258 0.180 13.065 33.817 11.050 9.145 1.306   400
270 0.218 0.071 7.286 15.828 3.744 5.100 0.729   399
275 0.210 0.123 8.817 22.444 6.253 6.172 0.882   400
280 0.235 0.170 9.052 21.252 5.570 6.336 0.905   404
285 0.128 0.106 11.828 22.369 6.658 8.279 1.183   413
290 0.151 0.060 9.428 14.437 3.091 6.599 0.943   423
295 0.087 0.046 7.609 11.454 2.732 5.326 0.761   439
300 0.183 0.148 12.150 25.690 7.544 8.505 1.215   459
305 0.247 0.187 12.064 25.664 7.114 8.445 1.206   486
310 0.191 0.149 7.871 23.444 4.793 5.509 0.787   519
315 0.132 0.072 7.252 10.910 2.200 5.076 0.725   562
320 0.077 0.071 7.275 12.471 3.343 5.092 0.727   519
325 0.041 0.044 6.532 9.741 1.890 4.573 0.653   486
330 0.065 0.036 5.565 9.063 1.993 3.896 0.557   459
335 0.114 0.051 6.208 9.160 1.620 4.346 0.621   439
340 0.132 0.071 8.051 11.236 2.229 5.636 0.805   423
345 0.160 0.061 7.879 13.234 3.082 5.516 0.788   413
350 0.109 0.090 10.251 14.364 3.022 7.176 1.025   404
355 0.090 0.057 7.142 9.750 1.660 4.999 0.714   400
