 Wd pai   fai   zH  zHmax   zHstd zd z0  noOfPixels
  0 0.353 0.042 5.809 13.979 1.786 4.067 0.581   399
  5 0.305 0.043 6.873 15.172 2.468 4.811 0.687   400
 10 0.332 0.042 6.816 15.164 2.792 4.771 0.682   404
 15 0.310 0.054 7.101 15.126 2.624 4.971 0.710   413
 20 0.336 0.061 6.658 15.043 2.046 4.661 0.666   423
 25 0.408 0.045 6.213 8.612 0.904 4.349 0.621   439
 30 0.455 0.040 6.373 8.856 1.043 4.461 0.637   459
 35 0.331 0.088 6.569 8.852 1.125 4.598 0.657   486
 40 0.320 0.034 7.136 11.369 1.354 4.995 0.714   519
 45 0.279 0.059 6.898 11.182 1.487 4.828 0.690   562
 50 0.303 0.032 6.265 9.062 1.006 4.385 0.626   519
 55 0.337 0.028 7.350 9.160 1.343 5.145 0.735   486
 60 0.407 0.071 7.154 13.083 1.994 5.008 0.715   459
 65 0.462 0.077 7.610 15.418 3.074 5.327 0.761   439
 70 0.504 0.040 6.672 8.913 1.746 4.670 0.667   423
 75 0.533 0.052 6.511 8.892 1.644 4.558 0.651   413
 80 0.569 0.066 6.796 9.353 1.693 4.758 0.680   404
 85 0.573 0.080 6.348 9.999 1.630 4.444 0.635   400
 90 0.584 0.072 6.484 9.397 1.511 4.539 0.648   399
 95 0.575 0.064 6.365 8.479 1.556 4.455 0.636   400
100 0.500 0.075 6.138 8.609 1.529 4.297 0.614   404
105 0.462 0.049 6.227 8.570 1.355 4.359 0.623   413
110 0.414 0.061 6.425 8.538 1.270 4.498 0.643   423
115 0.319 0.035 6.364 8.527 1.310 4.455 0.636   439
120 0.279 0.035 6.117 8.475 1.328 4.282 0.612   459
125 0.222 0.024 6.169 7.272 0.462 4.318 0.617   486
130 0.212 0.028 5.339 6.194 0.734 3.737 0.534   519
135 0.190 0.020 5.241 5.820 0.368 3.668 0.524   562
140 0.208 0.022 5.356 6.361 0.497 3.749 0.536   519
145 0.237 0.020 4.991 5.898 0.783 3.493 0.499   486
150 0.275 0.020 4.811 5.964 0.694 3.368 0.481   459
155 0.271 0.035 4.617 6.934 0.711 3.232 0.462   439
160 0.258 0.028 5.136 7.532 1.048 3.595 0.514   423
165 0.257 0.031 5.052 7.261 0.940 3.536 0.505   413
170 0.250 0.017 5.216 7.386 1.024 3.651 0.522   404
175 0.282 0.017 5.558 7.575 1.184 3.891 0.556   400
180 0.353 0.039 5.809 13.979 1.786 4.067 0.581   399
185 0.302 0.031 6.799 15.210 2.368 4.760 0.680   400
190 0.332 0.031 6.744 15.107 2.723 4.721 0.674   404
195 0.310 0.051 7.101 15.126 2.624 4.971 0.710   413
200 0.336 0.065 6.658 15.043 2.046 4.661 0.666   423
205 0.412 0.054 6.207 9.063 0.994 4.345 0.621   439
210 0.455 0.059 6.380 8.856 1.048 4.466 0.638   459
215 0.368 0.128 6.552 8.760 1.098 4.587 0.655   486
220 0.322 0.034 7.062 11.314 1.203 4.943 0.706   519
225 0.278 0.043 6.638 10.923 1.414 4.647 0.664   562
230 0.308 0.030 6.251 8.649 0.920 4.375 0.625   519
235 0.342 0.044 7.311 9.281 1.409 5.118 0.731   486
240 0.403 0.048 7.136 13.013 1.918 4.995 0.714   459
245 0.467 0.067 7.417 15.373 2.848 5.192 0.742   439
250 0.504 0.024 6.672 8.913 1.746 4.670 0.667   423
255 0.533 0.040 6.511 8.892 1.644 4.558 0.651   413
260 0.567 0.076 6.779 9.352 1.675 4.745 0.678   404
265 0.590 0.062 6.391 10.644 1.629 4.474 0.639   400
270 0.584 0.052 6.484 9.397 1.511 4.539 0.648   399
275 0.573 0.055 6.433 8.573 1.493 4.503 0.643   400
280 0.498 0.060 6.143 8.642 1.549 4.300 0.614   404
285 0.462 0.046 6.227 8.570 1.355 4.359 0.623   413
290 0.414 0.064 6.425 8.538 1.270 4.498 0.643   423
295 0.321 0.046 6.413 8.547 1.261 4.489 0.641   439
300 0.281 0.036 6.130 8.475 1.325 4.291 0.613   459
305 0.220 0.026 6.017 6.987 0.374 4.212 0.602   486
310 0.216 0.025 5.400 6.326 0.728 3.780 0.540   519
315 0.190 0.017 5.180 5.765 0.478 3.626 0.518   562
320 0.214 0.020 5.228 6.361 0.585 3.660 0.523   519
325 0.243 0.022 5.002 5.959 0.787 3.501 0.500   486
330 0.270 0.024 4.795 5.985 0.689 3.356 0.479   459
335 0.282 0.044 4.690 7.010 0.804 3.283 0.469   439
340 0.258 0.033 5.136 7.532 1.048 3.595 0.514   423
345 0.257 0.032 5.052 7.261 0.940 3.536 0.505   413
350 0.257 0.025 5.283 7.462 1.052 3.698 0.528   404
355 0.287 0.026 5.645 7.615 1.206 3.951 0.564   400
