 Wd pai   fai   zH  zHmax   zHstd zd z0  noOfPixels
  0 0.178 0.150 6.702 15.079 2.759 4.692 0.670   399
  5 0.128 0.116 7.780 19.171 4.182 5.446 0.778   400
 10 0.079 0.079 7.314 17.380 3.194 5.120 0.731   404
 15 0.109 0.134 8.573 15.345 3.130 6.001 0.857   413
 20 0.142 0.112 7.387 18.062 4.513 5.171 0.739   423
 25 0.114 0.127 6.710 15.452 3.280 4.697 0.671   439
 30 0.094 0.124 7.197 14.073 2.949 5.038 0.720   459
 35 0.117 0.135 8.778 18.384 3.959 6.145 0.878   486
 40 0.098 0.123 8.695 16.237 3.490 6.087 0.870   519
 45 0.141 0.244 9.868 19.625 4.079 6.907 0.987   562
 50 0.214 0.247 8.411 18.575 4.259 5.887 0.841   519
 55 0.158 0.205 8.181 18.797 4.462 5.727 0.818   486
 60 0.144 0.161 7.645 17.770 4.044 5.351 0.764   459
 65 0.198 0.210 8.581 15.541 3.607 6.007 0.858   439
 70 0.248 0.270 8.557 17.121 3.503 5.990 0.856   423
 75 0.235 0.225 8.726 19.415 4.251 6.108 0.873   413
 80 0.200 0.209 8.213 17.881 3.821 5.749 0.821   404
 85 0.242 0.216 7.010 17.722 3.654 4.907 0.701   400
 90 0.218 0.277 10.335 22.067 4.810 7.235 1.034   399
 95 0.150 0.155 7.085 15.905 3.874 4.959 0.708   400
100 0.168 0.190 9.135 18.494 5.176 6.394 0.913   404
105 0.126 0.160 8.031 17.466 3.879 5.622 0.803   413
110 0.151 0.200 8.130 17.268 3.822 5.691 0.813   423
115 0.173 0.205 8.715 16.237 3.291 6.101 0.872   439
120 0.078 0.092 7.465 15.021 2.927 5.226 0.747   459
125 0.088 0.098 7.390 17.353 4.206 5.173 0.739   486
130 0.166 0.160 7.481 18.760 3.810 5.237 0.748   519
135 0.139 0.160 6.201 17.399 3.213 4.340 0.620   562
140 0.081 0.106 10.445 19.029 4.440 7.312 1.045   519
145 0.189 0.217 7.840 18.222 4.878 5.488 0.784   486
150 0.227 0.261 8.703 17.831 4.156 6.092 0.870   459
155 0.214 0.240 7.886 17.383 3.775 5.520 0.789   439
160 0.175 0.137 7.052 14.428 3.210 4.937 0.705   423
165 0.136 0.151 7.790 16.667 3.187 5.453 0.779   413
170 0.067 0.072 9.045 18.260 4.933 6.332 0.905   404
175 0.098 0.124 8.288 17.527 3.049 5.802 0.829   400
180 0.178 0.177 6.702 15.079 2.759 4.692 0.670   399
185 0.133 0.136 7.683 19.010 4.023 5.378 0.768   400
190 0.077 0.092 7.987 19.059 3.573 5.591 0.799   404
195 0.109 0.121 8.573 15.345 3.130 6.001 0.857   413
200 0.142 0.137 7.387 18.062 4.513 5.171 0.739   423
205 0.123 0.145 7.027 16.712 3.780 4.919 0.703   439
210 0.096 0.147 7.106 15.022 2.972 4.974 0.711   459
215 0.128 0.170 8.722 18.213 3.692 6.105 0.872   486
220 0.085 0.146 7.802 16.446 3.193 5.462 0.780   519
225 0.117 0.206 9.688 19.625 4.298 6.782 0.969   562
230 0.197 0.296 9.158 20.075 4.729 6.410 0.916   519
235 0.138 0.239 8.705 20.314 4.781 6.094 0.871   486
240 0.135 0.146 7.666 17.770 4.111 5.366 0.767   459
245 0.198 0.215 8.655 15.637 4.063 6.059 0.866   439
250 0.248 0.232 8.557 17.121 3.503 5.990 0.856   423
255 0.235 0.216 8.726 19.415 4.251 6.108 0.873   413
260 0.196 0.208 8.887 18.853 4.341 6.221 0.889   404
265 0.253 0.218 6.975 15.507 3.003 4.882 0.697   400
270 0.218 0.266 10.335 22.067 4.810 7.235 1.034   399
275 0.158 0.170 7.673 16.284 3.875 5.371 0.767   400
280 0.188 0.208 8.437 17.101 4.533 5.906 0.844   404
285 0.126 0.155 8.031 17.466 3.879 5.622 0.803   413
290 0.151 0.196 8.130 17.268 3.822 5.691 0.813   423
295 0.194 0.202 8.481 15.117 3.127 5.937 0.848   439
300 0.083 0.099 7.581 15.021 3.029 5.307 0.758   459
305 0.099 0.120 7.330 18.746 4.701 5.131 0.733   486
310 0.168 0.166 7.018 18.760 3.667 4.913 0.702   519
315 0.114 0.195 6.650 16.724 3.528 4.655 0.665   562
320 0.092 0.113 10.136 18.215 4.547 7.095 1.014   519
325 0.198 0.239 7.332 18.316 4.965 5.132 0.733   486
330 0.220 0.274 8.869 17.831 4.122 6.208 0.887   459
335 0.207 0.180 7.634 16.999 3.786 5.344 0.763   439
340 0.175 0.140 7.052 14.428 3.210 4.937 0.705   423
345 0.136 0.141 7.790 16.667 3.187 5.453 0.779   413
350 0.079 0.088 8.000 18.487 4.524 5.600 0.800   404
355 0.087 0.066 7.904 12.072 2.925 5.533 0.790   400
