 Wd pai   fai   zH  zHmax   zHstd zd z0  noOfPixels
  0 0.083 0.064 5.650 9.134 1.969 3.955 0.565   399
  5 0.098 0.056 5.774 8.645 1.623 4.042 0.577   400
 10 0.054 0.062 5.824 9.314 1.708 4.077 0.582   404
 15 0.058 0.039 5.168 9.517 1.539 3.618 0.517   413
 20 0.026 0.046 4.843 6.854 1.547 3.390 0.484   423
 25 0.009 0.007 3.680 4.217 0.465 2.576 0.368   439
 30 0.041 0.039 7.182 9.313 1.566 5.027 0.718   459
 35 0.010 0.014 4.774 6.670 1.289 3.341 0.477   486
 40 0.119 0.139 7.932 16.180 3.912 5.552 0.793   519
 45 0.093 0.095 8.078 14.406 3.212 5.654 0.808   562
 50 0.125 0.107 6.877 11.462 1.994 4.814 0.688   519
 55 0.000 0.000 0.000 0.000 0.000 0.000 0.000   486
 60 0.000 0.000 0.000 0.000 0.000 0.000 0.000   459
 65 0.000 0.000 0.000 0.000 0.000 0.000 0.000   439
 70 0.005 0.012 2.550 2.836 0.285 1.785 0.255   423
 75 0.007 0.010 4.437 4.661 0.246 3.106 0.444   413
 80 0.000 0.000 0.000 0.000 0.000 0.000 0.000   404
 85 0.000 0.000 0.000 0.000 0.000 0.000 0.000   400
 90 0.048 0.008 4.078 6.924 1.607 2.854 0.408   399
 95 0.022 0.026 3.592 5.700 1.300 2.515 0.359   400
100 0.015 0.032 6.507 10.537 3.050 4.555 0.651   404
105 0.019 0.027 10.458 11.679 1.706 7.321 1.046   413
110 0.052 0.046 9.068 13.091 3.035 6.347 0.907   423
115 0.011 0.013 2.609 3.498 0.580 1.826 0.261   439
120 0.070 0.082 5.915 9.101 1.953 4.141 0.592   459
125 0.045 0.050 4.935 7.722 1.911 3.454 0.493   486
130 0.081 0.094 6.827 12.108 3.153 4.779 0.683   519
135 0.059 0.085 11.258 18.961 5.443 7.881 1.126   562
140 0.012 0.039 7.045 10.592 2.235 4.931 0.704   519
145 0.023 0.004 8.719 14.918 4.942 6.103 0.872   486
150 0.000 0.000 0.000 0.000 0.000 0.000 0.000   459
155 0.036 0.034 6.623 8.482 1.647 4.636 0.662   439
160 0.026 0.000 5.978 17.661 4.275 4.185 0.598   423
165 0.005 0.000 2.891 3.185 0.294 2.023 0.289   413
170 0.020 0.018 3.253 4.232 0.707 2.277 0.325   404
175 0.030 0.030 6.019 8.063 1.368 4.213 0.602   400
180 0.083 0.053 5.650 9.134 1.969 3.955 0.565   399
185 0.100 0.063 5.751 9.222 1.483 4.026 0.575   400
190 0.050 0.075 6.269 8.500 1.678 4.388 0.627   404
195 0.058 0.045 5.168 9.517 1.539 3.618 0.517   413
200 0.026 0.047 4.843 6.854 1.547 3.390 0.484   423
205 0.011 0.036 3.947 5.970 1.072 2.763 0.395   439
210 0.041 0.044 7.182 9.313 1.566 5.027 0.718   459
215 0.014 0.023 5.528 6.473 0.630 3.870 0.553   486
220 0.131 0.100 7.929 17.083 3.739 5.550 0.793   519
225 0.091 0.091 8.483 14.406 3.246 5.938 0.848   562
230 0.119 0.129 7.106 10.713 2.031 4.974 0.711   519
235 0.000 0.000 0.000 0.000 0.000 0.000 0.000   486
240 0.000 0.000 0.000 0.000 0.000 0.000 0.000   459
245 0.000 0.000 0.000 0.000 0.000 0.000 0.000   439
250 0.005 0.012 2.550 2.836 0.285 1.785 0.255   423
255 0.007 0.011 4.437 4.661 0.246 3.106 0.444   413
260 0.007 0.008 3.455 3.886 0.309 2.418 0.345   404
265 0.000 0.000 0.000 0.000 0.000 0.000 0.000   400
270 0.048 0.019 4.078 6.924 1.607 2.854 0.408   399
275 0.015 0.023 5.046 6.373 1.219 3.532 0.505   400
280 0.022 0.036 5.839 10.537 3.199 4.087 0.584   404
285 0.019 0.026 10.458 11.679 1.706 7.321 1.046   413
290 0.052 0.035 9.068 13.091 3.035 6.347 0.907   423
295 0.009 0.016 2.846 5.047 1.273 1.992 0.285   439
300 0.070 0.072 5.896 9.101 1.974 4.127 0.590   459
305 0.047 0.065 4.698 7.982 1.816 3.289 0.470   486
310 0.083 0.110 6.949 12.115 3.355 4.864 0.695   519
315 0.068 0.123 9.400 17.428 4.916 6.580 0.940   562
320 0.006 0.015 3.398 5.822 1.716 2.379 0.340   519
325 0.021 0.031 9.964 14.918 4.715 6.974 0.996   486
330 0.000 0.000 0.000 0.000 0.000 0.000 0.000   459
335 0.034 0.054 6.136 8.815 1.484 4.296 0.614   439
340 0.026 0.043 5.978 17.661 4.275 4.185 0.598   423
345 0.005 0.008 2.891 3.185 0.294 2.023 0.289   413
350 0.007 0.014 2.720 3.405 0.485 1.904 0.272   404
355 0.018 0.013 5.014 6.960 1.005 3.510 0.501   400
