 Wd pai   fai   zH  zHmax   zHstd zd z0  noOfPixels
  0 0.133 0.125 10.304 17.854 5.128 7.213 1.030   399
  5 0.233 0.229 9.517 20.867 4.905 6.662 0.952   400
 10 0.168 0.248 6.542 16.448 3.896 4.580 0.654   404
 15 0.177 0.245 7.017 20.296 3.947 4.912 0.702   413
 20 0.217 0.172 5.171 11.591 2.606 3.620 0.517   423
 25 0.091 0.114 4.323 10.921 2.495 3.026 0.432   439
 30 0.124 0.165 5.142 13.665 3.059 3.599 0.514   459
 35 0.113 0.142 4.551 13.473 3.113 3.185 0.455   486
 40 0.127 0.143 4.495 11.739 2.455 3.146 0.449   519
 45 0.155 0.232 8.220 24.023 6.516 5.754 0.822   562
 50 0.208 0.185 6.471 12.657 3.114 4.530 0.647   519
 55 0.126 0.139 5.156 11.866 2.774 3.609 0.516   486
 60 0.159 0.180 5.567 11.867 2.829 3.897 0.557   459
 65 0.175 0.161 5.624 11.644 2.594 3.936 0.562   439
 70 0.175 0.117 6.439 11.928 2.721 4.508 0.644   423
 75 0.116 0.097 5.928 11.777 2.779 4.149 0.593   413
 80 0.213 0.190 4.795 9.489 2.035 3.357 0.480   404
 85 0.210 0.190 6.326 15.829 3.892 4.428 0.633   400
 90 0.138 0.109 4.633 10.513 2.524 3.243 0.463   399
 95 0.102 0.075 3.632 9.594 2.211 2.542 0.363   400
100 0.059 0.098 4.122 8.370 1.804 2.885 0.412   404
105 0.056 0.046 2.897 4.429 0.624 2.028 0.290   413
110 0.106 0.150 5.300 12.486 2.396 3.710 0.530   423
115 0.109 0.100 5.860 15.893 3.832 4.102 0.586   439
120 0.135 0.144 5.970 15.838 4.041 4.179 0.597   459
125 0.140 0.164 6.376 16.502 4.175 4.463 0.638   486
130 0.123 0.120 4.632 8.611 2.028 3.242 0.463   519
135 0.073 0.094 4.305 9.189 2.167 3.014 0.431   562
140 0.116 0.146 5.908 15.361 3.694 4.136 0.591   519
145 0.138 0.170 6.232 15.563 3.860 4.362 0.623   486
150 0.129 0.150 6.035 16.224 4.065 4.224 0.603   459
155 0.155 0.192 8.337 15.931 4.417 5.836 0.834   439
160 0.201 0.193 5.288 16.386 3.798 3.702 0.529   423
165 0.186 0.194 5.536 15.815 3.846 3.875 0.554   413
170 0.161 0.191 8.348 19.576 5.428 5.844 0.835   404
175 0.158 0.218 6.353 13.493 3.436 4.447 0.635   400
180 0.133 0.133 10.304 17.854 5.128 7.213 1.030   399
185 0.235 0.218 9.436 20.708 5.241 6.605 0.944   400
190 0.134 0.177 6.174 14.793 3.089 4.322 0.617   404
195 0.177 0.256 7.017 20.296 3.947 4.912 0.702   413
200 0.217 0.158 5.171 11.591 2.606 3.620 0.517   423
205 0.077 0.164 5.941 13.306 3.514 4.159 0.594   439
210 0.131 0.166 5.105 13.665 2.987 3.573 0.510   459
215 0.101 0.101 4.253 11.346 2.767 2.977 0.425   486
220 0.131 0.132 4.314 12.053 2.320 3.020 0.431   519
225 0.176 0.221 7.815 22.461 6.287 5.470 0.781   562
230 0.233 0.216 5.980 13.139 3.311 4.186 0.598   519
235 0.123 0.141 4.924 12.846 2.644 3.447 0.492   486
240 0.157 0.155 5.680 11.867 2.779 3.976 0.568   459
245 0.180 0.147 5.544 11.097 2.493 3.881 0.554   439
250 0.175 0.125 6.439 11.928 2.721 4.508 0.644   423
255 0.116 0.088 5.928 11.777 2.779 4.149 0.593   413
260 0.198 0.144 4.020 9.337 1.658 2.814 0.402   404
265 0.247 0.202 6.354 16.473 4.350 4.448 0.635   400
270 0.138 0.114 4.633 10.513 2.524 3.243 0.463   399
275 0.077 0.079 3.730 9.213 2.249 2.611 0.373   400
280 0.084 0.114 4.309 9.468 2.083 3.017 0.431   404
285 0.056 0.044 2.897 4.429 0.624 2.028 0.290   413
290 0.106 0.151 5.300 12.486 2.396 3.710 0.530   423
295 0.128 0.114 4.967 13.184 2.620 3.477 0.497   439
300 0.139 0.136 5.819 15.232 3.915 4.074 0.582   459
305 0.136 0.150 6.453 16.474 3.747 4.517 0.645   486
310 0.114 0.104 5.004 11.480 2.321 3.503 0.500   519
315 0.078 0.071 4.237 8.450 1.819 2.966 0.424   562
320 0.110 0.162 5.269 14.342 3.213 3.688 0.527   519
325 0.121 0.164 5.818 14.559 3.708 4.073 0.582   486
330 0.120 0.135 6.290 16.224 4.131 4.403 0.629   459
335 0.146 0.183 8.441 15.981 4.304 5.909 0.844   439
340 0.201 0.199 5.288 16.386 3.798 3.702 0.529   423
345 0.186 0.176 5.536 15.815 3.846 3.875 0.554   413
350 0.161 0.180 8.875 20.245 5.455 6.213 0.888   404
355 0.133 0.126 5.593 14.413 3.662 3.915 0.559   400
