 Wd pai   fai   zH  zHmax   zHstd zd z0  noOfPixels
  0 0.494 0.457 12.024 25.536 5.504 8.417 1.202   399
  5 0.515 0.388 14.592 28.445 6.323 10.214 1.459   400
 10 0.453 0.370 13.557 28.825 5.836 9.490 1.356   404
 15 0.312 0.260 11.905 21.729 5.203 8.334 1.191   413
 20 0.352 0.235 10.988 19.795 4.632 7.692 1.099   423
 25 0.148 0.262 9.524 15.399 3.601 6.667 0.952   439
 30 0.087 0.128 7.115 14.983 3.745 4.981 0.712   459
 35 0.235 0.224 5.956 13.541 2.362 4.169 0.596   486
 40 0.139 0.138 6.414 12.149 3.120 4.490 0.641   519
 45 0.142 0.180 6.504 15.044 3.457 4.553 0.650   562
 50 0.243 0.258 6.657 16.624 2.988 4.660 0.666   519
 55 0.088 0.141 5.206 10.375 2.524 3.644 0.521   486
 60 0.085 0.105 3.715 9.425 1.652 2.600 0.371   459
 65 0.144 0.123 5.981 11.459 3.264 4.186 0.598   439
 70 0.208 0.215 7.106 16.440 4.608 4.974 0.711   423
 75 0.240 0.235 4.485 10.446 1.945 3.139 0.448   413
 80 0.327 0.296 6.958 14.814 3.292 4.870 0.696   404
 85 0.365 0.334 7.023 15.819 4.077 4.916 0.702   400
 90 0.419 0.327 10.939 19.872 4.675 7.657 1.094   399
 95 0.403 0.330 10.250 18.278 3.315 7.175 1.025   400
100 0.431 0.303 9.992 16.953 3.700 6.994 0.999   404
105 0.317 0.296 10.056 15.699 3.418 7.039 1.006   413
110 0.411 0.286 11.690 21.228 4.748 8.183 1.169   423
115 0.396 0.348 11.113 21.036 4.327 7.779 1.111   439
120 0.431 0.324 10.061 20.310 5.238 7.043 1.006   459
125 0.407 0.382 9.932 19.571 4.370 6.952 0.993   486
130 0.476 0.406 10.243 19.666 5.015 7.170 1.024   519
135 0.407 0.357 11.725 21.292 4.814 8.208 1.173   562
140 0.416 0.416 11.587 23.640 4.842 8.111 1.159   519
145 0.409 0.417 11.269 22.231 4.874 7.889 1.127   486
150 0.410 0.493 12.326 27.261 6.511 8.628 1.233   459
155 0.524 0.481 13.691 31.654 6.795 9.584 1.369   439
160 0.530 0.419 13.705 29.589 6.859 9.594 1.371   423
165 0.470 0.566 12.474 26.199 5.857 8.732 1.247   413
170 0.478 0.531 11.845 28.008 6.777 8.291 1.184   404
175 0.455 0.457 11.156 22.747 5.902 7.809 1.116   400
180 0.494 0.417 12.024 25.536 5.504 8.417 1.202   399
185 0.510 0.469 14.821 28.783 6.242 10.375 1.482   400
190 0.428 0.406 14.464 28.836 6.322 10.125 1.446   404
195 0.312 0.275 11.905 21.729 5.203 8.334 1.191   413
200 0.352 0.276 10.988 19.795 4.632 7.692 1.099   423
205 0.180 0.349 9.898 16.152 3.796 6.928 0.990   439
210 0.087 0.178 6.851 14.983 3.519 4.796 0.685   459
215 0.198 0.217 5.426 10.892 1.962 3.798 0.543   486
220 0.160 0.142 6.070 11.923 3.160 4.249 0.607   519
225 0.139 0.176 7.027 15.408 3.725 4.919 0.703   562
230 0.208 0.268 6.733 16.624 3.325 4.713 0.673   519
235 0.086 0.114 4.933 12.540 2.567 3.453 0.493   486
240 0.083 0.128 3.845 9.425 1.799 2.691 0.384   459
245 0.128 0.123 6.073 11.200 3.143 4.251 0.607   439
250 0.208 0.216 7.106 16.440 4.608 4.974 0.711   423
255 0.240 0.237 4.485 10.446 1.945 3.139 0.448   413
260 0.349 0.261 7.294 14.436 3.359 5.106 0.729   404
265 0.362 0.307 7.705 16.462 4.177 5.393 0.770   400
270 0.419 0.323 10.939 19.872 4.675 7.657 1.094   399
275 0.403 0.291 10.725 18.808 3.364 7.508 1.073   400
280 0.421 0.281 9.890 16.487 3.893 6.923 0.989   404
285 0.317 0.288 10.056 15.699 3.418 7.039 1.006   413
290 0.411 0.270 11.690 21.228 4.748 8.183 1.169   423
295 0.387 0.382 10.844 20.378 4.559 7.591 1.084   439
300 0.427 0.317 10.140 20.310 5.217 7.098 1.014   459
305 0.420 0.508 9.967 19.975 4.439 6.977 0.997   486
310 0.461 0.414 10.378 21.292 4.972 7.264 1.038   519
315 0.423 0.355 11.512 19.936 4.858 8.058 1.151   562
320 0.434 0.405 11.561 23.799 4.772 8.093 1.156   519
325 0.438 0.542 11.118 22.452 5.216 7.783 1.112   486
330 0.412 0.505 12.270 27.261 6.510 8.589 1.227   459
335 0.515 0.480 13.797 30.122 6.849 9.658 1.380   439
340 0.530 0.434 13.705 29.589 6.859 9.594 1.371   423
345 0.470 0.557 12.474 26.199 5.857 8.732 1.247   413
350 0.483 0.515 12.040 28.354 6.544 8.428 1.204   404
355 0.475 0.432 10.993 23.121 5.461 7.695 1.099   400
