 Wd pai   fai   zH  zHmax   zHstd zd z0  noOfPixels
  0 0.048 0.051 5.573 8.650 1.757 3.901 0.557   399
  5 0.030 0.040 4.812 8.943 1.879 3.369 0.481   400
 10 0.025 0.036 7.219 10.129 2.147 5.053 0.722   404
 15 0.022 0.044 7.183 11.197 2.552 5.028 0.718   413
 20 0.045 0.064 7.736 10.850 1.693 5.415 0.774   423
 25 0.016 0.018 8.350 10.454 1.254 5.845 0.835   439
 30 0.031 0.029 5.104 9.681 2.824 3.573 0.510   459
 35 0.086 0.089 6.830 11.582 2.961 4.781 0.683   486
 40 0.064 0.043 4.306 8.970 2.043 3.014 0.431   519
 45 0.089 0.058 4.875 9.338 2.143 3.413 0.488   562
 50 0.037 0.038 4.834 9.228 2.407 3.384 0.483   519
 55 0.039 0.040 4.199 8.352 2.251 2.939 0.420   486
 60 0.037 0.044 4.384 7.622 1.673 3.069 0.438   459
 65 0.041 0.023 4.318 7.830 1.980 3.023 0.432   439
 70 0.033 0.040 4.792 6.432 1.083 3.355 0.479   423
 75 0.034 0.034 4.174 5.831 1.073 2.922 0.417   413
 80 0.025 0.021 3.948 6.094 1.172 2.764 0.395   404
 85 0.037 0.053 6.460 10.645 2.751 4.522 0.646   400
 90 0.065 0.058 6.926 13.628 3.176 4.848 0.693   399
 95 0.062 0.066 7.522 12.840 3.154 5.265 0.752   400
100 0.054 0.034 4.791 7.003 1.527 3.354 0.479   404
105 0.111 0.090 6.875 13.263 3.329 4.813 0.688   413
110 0.024 0.018 3.407 5.113 0.961 2.385 0.341   423
115 0.043 0.027 5.607 8.064 1.923 3.925 0.561   439
120 0.081 0.119 16.564 21.917 3.828 11.595 1.656   459
125 0.064 0.054 8.779 11.885 1.792 6.145 0.878   486
130 0.100 0.097 10.862 16.759 3.579 7.604 1.086   519
135 0.091 0.062 5.154 8.445 2.039 3.608 0.515   562
140 0.123 0.071 6.283 10.461 1.806 4.398 0.628   519
145 0.111 0.099 6.685 11.855 2.285 4.679 0.668   486
150 0.065 0.109 8.579 17.399 3.746 6.006 0.858   459
155 0.155 0.120 6.646 10.647 2.127 4.652 0.665   439
160 0.061 0.044 7.448 12.233 2.704 5.214 0.745   423
165 0.053 0.083 5.594 9.938 1.500 3.916 0.559   413
170 0.052 0.025 6.134 9.128 1.866 4.294 0.613   404
175 0.037 0.032 6.625 9.220 2.252 4.638 0.663   400
180 0.048 0.046 5.573 8.650 1.757 3.901 0.557   399
185 0.037 0.054 5.450 9.864 1.884 3.815 0.545   400
190 0.030 0.037 7.433 10.207 1.874 5.203 0.743   404
195 0.022 0.037 7.183 11.197 2.552 5.028 0.718   413
200 0.045 0.057 7.736 10.850 1.693 5.415 0.774   423
205 0.016 0.018 7.769 8.909 0.819 5.438 0.777   439
210 0.031 0.035 5.104 9.681 2.824 3.573 0.510   459
215 0.095 0.078 6.197 10.746 3.052 4.338 0.620   486
220 0.052 0.043 4.266 9.238 2.106 2.986 0.427   519
225 0.100 0.060 4.921 9.342 2.176 3.445 0.492   562
230 0.035 0.034 4.671 7.803 2.039 3.270 0.467   519
235 0.031 0.023 3.899 7.853 1.853 2.729 0.390   486
240 0.037 0.045 4.347 7.622 1.658 3.043 0.435   459
245 0.034 0.030 4.435 7.997 2.376 3.104 0.443   439
250 0.033 0.029 4.792 6.432 1.083 3.355 0.479   423
255 0.034 0.030 4.174 5.831 1.073 2.922 0.417   413
260 0.025 0.020 4.773 7.505 1.581 3.341 0.477   404
265 0.040 0.034 5.915 9.532 2.287 4.141 0.592   400
270 0.065 0.073 6.926 13.628 3.176 4.848 0.693   399
275 0.085 0.057 7.015 13.321 4.032 4.910 0.701   400
280 0.054 0.024 5.232 8.298 1.875 3.662 0.523   404
285 0.111 0.076 6.875 13.263 3.329 4.813 0.688   413
290 0.024 0.017 3.407 5.113 0.961 2.385 0.341   423
295 0.032 0.023 7.014 8.470 1.164 4.910 0.701   439
300 0.081 0.119 16.564 21.917 3.828 11.595 1.656   459
305 0.058 0.060 9.087 12.865 2.310 6.361 0.909   486
310 0.104 0.095 10.363 17.160 3.918 7.254 1.036   519
315 0.105 0.123 5.355 10.440 2.476 3.749 0.536   562
320 0.119 0.083 5.933 9.816 1.683 4.153 0.593   519
325 0.132 0.123 7.387 14.246 2.411 5.171 0.739   486
330 0.068 0.095 8.092 16.821 3.494 5.665 0.809   459
335 0.150 0.104 6.837 10.841 2.065 4.786 0.684   439
340 0.061 0.040 7.448 12.233 2.704 5.214 0.745   423
345 0.053 0.080 5.594 9.938 1.500 3.916 0.559   413
350 0.057 0.043 5.761 8.061 1.585 4.033 0.576   404
355 0.035 0.020 7.052 9.601 1.776 4.936 0.705   400
