 Wd pai   fai   zH  zHmax   zHstd zd z0  noOfPixels
  0 0.251 0.207 5.396 11.376 2.589 3.777 0.540   399
  5 0.307 0.323 6.214 15.885 3.764 4.350 0.621   400
 10 0.359 0.324 7.757 18.469 4.979 5.430 0.776   404
 15 0.341 0.385 5.556 13.550 2.857 3.889 0.556   413
 20 0.345 0.390 7.040 17.074 3.981 4.928 0.704   423
 25 0.333 0.371 6.542 16.215 3.879 4.579 0.654   439
 30 0.370 0.331 6.972 15.634 3.732 4.880 0.697   459
 35 0.418 0.364 6.339 13.319 2.978 4.438 0.634   486
 40 0.355 0.362 6.952 16.335 3.337 4.867 0.695   519
 45 0.246 0.211 6.868 14.683 3.130 4.808 0.687   562
 50 0.299 0.294 8.288 18.346 4.005 5.802 0.829   519
 55 0.325 0.308 8.161 17.687 4.359 5.713 0.816   486
 60 0.327 0.322 9.356 19.067 4.503 6.550 0.936   459
 65 0.298 0.273 10.152 22.157 5.099 7.106 1.015   439
 70 0.340 0.296 10.897 22.897 5.745 7.628 1.090   423
 75 0.400 0.309 9.790 23.396 5.414 6.853 0.979   413
 80 0.302 0.276 10.103 22.477 5.985 7.072 1.010   404
 85 0.290 0.281 9.492 20.079 5.896 6.644 0.949   400
 90 0.261 0.247 9.475 20.429 6.701 6.632 0.947   399
 95 0.225 0.244 9.331 19.802 6.049 6.531 0.933   400
100 0.233 0.304 7.045 18.902 5.482 4.932 0.705   404
105 0.160 0.159 8.259 17.049 5.200 5.781 0.826   413
110 0.135 0.175 7.311 16.935 4.604 5.118 0.731   423
115 0.112 0.209 6.712 15.406 3.913 4.698 0.671   439
120 0.122 0.123 3.490 8.228 1.163 2.443 0.349   459
125 0.134 0.146 4.553 9.838 2.278 3.187 0.455   486
130 0.218 0.252 5.689 18.946 4.236 3.982 0.569   519
135 0.258 0.379 6.625 16.208 3.435 4.637 0.662   562
140 0.181 0.232 5.456 15.898 3.673 3.819 0.546   519
145 0.241 0.255 6.617 15.218 3.640 4.632 0.662   486
150 0.203 0.202 6.188 14.486 3.762 4.332 0.619   459
155 0.194 0.215 6.204 18.142 4.820 4.343 0.620   439
160 0.246 0.237 8.486 21.584 5.800 5.940 0.849   423
165 0.247 0.221 6.860 17.197 3.588 4.802 0.686   413
170 0.248 0.218 6.031 15.025 3.752 4.222 0.603   404
175 0.247 0.232 6.446 16.023 4.164 4.512 0.645   400
180 0.251 0.186 5.396 11.376 2.589 3.777 0.540   399
185 0.320 0.304 6.273 16.101 3.723 4.391 0.627   400
190 0.351 0.304 7.840 18.122 4.964 5.488 0.784   404
195 0.341 0.333 5.556 13.550 2.857 3.889 0.556   413
200 0.345 0.353 7.040 17.074 3.981 4.928 0.704   423
205 0.319 0.337 6.835 16.508 3.963 4.785 0.684   439
210 0.375 0.321 6.857 15.634 3.755 4.800 0.686   459
215 0.416 0.307 6.417 13.233 3.137 4.492 0.642   486
220 0.364 0.364 6.866 15.870 3.653 4.806 0.687   519
225 0.247 0.178 7.058 14.456 3.139 4.941 0.706   562
230 0.308 0.316 8.221 20.236 4.179 5.755 0.822   519
235 0.323 0.295 8.797 18.254 4.299 6.158 0.880   486
240 0.331 0.286 9.005 19.067 4.550 6.304 0.901   459
245 0.292 0.252 10.473 22.296 5.256 7.331 1.047   439
250 0.340 0.272 10.897 22.897 5.745 7.628 1.090   423
255 0.400 0.310 9.790 23.396 5.414 6.853 0.979   413
260 0.332 0.254 9.795 22.317 5.847 6.857 0.980   404
265 0.297 0.201 9.656 20.287 5.705 6.759 0.966   400
270 0.261 0.228 9.475 20.429 6.701 6.632 0.947   399
275 0.247 0.216 8.247 20.053 6.079 5.773 0.825   400
280 0.243 0.316 6.906 19.427 5.155 4.834 0.691   404
285 0.160 0.150 8.259 17.049 5.200 5.781 0.826   413
290 0.135 0.147 7.311 16.935 4.604 5.118 0.731   423
295 0.096 0.119 6.361 15.106 3.782 4.452 0.636   439
300 0.113 0.132 3.506 8.228 1.193 2.454 0.351   459
305 0.140 0.132 4.342 10.245 2.237 3.039 0.434   486
310 0.202 0.315 5.662 18.921 4.451 3.963 0.566   519
315 0.263 0.342 6.702 15.807 3.541 4.692 0.670   562
320 0.173 0.213 5.130 15.260 3.253 3.591 0.513   519
325 0.278 0.352 6.590 15.856 3.838 4.613 0.659   486
330 0.207 0.192 6.056 14.858 3.805 4.239 0.606   459
335 0.171 0.210 6.218 18.878 4.543 4.352 0.622   439
340 0.246 0.282 8.486 21.584 5.800 5.940 0.849   423
345 0.247 0.254 6.860 17.197 3.588 4.802 0.686   413
350 0.235 0.218 6.481 14.426 3.689 4.537 0.648   404
355 0.237 0.245 6.963 16.209 4.320 4.874 0.696   400
