 Wd pai   fai   zH  zHmax   zHstd zd z0  noOfPixels
  0 0.100 0.145 7.736 15.179 4.277 5.415 0.774   399
  5 0.110 0.090 4.154 11.050 1.818 2.908 0.415   400
 10 0.191 0.147 5.177 17.289 4.216 3.624 0.518   404
 15 0.136 0.107 5.099 8.524 1.614 3.569 0.510   413
 20 0.090 0.065 8.782 20.763 7.369 6.147 0.878   423
 25 0.000 0.000 0.000 0.000 0.000 0.000 0.000   439
 30 0.011 0.010 4.608 6.673 1.089 3.226 0.461   459
 35 0.021 0.016 11.942 15.227 2.562 8.359 1.194   486
 40 0.118 0.110 6.508 9.808 1.722 4.555 0.651   519
 45 0.270 0.241 13.703 21.771 4.595 9.592 1.370   562
 50 0.013 0.013 7.804 8.886 1.478 5.463 0.780   519
 55 0.140 0.080 8.288 15.251 3.224 5.801 0.829   486
 60 0.096 0.142 8.210 13.653 3.580 5.747 0.821   459
 65 0.027 0.067 6.937 18.975 3.906 4.856 0.694   439
 70 0.035 0.074 4.617 14.856 3.176 3.232 0.462   423
 75 0.046 0.100 5.607 14.848 2.891 3.925 0.561   413
 80 0.035 0.056 7.909 11.992 2.324 5.536 0.791   404
 85 0.022 0.071 10.051 17.490 3.850 7.036 1.005   400
 90 0.038 0.080 7.419 14.106 4.539 5.194 0.742   399
 95 0.033 0.058 8.286 11.164 2.087 5.800 0.829   400
100 0.040 0.059 5.930 8.617 1.816 4.151 0.593   404
105 0.063 0.042 7.841 10.985 2.546 5.489 0.784   413
110 0.054 0.061 8.450 10.768 2.254 5.915 0.845   423
115 0.050 0.045 6.788 10.300 2.820 4.751 0.679   439
120 0.046 0.070 4.782 8.455 1.684 3.348 0.478   459
125 0.027 0.024 3.599 6.114 1.347 2.519 0.360   486
130 0.054 0.136 10.847 20.266 7.424 7.593 1.085   519
135 0.030 0.065 5.214 12.982 3.379 3.650 0.521   562
140 0.029 0.047 6.434 10.830 2.396 4.503 0.643   519
145 0.047 0.041 4.683 7.324 1.441 3.278 0.468   486
150 0.048 0.057 6.864 10.370 2.098 4.805 0.686   459
155 0.046 0.066 5.829 10.985 3.350 4.080 0.583   439
160 0.054 0.049 6.293 10.075 2.704 4.405 0.629   423
165 0.048 0.055 3.314 7.494 1.607 2.320 0.331   413
170 0.087 0.044 4.000 9.799 2.094 2.800 0.400   404
175 0.058 0.054 6.433 12.324 2.549 4.503 0.643   400
180 0.100 0.152 7.736 15.179 4.277 5.415 0.774   399
185 0.128 0.108 4.224 12.308 2.251 2.957 0.422   400
190 0.176 0.079 5.619 17.498 4.922 3.933 0.562   404
195 0.136 0.107 5.099 8.524 1.614 3.569 0.510   413
200 0.090 0.083 8.782 20.763 7.369 6.147 0.878   423
205 0.000 0.000 0.000 0.000 0.000 0.000 0.000   439
210 0.011 0.014 4.608 6.673 1.089 3.226 0.461   459
215 0.027 0.065 11.128 14.974 2.923 7.789 1.113   486
220 0.148 0.108 5.996 10.320 2.219 4.197 0.600   519
225 0.281 0.212 12.896 21.826 4.784 9.027 1.290   562
230 0.019 0.058 7.407 9.491 1.953 5.185 0.741   519
235 0.150 0.130 8.571 19.719 3.383 6.000 0.857   486
240 0.096 0.119 8.342 13.653 3.434 5.840 0.834   459
245 0.034 0.058 7.033 19.123 4.936 4.923 0.703   439
250 0.035 0.077 4.617 14.856 3.176 3.232 0.462   423
255 0.046 0.097 5.607 14.848 2.891 3.925 0.561   413
260 0.027 0.057 8.220 12.384 2.732 5.754 0.822   404
265 0.025 0.052 5.844 14.812 4.462 4.091 0.584   400
270 0.038 0.081 7.419 14.106 4.539 5.194 0.742   399
275 0.043 0.100 7.211 10.241 1.771 5.048 0.721   400
280 0.050 0.038 7.716 9.821 1.684 5.401 0.772   404
285 0.063 0.049 7.841 10.985 2.546 5.489 0.784   413
290 0.054 0.066 8.450 10.768 2.254 5.915 0.845   423
295 0.050 0.072 6.110 9.578 2.582 4.277 0.611   439
300 0.046 0.065 4.688 8.455 1.775 3.281 0.469   459
305 0.043 0.045 3.457 5.110 0.912 2.420 0.346   486
310 0.073 0.160 10.210 20.266 7.621 7.147 1.021   519
315 0.016 0.047 7.267 11.939 3.809 5.087 0.727   562
320 0.031 0.035 6.521 11.656 3.038 4.565 0.652   519
325 0.047 0.042 5.117 7.706 1.517 3.582 0.512   486
330 0.048 0.058 6.864 10.370 2.098 4.805 0.686   459
335 0.034 0.088 7.152 16.106 3.995 5.007 0.715   439
340 0.054 0.063 6.293 10.075 2.704 4.405 0.629   423
345 0.048 0.057 3.314 7.494 1.607 2.320 0.331   413
350 0.089 0.051 3.669 8.679 1.685 2.568 0.367   404
355 0.070 0.081 6.229 13.311 3.023 4.360 0.623   400
