 Wd pai   fai   zH  zHmax   zHstd zd z0  noOfPixels
  0 0.000 0.000 0.000 0.000 0.000 0.000 0.000   399
  5 0.000 0.000 0.000 0.000 0.000 0.000 0.000   400
 10 0.000 0.000 0.000 0.000 0.000 0.000 0.000   404
 15 0.000 0.000 0.000 0.000 0.000 0.000 0.000   413
 20 0.000 0.000 0.000 0.000 0.000 0.000 0.000   423
 25 0.000 0.000 0.000 0.000 0.000 0.000 0.000   439
 30 0.000 0.000 0.000 0.000 0.000 0.000 0.000   459
 35 0.000 0.000 0.000 0.000 0.000 0.000 0.000   486
 40 0.000 0.000 0.000 0.000 0.000 0.000 0.000   519
 45 0.000 0.000 0.000 0.000 0.000 0.000 0.000   562
 50 0.031 0.062 11.730 13.486 0.994 8.211 1.173   519
 55 0.088 0.102 16.940 21.617 4.096 11.858 1.694   486
 60 0.129 0.173 19.529 22.357 2.701 13.670 1.953   459
 65 0.148 0.139 16.835 22.835 6.823 11.785 1.684   439
 70 0.175 0.137 10.268 21.206 7.842 7.188 1.027   423
 75 0.184 0.117 9.898 20.697 7.457 6.929 0.990   413
 80 0.235 0.254 16.837 22.748 5.734 11.786 1.684   404
 85 0.203 0.218 18.504 29.532 4.901 12.953 1.850   400
 90 0.120 0.120 19.068 30.814 7.584 13.347 1.907   399
 95 0.080 0.116 22.766 29.493 5.271 15.936 2.277   400
100 0.144 0.163 13.881 29.772 8.619 9.717 1.388   404
105 0.143 0.139 10.484 29.424 7.095 7.339 1.048   413
110 0.175 0.426 18.892 56.481 20.216 13.225 1.889   423
115 0.219 0.268 20.639 56.946 18.386 14.448 2.064   439
120 0.211 0.092 11.321 19.788 5.650 7.925 1.132   459
125 0.140 0.114 10.066 19.379 5.892 7.046 1.007   486
130 0.089 0.050 7.938 11.926 2.668 5.557 0.794   519
135 0.059 0.005 4.657 5.472 0.701 3.260 0.466   562
140 0.077 0.008 4.505 5.600 0.669 3.153 0.450   519
145 0.091 0.006 4.332 5.590 0.812 3.033 0.433   486
150 0.096 0.018 4.591 5.724 0.751 3.214 0.459   459
155 0.023 0.013 5.329 5.800 0.528 3.730 0.533   439
160 0.000 0.000 0.000 0.000 0.000 0.000 0.000   423
165 0.000 0.000 0.000 0.000 0.000 0.000 0.000   413
170 0.000 0.000 0.000 0.000 0.000 0.000 0.000   404
175 0.000 0.000 0.000 0.000 0.000 0.000 0.000   400
180 0.000 0.000 0.000 0.000 0.000 0.000 0.000   399
185 0.000 0.000 0.000 0.000 0.000 0.000 0.000   400
190 0.000 0.000 0.000 0.000 0.000 0.000 0.000   404
195 0.000 0.000 0.000 0.000 0.000 0.000 0.000   413
200 0.000 0.000 0.000 0.000 0.000 0.000 0.000   423
205 0.000 0.000 0.000 0.000 0.000 0.000 0.000   439
210 0.000 0.000 0.000 0.000 0.000 0.000 0.000   459
215 0.000 0.000 0.000 0.000 0.000 0.000 0.000   486
220 0.000 0.000 0.000 0.000 0.000 0.000 0.000   519
225 0.000 0.000 0.000 0.000 0.000 0.000 0.000   562
230 0.023 0.021 12.135 13.385 0.899 8.495 1.214   519
235 0.097 0.105 16.336 21.530 5.030 11.435 1.634   486
240 0.129 0.231 19.080 22.357 3.419 13.356 1.908   459
245 0.148 0.152 15.959 22.528 7.368 11.171 1.596   439
250 0.175 0.089 10.268 21.206 7.842 7.188 1.027   423
255 0.184 0.098 9.898 20.697 7.457 6.929 0.990   413
260 0.243 0.223 17.037 22.633 5.553 11.926 1.704   404
265 0.198 0.202 19.194 29.532 5.088 13.436 1.919   400
270 0.120 0.099 19.068 30.814 7.584 13.347 1.907   399
275 0.100 0.141 19.754 29.445 7.199 13.828 1.975   400
280 0.141 0.152 13.069 29.712 8.310 9.149 1.307   404
285 0.143 0.110 10.484 29.424 7.095 7.339 1.048   413
290 0.175 0.404 18.892 56.481 20.216 13.225 1.889   423
295 0.223 0.215 18.656 56.986 17.190 13.059 1.866   439
300 0.211 0.084 11.321 19.788 5.650 7.925 1.132   459
305 0.126 0.071 9.739 19.564 5.881 6.818 0.974   486
310 0.073 0.036 8.003 11.904 2.869 5.602 0.800   519
315 0.057 0.009 4.756 5.498 0.685 3.329 0.476   562
320 0.079 0.006 4.439 5.577 0.739 3.107 0.444   519
325 0.091 0.006 4.425 5.597 0.727 3.097 0.442   486
330 0.098 0.014 4.536 5.724 0.820 3.175 0.454   459
335 0.030 0.007 5.287 5.820 0.697 3.701 0.529   439
340 0.000 0.000 0.000 0.000 0.000 0.000 0.000   423
345 0.000 0.000 0.000 0.000 0.000 0.000 0.000   413
350 0.000 0.000 0.000 0.000 0.000 0.000 0.000   404
355 0.000 0.000 0.000 0.000 0.000 0.000 0.000   400
