 Wd pai   fai   zH  zHmax   zHstd zd z0  noOfPixels
  0 0.276 0.112 7.399 10.580 1.512 5.180 0.740   399
  5 0.250 0.169 6.498 11.063 2.585 4.548 0.650   400
 10 0.178 0.117 7.678 11.562 2.339 5.374 0.768   404
 15 0.172 0.117 6.796 10.839 2.662 4.758 0.680   413
 20 0.206 0.109 6.508 10.993 2.445 4.556 0.651   423
 25 0.132 0.078 7.431 10.393 2.179 5.201 0.743   439
 30 0.115 0.106 8.358 11.177 2.183 5.851 0.836   459
 35 0.235 0.090 7.134 11.342 2.778 4.994 0.713   486
 40 0.224 0.147 7.525 11.472 2.461 5.268 0.753   519
 45 0.215 0.137 8.048 11.669 2.179 5.633 0.805   562
 50 0.254 0.112 7.575 11.388 2.627 5.302 0.757   519
 55 0.270 0.128 7.528 11.150 2.446 5.270 0.753   486
 60 0.235 0.124 8.005 11.678 2.177 5.603 0.800   459
 65 0.241 0.185 8.999 11.263 1.707 6.300 0.900   439
 70 0.270 0.156 8.935 11.409 1.542 6.255 0.894   423
 75 0.317 0.133 8.553 11.354 1.910 5.987 0.855   413
 80 0.319 0.144 8.849 11.305 1.744 6.194 0.885   404
 85 0.328 0.158 8.513 11.305 1.949 5.959 0.851   400
 90 0.145 0.092 8.755 11.558 1.544 6.128 0.875   399
 95 0.315 0.189 7.324 11.595 2.091 5.127 0.732   400
100 0.210 0.102 8.933 11.326 1.042 6.253 0.893   404
105 0.414 0.146 8.015 11.532 2.087 5.610 0.801   413
110 0.314 0.182 8.228 11.138 2.522 5.759 0.823   423
115 0.178 0.109 9.526 13.296 1.616 6.668 0.953   439
120 0.264 0.159 9.988 13.702 1.783 6.992 0.999   459
125 0.237 0.144 9.872 16.379 3.076 6.911 0.987   486
130 0.249 0.139 8.653 16.188 3.688 6.057 0.865   519
135 0.208 0.140 9.214 15.990 3.520 6.450 0.921   562
140 0.173 0.156 7.334 13.072 2.922 5.134 0.733   519
145 0.195 0.129 7.209 10.853 2.418 5.046 0.721   486
150 0.255 0.146 7.702 10.851 2.052 5.392 0.770   459
155 0.280 0.179 7.655 10.887 2.157 5.358 0.765   439
160 0.246 0.153 8.412 11.058 1.863 5.889 0.841   423
165 0.252 0.126 7.667 10.631 2.351 5.367 0.767   413
170 0.332 0.133 7.384 10.715 2.149 5.169 0.738   404
175 0.168 0.079 8.475 10.506 1.426 5.933 0.848   400
180 0.276 0.111 7.399 10.580 1.512 5.180 0.740   399
185 0.315 0.142 6.753 10.923 2.247 4.727 0.675   400
190 0.200 0.106 7.860 11.573 2.121 5.502 0.786   404
195 0.172 0.121 6.796 10.839 2.662 4.758 0.680   413
200 0.206 0.119 6.508 10.993 2.445 4.556 0.651   423
205 0.128 0.095 7.695 10.348 2.138 5.387 0.770   439
210 0.115 0.101 8.403 11.177 2.195 5.882 0.840   459
215 0.230 0.123 7.018 11.539 2.733 4.913 0.702   486
220 0.233 0.159 7.348 11.475 2.579 5.144 0.735   519
225 0.208 0.132 7.829 11.985 2.278 5.480 0.783   562
230 0.260 0.117 7.448 11.305 2.738 5.214 0.745   519
235 0.261 0.129 7.489 11.230 2.422 5.242 0.749   486
240 0.240 0.141 8.033 11.533 2.157 5.623 0.803   459
245 0.239 0.178 8.969 11.036 1.585 6.279 0.897   439
250 0.270 0.149 8.935 11.409 1.542 6.255 0.894   423
255 0.317 0.143 8.553 11.354 1.910 5.987 0.855   413
260 0.304 0.139 8.788 11.260 1.774 6.152 0.879   404
265 0.292 0.209 8.834 11.610 1.756 6.184 0.883   400
270 0.145 0.092 8.755 11.558 1.544 6.128 0.875   399
275 0.310 0.174 7.295 12.622 2.107 5.107 0.730   400
280 0.181 0.095 8.925 11.411 1.060 6.248 0.893   404
285 0.414 0.153 8.015 11.532 2.087 5.610 0.801   413
290 0.314 0.184 8.228 11.138 2.522 5.759 0.823   423
295 0.178 0.123 9.659 13.034 1.548 6.761 0.966   439
300 0.264 0.154 9.977 13.702 1.794 6.984 0.998   459
305 0.243 0.133 9.727 16.494 3.126 6.809 0.973   486
310 0.245 0.159 8.633 16.176 3.742 6.043 0.863   519
315 0.206 0.136 9.178 15.828 3.344 6.424 0.918   562
320 0.170 0.136 7.027 13.138 2.720 4.919 0.703   519
325 0.189 0.111 7.201 10.874 2.463 5.041 0.720   486
330 0.261 0.124 7.703 10.851 2.040 5.392 0.770   459
335 0.267 0.169 7.738 10.852 2.040 5.417 0.774   439
340 0.246 0.146 8.412 11.058 1.863 5.889 0.841   423
345 0.252 0.127 7.667 10.631 2.351 5.367 0.767   413
350 0.297 0.146 7.342 10.515 2.351 5.139 0.734   404
355 0.165 0.087 7.680 10.484 2.167 5.376 0.768   400
