 Wd pai   fai   zH  zHmax   zHstd zd z0  noOfPixels
  0 0.080 0.076 5.222 10.806 2.268 3.655 0.522   399
  5 0.083 0.088 5.916 9.866 1.883 4.141 0.592   400
 10 0.203 0.196 7.810 16.279 3.462 5.467 0.781   404
 15 0.136 0.171 7.047 14.745 3.142 4.933 0.705   413
 20 0.092 0.091 5.259 10.306 1.912 3.682 0.526   423
 25 0.068 0.054 5.719 12.089 3.023 4.003 0.572   439
 30 0.105 0.106 9.028 18.532 4.401 6.320 0.903   459
 35 0.062 0.084 4.748 7.837 1.818 3.324 0.475   486
 40 0.025 0.023 6.813 10.147 2.631 4.769 0.681   519
 45 0.078 0.082 4.760 9.388 2.401 3.332 0.476   562
 50 0.079 0.068 5.286 9.539 2.183 3.700 0.529   519
 55 0.105 0.105 5.697 12.680 2.282 3.988 0.570   486
 60 0.063 0.051 6.006 9.651 1.983 4.204 0.601   459
 65 0.087 0.058 4.768 9.231 2.353 3.338 0.477   439
 70 0.069 0.105 5.555 9.612 2.408 3.888 0.555   423
 75 0.036 0.040 6.227 9.401 1.898 4.359 0.623   413
 80 0.069 0.056 5.811 9.818 2.382 4.068 0.581   404
 85 0.117 0.096 4.809 9.128 2.003 3.366 0.481   400
 90 0.035 0.033 4.687 7.553 1.401 3.281 0.469   399
 95 0.052 0.059 5.908 8.323 1.894 4.135 0.591   400
100 0.045 0.058 10.646 15.968 4.225 7.452 1.065   404
105 0.063 0.086 6.901 11.159 2.461 4.830 0.690   413
110 0.106 0.082 7.480 13.219 3.403 5.236 0.748   423
115 0.050 0.040 7.565 10.692 1.978 5.295 0.756   439
120 0.057 0.105 7.277 10.705 2.517 5.094 0.728   459
125 0.121 0.165 9.935 16.725 3.191 6.954 0.993   486
130 0.131 0.148 9.357 15.648 3.216 6.550 0.936   519
135 0.110 0.172 8.265 13.600 3.279 5.786 0.827   562
140 0.112 0.135 7.457 13.738 3.453 5.220 0.746   519
145 0.095 0.092 6.507 15.607 4.111 4.555 0.651   486
150 0.209 0.217 8.913 15.437 3.801 6.239 0.891   459
155 0.148 0.180 7.386 17.307 4.371 5.170 0.739   439
160 0.073 0.112 4.064 10.243 1.965 2.845 0.406   423
165 0.114 0.056 4.173 8.355 1.456 2.921 0.417   413
170 0.042 0.049 3.068 4.949 0.854 2.148 0.307   404
175 0.070 0.058 6.478 10.523 2.258 4.535 0.648   400
180 0.080 0.092 5.222 10.806 2.268 3.655 0.522   399
185 0.105 0.121 6.339 10.360 2.020 4.437 0.634   400
190 0.183 0.183 7.494 16.997 3.433 5.246 0.749   404
195 0.136 0.194 7.047 14.745 3.142 4.933 0.705   413
200 0.092 0.100 5.259 10.306 1.912 3.682 0.526   423
205 0.066 0.057 5.655 11.585 2.618 3.958 0.565   439
210 0.105 0.112 9.047 18.532 4.396 6.333 0.905   459
215 0.064 0.040 4.912 8.912 2.237 3.439 0.491   486
220 0.029 0.029 6.796 10.903 2.749 4.757 0.680   519
225 0.077 0.060 4.508 9.257 2.161 3.155 0.451   562
230 0.091 0.096 5.685 10.985 2.499 3.979 0.568   519
235 0.101 0.081 5.218 8.670 1.723 3.652 0.522   486
240 0.065 0.038 6.522 10.844 2.166 4.565 0.652   459
245 0.068 0.073 5.446 9.045 2.237 3.812 0.545   439
250 0.069 0.111 5.555 9.612 2.408 3.888 0.555   423
255 0.036 0.044 6.227 9.401 1.898 4.359 0.623   413
260 0.067 0.081 5.236 9.258 2.246 3.665 0.524   404
265 0.117 0.105 4.860 9.609 1.982 3.402 0.486   400
270 0.035 0.035 4.687 7.553 1.401 3.281 0.469   399
275 0.077 0.057 5.192 9.853 2.206 3.634 0.519   400
280 0.059 0.084 10.031 16.740 4.840 7.022 1.003   404
285 0.063 0.082 6.901 11.159 2.461 4.830 0.690   413
290 0.106 0.098 7.480 13.219 3.403 5.236 0.748   423
295 0.046 0.075 8.090 11.049 2.253 5.663 0.809   439
300 0.052 0.080 7.029 10.481 2.462 4.920 0.703   459
305 0.130 0.181 9.613 16.161 3.686 6.729 0.961   486
310 0.156 0.190 8.715 14.576 3.258 6.101 0.872   519
315 0.093 0.155 8.448 13.873 3.364 5.914 0.845   562
320 0.118 0.106 7.926 14.676 3.749 5.548 0.793   519
325 0.099 0.130 7.387 15.777 4.079 5.171 0.739   486
330 0.203 0.225 8.930 15.437 3.771 6.251 0.893   459
335 0.137 0.142 7.160 17.106 4.052 5.012 0.716   439
340 0.073 0.090 4.064 10.243 1.965 2.845 0.406   423
345 0.114 0.041 4.173 8.355 1.456 2.921 0.417   413
350 0.045 0.063 4.314 6.878 1.230 3.020 0.431   404
355 0.050 0.047 7.044 11.108 2.305 4.931 0.704   400
