 Wd pai   fai   zH  zHmax   zHstd zd z0  noOfPixels
  0 0.107 0.051 10.000 10.000 0.000 7.000 1.000   196
  5 0.108 0.051 10.000 10.000 0.000 7.000 1.000   195
 10 0.111 0.050 10.000 10.000 0.000 7.000 1.000   199
 15 0.109 0.050 10.000 10.000 0.000 7.000 1.000   201
 20 0.111 0.048 10.000 10.000 0.000 7.000 1.000   207
 25 0.107 0.047 10.000 10.000 0.000 7.000 1.000   215
 30 0.106 0.044 10.000 10.000 0.000 7.000 1.000   226
 35 0.126 0.126 12.667 20.000 4.422 8.867 1.267   238
 40 0.114 0.118 16.552 20.000 4.753 11.586 1.655   254
 45 0.105 0.073 20.000 20.000 0.000 14.000 2.000   275
 50 0.099 0.118 19.733 20.000 0.998 13.813 1.973   304
 55 0.117 0.117 18.889 20.000 1.792 13.222 1.889   307
 60 0.151 0.124 18.273 20.000 1.981 12.791 1.827   291
 65 0.183 0.129 17.882 20.000 1.997 12.518 1.788   278
 70 0.186 0.134 17.920 20.000 1.998 12.544 1.792   269
 75 0.184 0.138 17.917 20.000 1.998 12.542 1.792   261
 80 0.180 0.141 17.913 20.000 1.998 12.539 1.791   255
 85 0.182 0.142 17.913 20.000 1.998 12.539 1.791   253
 90 0.182 0.142 17.913 20.000 1.998 12.539 1.791   253
 95 0.142 0.142 17.333 20.000 1.886 12.133 1.733   253
100 0.094 0.063 16.000 16.000 0.000 11.200 1.600   255
105 0.096 0.061 16.000 16.000 0.000 11.200 1.600   261
110 0.097 0.059 16.000 16.000 0.000 11.200 1.600   269
115 0.097 0.058 16.000 16.000 0.000 11.200 1.600   278
120 0.096 0.055 16.000 16.000 0.000 11.200 1.600   291
125 0.059 0.052 16.000 16.000 0.000 11.200 1.600   307
130 0.026 0.053 16.000 16.000 0.000 11.200 1.600   304
135 0.044 0.036 10.000 10.000 0.000 7.000 1.000   275
140 0.102 0.039 10.000 10.000 0.000 7.000 1.000   254
145 0.105 0.042 10.000 10.000 0.000 7.000 1.000   238
150 0.106 0.044 10.000 10.000 0.000 7.000 1.000   226
155 0.107 0.047 10.000 10.000 0.000 7.000 1.000   215
160 0.111 0.048 10.000 10.000 0.000 7.000 1.000   207
165 0.109 0.050 10.000 10.000 0.000 7.000 1.000   201
170 0.111 0.050 10.000 10.000 0.000 7.000 1.000   199
175 0.108 0.051 10.000 10.000 0.000 7.000 1.000   195
180 0.107 0.051 10.000 10.000 0.000 7.000 1.000   196
185 0.108 0.051 10.000 10.000 0.000 7.000 1.000   195
190 0.111 0.050 10.000 10.000 0.000 7.000 1.000   199
195 0.109 0.050 10.000 10.000 0.000 7.000 1.000   201
200 0.111 0.048 10.000 10.000 0.000 7.000 1.000   207
205 0.112 0.047 10.000 10.000 0.000 7.000 1.000   215
210 0.106 0.044 10.000 10.000 0.000 7.000 1.000   226
215 0.113 0.126 12.593 20.000 4.382 8.815 1.259   238
220 0.102 0.118 16.923 20.000 4.615 11.846 1.692   254
225 0.105 0.073 20.000 20.000 0.000 14.000 2.000   275
230 0.099 0.118 19.733 20.000 0.998 13.813 1.973   304
235 0.124 0.117 18.842 20.000 1.814 13.189 1.884   307
240 0.162 0.124 18.213 20.000 1.989 12.749 1.821   291
245 0.183 0.129 17.882 20.000 1.997 12.518 1.788   278
250 0.186 0.134 17.920 20.000 1.998 12.544 1.792   269
255 0.184 0.138 17.917 20.000 1.998 12.542 1.792   261
260 0.180 0.141 17.913 20.000 1.998 12.539 1.791   255
265 0.182 0.142 17.913 20.000 1.998 12.539 1.791   253
270 0.182 0.142 17.913 20.000 1.998 12.539 1.791   253
275 0.142 0.142 17.333 20.000 1.886 12.133 1.733   253
280 0.094 0.063 16.000 16.000 0.000 11.200 1.600   255
285 0.096 0.061 16.000 16.000 0.000 11.200 1.600   261
290 0.097 0.059 16.000 16.000 0.000 11.200 1.600   269
295 0.097 0.058 16.000 16.000 0.000 11.200 1.600   278
300 0.093 0.055 16.000 16.000 0.000 11.200 1.600   291
305 0.055 0.052 16.000 16.000 0.000 11.200 1.600   307
310 0.026 0.053 16.000 16.000 0.000 11.200 1.600   304
315 0.044 0.036 10.000 10.000 0.000 7.000 1.000   275
320 0.094 0.039 10.000 10.000 0.000 7.000 1.000   254
325 0.105 0.042 10.000 10.000 0.000 7.000 1.000   238
330 0.106 0.044 10.000 10.000 0.000 7.000 1.000   226
335 0.112 0.047 10.000 10.000 0.000 7.000 1.000   215
340 0.111 0.048 10.000 10.000 0.000 7.000 1.000   207
345 0.109 0.050 10.000 10.000 0.000 7.000 1.000   201
350 0.111 0.050 10.000 10.000 0.000 7.000 1.000   199
355 0.108 0.051 10.000 10.000 0.000 7.000 1.000   195
