 Wd pai   fai   zH  zHmax   zHstd zd z0  noOfPixels
  0 0.031 0.020 5.500 7.000 1.225 3.850 0.550   196
  5 0.010 0.021 4.000 4.000 0.000 2.800 0.400   195
 10 0.025 0.028 6.778 8.000 1.023 4.744 0.678   199
 15 0.000 0.000 0.000 0.000 0.000 0.000 0.000   201
 20 0.000 0.000 0.000 0.000 0.000 0.000 0.000   207
 25 0.000 0.000 0.000 0.000 0.000 0.000 0.000   215
 30 0.000 0.000 0.000 0.000 0.000 0.000 0.000   226
 35 0.000 0.000 0.000 0.000 0.000 0.000 0.000   238
 40 0.000 0.000 0.000 0.000 0.000 0.000 0.000   254
 45 0.025 0.016 5.875 7.000 0.974 4.112 0.588   275
 50 0.000 0.000 0.000 0.000 0.000 0.000 0.000   304
 55 0.016 0.014 5.222 6.000 0.651 3.656 0.522   307
 60 0.000 0.000 0.000 0.000 0.000 0.000 0.000   291
 65 0.000 0.000 0.000 0.000 0.000 0.000 0.000   278
 70 0.000 0.000 0.000 0.000 0.000 0.000 0.000   269
 75 0.000 0.000 0.000 0.000 0.000 0.000 0.000   261
 80 0.000 0.000 0.000 0.000 0.000 0.000 0.000   255
 85 0.000 0.000 0.000 0.000 0.000 0.000 0.000   253
 90 0.000 0.000 0.000 0.000 0.000 0.000 0.000   253
 95 0.000 0.000 0.000 0.000 0.000 0.000 0.000   253
100 0.000 0.000 0.000 0.000 0.000 0.000 0.000   255
105 0.000 0.000 0.000 0.000 0.000 0.000 0.000   261
110 0.022 0.015 5.271 5.781 0.627 3.690 0.527   269
115 0.000 0.000 0.000 0.000 0.000 0.000 0.000   278
120 0.000 0.000 0.000 0.000 0.000 0.000 0.000   291
125 0.000 0.000 0.000 0.000 0.000 0.000 0.000   307
130 0.016 0.021 6.400 7.000 0.735 4.480 0.640   304
135 0.000 0.000 0.000 0.000 0.000 0.000 0.000   275
140 0.000 0.000 0.000 0.000 0.000 0.000 0.000   254
145 0.000 0.000 0.000 0.000 0.000 0.000 0.000   238
150 0.000 0.000 0.000 0.000 0.000 0.000 0.000   226
155 0.009 0.031 3.375 3.375 0.000 2.362 0.338   215
160 0.029 0.016 4.250 5.125 0.714 2.975 0.425   207
165 0.030 0.021 4.542 5.125 0.652 3.179 0.454   201
170 0.020 0.017 3.594 4.250 0.379 2.516 0.359   199
175 0.015 0.028 5.000 5.500 0.707 3.500 0.500   195
180 0.031 0.020 5.500 7.000 1.225 3.850 0.550   196
185 0.010 0.021 4.000 4.000 0.000 2.800 0.400   195
190 0.025 0.028 6.778 8.000 1.023 4.744 0.678   199
195 0.000 0.000 0.000 0.000 0.000 0.000 0.000   201
200 0.000 0.000 0.000 0.000 0.000 0.000 0.000   207
205 0.000 0.000 0.000 0.000 0.000 0.000 0.000   215
210 0.000 0.000 0.000 0.000 0.000 0.000 0.000   226
215 0.000 0.000 0.000 0.000 0.000 0.000 0.000   238
220 0.000 0.000 0.000 0.000 0.000 0.000 0.000   254
225 0.025 0.016 5.875 7.000 0.974 4.112 0.588   275
230 0.000 0.000 0.000 0.000 0.000 0.000 0.000   304
235 0.016 0.014 4.911 5.611 0.572 3.438 0.491   307
240 0.000 0.000 0.000 0.000 0.000 0.000 0.000   291
245 0.000 0.000 0.000 0.000 0.000 0.000 0.000   278
250 0.000 0.000 0.000 0.000 0.000 0.000 0.000   269
255 0.000 0.000 0.000 0.000 0.000 0.000 0.000   261
260 0.000 0.000 0.000 0.000 0.000 0.000 0.000   255
265 0.000 0.000 0.000 0.000 0.000 0.000 0.000   253
270 0.000 0.000 0.000 0.000 0.000 0.000 0.000   253
275 0.000 0.000 0.000 0.000 0.000 0.000 0.000   253
280 0.000 0.000 0.000 0.000 0.000 0.000 0.000   255
285 0.000 0.000 0.000 0.000 0.000 0.000 0.000   261
290 0.022 0.019 5.271 5.781 0.627 3.690 0.527   269
295 0.000 0.000 0.000 0.000 0.000 0.000 0.000   278
300 0.000 0.000 0.000 0.000 0.000 0.000 0.000   291
305 0.003 0.012 3.667 3.667 0.000 2.567 0.367   307
310 0.016 0.016 6.400 7.000 0.735 4.480 0.640   304
315 0.000 0.000 0.000 0.000 0.000 0.000 0.000   275
320 0.000 0.000 0.000 0.000 0.000 0.000 0.000   254
325 0.000 0.000 0.000 0.000 0.000 0.000 0.000   238
330 0.000 0.000 0.000 0.000 0.000 0.000 0.000   226
335 0.023 0.016 3.725 4.250 0.429 2.607 0.373   215
340 0.029 0.016 4.250 5.125 0.714 2.975 0.425   207
345 0.030 0.017 4.542 5.125 0.652 3.179 0.454   201
350 0.020 0.017 3.594 4.250 0.379 2.516 0.359   199
355 0.015 0.021 5.000 5.500 0.707 3.500 0.500   195
