Year	DOY	Hour	Min	 Dectime	  HDD1_h	  HDD2_c	HDD3_Tmean	HDD4_T5d	   P_day	  DaysSR	GDD_EveTr	GDD_DecTr	GDD_Grass	SDD_EveTr	SDD_DecTr	SDD_Grass	    Tmin	    Tmax	   DLHrs	LAI_EveTr	LAI_DecTr	LAI_Grass	DecidCap	Porosity	AlbEveTr	AlbDecTr	AlbGrass	WU_EveTr1	WU_EveTr2	WU_EveTr3	WU_DecTr1	WU_DecTr2	WU_DecTr3	WU_Grass1	WU_Grass2	WU_Grass3	LAIlumps	 AlbSnow	DensSnow_Paved	DensSnow_Bldgs	DensSnow_EveTr	DensSnow_DecTr	DensSnow_Grass	DensSnow_BSoil	DensSnow_Water	      a1	      a2	      a3
2018	  1	  23	 55	  0.9965	  0.0000	1649.8722	    6.9175	  4.0909	 13.2417	  0.0000	   0.0000	   0.0000	   0.0000	-450.0000	-450.0000	-450.0000	  2.9000	  4.6000	 12.1667	   4.0000	   1.0000	   4.0000	  0.3000	  0.6000	  0.1000	  0.1600	  0.1000	   0.0000	   0.0000	   0.0000	   0.0000	   0.0000	   0.0000	   0.0000	   0.0000	   0.0000	  0.6152	  0.0000	        0.0000	        0.0000	        0.0000	        0.0000	        0.0000	        0.0000	        0.0000	  0.4309	  0.2885	-23.6421
2018	  2	  23	 55	  1.9965	  0.0000	  9.0210	    0.0339	  3.7115	  1.3500	  0.0000	   0.0000	   0.0000	   0.0000	-450.0000	-450.0000	-450.0000	  2.9000	  5.4000	 13.3333	   4.0000	   1.0000	   4.0000	  0.3000	  0.6000	  0.1000	  0.1600	  0.1000	   0.0000	   0.0000	   0.0000	   0.0000	   0.0000	   0.0000	   0.0000	   0.0000	   0.0000	  0.6152	  0.0000	        0.0000	        0.0000	        0.0000	        0.0000	        0.0000	        0.0000	        0.0000	  0.4309	  0.2885	-23.6421
2018	  3	  23	 55	  2.9965	  0.0000	1018.9890	    2.5848	  3.4862	 11.4000	  0.0000	   0.0000	   0.0000	   0.0000	-450.0000	-450.0000	-450.0000	  1.9000	  3.2000	  3.5000	   4.0000	   1.0000	   4.0000	  0.3000	  0.6000	  0.1000	  0.1600	  0.1000	   0.0000	   0.0000	   0.0000	   0.0000	   0.0000	   0.0000	   0.0000	   0.0000	   0.0000	  0.6152	  0.0000	        0.0000	        0.0000	        0.0000	        0.0000	        0.0000	        0.0000	        0.0000	  0.4309	  0.2885	-23.6421
2018	  4	  23	 55	  3.9965	  0.0000	1370.2614	    2.2927	  3.2475	  0.6667	  0.0000	   0.0000	   0.0000	   0.0000	-450.0000	-450.0000	-450.0000	  0.6167	  2.3000	  9.0000	   4.0000	   1.0000	   4.0000	  0.3000	  0.6000	  0.1000	  0.1600	  0.1000	   0.0000	   0.0000	   0.0000	   0.0000	   0.0000	   0.0000	   0.0000	   0.0000	   0.0000	  0.6152	  0.0000	        0.0000	        0.0000	        0.0000	        0.0000	        0.0000	        0.0000	        0.0000	  0.4309	  0.2885	-23.6421
2018	  5	  23	 55	  4.9965	  0.0000	  8.3722	    0.0037	  2.2581	  1.5000	  0.0000	   0.0000	   0.0000	   0.0000	-450.0000	-450.0000	-450.0000	 -0.0667	  1.4000	  9.0833	   4.0000	   1.0000	   4.0000	  0.3000	  0.6000	  0.1000	  0.1600	  0.1000	   0.0000	   0.0000	   0.0000	   0.0000	   0.0000	   0.0000	   0.0000	   0.0000	   0.0000	  0.6152	  0.0000	        0.0000	        0.0000	        0.0000	        0.0000	        0.0000	        0.0000	        0.0000	  0.4309	  0.2885	-23.6421
2018	  6	  23	 55	  5.9965	  0.0000	1544.3039	   -4.6682	  0.8728	  0.0000	  1.0000	   0.0000	   0.0000	   0.0000	-450.0000	-450.0000	-450.0000	 -6.6000	 -0.1000	  9.6667	   4.0000	   1.0000	   4.0000	  0.3000	  0.6000	  0.1000	  0.1600	  0.1000	   0.0000	   0.0000	   0.0000	   0.0000	   0.0000	   0.0000	   0.0000	   0.0000	   0.0000	  0.6152	  0.0000	        0.0000	        0.0000	        0.0000	        0.0000	        0.0000	        0.0000	        0.0000	  0.4309	  0.2885	-23.6421
2018	  7	  23	 55	  6.9965	  0.0000	1923.6341	   -4.7492	 -0.2516	  0.0000	  2.0000	   0.0000	   0.0000	   0.0000	-450.0000	-450.0000	-450.0000	 -7.7000	  3.2000	 17.3333	   4.0000	   1.0000	   4.0000	  0.3000	  0.6000	  0.1000	  0.1600	  0.1000	   0.0000	   0.0000	   0.0000	   0.0000	   0.0000	   0.0000	   0.0000	   0.0000	   0.0000	  0.6152	  0.0000	        0.0000	        0.0000	        0.0000	        0.0000	        0.0000	        0.0000	        0.0000	  0.4309	  0.2885	-23.6421
2018	  8	  23	 55	  7.9965	  0.0000	1824.4243	    3.9470	  0.5881	  0.0000	  3.0000	   0.0000	   0.0000	   0.0000	-450.0000	-450.0000	-450.0000	  0.1000	  3.7000	 16.1667	   4.0000	   1.0000	   4.0000	  0.3000	  0.6000	  0.1000	  0.1600	  0.1000	   0.0000	   0.0000	   0.0000	   0.0000	   0.0000	   0.0000	   0.0000	   0.0000	   0.0000	  0.6152	  0.0000	        0.0000	        0.0000	        0.0000	        0.0000	        0.0000	        0.0000	        0.0000	  0.4309	  0.2885	-23.6421
2018	  9	  23	 55	  8.9965	  0.0000	1489.6861	   -0.1118	  0.4481	  0.0000	  4.0000	   0.0000	   0.0000	   0.0000	-450.0000	-450.0000	-450.0000	 -2.4000	  1.7000	 15.1667	   4.0000	   1.0000	   4.0000	  0.3000	  0.6000	  0.1000	  0.1600	  0.1000	   0.0000	   0.0000	   0.0000	   0.0000	   0.0000	   0.0000	   0.0000	   0.0000	   0.0000	  0.6152	  0.0000	        0.0000	        0.0000	        0.0000	        0.0000	        0.0000	        0.0000	        0.0000	  0.4309	  0.2885	-23.6421
2018	 10	  23	 55	  9.9965	  0.0000	1360.1563	    2.6302	  0.8845	  5.3250	  0.0000	   0.0000	   0.0000	   0.0000	-450.0000	-450.0000	-450.0000	  0.9000	  2.7000	  9.1667	   4.0000	   1.0000	   4.0000	  0.3000	  0.6000	  0.1000	  0.1600	  0.1000	   0.0000	   0.0000	   0.0000	   0.0000	   0.0000	   0.0000	   0.0000	   0.0000	   0.0000	  0.6152	  0.0000	        0.0000	        0.0000	        0.0000	        0.0000	        0.0000	        0.0000	        0.0000	  0.4309	  0.2885	-23.6421
2018	 11	  23	 55	 10.9965	  0.0000	1599.4817	    1.7779	  1.0632	  4.7333	  0.0000	   0.0000	   0.0000	   0.0000	-450.0000	-450.0000	-450.0000	 -1.4000	  2.5000	 10.7500	   4.0000	   1.0000	   4.0000	  0.3000	  0.6000	  0.1000	  0.1600	  0.1000	   0.0000	   0.0000	   0.0000	   0.0000	   0.0000	   0.0000	   0.0000	   0.0000	   0.0000	  0.6152	  0.0000	        0.0000	        0.0000	        0.0000	        0.0000	        0.0000	        0.0000	        0.0000	  0.4309	  0.2885	-23.6421
2018	 12	  23	 55	 11.9965	  0.0000	1434.0624	   -0.0421	  0.8421	  0.0000	  1.0000	   0.0000	   0.0000	   0.0000	-450.0000	-450.0000	-450.0000	 -1.4000	  1.0000	  9.2500	   4.0000	   1.0000	   4.0000	  0.3000	  0.6000	  0.1000	  0.1600	  0.1000	   0.0000	   0.0000	   0.0000	   0.0000	   0.0000	   0.0000	   0.0000	   0.0000	   0.0000	  0.6152	  0.0000	        0.0000	        0.0000	        0.0000	        0.0000	        0.0000	        0.0000	        0.0000	  0.4309	  0.2885	-23.6421
2018	 13	  23	 55	 12.9965	  0.0000	1321.7359	   -0.9819	  0.4773	  0.0000	  2.0000	   0.0000	   0.0000	   0.0000	-450.0000	-450.0000	-450.0000	 -1.4000	 -0.3000	 11.2500	   4.0000	   1.0000	   4.0000	  0.3000	  0.6000	  0.1000	  0.1600	  0.1000	   0.0000	   0.0000	   0.0000	   0.0000	   0.0000	   0.0000	   0.0000	   0.0000	   0.0000	  0.6152	  0.0000	        0.0000	        0.0000	        0.0000	        0.0000	        0.0000	        0.0000	        0.0000	  0.4309	  0.2885	-23.6421
2018	 14	  23	 55	 13.9965	  0.0000	  8.0021	   -0.0147	  0.0053	  0.0000	  4.0000	   0.0000	   0.0000	   0.0000	-450.0000	-450.0000	-450.0000	 -2.3750	 -0.9000	 10.0833	   4.0000	   1.0000	   4.0000	  0.3000	  0.6000	  0.1000	  0.1600	  0.1000	   0.0000	   0.0000	   0.0000	   0.0000	   0.0000	   0.0000	   0.0000	   0.0000	   0.0000	  0.6152	  0.0000	        0.0000	        0.0000	        0.0000	        0.0000	        0.0000	        0.0000	        0.0000	  0.4309	  0.2885	-23.6421
2018	 15	  23	 55	 14.9965	  0.0000	1290.4259	   -0.9643	 -0.1886	  6.7000	  0.0000	   0.0000	   0.0000	   0.0000	-450.0000	-450.0000	-450.0000	 -2.4000	  0.5917	  7.4167	   4.0000	   1.0000	   4.0000	  0.3000	  0.6000	  0.1000	  0.1600	  0.1000	   0.0000	   0.0000	   0.0000	   0.0000	   0.0000	   0.0000	   0.0000	   0.0000	   0.0000	  0.6152	  0.0000	        0.0000	        0.0000	        0.0000	        0.0000	        0.0000	        0.0000	        0.0000	  0.4309	  0.2885	-23.6421
2018	 16	  23	 55	 15.9965	  0.0000	1369.5182	    1.5496	  0.1590	 15.2500	  0.0000	   0.0000	   0.0000	   0.0000	-450.0000	-450.0000	-450.0000	  0.6000	  2.0000	  8.1667	   4.0000	   1.0000	   4.0000	  0.3000	  0.6000	  0.1000	  0.1600	  0.1000	   0.0000	   0.0000	   0.0000	   0.0000	   0.0000	   0.0000	   0.0000	   0.0000	   0.0000	  0.6152	  0.0000	        0.0000	        0.0000	        0.0000	        0.0000	        0.0000	        0.0000	        0.0000	  0.4309	  0.2885	-23.6421
2018	 17	  23	 55	 16.9965	  0.0000	1754.9850	    0.6435	  0.2559	  5.3000	  0.0000	   0.0000	   0.0000	   0.0000	-450.0000	-450.0000	-450.0000	 -1.4000	  1.4000	 14.9167	   4.0000	   1.0000	   4.0000	  0.3000	  0.6000	  0.1000	  0.1600	  0.1000	   0.0000	   0.0000	   0.0000	   0.0000	   0.0000	   0.0000	   0.0000	   0.0000	   0.0000	  0.6152	  0.0000	        0.0000	        0.0000	        0.0000	        0.0000	        0.0000	        0.0000	        0.0000	  0.4309	  0.2885	-23.6421
2018	 18	  23	 55	 17.9965	  0.0000	1614.1795	   -0.9285	  0.0190	  1.2000	  0.0000	   0.0000	   0.0000	   0.0000	-450.0000	-450.0000	-450.0000	 -2.3000	  0.0010	 13.5833	   4.0000	   1.0000	   4.0000	  0.3000	  0.6000	  0.1000	  0.1600	  0.1000	   0.0000	   0.0000	   0.0000	   0.0000	   0.0000	   0.0000	   0.0000	   0.0000	   0.0000	  0.6152	  0.0000	        0.0000	        0.0000	        0.0000	        0.0000	        0.0000	        0.0000	        0.0000	  0.4309	  0.2885	-23.6421
2018	 19	  23	 55	 18.9965	  0.0000	1730.8792	   -2.5773	 -0.5002	  0.0000	  1.0000	   0.0000	   0.0000	   0.0000	-450.0000	-450.0000	-450.0000	 -2.9000	 -0.6000	 20.3333	   4.0000	   1.0000	   4.0000	  0.3000	  0.6000	  0.1000	  0.1600	  0.1000	   0.0000	   0.0000	   0.0000	   0.0000	   0.0000	   0.0000	   0.0000	   0.0000	   0.0000	  0.6152	  0.0000	        0.0000	        0.0000	        0.0000	        0.0000	        0.0000	        0.0000	        0.0000	  0.4309	  0.2885	-23.6421
2018	 20	  23	 55	 19.9965	  0.0000	1270.4101	   -0.0951	 -0.4192	  0.4750	  0.0000	   0.0000	   0.0000	   0.0000	-450.0000	-450.0000	-450.0000	 -0.8000	  0.5000	 10.6667	   4.0000	   1.0000	   4.0000	  0.3000	  0.6000	  0.1000	  0.1600	  0.1000	   0.0000	   0.0000	   0.0000	   0.0000	   0.0000	   0.0000	   0.0000	   0.0000	   0.0000	  0.6152	  0.0000	        0.0000	        0.0000	        0.0000	        0.0000	        0.0000	        0.0000	        0.0000	  0.4309	  0.2885	-23.6421
2018	 21	  23	 55	 20.9965	  0.0000	  3.5049	   -0.0076	 -0.5175	  0.0000	  3.0000	   0.0000	   0.0000	   0.0000	-450.0000	-450.0000	-450.0000	 -3.5000	 -0.1000	 13.9167	   4.0000	   1.0000	   4.0000	  0.3000	  0.6000	  0.1000	  0.1600	  0.1000	   0.0000	   0.0000	   0.0000	   0.0000	   0.0000	   0.0000	   0.0000	   0.0000	   0.0000	  0.6152	  0.0000	        0.0000	        0.0000	        0.0000	        0.0000	        0.0000	        0.0000	        0.0000	  0.4309	  0.2885	-23.6421
2018	 22	  23	 55	 21.9965	  0.0000	1376.0847	   -2.3265	 -0.8793	  0.0000	  4.0000	   0.0000	   0.0000	   0.0000	-450.0000	-450.0000	-450.0000	 -2.5000	 -0.8000	 14.5000	   4.0000	   1.0000	   4.0000	  0.3000	  0.6000	  0.1000	  0.1600	  0.1000	   0.0000	   0.0000	   0.0000	   0.0000	   0.0000	   0.0000	   0.0000	   0.0000	   0.0000	  0.6152	  0.0000	        0.0000	        0.0000	        0.0000	        0.0000	        0.0000	        0.0000	        0.0000	  0.4309	  0.2885	-23.6421
2018	 23	  23	 55	 22.9965	  0.0000	1405.4212	   -0.8367	 -0.8707	 11.0417	  0.0000	   0.0000	   0.0000	   0.0000	-450.0000	-450.0000	-450.0000	 -2.9000	  2.9500	 12.9167	   4.0000	   1.0000	   4.0000	  0.3000	  0.6000	  0.1000	  0.1600	  0.1000	   0.0000	   0.0000	   0.0000	   0.0000	   0.0000	   0.0000	   0.0000	   0.0000	   0.0000	  0.6152	  0.0000	        0.0000	        0.0000	        0.0000	        0.0000	        0.0000	        0.0000	        0.0000	  0.4309	  0.2885	-23.6421
2018	 24	  23	 55	 23.9965	  0.0000	1683.5279	    9.2457	  1.1525	 20.6833	  0.0000	   0.4000	   0.4000	   0.4000	-450.0000	-450.0000	-450.0000	  3.0000	  7.8000	 13.2500	   4.0004	   1.0008	   4.0004	  0.3001	  0.5999	  0.1000	  0.1600	  0.1000	   0.0000	   0.0000	   0.0000	   0.0000	   0.0000	   0.0000	   0.0000	   0.0000	   0.0000	  0.6153	  0.0000	        0.0000	        0.0000	        0.0000	        0.0000	        0.0000	        0.0000	        0.0000	  0.4309	  0.2885	-23.6421
2018	 25	  23	 55	 24.9965	  0.0000	1634.3443	    8.7938	  2.6808	  7.0417	  0.0000	   0.4500	   0.4500	   0.4500	-450.0000	-450.0000	-450.0000	  3.8000	  6.3000	 15.7500	   4.0009	   1.0017	   4.0009	  0.3002	  0.5998	  0.1000	  0.1600	  0.1000	   0.0000	   0.0000	   0.0000	   0.0000	   0.0000	   0.0000	   0.0000	   0.0000	   0.0000	  0.6155	  0.0000	        0.0000	        0.0000	        0.0000	        0.0000	        0.0000	        0.0000	        0.0000	  0.4309	  0.2885	-23.6421
2018	 26	  23	 55	 25.9965	  0.0000	  3.5186	    0.0070	  2.1551	  0.1250	  0.0000	   0.0000	   0.0000	   0.0000	-450.0000	-450.0000	-450.0000	  1.9667	  4.8000	 14.8333	   4.0009	   1.0017	   4.0009	  0.3002	  0.5998	  0.1000	  0.1600	  0.1000	   0.0000	   0.0000	   0.0000	   0.0000	   0.0000	   0.0000	   0.0000	   0.0000	   0.0000	  0.6155	  0.0000	        0.0000	        0.0000	        0.0000	        0.0000	        0.0000	        0.0000	        0.0000	  0.4309	  0.2885	-23.6421
2018	 27	  23	 55	 26.9965	  0.0000	2133.7454	    3.4737	  2.4188	 14.4667	  0.0000	   0.0000	   0.0000	   0.0000	-450.0000	-450.0000	-450.0000	 -0.3000	  3.6000	 22.1667	   4.0009	   1.0017	   4.0009	  0.3002	  0.5998	  0.1000	  0.1600	  0.1000	   0.0000	   0.0000	   0.0000	   0.0000	   0.0000	   0.0000	   0.0000	   0.0000	   0.0000	  0.6155	  0.0000	        0.0000	        0.0000	        0.0000	        0.0000	        0.0000	        0.0000	        0.0000	  0.4309	  0.2885	-23.6421
2018	 28	  23	 55	 27.9965	  0.0000	1815.9951	    9.4411	  3.8233	 12.3333	  0.0000	   0.0000	   0.0000	   0.0000	-450.0000	-450.0000	-450.0000	  1.4000	  7.1000	 15.6667	   4.0009	   1.0017	   4.0009	  0.3002	  0.5998	  0.1000	  0.1600	  0.1000	   0.0000	   0.0000	   0.0000	   0.0000	   0.0000	   0.0000	   0.0000	   0.0000	   0.0000	  0.6155	  0.0000	        0.0000	        0.0000	        0.0000	        0.0000	        0.0000	        0.0000	        0.0000	  0.4309	  0.2885	-23.6421
2018	 29	  23	 55	 28.9965	  0.0000	  9.2748	    0.0330	  3.5619	 12.1250	  0.0000	   0.0000	   0.0000	   0.0000	-450.0000	-450.0000	-450.0000	  2.5500	  6.6000	 14.0833	   4.0009	   1.0017	   4.0009	  0.3002	  0.5998	  0.1000	  0.1600	  0.1000	   0.0000	   0.0000	   0.0000	   0.0000	   0.0000	   0.0000	   0.0000	   0.0000	   0.0000	  0.6155	  0.0000	        0.0000	        0.0000	        0.0000	        0.0000	        0.0000	        0.0000	        0.0000	  0.4309	  0.2885	-23.6421
2018	 30	  23	 55	 29.9965	  0.0000	1713.3467	    4.2561	  3.7008	  0.3000	  0.0000	   0.0000	   0.0000	   0.0000	-450.0000	-450.0000	-450.0000	 -0.3000	  4.1000	 17.7500	   4.0009	   1.0017	   4.0009	  0.3002	  0.5998	  0.1000	  0.1600	  0.1000	   0.0000	   0.0000	   0.0000	   0.0000	   0.0000	   0.0000	   0.0000	   0.0000	   0.0000	  0.6155	  0.0000	        0.0000	        0.0000	        0.0000	        0.0000	        0.0000	        0.0000	        0.0000	  0.4309	  0.2885	-23.6421
2018	 31	  23	 55	 30.9965	  0.0000	1476.2749	    3.8812	  3.7369	 12.8417	  0.0000	   0.0000	   0.0000	   0.0000	-450.0000	-450.0000	-450.0000	  1.5000	  3.9000	 10.0833	   4.0009	   1.0017	   4.0009	  0.3002	  0.5998	  0.1000	  0.1600	  0.1000	   0.0000	   0.0000	   0.0000	   0.0000	   0.0000	   0.0000	   0.0000	   0.0000	   0.0000	  0.6155	  0.0000	        0.0000	        0.0000	        0.0000	        0.0000	        0.0000	        0.0000	        0.0000	  0.4309	  0.2885	-23.6421
2018	 32	  23	 55	 31.9965	  0.0000	  9.7331	    0.0183	  3.0054	  8.2333	  0.0000	   0.0000	   0.0000	   0.0000	-450.0000	-450.0000	-450.0000	  1.2000	  3.1000	 18.7500	   4.0009	   1.0017	   4.0009	  0.3002	  0.5998	  0.1000	  0.1600	  0.1000	   0.0000	   0.0000	   0.0000	   0.0000	   0.0000	   0.0000	   0.0000	   0.0000	   0.0000	  0.6155	  0.0000	        0.0000	        0.0000	        0.0000	        0.0000	        0.0000	        0.0000	        0.0000	  0.4309	  0.2885	-23.6421
2018	 33	  23	 55	 32.9965	  0.0000	1486.0533	   -3.7447	  1.6554	  1.1750	  0.0000	   0.0000	   0.0000	   0.0000	-450.0000	-450.0000	-450.0000	 -4.8917	  1.4000	 13.0833	   4.0009	   1.0017	   4.0009	  0.3002	  0.5998	  0.1000	  0.1600	  0.1000	   0.0000	   0.0000	   0.0000	   0.0000	   0.0000	   0.0000	   0.0000	   0.0000	   0.0000	  0.6155	  0.0000	        0.0000	        0.0000	        0.0000	        0.0000	        0.0000	        0.0000	        0.0000	  0.4309	  0.2885	-23.6421
2018	 34	  23	 55	 33.9965	  0.0000	1383.1342	   -5.7195	  0.1804	  0.5833	  0.0000	   0.0000	   0.0000	   0.0000	-450.0000	-450.0000	-450.0000	 -5.4000	 -2.8000	 15.5000	   4.0009	   1.0017	   4.0009	  0.3002	  0.5998	  0.1000	  0.1600	  0.1000	   0.0000	   0.0000	   0.0000	   0.0000	   0.0000	   0.0000	   0.0000	   0.0000	   0.0000	  0.6155	  0.0000	        0.0000	        0.0000	        0.0000	        0.0000	        0.0000	        0.0000	        0.0000	  0.4309	  0.2885	-23.6421
2018	 35	  23	 55	 34.9965	  0.0000	  8.7353	   -0.0456	 -0.8745	  0.0000	  2.0000	   0.0000	   0.0000	   0.0000	-450.0000	-450.0000	-450.0000	 -6.9667	 -2.7000	 15.5000	   4.0009	   1.0017	   4.0009	  0.3002	  0.5998	  0.1000	  0.1600	  0.1000	   0.0000	   0.0000	   0.0000	   0.0000	   0.0000	   0.0000	   0.0000	   0.0000	   0.0000	  0.6155	  0.0000	        0.0000	        0.0000	        0.0000	        0.0000	        0.0000	        0.0000	        0.0000	  0.4309	  0.2885	-23.6421
2018	 36	  23	 55	 35.9965	  0.0000	 12.9060	   -0.0956	 -3.6773	  0.0000	  4.0000	   0.0000	   0.0000	   0.0000	-450.0000	-450.0000	-450.0000	 -9.8000	 -3.8000	 31.0833	   4.0009	   1.0017	   4.0009	  0.3002	  0.5998	  0.1000	  0.1600	  0.1000	   0.0000	   0.0000	   0.0000	   0.0000	   0.0000	   0.0000	   0.0000	   0.0000	   0.0000	  0.6155	  0.0000	        0.0000	        0.0000	        0.0000	        0.0000	        0.0000	        0.0000	        0.0000	  0.4309	  0.2885	-23.6421
2018	 37	  23	 55	 36.9965	  0.0000	1831.5236	   -6.3579	 -4.2134	  5.4083	  0.0000	   0.0000	   0.0000	   0.0000	-450.0000	-450.0000	-450.0000	 -8.0000	 -1.5000	 17.3333	   4.0009	   1.0017	   4.0009	  0.3002	  0.5998	  0.1000	  0.1600	  0.1000	   0.0000	   0.0000	   0.0000	   0.0000	   0.0000	   0.0000	   0.0000	   0.0000	   0.0000	  0.6155	  0.0000	        0.0000	        0.0000	        0.0000	        0.0000	        0.0000	        0.0000	        0.0000	  0.4309	  0.2885	-23.6421
2018	 38	  23	 55	 37.9965	  0.0000	  9.7004	   -0.0023	 -2.8877	  1.7000	  0.0000	   0.0000	   0.0000	   0.0000	-450.0000	-450.0000	-450.0000	 -2.7000	  1.0000	 19.2500	   4.0009	   1.0017	   4.0009	  0.3002	  0.5998	  0.1000	  0.1600	  0.1000	   0.0000	   0.0000	   0.0000	   0.0000	   0.0000	   0.0000	   0.0000	   0.0000	   0.0000	  0.6155	  0.0000	        0.0000	        0.0000	        0.0000	        0.0000	        0.0000	        0.0000	        0.0000	  0.4309	  0.2885	-23.6421
2018	 39	  23	 55	 38.9965	  0.0000	1859.4846	    0.7181	 -2.1666	  3.0667	  0.0000	   0.0000	   0.0000	   0.0000	-450.0000	-450.0000	-450.0000	 -0.7000	  1.8000	 20.3333	   4.0009	   1.0017	   4.0009	  0.3002	  0.5998	  0.1000	  0.1600	  0.1000	   0.0000	   0.0000	   0.0000	   0.0000	   0.0000	   0.0000	   0.0000	   0.0000	   0.0000	  0.6155	  0.0000	        0.0000	        0.0000	        0.0000	        0.0000	        0.0000	        0.0000	        0.0000	  0.4309	  0.2885	-23.6421
2018	 40	  23	 55	 39.9965	  0.0000	1628.3691	   -0.6622	 -1.8657	  0.0000	  1.0000	   0.0000	   0.0000	   0.0000	-450.0000	-450.0000	-450.0000	 -1.9000	  0.7000	 21.6667	   4.0009	   1.0017	   4.0009	  0.3002	  0.5998	  0.1000	  0.1600	  0.1000	   0.0000	   0.0000	   0.0000	   0.0000	   0.0000	   0.0000	   0.0000	   0.0000	   0.0000	  0.6155	  0.0000	        0.0000	        0.0000	        0.0000	        0.0000	        0.0000	        0.0000	        0.0000	  0.4309	  0.2885	-23.6421
2018	 41	  23	 55	 40.9965	  0.0000	1498.8986	   -1.3418	 -1.7609	  0.0000	  2.0000	   0.0000	   0.0000	   0.0000	-450.0000	-450.0000	-450.0000	 -2.4000	  0.1000	 16.7500	   4.0009	   1.0017	   4.0009	  0.3002	  0.5998	  0.1000	  0.1600	  0.1000	   0.0000	   0.0000	   0.0000	   0.0000	   0.0000	   0.0000	   0.0000	   0.0000	   0.0000	  0.6155	  0.0000	        0.0000	        0.0000	        0.0000	        0.0000	        0.0000	        0.0000	        0.0000	  0.4309	  0.2885	-23.6421
2018	 42	  23	 55	 41.9965	  0.0000	1521.1064	   -0.0190	 -1.4126	  4.6333	  0.0000	   0.0000	   0.0000	   0.0000	-450.0000	-450.0000	-450.0000	 -1.4000	  1.4000	 18.9167	   4.0009	   1.0017	   4.0009	  0.3002	  0.5998	  0.1000	  0.1600	  0.1000	   0.0000	   0.0000	   0.0000	   0.0000	   0.0000	   0.0000	   0.0000	   0.0000	   0.0000	  0.6155	  0.0000	        0.0000	        0.0000	        0.0000	        0.0000	        0.0000	        0.0000	        0.0000	  0.4309	  0.2885	-23.6421
2018	 43	  23	 55	 42.9965	  0.0000	1142.9627	    1.2484	 -0.8804	 16.9083	  0.0000	   0.0000	   0.0000	   0.0000	-450.0000	-450.0000	-450.0000	  0.7000	  1.5000	 11.2500	   4.0009	   1.0017	   4.0009	  0.3002	  0.5998	  0.1000	  0.1600	  0.1000	   0.0000	   0.0000	   0.0000	   0.0000	   0.0000	   0.0000	   0.0000	   0.0000	   0.0000	  0.6155	  0.0000	        0.0000	        0.0000	        0.0000	        0.0000	        0.0000	        0.0000	        0.0000	  0.4309	  0.2885	-23.6421
2018	 44	  23	 55	 43.9965	  0.0000	1752.9886	    2.1280	 -0.2787	  0.2500	  0.0000	   0.0000	   0.0000	   0.0000	-450.0000	-450.0000	-450.0000	  0.3000	  2.0000	 24.9167	   4.0009	   1.0017	   4.0009	  0.3002	  0.5998	  0.1000	  0.1600	  0.1000	   0.0000	   0.0000	   0.0000	   0.0000	   0.0000	   0.0000	   0.0000	   0.0000	   0.0000	  0.6155	  0.0000	        0.0000	        0.0000	        0.0000	        0.0000	        0.0000	        0.0000	        0.0000	  0.4309	  0.2885	-23.6421
2018	 45	  23	 55	 44.9965	  0.0000	1940.7789	    1.9531	  0.1677	  0.0000	  1.0000	   0.0000	   0.0000	   0.0000	-450.0000	-450.0000	-450.0000	 -0.8833	  2.8000	 27.9167	   4.0009	   1.0017	   4.0009	  0.3002	  0.5998	  0.1000	  0.1600	  0.1000	   0.0000	   0.0000	   0.0000	   0.0000	   0.0000	   0.0000	   0.0000	   0.0000	   0.0000	  0.6155	  0.0000	        0.0000	        0.0000	        0.0000	        0.0000	        0.0000	        0.0000	        0.0000	  0.4309	  0.2885	-23.6421
2018	 46	  23	 55	 45.9965	  0.0000	1584.0954	    0.3150	  0.1971	  2.6750	  0.0000	   0.0000	   0.0000	   0.0000	-450.0000	-450.0000	-450.0000	 -1.0000	  1.5000	 18.1667	   4.0009	   1.0017	   4.0009	  0.3002	  0.5998	  0.1000	  0.1600	  0.1000	   0.0000	   0.0000	   0.0000	   0.0000	   0.0000	   0.0000	   0.0000	   0.0000	   0.0000	  0.6155	  0.0000	        0.0000	        0.0000	        0.0000	        0.0000	        0.0000	        0.0000	        0.0000	  0.4309	  0.2885	-23.6421
2018	 47	  23	 55	 46.9965	  0.0000	  3.4818	   -0.0112	  0.1347	  3.5833	  0.0000	   0.0000	   0.0000	   0.0000	-450.0000	-450.0000	-450.0000	 -3.2000	  1.9000	 28.2500	   4.0009	   1.0017	   4.0009	  0.3002	  0.5998	  0.1000	  0.1600	  0.1000	   0.0000	   0.0000	   0.0000	   0.0000	   0.0000	   0.0000	   0.0000	   0.0000	   0.0000	  0.6155	  0.0000	        0.0000	        0.0000	        0.0000	        0.0000	        0.0000	        0.0000	        0.0000	  0.4309	  0.2885	-23.6421
2018	 48	  23	 55	 47.9965	  0.0000	2642.2937	   -3.1418	 -0.5206	  0.0000	  1.0000	   0.0000	   0.0000	   0.0000	-450.0000	-450.0000	-450.0000	 -5.7000	  0.8000	 39.5000	   4.0009	   1.0017	   4.0009	  0.3002	  0.5998	  0.1000	  0.1600	  0.1000	   0.0000	   0.0000	   0.0000	   0.0000	   0.0000	   0.0000	   0.0000	   0.0000	   0.0000	  0.6155	  0.0000	        0.0000	        0.0000	        0.0000	        0.0000	        0.0000	        0.0000	        0.0000	  0.4309	  0.2885	-23.6421
2018	 49	  23	 55	 48.9965	  0.0000	1473.5915	    1.1978	 -0.1769	  4.5583	  0.0000	   0.0000	   0.0000	   0.0000	-450.0000	-450.0000	-450.0000	  0.1000	  1.5000	 18.9167	   4.0009	   1.0017	   4.0009	  0.3002	  0.5998	  0.1000	  0.1600	  0.1000	   0.0000	   0.0000	   0.0000	   0.0000	   0.0000	   0.0000	   0.0000	   0.0000	   0.0000	  0.6155	  0.0000	        0.0000	        0.0000	        0.0000	        0.0000	        0.0000	        0.0000	        0.0000	  0.4309	  0.2885	-23.6421
2018	 50	  23	 55	 49.9965	  0.0000	2097.6275	    2.1641	  0.2913	 11.1833	  0.0000	   0.0000	   0.0000	   0.0000	-450.0000	-450.0000	-450.0000	  0.3000	  1.7000	 30.0000	   4.0009	   1.0017	   4.0009	  0.3002	  0.5998	  0.1000	  0.1600	  0.1000	   0.0000	   0.0000	   0.0000	   0.0000	   0.0000	   0.0000	   0.0000	   0.0000	   0.0000	  0.6155	  0.0000	        0.0000	        0.0000	        0.0000	        0.0000	        0.0000	        0.0000	        0.0000	  0.4309	  0.2885	-23.6421
2018	 51	  23	 55	 50.9965	  0.0000	  3.4819	   -0.0112	 -0.0311	  0.6667	  0.0000	   0.0000	   0.0000	   0.0000	-450.0000	-450.0000	-450.0000	 -3.2000	  0.7000	 28.2500	   4.0009	   1.0017	   4.0009	  0.3002	  0.5998	  0.1000	  0.1600	  0.1000	   0.0000	   0.0000	   0.0000	   0.0000	   0.0000	   0.0000	   0.0000	   0.0000	   0.0000	  0.6155	  0.0000	        0.0000	        0.0000	        0.0000	        0.0000	        0.0000	        0.0000	        0.0000	  0.4309	  0.2885	-23.6421
2018	 52	  23	 55	 51.9965	  0.0000	  3.5028	   -0.0193	 -0.5978	  1.5000	  0.0000	   0.0000	   0.0000	   0.0000	-450.0000	-450.0000	-450.0000	 -5.5083	  0.0010	 22.8333	   4.0009	   1.0017	   4.0009	  0.3002	  0.5998	  0.1000	  0.1600	  0.1000	   0.0000	   0.0000	   0.0000	   0.0000	   0.0000	   0.0000	   0.0000	   0.0000	   0.0000	  0.6155	  0.0000	        0.0000	        0.0000	        0.0000	        0.0000	        0.0000	        0.0000	        0.0000	  0.4309	  0.2885	-23.6421
2018	 53	  23	 55	 52.9965	  0.0000	  3.4681	   -0.0250	 -1.8350	  0.0000	  4.0000	   0.0000	   0.0000	   0.0000	-450.0000	-450.0000	-450.0000	 -9.7000	 -2.0000	 38.0833	   4.0009	   1.0017	   4.0009	  0.3002	  0.5998	  0.1000	  0.1600	  0.1000	   0.0000	   0.0000	   0.0000	   0.0000	   0.0000	   0.0000	   0.0000	   0.0000	   0.0000	  0.6155	  0.0000	        0.0000	        0.0000	        0.0000	        0.0000	        0.0000	        0.0000	        0.0000	  0.4309	  0.2885	-23.6421
2018	 54	  23	 55	 53.9965	  0.0000	  3.5083	   -0.0110	 -1.7202	  0.0000	  7.0000	   0.0000	   0.0000	   0.0000	-450.0000	-450.0000	-450.0000	 -7.2000	 -0.2000	 22.8333	   4.0009	   1.0017	   4.0009	  0.3002	  0.5998	  0.1000	  0.1600	  0.1000	   0.0000	   0.0000	   0.0000	   0.0000	   0.0000	   0.0000	   0.0000	   0.0000	   0.0000	  0.6155	  0.0000	        0.0000	        0.0000	        0.0000	        0.0000	        0.0000	        0.0000	        0.0000	  0.4309	  0.2885	-23.6421
2018	 55	  23	 55	 54.9965	  0.0000	2389.2999	  -12.4771	 -3.8716	  0.0000	  8.0000	   0.0000	   0.0000	   0.0000	-450.0000	-450.0000	-450.0000	 -7.5000	 -2.7000	 36.2500	   4.0009	   1.0017	   4.0009	  0.3002	  0.5998	  0.1000	  0.1600	  0.1000	   0.0000	   0.0000	   0.0000	   0.0000	   0.0000	   0.0000	   0.0000	   0.0000	   0.0000	  0.6155	  0.0000	        0.0000	        0.0000	        0.0000	        0.0000	        0.0000	        0.0000	        0.0000	  0.4309	  0.2885	-23.6421
2018	 56	  23	 55	 55.9965	  0.0000	2090.0425	  -15.8635	 -6.2700	  0.2750	  0.0000	   0.0000	   0.0000	   0.0000	-450.0000	-450.0000	-450.0000	-10.1000	 -5.5000	 29.2500	   4.0009	   1.0017	   4.0009	  0.3002	  0.5998	  0.1000	  0.1600	  0.1000	   0.0000	   0.0000	   0.0000	   0.0000	   0.0000	   0.0000	   0.0000	   0.0000	   0.0000	  0.6155	  0.0000	        0.0000	        0.0000	        0.0000	        0.0000	        0.0000	        0.0000	        0.0000	  0.4309	  0.2885	-23.6421
2018	 57	  23	 55	 56.9965	  0.0000	2103.7740	  -16.0552	 -8.2270	  0.0000	  1.0000	   0.0000	   0.0000	   0.0000	-450.0000	-450.0000	-450.0000	-11.2000	 -4.7000	 35.0000	   4.0009	   1.0017	   4.0009	  0.3002	  0.5998	  0.1000	  0.1600	  0.1000	   0.0000	   0.0000	   0.0000	   0.0000	   0.0000	   0.0000	   0.0000	   0.0000	   0.0000	  0.6155	  0.0000	        0.0000	        0.0000	        0.0000	        0.0000	        0.0000	        0.0000	        0.0000	  0.4309	  0.2885	-23.6421
2018	 58	  23	 55	 57.9965	  0.0000	1837.3944	  -17.8913	-10.1599	  0.0000	  2.0000	   0.0000	   0.0000	   0.0000	-450.0000	-450.0000	-450.0000	-13.7750	 -6.9000	 24.1667	   4.0009	   1.0017	   4.0009	  0.3002	  0.5998	  0.1000	  0.1600	  0.1000	   0.0000	   0.0000	   0.0000	   0.0000	   0.0000	   0.0000	   0.0000	   0.0000	   0.0000	  0.6155	  0.0000	        0.0000	        0.0000	        0.0000	        0.0000	        0.0000	        0.0000	        0.0000	  0.4309	  0.2885	-23.6421
2018	 59	  23	 55	 58.9965	  0.0000	2058.0010	  -23.5391	-12.8357	  0.3500	  0.0000	   0.0000	   0.0000	   0.0000	-450.0000	-450.0000	-450.0000	-14.6000	 -8.5000	 32.1667	   4.0009	   1.0017	   4.0009	  0.3002	  0.5998	  0.1000	  0.1600	  0.1000	   0.0000	   0.0000	   0.0000	   0.0000	   0.0000	   0.0000	   0.0000	   0.0000	   0.0000	  0.6155	  0.0000	        0.0000	        0.0000	        0.0000	        0.0000	        0.0000	        0.0000	        0.0000	  0.4309	  0.2885	-23.6421
2018	 60	  23	 55	 59.9965	  0.0000	2065.8558	  -19.1651	-14.1016	  0.0000	  1.0000	   0.0000	   0.0000	   0.0000	-450.0000	-450.0000	-450.0000	-13.4000	 -5.8000	 33.0833	   4.0009	   1.0017	   4.0009	  0.3002	  0.5998	  0.1000	  0.1600	  0.1000	   0.0000	   0.0000	   0.0000	   0.0000	   0.0000	   0.0000	   0.0000	   0.0000	   0.0000	  0.6155	  0.0000	        0.0000	        0.0000	        0.0000	        0.0000	        0.0000	        0.0000	        0.0000	  0.4309	  0.2885	-23.6421
2018	 61	  23	 55	 60.9965	  0.0000	1788.5014	  -11.0909	-13.4995	  1.2083	  0.0000	   0.0000	   0.0000	   0.0000	-450.0000	-450.0000	-450.0000	 -8.9000	 -4.0000	 26.9167	   4.0009	   1.0017	   4.0009	  0.3002	  0.5998	  0.1000	  0.1600	  0.1000	   0.0000	   0.0000	   0.0000	   0.0000	   0.0000	   0.0000	   0.0000	   0.0000	   0.0000	  0.6155	  0.0000	        0.0000	        0.0000	        0.0000	        0.0000	        0.0000	        0.0000	        0.0000	  0.4309	  0.2885	-23.6421
2018	 62	  23	 55	 61.9965	  0.0000	1934.6199	   -7.6867	-12.3369	  0.0000	  1.0000	   0.0000	   0.0000	   0.0000	-450.0000	-450.0000	-450.0000	 -6.2833	 -2.0000	 26.6667	   4.0009	   1.0017	   4.0009	  0.3002	  0.5998	  0.1000	  0.1600	  0.1000	   0.0000	   0.0000	   0.0000	   0.0000	   0.0000	   0.0000	   0.0000	   0.0000	   0.0000	  0.6155	  0.0000	        0.0000	        0.0000	        0.0000	        0.0000	        0.0000	        0.0000	        0.0000	  0.4309	  0.2885	-23.6421
2018	 63	  23	 55	 62.9965	  0.0000	2136.1709	   -8.0242	-11.4744	  0.0000	  2.0000	   0.0000	   0.0000	   0.0000	-450.0000	-450.0000	-450.0000	 -6.9000	 -1.4000	 32.9167	   4.0009	   1.0017	   4.0009	  0.3002	  0.5998	  0.1000	  0.1600	  0.1000	   0.0000	   0.0000	   0.0000	   0.0000	   0.0000	   0.0000	   0.0000	   0.0000	   0.0000	  0.6155	  0.0000	        0.0000	        0.0000	        0.0000	        0.0000	        0.0000	        0.0000	        0.0000	  0.4309	  0.2885	-23.6421
2018	 64	  23	 55	 63.9965	  0.0000	1753.6331	   -4.1892	-10.0173	  6.1333	  0.0000	   0.0000	   0.0000	   0.0000	-450.0000	-450.0000	-450.0000	 -4.4000	 -1.1000	 23.4167	   4.0009	   1.0017	   4.0009	  0.3002	  0.5998	  0.1000	  0.1600	  0.1000	   0.0000	   0.0000	   0.0000	   0.0000	   0.0000	   0.0000	   0.0000	   0.0000	   0.0000	  0.6155	  0.0000	        0.0000	        0.0000	        0.0000	        0.0000	        0.0000	        0.0000	        0.0000	  0.4309	  0.2885	-23.6421
2018	 65	  23	 55	 64.9965	  0.0000	2068.3128	    0.6961	 -7.8747	  4.0000	  0.0000	   0.0000	   0.0000	   0.0000	-450.0000	-450.0000	-450.0000	 -2.1000	  1.7000	 29.0833	   4.0009	   1.0017	   4.0009	  0.3002	  0.5998	  0.1000	  0.1600	  0.1000	   0.0000	   0.0000	   0.0000	   0.0000	   0.0000	   0.0000	   0.0000	   0.0000	   0.0000	  0.6155	  0.0000	        0.0000	        0.0000	        0.0000	        0.0000	        0.0000	        0.0000	        0.0000	  0.4309	  0.2885	-23.6421
2018	 66	  23	 55	 65.9965	  0.0000	2370.7032	    3.7346	 -5.5528	  0.0000	  1.0000	   0.0000	   0.0000	   0.0000	-450.0000	-450.0000	-450.0000	 -0.6667	  3.7000	 38.5833	   4.0009	   1.0017	   4.0009	  0.3002	  0.5998	  0.1000	  0.1600	  0.1000	   0.0000	   0.0000	   0.0000	   0.0000	   0.0000	   0.0000	   0.0000	   0.0000	   0.0000	  0.6155	  0.0000	        0.0000	        0.0000	        0.0000	        0.0000	        0.0000	        0.0000	        0.0000	  0.4309	  0.2885	-23.6421
2018	 67	  23	 55	 66.9965	  0.0000	  3.5007	   -0.0187	 -3.2578	  5.3750	  0.0000	   0.0000	   0.0000	   0.0000	-450.0000	-450.0000	-450.0000	 -5.3250	 -0.1000	 29.0000	   4.0009	   1.0017	   4.0009	  0.3002	  0.5998	  0.1000	  0.1600	  0.1000	   0.0000	   0.0000	   0.0000	   0.0000	   0.0000	   0.0000	   0.0000	   0.0000	   0.0000	  0.6155	  0.0000	        0.0000	        0.0000	        0.0000	        0.0000	        0.0000	        0.0000	        0.0000	  0.4309	  0.2885	-23.6421
2018	 68	  23	 55	 67.9965	  0.0000	2332.8003	   -6.3217	 -3.8706	  0.0000	  1.0000	   0.0000	   0.0000	   0.0000	-450.0000	-450.0000	-450.0000	 -6.1000	 -0.7000	 32.5833	   4.0009	   1.0017	   4.0009	  0.3002	  0.5998	  0.1000	  0.1600	  0.1000	   0.0000	   0.0000	   0.0000	   0.0000	   0.0000	   0.0000	   0.0000	   0.0000	   0.0000	  0.6155	  0.0000	        0.0000	        0.0000	        0.0000	        0.0000	        0.0000	        0.0000	        0.0000	  0.4309	  0.2885	-23.6421
2018	 69	  23	 55	 68.9965	  0.0000	 14.1564	   -0.0459	 -4.0708	  0.0000	  3.0000	   0.0000	   0.0000	   0.0000	-450.0000	-450.0000	-450.0000	 -9.5000	  0.9000	 48.0833	   4.0009	   1.0017	   4.0009	  0.3002	  0.5998	  0.1000	  0.1600	  0.1000	   0.0000	   0.0000	   0.0000	   0.0000	   0.0000	   0.0000	   0.0000	   0.0000	   0.0000	  0.6155	  0.0000	        0.0000	        0.0000	        0.0000	        0.0000	        0.0000	        0.0000	        0.0000	  0.4309	  0.2885	-23.6421
2018	 70	  23	 55	 69.9965	  0.0000	1834.0007	   -0.4000	 -3.3367	 15.7250	  0.0000	   0.0000	   0.0000	   0.0000	-450.0000	-450.0000	-450.0000	 -3.3000	  1.7917	 27.8333	   4.0009	   1.0017	   4.0009	  0.3002	  0.5998	  0.1000	  0.1600	  0.1000	   0.0000	   0.0000	   0.0000	   0.0000	   0.0000	   0.0000	   0.0000	   0.0000	   0.0000	  0.6155	  0.0000	        0.0000	        0.0000	        0.0000	        0.0000	        0.0000	        0.0000	        0.0000	  0.4309	  0.2885	-23.6421
2018	 71	  23	 55	 70.9965	  0.0000	2348.8699	    6.2671	 -1.4159	  2.3833	  0.0000	   0.0000	   0.0000	   0.0000	-450.0000	-450.0000	-450.0000	  1.2083	  4.4000	 35.7500	   4.0009	   1.0017	   4.0009	  0.3002	  0.5998	  0.1000	  0.1600	  0.1000	   0.0000	   0.0000	   0.0000	   0.0000	   0.0000	   0.0000	   0.0000	   0.0000	   0.0000	  0.6155	  0.0000	        0.0000	        0.0000	        0.0000	        0.0000	        0.0000	        0.0000	        0.0000	  0.4309	  0.2885	-23.6421
2018	 72	  23	 55	 71.9965	  0.0000	  8.4486	    0.0073	 -0.6067	  0.0000	  2.0000	   0.0000	   0.0000	   0.0000	-450.0000	-450.0000	-450.0000	  0.2250	  1.8000	 18.8333	   4.0009	   1.0017	   4.0009	  0.3002	  0.5998	  0.1000	  0.1600	  0.1000	   0.0000	   0.0000	   0.0000	   0.0000	   0.0000	   0.0000	   0.0000	   0.0000	   0.0000	  0.6155	  0.0000	        0.0000	        0.0000	        0.0000	        0.0000	        0.0000	        0.0000	        0.0000	  0.4309	  0.2885	-23.6421
2018	 73	  23	 55	 72.9965	  0.0000	2209.9860	   -0.3450	 -0.5544	  0.0000	  3.0000	   0.0000	   0.0000	   0.0000	-450.0000	-450.0000	-450.0000	 -2.9750	  1.6000	 32.6667	   4.0009	   1.0017	   4.0009	  0.3002	  0.5998	  0.1000	  0.1600	  0.1000	   0.0000	   0.0000	   0.0000	   0.0000	   0.0000	   0.0000	   0.0000	   0.0000	   0.0000	  0.6155	  0.0000	        0.0000	        0.0000	        0.0000	        0.0000	        0.0000	        0.0000	        0.0000	  0.4309	  0.2885	-23.6421
2018	 74	  23	 55	 73.9965	  0.0000	  9.8510	   -0.0336	 -1.0945	  0.0000	  5.0000	   0.0000	   0.0000	   0.0000	-450.0000	-450.0000	-450.0000	 -5.0500	 -1.1000	 25.5000	   4.0009	   1.0017	   4.0009	  0.3002	  0.5998	  0.1000	  0.1600	  0.1000	   0.0000	   0.0000	   0.0000	   0.0000	   0.0000	   0.0000	   0.0000	   0.0000	   0.0000	  0.6155	  0.0000	        0.0000	        0.0000	        0.0000	        0.0000	        0.0000	        0.0000	        0.0000	  0.4309	  0.2885	-23.6421
2018	 75	  23	 55	 74.9965	  0.0000	 11.7916	   -0.0699	 -2.7473	  0.0000	  7.0000	   0.0000	   0.0000	   0.0000	-450.0000	-450.0000	-450.0000	 -8.6000	 -2.6000	 37.9167	   4.0009	   1.0017	   4.0009	  0.3002	  0.5998	  0.1000	  0.1600	  0.1000	   0.0000	   0.0000	   0.0000	   0.0000	   0.0000	   0.0000	   0.0000	   0.0000	   0.0000	  0.6155	  0.0000	        0.0000	        0.0000	        0.0000	        0.0000	        0.0000	        0.0000	        0.0000	  0.4309	  0.2885	-23.6421
2018	 76	  23	 55	 75.9965	  0.0000	  3.4566	   -0.0365	 -2.7298	  0.0000	 11.0000	   0.0000	   0.0000	   0.0000	-450.0000	-450.0000	-450.0000	-10.4417	 -2.0000	 39.3333	   4.0009	   1.0017	   4.0009	  0.3002	  0.5998	  0.1000	  0.1600	  0.1000	   0.0000	   0.0000	   0.0000	   0.0000	   0.0000	   0.0000	   0.0000	   0.0000	   0.0000	  0.6155	  0.0000	        0.0000	        0.0000	        0.0000	        0.0000	        0.0000	        0.0000	        0.0000	  0.4309	  0.2885	-23.6421
2018	 77	  23	 55	 76.9965	  0.0000	3381.3347	  -19.4423	 -6.0723	  0.0000	 12.0000	   0.0000	   0.0000	   0.0000	-450.0000	-450.0000	-450.0000	-16.8000	  2.1000	 56.7500	   4.0009	   1.0017	   4.0009	  0.3002	  0.5998	  0.1000	  0.1600	  0.1000	   0.0000	   0.0000	   0.0000	   0.0000	   0.0000	   0.0000	   0.0000	   0.0000	   0.0000	  0.6155	  0.0000	        0.0000	        0.0000	        0.0000	        0.0000	        0.0000	        0.0000	        0.0000	  0.4309	  0.2885	-23.6421
2018	 78	  23	 55	 77.9965	  0.0000	 11.4475	   -0.0138	 -4.2085	  1.7167	  0.0000	   0.0000	   0.0000	   0.0000	-450.0000	-450.0000	-450.0000	 -4.9000	  2.1000	 34.9167	   4.0009	   1.0017	   4.0009	  0.3002	  0.5998	  0.1000	  0.1600	  0.1000	   0.0000	   0.0000	   0.0000	   0.0000	   0.0000	   0.0000	   0.0000	   0.0000	   0.0000	  0.6155	  0.0000	        0.0000	        0.0000	        0.0000	        0.0000	        0.0000	        0.0000	        0.0000	  0.4309	  0.2885	-23.6421
2018	 79	  23	 55	 78.9965	  0.0000	  3.4695	   -0.0236	 -1.9223	  0.0000	  4.0000	   0.0000	   0.0000	   0.0000	-450.0000	-450.0000	-450.0000	 -6.7583	  3.6000	 46.0000	   4.0009	   1.0017	   4.0009	  0.3002	  0.5998	  0.1000	  0.1600	  0.1000	   0.0000	   0.0000	   0.0000	   0.0000	   0.0000	   0.0000	   0.0000	   0.0000	   0.0000	  0.6155	  0.0000	        0.0000	        0.0000	        0.0000	        0.0000	        0.0000	        0.0000	        0.0000	  0.4309	  0.2885	-23.6421
2018	 80	  23	 55	 79.9965	  0.0000	2846.4996	    2.6564	 -1.0066	  3.7500	  0.0000	   0.0000	   0.0000	   0.0000	-450.0000	-450.0000	-450.0000	 -6.9000	  4.0000	 42.3333	   4.0009	   1.0017	   4.0009	  0.3002	  0.5998	  0.1000	  0.1600	  0.1000	   0.0000	   0.0000	   0.0000	   0.0000	   0.0000	   0.0000	   0.0000	   0.0000	   0.0000	  0.6155	  0.0000	        0.0000	        0.0000	        0.0000	        0.0000	        0.0000	        0.0000	        0.0000	  0.4309	  0.2885	-23.6421
2018	 81	  23	 55	 80.9965	  0.0000	2784.9655	    0.2965	 -0.7460	  2.0750	  0.0000	   0.0000	   0.0000	   0.0000	-450.0000	-450.0000	-450.0000	 -2.8000	  1.7000	 42.7500	   4.0009	   1.0017	   4.0009	  0.3002	  0.5998	  0.1000	  0.1600	  0.1000	   0.0000	   0.0000	   0.0000	   0.0000	   0.0000	   0.0000	   0.0000	   0.0000	   0.0000	  0.6155	  0.0000	        0.0000	        0.0000	        0.0000	        0.0000	        0.0000	        0.0000	        0.0000	  0.4309	  0.2885	-23.6421
2018	 82	  23	 55	 81.9965	  0.0000	2022.3192	   -0.0467	 -0.6061	  0.0000	  1.0000	   0.0000	   0.0000	   0.0000	-450.0000	-450.0000	-450.0000	 -2.5000	  1.9000	 32.7500	   4.0009	   1.0017	   4.0009	  0.3002	  0.5998	  0.1000	  0.1600	  0.1000	   0.0000	   0.0000	   0.0000	   0.0000	   0.0000	   0.0000	   0.0000	   0.0000	   0.0000	  0.6155	  0.0000	        0.0000	        0.0000	        0.0000	        0.0000	        0.0000	        0.0000	        0.0000	  0.4309	  0.2885	-23.6421
2018	 83	  23	 55	 82.9965	  0.0000	1645.7231	    2.7684	  0.0688	  1.6833	  0.0000	   0.0000	   0.0000	   0.0000	-450.0000	-450.0000	-450.0000	  0.1000	  2.9000	 24.7500	   4.0009	   1.0017	   4.0009	  0.3002	  0.5998	  0.1000	  0.1600	  0.1000	   0.0000	   0.0000	   0.0000	   0.0000	   0.0000	   0.0000	   0.0000	   0.0000	   0.0000	  0.6155	  0.0000	        0.0000	        0.0000	        0.0000	        0.0000	        0.0000	        0.0000	        0.0000	  0.4309	  0.2885	-23.6421
2018	 84	  23	 55	 83.9965	  0.0000	2295.9373	    9.0279	  1.8606	  0.0000	  1.0000	   0.0000	   0.0000	   0.0000	-450.0000	-450.0000	-450.0000	  1.7000	  6.4000	 39.5000	   4.0009	   1.0017	   4.0009	  0.3002	  0.5998	  0.1000	  0.1600	  0.1000	   0.0000	   0.0000	   0.0000	   0.0000	   0.0000	   0.0000	   0.0000	   0.0000	   0.0000	  0.6155	  0.0000	        0.0000	        0.0000	        0.0000	        0.0000	        0.0000	        0.0000	        0.0000	  0.4309	  0.2885	-23.6421
2018	 85	  23	 55	 84.9965	  0.0000	 12.7159	    0.0175	  2.0924	  2.0417	  0.0000	   0.0000	   0.0000	   0.0000	-450.0000	-450.0000	-450.0000	 -0.5833	  4.9000	 45.4167	   4.0009	   1.0017	   4.0009	  0.3002	  0.5998	  0.1000	  0.1600	  0.1000	   0.0000	   0.0000	   0.0000	   0.0000	   0.0000	   0.0000	   0.0000	   0.0000	   0.0000	  0.6155	  0.0000	        0.0000	        0.0000	        0.0000	        0.0000	        0.0000	        0.0000	        0.0000	  0.4309	  0.2885	-23.6421
2018	 86	  23	 55	 85.9965	  0.0000	 12.1279	   -0.0247	  0.9278	  3.0917	  0.0000	   0.0000	   0.0000	   0.0000	-450.0000	-450.0000	-450.0000	 -4.5583	  1.0000	 37.8333	   4.0009	   1.0017	   4.0009	  0.3002	  0.5998	  0.1000	  0.1600	  0.1000	   0.0000	   0.0000	   0.0000	   0.0000	   0.0000	   0.0000	   0.0000	   0.0000	   0.0000	  0.6155	  0.0000	        0.0000	        0.0000	        0.0000	        0.0000	        0.0000	        0.0000	        0.0000	  0.4309	  0.2885	-23.6421
2018	 87	  23	 55	 86.9965	  0.0000	 13.5894	   -0.0307	 -0.2214	  0.0000	  2.0000	   0.0000	   0.0000	   0.0000	-450.0000	-450.0000	-450.0000	 -7.1000	  2.3000	 47.6667	   4.0009	   1.0017	   4.0009	  0.3002	  0.5998	  0.1000	  0.1600	  0.1000	   0.0000	   0.0000	   0.0000	   0.0000	   0.0000	   0.0000	   0.0000	   0.0000	   0.0000	  0.6155	  0.0000	        0.0000	        0.0000	        0.0000	        0.0000	        0.0000	        0.0000	        0.0000	  0.4309	  0.2885	-23.6421
2018	 88	  23	 55	 87.9965	  0.0000	 12.4073	   -0.0121	 -0.2743	  0.0000	  4.0000	   0.0000	   0.0000	   0.0000	-450.0000	-450.0000	-450.0000	 -4.6000	  3.9000	 43.2500	   4.0009	   1.0017	   4.0009	  0.3002	  0.5998	  0.1000	  0.1600	  0.1000	   0.0000	   0.0000	   0.0000	   0.0000	   0.0000	   0.0000	   0.0000	   0.0000	   0.0000	  0.6155	  0.0000	        0.0000	        0.0000	        0.0000	        0.0000	        0.0000	        0.0000	        0.0000	  0.4309	  0.2885	-23.6421
2018	 89	  23	 55	 88.9965	  0.0000	3067.9506	    1.3339	  0.0473	  0.0000	  5.0000	   0.0000	   0.0000	   0.0000	-450.0000	-450.0000	-450.0000	 -4.4000	  4.8000	 53.0000	   4.0009	   1.0017	   4.0009	  0.3002	  0.5998	  0.1000	  0.1600	  0.1000	   0.0000	   0.0000	   0.0000	   0.0000	   0.0000	   0.0000	   0.0000	   0.0000	   0.0000	  0.6155	  0.0000	        0.0000	        0.0000	        0.0000	        0.0000	        0.0000	        0.0000	        0.0000	  0.4309	  0.2885	-23.6421
2018	 90	  23	 55	 89.9965	  0.0000	2791.0639	    2.9141	  0.6207	  0.0000	  6.0000	   0.0000	   0.0000	   0.0000	-450.0000	-450.0000	-450.0000	 -5.2000	  5.6000	 51.2500	   4.0009	   1.0017	   4.0009	  0.3002	  0.5998	  0.1000	  0.1600	  0.1000	   0.0000	   0.0000	   0.0000	   0.0000	   0.0000	   0.0000	   0.0000	   0.0000	   0.0000	  0.6155	  0.0000	        0.0000	        0.0000	        0.0000	        0.0000	        0.0000	        0.0000	        0.0000	  0.4309	  0.2885	-23.6421
2018	 91	  23	 55	 90.9965	  0.0000	2424.4632	    1.8011	  0.8568	  0.0000	  7.0000	   0.0000	   0.0000	   0.0000	-450.0000	-450.0000	-450.0000	 -3.1917	  3.6000	 38.4167	   4.0009	   1.0017	   4.0009	  0.3002	  0.5998	  0.1000	  0.1600	  0.1000	   0.0000	   0.0000	   0.0000	   0.0000	   0.0000	   0.0000	   0.0000	   0.0000	   0.0000	  0.6155	  0.0000	        0.0000	        0.0000	        0.0000	        0.0000	        0.0000	        0.0000	        0.0000	  0.4309	  0.2885	-23.6421
2018	 92	  23	 55	 91.9965	  0.0000	  3.4795	   -0.0135	  0.3147	  0.0000	 13.0000	   0.0000	   0.0000	   0.0000	-450.0000	-450.0000	-450.0000	 -4.7000	  5.2000	 53.7500	   4.0009	   1.0017	   4.0009	  0.3002	  0.5998	  0.1000	  0.1600	  0.1000	   0.0000	   0.0000	   0.0000	   0.0000	   0.0000	   0.0000	   0.0000	   0.0000	   0.0000	  0.6155	  0.0000	        0.0000	        0.0000	        0.0000	        0.0000	        0.0000	        0.0000	        0.0000	  0.4309	  0.2885	-23.6421
2018	 93	  23	 55	 92.9965	  0.0000	2219.9976	    2.7049	  0.7927	  7.1667	  0.0000	   0.0000	   0.0000	   0.0000	-450.0000	-450.0000	-450.0000	 -4.1000	  3.6583	 35.6667	   4.0009	   1.0017	   4.0009	  0.3002	  0.5998	  0.1000	  0.1600	  0.1000	   0.0000	   0.0000	   0.0000	   0.0000	   0.0000	   0.0000	   0.0000	   0.0000	   0.0000	  0.6155	  0.0000	        0.0000	        0.0000	        0.0000	        0.0000	        0.0000	        0.0000	        0.0000	  0.4309	  0.2885	-23.6421
2018	 94	  23	 55	 93.9965	  0.0000	 12.1417	    0.0740	  3.0540	 17.2500	  0.0000	   3.0000	   3.0000	   3.0000	-450.0000	-450.0000	-450.0000	  3.7000	  9.3000	 41.7500	   4.0057	   1.0107	   4.0057	  0.3012	  0.5990	  0.1000	  0.1600	  0.1000	   0.0000	   0.0000	   0.0000	   0.0000	   0.0000	   0.0000	   0.0000	   0.0000	   0.0000	  0.6158	  0.0000	        0.0000	        0.0000	        0.0000	        0.0000	        0.0000	        0.0000	        0.0000	  0.4309	  0.2885	-23.6421
2018	 95	  23	 55	 94.9965	  0.0000	2423.6309	   14.8922	  5.4217	  8.0417	  0.0000	   3.7500	   3.7500	   3.7500	-450.0000	-450.0000	-450.0000	  2.6000	  8.9000	 38.4167	   4.0096	   1.0182	   4.0096	  0.3020	  0.5984	  0.1000	  0.1600	  0.1000	   0.0000	   0.0000	   0.0000	   0.0000	   0.0000	   0.0000	   0.0000	   0.0000	   0.0000	  0.6175	  0.0000	        0.0000	        0.0000	        0.0000	        0.0000	        0.0000	        0.0000	        0.0000	  0.4309	  0.2885	-23.6421
2018	 96	  23	 55	 95.9965	  0.0000	 13.2904	    0.0462	  5.5182	  0.0000	  2.0000	   0.0000	   0.0000	   0.0000	-450.0000	-450.0000	-450.0000	  0.5167	  7.2000	 52.4167	   4.0096	   1.0182	   4.0096	  0.3020	  0.5984	  0.1000	  0.1600	  0.1000	   0.0000	   0.0000	   0.0000	   0.0000	   0.0000	   0.0000	   0.0000	   0.0000	   0.0000	  0.6175	  0.0000	        0.0000	        0.0000	        0.0000	        0.0000	        0.0000	        0.0000	        0.0000	  0.4309	  0.2885	-23.6421
2018	 97	  23	 55	 96.9965	  0.0000	  3.5442	    0.0156	  5.5673	  0.0000	  5.0000	   4.2000	   4.2000	   4.2000	-450.0000	-450.0000	-450.0000	  0.3000	 12.5000	 51.0833	   4.0185	   1.0350	   4.0185	  0.3039	  0.5969	  0.1000	  0.1600	  0.1000	   0.0000	   0.0000	   0.0000	   0.0000	   0.0000	   0.0000	   0.0000	   0.0000	   0.0000	  0.6179	  0.0000	        0.0000	        0.0000	        0.0000	        0.0000	        0.0000	        0.0000	        0.0000	  0.4309	  0.2885	-23.6421
2018	 98	  23	 55	 97.9965	  0.0000	3590.2107	   36.2769	 11.7092	  1.5750	  0.0000	   8.7000	   8.7000	   8.7000	-450.0000	-450.0000	-450.0000	  2.4000	 16.6000	 61.0000	   4.0277	   1.0524	   4.0277	  0.3058	  0.5953	  0.1000	  0.1600	  0.1000	   0.0000	   0.0000	   0.0000	   0.0000	   0.0000	   0.0000	   0.0000	   0.0000	   0.0000	  0.6218	  0.0000	        0.0000	        0.0000	        0.0000	        0.0000	        0.0000	        0.0000	        0.0000	  0.4283	  0.2885	-25.0384
2018	 99	  23	 55	 98.9965	  0.0000	3277.7449	   26.6439	 14.6962	  2.0833	  0.0000	  11.8000	  11.8000	  11.8000	-450.0000	-450.0000	-450.0000	  4.3000	 11.9000	 58.9167	   4.0402	   1.0761	   4.0402	  0.3085	  0.5932	  0.1000	  0.1600	  0.1000	   0.0000	   0.0000	   0.0000	   0.0000	   0.0000	   0.0000	   0.0000	   0.0000	   0.0000	  0.6248	  0.0000	        0.0000	        0.0000	        0.0000	        0.0000	        0.0000	        0.0000	        0.0000	  0.4283	  0.2885	-25.0384
2018	100	  23	 55	 99.9965	  0.0000	 13.1249	    0.0748	 12.3644	  0.0000	  2.0000	  15.5583	  15.5583	  15.5583	-450.0000	-450.0000	-450.0000	  3.0583	 10.7000	 46.4167	   4.0711	   1.1348	   4.0711	  0.3150	  0.5880	  0.1000	  0.1600	  0.1000	   0.0000	   0.0000	   0.0000	   0.0000	   0.0000	   0.0000	   0.0000	   0.0000	   0.0000	  0.6282	  0.0000	        0.0000	        0.0000	        0.0000	        0.0000	        0.0000	        0.0000	        0.0000	  0.4283	  0.2885	-25.0384
2018	101	  23	 55	100.9965	  0.0000	 14.6681	    0.0898	 11.5172	  0.0000	  4.0000	  19.0583	  19.0583	  19.0583	-450.0000	-450.0000	-450.0000	  0.5000	 13.0000	 53.9167	   4.1096	   1.2079	   4.1096	  0.3231	  0.5815	  0.1000	  0.1600	  0.1000	   0.0000	   0.0000	   0.0000	   0.0000	   0.0000	   0.0000	   0.0000	   0.0000	   0.0000	  0.6365	  0.0000	        0.0000	        0.0000	        0.0000	        0.0000	        0.0000	        0.0000	        0.0000	  0.4283	  0.2885	-25.0384
2018	102	  23	 55	101.9965	  0.0000	 14.7183	    0.1157	 11.7099	  0.0000	  6.0000	  25.1583	  25.1583	  25.1583	-450.0000	-450.0000	-450.0000	  0.9000	 15.2000	 54.0833	   4.1596	   1.3032	   4.1596	  0.3337	  0.5730	  0.1000	  0.1600	  0.1000	   0.0000	   0.0000	   0.0000	   0.0000	   0.0000	   0.0000	   0.0000	   0.0000	   0.0000	  0.6469	  0.0000	        0.0000	        0.0000	        0.0000	        0.0000	        0.0000	        0.0000	        0.0000	  0.4283	  0.2885	-25.0384
2018	103	  23	 55	102.9965	  0.0000	 14.3750	    0.1727	 13.8674	  0.0000	  8.0000	  39.7583	  39.7583	  39.7583	-450.0000	-450.0000	-450.0000	  5.1000	 19.5000	 55.4167	   4.2361	   1.4494	   4.2361	  0.3499	  0.5601	  0.1000	  0.1600	  0.1000	   0.0000	   0.0000	   0.0000	   0.0000	   0.0000	   0.0000	   0.0000	   0.0000	   0.0000	  0.6614	  0.0000	        0.0000	        0.0000	        0.0000	        0.0000	        0.0000	        0.0000	        0.0000	  0.4283	  0.2885	-25.0384
2018	104	  23	 55	103.9965	  0.0000	3370.1293	   45.9307	 20.2800	  0.5833	  0.0000	  48.2583	  48.2583	  48.2583	-450.0000	-450.0000	-450.0000	  6.7000	 20.3000	 58.4167	   4.2872	   1.5473	   4.2872	  0.3608	  0.5513	  0.1000	  0.1600	  0.1000	   0.0000	   0.0000	   0.0000	   0.0000	   0.0000	   0.0000	   0.0000	   0.0000	   0.0000	  0.6837	  0.0000	        0.0000	        0.0000	        0.0000	        0.0000	        0.0000	        0.0000	        0.0000	  0.4283	  0.2885	-25.0384
2018	105	  23	 55	104.9965	  0.0000	2453.0932	   23.4695	 20.9179	  2.4250	  0.0000	  52.9583	  52.9583	  52.9583	   0.0000	   0.0000	   0.0000	  7.6000	 11.8000	 42.0833	   4.3433	   1.6551	   4.3433	  0.3728	  0.5418	  0.1000	  0.1600	  0.1000	   0.0000	   0.0000	   0.0000	   0.0000	   0.0000	   0.0000	   0.0000	   0.0000	   0.0000	  0.6971	  0.0000	        0.0000	        0.0000	        0.0000	        0.0000	        0.0000	        0.0000	        0.0000	  0.4283	  0.2885	-25.0384
2018	106	  23	 55	105.9965	  0.0000	  3.5124	    0.0193	 10.8708	  0.0000	  4.0000	  67.2083	  67.2083	  67.2083	   0.0000	   0.0000	   0.0000	  5.5250	 11.6000	 38.9167	   4.6060	   2.1622	   4.6060	  0.4291	  0.4967	  0.1000	  0.1600	  0.1000	   0.0000	   0.0000	   0.0000	   0.0000	   0.0000	   0.0000	   0.0000	   0.0000	   0.0000	  0.7114	  0.0000	        0.0000	        0.0000	        0.0000	        0.0000	        0.0000	        0.0000	        0.0000	  0.4283	  0.2885	-25.0384
2018	107	  23	 55	106.9965	  0.0000	1960.9445	   15.1570	 11.7280	  0.0000	  5.0000	  69.7083	  69.7083	  69.7083	   0.0000	   0.0000	   0.0000	  5.4000	  9.6000	 29.4167	   4.6801	   2.3060	   4.6801	  0.4451	  0.4839	  0.1000	  0.1600	  0.1000	   0.0000	   0.0000	   0.0000	   0.0000	   0.0000	   0.0000	   0.0000	   0.0000	   0.0000	  0.7778	  0.0000	        0.0000	        0.0000	        0.0000	        0.0000	        0.0000	        0.0000	        0.0000	  0.4283	  0.2885	-25.0384
2018	108	  23	 55	107.9965	  0.0000	  3.5214	    0.0284	  6.2975	  0.0000	 10.0000	  98.7083	  98.7083	  98.7083	   0.0000	   0.0000	   0.0000	  7.1000	 14.5000	 45.5000	   5.1000	   3.2118	   5.1000	  0.5458	  0.4034	  0.1000	  0.1600	  0.1000	   0.0000	   0.0000	   0.0000	   0.0000	   0.0000	   0.0000	   0.0000	   0.0000	   0.0000	  0.7971	  0.0000	        0.0000	        0.0000	        0.0000	        0.0000	        0.0000	        0.0000	        0.0000	  0.4309	  0.2885	-23.6421
2018	109	  23	 55	108.9965	  0.0000	3272.3478	   38.6509	 12.7682	  0.0000	 11.0000	 105.0083	 105.0083	 105.0083	   0.0000	   0.0000	   0.0000	  6.0000	 16.6000	 53.5833	   5.1000	   3.4319	   5.1000	  0.5702	  0.3838	  0.1000	  0.1600	  0.1000	   0.0000	   0.0000	   0.0000	   0.0000	   0.0000	   0.0000	   0.0000	   0.0000	   0.0000	  0.8945	  0.0000	        0.0000	        0.0000	        0.0000	        0.0000	        0.0000	        0.0000	        0.0000	  0.4283	  0.2885	-25.0384
2018	110	  23	 55	109.9965	  0.0000	 14.9914	    0.1948	 15.7130	  0.0000	 13.0000	 123.8083	 123.8083	 123.8083	   0.0000	   0.0000	   0.0000	  8.3000	 20.5000	 59.7500	   5.1000	   3.9331	   5.1000	  0.6259	  0.3393	  0.1000	  0.1600	  0.1000	   0.0000	   0.0000	   0.0000	   0.0000	   0.0000	   0.0000	   0.0000	   0.0000	   0.0000	  0.9067	  0.0000	        0.0000	        0.0000	        0.0000	        0.0000	        0.0000	        0.0000	        0.0000	  0.4283	  0.2885	-25.0384
2018	111	  23	 55	110.9965	  0.0000	  3.5435	    0.0160	 11.6270	  0.0000	 16.0000	 134.8708	 134.8708	 134.8708	   0.0000	   0.0000	   0.0000	  4.4750	 12.9000	 52.5000	   5.1000	   4.7667	   5.1000	  0.7185	  0.2652	  0.1000	  0.1600	  0.1000	   0.0000	   0.0000	   0.0000	   0.0000	   0.0000	   0.0000	   0.0000	   0.0000	   0.0000	  0.9338	  0.0000	        0.0000	        0.0000	        0.0000	        0.0000	        0.0000	        0.0000	        0.0000	  0.4283	  0.2885	-25.0384
2018	112	  23	 55	111.9965	  0.0000	3354.1186	   29.9200	 15.2856	  0.0000	 17.0000	 137.9708	 137.9708	 137.9708	   0.0000	   0.0000	   0.0000	  2.8000	 13.4000	 62.4167	   5.1000	   5.0605	   5.1000	  0.7512	  0.2391	  0.1000	  0.1600	  0.1000	   0.0000	   0.0000	   0.0000	   0.0000	   0.0000	   0.0000	   0.0000	   0.0000	   0.0000	  0.9776	  0.0000	        0.0000	        0.0000	        0.0000	        0.0000	        0.0000	        0.0000	        0.0000	  0.4283	  0.2885	-25.0384
2018	113	  23	 55	112.9965	  0.0000	 13.8477	    0.1184	 14.0716	 19.3000	  0.0000	 146.4708	 146.4708	 146.4708	   0.0000	   0.0000	   0.0000	  6.6000	 11.9000	 56.8333	   5.1000	   5.5000	   5.1000	  0.8000	  0.2000	  0.1000	  0.1600	  0.1000	   0.0000	   0.0000	   0.0000	   0.0000	   0.0000	   0.0000	   0.0000	   0.0000	   0.0000	  0.9931	  0.0000	        0.0000	        0.0000	        0.0000	        0.0000	        0.0000	        0.0000	        0.0000	  0.4283	  0.2885	-25.0384
2018	114	  23	 55	113.9965	  0.0000	1665.7433	   12.3461	 13.7265	  8.1167	  0.0000	 148.8750	 148.8750	 148.8750	   0.0000	   0.0000	   0.0000	  6.3083	  8.5000	 27.8333	   5.1000	   5.5000	   5.1000	  0.8000	  0.2000	  0.1000	  0.1600	  0.1000	   0.0000	   0.0000	   0.0000	   0.0000	   0.0000	   0.0000	   0.0000	   0.0000	   0.0000	  1.0000	  0.0000	        0.0000	        0.0000	        0.0000	        0.0000	        0.0000	        0.0000	        0.0000	  0.4283	  0.2885	-25.0384
2018	115	  23	 55	114.9965	  0.0000	2708.3402	   21.1346	 15.2081	  1.2333	  0.0000	 151.5333	 151.5333	 151.5333	   0.0000	   0.0000	   0.0000	  5.7167	  9.6000	 52.9167	   5.1000	   5.5000	   5.1000	  0.8000	  0.2000	  0.1000	  0.1600	  0.1000	   0.0000	   0.0000	   0.0000	   0.0000	   0.0000	   0.0000	   0.0000	   0.0000	   0.0000	  1.0000	  0.0000	        0.0000	        0.0000	        0.0000	        0.0000	        0.0000	        0.0000	        0.0000	  0.4283	  0.2885	-25.0384
2018	116	  23	 55	115.9965	  0.0000	 12.2056	    0.0894	 12.8184	 16.4833	  0.0000	 157.6333	 157.6333	 157.6333	   0.0000	   0.0000	   0.0000	  5.3000	 10.8000	 47.6667	   5.1000	   5.5000	   5.1000	  0.8000	  0.2000	  0.1000	  0.1600	  0.1000	   0.0000	   0.0000	   0.0000	   0.0000	   0.0000	   0.0000	   0.0000	   0.0000	   0.0000	  1.0000	  0.0000	        0.0000	        0.0000	        0.0000	        0.0000	        0.0000	        0.0000	        0.0000	  0.4283	  0.2885	-25.0384
2018	117	  23	 55	116.9965	  0.0000	 16.0677	    0.1068	 12.6245	 29.2833	  0.0000	 160.4333	 160.4333	 160.4333	   0.0000	   0.0000	   0.0000	  2.5000	 10.3000	 65.4167	   5.1000	   5.5000	   5.1000	  0.8000	  0.2000	  0.1000	  0.1600	  0.1000	   0.0000	   0.0000	   0.0000	   0.0000	   0.0000	   0.0000	   0.0000	   0.0000	   0.0000	  1.0000	  0.0000	        0.0000	        0.0000	        0.0000	        0.0000	        0.0000	        0.0000	        0.0000	  0.4283	  0.2885	-25.0384
2018	118	  23	 55	117.9965	  0.0000	3643.1945	   30.0865	 16.1169	  6.9333	  0.0000	 162.6833	 162.6833	 162.6833	   0.0000	   0.0000	   0.0000	  3.2000	 11.3000	 67.8333	   5.1000	   5.5000	   5.1000	  0.8000	  0.2000	  0.1000	  0.1600	  0.1000	   0.0000	   0.0000	   0.0000	   0.0000	   0.0000	   0.0000	   0.0000	   0.0000	   0.0000	  1.0000	  0.0000	        0.0000	        0.0000	        0.0000	        0.0000	        0.0000	        0.0000	        0.0000	  0.4283	  0.2885	-25.0384
2018	119	  23	 55	118.9965	  0.0000	  3.5517	    0.0214	 11.7925	  1.3750	  0.0000	 174.5333	 174.5333	 174.5333	   0.0000	   0.0000	   0.0000	  6.0000	 11.9000	 58.3333	   5.1000	   5.5000	   5.1000	  0.8000	  0.2000	  0.1000	  0.1600	  0.1000	   0.0000	   0.0000	   0.0000	   0.0000	   0.0000	   0.0000	   0.0000	   0.0000	   0.0000	  1.0000	  0.0000	        0.0000	        0.0000	        0.0000	        0.0000	        0.0000	        0.0000	        0.0000	  0.4283	  0.2885	-25.0384
2018	120	  23	 55	119.9965	  0.0000	2721.4698	   23.8217	 14.1983	 43.2417	  0.0000	 178.3333	 178.3333	 178.3333	   0.0000	   0.0000	   0.0000	  5.3000	 12.3000	 47.3333	   5.1000	   5.5000	   5.1000	  0.8000	  0.2000	  0.1000	  0.1600	  0.1000	   0.0000	   0.0000	   0.0000	   0.0000	   0.0000	   0.0000	   0.0000	   0.0000	   0.0000	  1.0000	  0.0000	        0.0000	        0.0000	        0.0000	        0.0000	        0.0000	        0.0000	        0.0000	  0.4283	  0.2885	-25.0384
2018	121	  23	 55	120.9965	  0.0000	3154.1512	   28.3603	 17.0307	 64.7833	  0.0000	 182.0333	 182.0333	 182.0333	   0.0000	   0.0000	   0.0000	  6.0000	 11.4000	 62.4167	   5.1000	   5.5000	   5.1000	  0.8000	  0.2000	  0.1000	  0.1600	  0.1000	   0.0000	   0.0000	   0.0000	   0.0000	   0.0000	   0.0000	   0.0000	   0.0000	   0.0000	  1.0000	  0.0000	        0.0000	        0.0000	        0.0000	        0.0000	        0.0000	        0.0000	        0.0000	  0.4283	  0.2885	-25.0384
2018	122	  23	 55	121.9965	  0.0000	 14.8674	    0.1314	 16.0299	  0.8250	  0.0000	 190.4500	 190.4500	 190.4500	   0.0000	   0.0000	   0.0000	  5.8167	 12.6000	 59.8333	   5.1000	   5.5000	   5.1000	  0.8000	  0.2000	  0.1000	  0.1600	  0.1000	   0.0000	   0.0000	   0.0000	   0.0000	   0.0000	   0.0000	   0.0000	   0.0000	   0.0000	  1.0000	  0.0000	        0.0000	        0.0000	        0.0000	        0.0000	        0.0000	        0.0000	        0.0000	  0.4283	  0.2885	-25.0384
2018	123	  23	 55	122.9965	  0.0000	3364.6079	   26.4860	 18.1211	  6.4833	  0.0000	 193.2500	 193.2500	 193.2500	   0.0000	   0.0000	   0.0000	  4.9000	 10.7000	 66.1667	   5.1000	   5.5000	   5.1000	  0.8000	  0.2000	  0.1000	  0.1600	  0.1000	   0.0000	   0.0000	   0.0000	   0.0000	   0.0000	   0.0000	   0.0000	   0.0000	   0.0000	  1.0000	  0.0000	        0.0000	        0.0000	        0.0000	        0.0000	        0.0000	        0.0000	        0.0000	  0.4283	  0.2885	-25.0384
2018	124	  23	 55	123.9965	  0.0000	2904.2334	   25.5819	 19.6132	  0.0000	  1.0000	 196.5000	 196.5000	 196.5000	   0.0000	   0.0000	   0.0000	  4.0000	 12.5000	 54.8333	   5.1000	   5.5000	   5.1000	  0.8000	  0.2000	  0.1000	  0.1600	  0.1000	   0.0000	   0.0000	   0.0000	   0.0000	   0.0000	   0.0000	   0.0000	   0.0000	   0.0000	  1.0000	  0.0000	        0.0000	        0.0000	        0.0000	        0.0000	        0.0000	        0.0000	        0.0000	  0.4283	  0.2885	-25.0384
2018	125	  23	 55	124.9965	  0.0000	3185.5602	   35.4035	 22.7713	  0.0000	  2.0000	 202.1750	 202.1750	 202.1750	   0.0000	   0.0000	   0.0000	  5.9500	 15.4000	 58.4167	   5.1000	   5.5000	   5.1000	  0.8000	  0.2000	  0.1000	  0.1600	  0.1000	   0.0000	   0.0000	   0.0000	   0.0000	   0.0000	   0.0000	   0.0000	   0.0000	   0.0000	  1.0000	  0.0000	        0.0000	        0.0000	        0.0000	        0.0000	        0.0000	        0.0000	        0.0000	  0.4283	  0.2885	-25.0384
2018	126	  23	 55	125.9965	  0.0000	3526.5931	   45.7569	 27.3684	  0.0000	  3.0000	 208.7250	 208.7250	 208.7250	   0.0000	   0.0000	   0.0000	  5.2000	 17.9000	 66.4167	   5.1000	   5.5000	   5.1000	  0.8000	  0.2000	  0.1000	  0.1600	  0.1000	   0.0000	   0.0000	   0.0000	   0.0000	   0.0000	   0.0000	   0.0000	   0.0000	   0.0000	  1.0000	  0.0000	        0.0000	        0.0000	        0.0000	        0.0000	        0.0000	        0.0000	        0.0000	  0.4283	  0.2885	-25.0384
2018	127	  23	 55	126.9965	  0.0000	3677.0689	   56.9992	 33.2946	  0.0000	  4.0000	 217.9250	 217.9250	 217.9250	   0.0000	   0.0000	   0.0000	  7.5000	 20.9000	 69.3333	   5.1000	   5.5000	   5.1000	  0.8000	  0.2000	  0.1000	  0.1600	  0.1000	   0.0000	   0.0000	   0.0000	   0.0000	   0.0000	   0.0000	   0.0000	   0.0000	   0.0000	  1.0000	  0.0000	        0.0000	        0.0000	        0.0000	        0.0000	        0.0000	        0.0000	        0.0000	  0.4283	  0.2885	-25.0384
2018	128	  23	 55	127.9965	  0.0000	  3.5829	    0.0435	 25.9788	  0.0000	  7.0000	 252.4250	 252.4250	 252.4250	   0.0000	   0.0000	   0.0000	  8.9000	 24.1000	 72.7500	   5.1000	   5.5000	   5.1000	  0.8000	  0.2000	  0.1000	  0.1600	  0.1000	   0.0000	   0.0000	   0.0000	   0.0000	   0.0000	   0.0000	   0.0000	   0.0000	   0.0000	  1.0000	  0.0000	        0.0000	        0.0000	        0.0000	        0.0000	        0.0000	        0.0000	        0.0000	  0.4283	  0.2885	-25.0384
2018	129	  23	 55	128.9965	  0.0000	  3.5865	    0.0477	 22.4383	  0.0000	 10.0000	 290.9750	 290.9750	 290.9750	   0.0000	   0.0000	   0.0000	 10.2000	 25.5000	 69.9167	   5.1000	   5.5000	   5.1000	  0.8000	  0.2000	  0.1000	  0.1600	  0.1000	   0.0000	   0.0000	   0.0000	   0.0000	   0.0000	   0.0000	   0.0000	   0.0000	   0.0000	  1.0000	  0.0000	        0.0000	        0.0000	        0.0000	        0.0000	        0.0000	        0.0000	        0.0000	  0.4283	  0.2885	-25.0384
2018	130	  23	 55	129.9965	  0.0000	  3.5867	    0.0497	 20.2670	  0.5583	  0.0000	 300.0000	 300.0000	 300.0000	   0.0000	   0.0000	   0.0000	 10.2000	 25.8000	 65.6667	   5.1000	   5.5000	   5.1000	  0.8000	  0.2000	  0.1000	  0.1600	  0.1000	   0.0000	   0.0000	   0.0000	   0.0000	   0.0000	   0.0000	   0.0000	   0.0000	   0.0000	  1.0000	  0.0000	        0.0000	        0.0000	        0.0000	        0.0000	        0.0000	        0.0000	        0.0000	  0.4283	  0.2885	-25.0384
2018	131	  23	 55	130.9965	  0.0000	  3.5172	    0.0240	 14.0108	 12.1917	  0.0000	 300.0000	 300.0000	 300.0000	   0.0000	   0.0000	   0.0000	  6.8583	 16.5000	 83.5833	   5.1000	   5.5000	   5.1000	  0.8000	  0.2000	  0.1000	  0.1600	  0.1000	   0.0000	   0.0000	   0.0000	   0.0000	   0.0000	   0.0000	   0.0000	   0.0000	   0.0000	  1.0000	  0.0000	        0.0000	        0.0000	        0.0000	        0.0000	        0.0000	        0.0000	        0.0000	  0.4283	  0.2885	-25.0384
2018	132	  23	 55	131.9965	  0.0000	 16.3987	    0.2316	 17.3926	  0.0000	  2.0000	 300.0000	 300.0000	 300.0000	   0.0000	   0.0000	   0.0000	  6.8000	 18.7000	 70.9167	   5.1000	   5.5000	   5.1000	  0.8000	  0.2000	  0.1000	  0.1600	  0.1000	   0.0000	   0.0000	   0.0000	   0.0000	   0.0000	   0.0000	   0.0000	   0.0000	   0.0000	  1.0000	  0.0000	        0.0000	        0.0000	        0.0000	        0.0000	        0.0000	        0.0000	        0.0000	  0.4283	  0.2885	-25.0384
2018	133	  23	 55	132.9965	  0.0000	  3.5917	    0.0499	 19.1034	  1.4667	  0.0000	 300.0000	 300.0000	 300.0000	   0.0000	   0.0000	   0.0000	 11.9000	 25.3000	 76.5833	   5.1000	   5.5000	   5.1000	  0.8000	  0.2000	  0.1000	  0.1600	  0.1000	   0.0000	   0.0000	   0.0000	   0.0000	   0.0000	   0.0000	   0.0000	   0.0000	   0.0000	  1.0000	  0.0000	        0.0000	        0.0000	        0.0000	        0.0000	        0.0000	        0.0000	        0.0000	  0.4283	  0.2885	-25.0384
2018	134	  23	 55	133.9965	  0.0000	  3.5986	    0.0552	 21.0711	  0.0000	  3.0000	 300.0000	 300.0000	 300.0000	   0.0000	   0.0000	   0.0000	 10.7000	 27.7000	 78.4167	   5.1000	   5.5000	   5.1000	  0.8000	  0.2000	  0.1000	  0.1600	  0.1000	   0.0000	   0.0000	   0.0000	   0.0000	   0.0000	   0.0000	   0.0000	   0.0000	   0.0000	  1.0000	  0.0000	        0.0000	        0.0000	        0.0000	        0.0000	        0.0000	        0.0000	        0.0000	  0.4283	  0.2885	-25.0384
2018	135	  23	 55	134.9965	  0.0000	4396.5918	   87.3165	 34.3202	  0.0000	  4.0000	 300.0000	 300.0000	 300.0000	   0.0000	   0.0000	   0.0000	 10.7000	 26.8000	 78.8333	   5.1000	   5.5000	   5.1000	  0.8000	  0.2000	  0.1000	  0.1600	  0.1000	   0.0000	   0.0000	   0.0000	   0.0000	   0.0000	   0.0000	   0.0000	   0.0000	   0.0000	  1.0000	  0.0000	        0.0000	        0.0000	        0.0000	        0.0000	        0.0000	        0.0000	        0.0000	  0.4283	  0.2885	-25.0384
2018	136	  23	 55	135.9965	  0.0000	4262.8109	   78.8457	 43.2253	  0.0000	  5.0000	 300.0000	 300.0000	 300.0000	   0.0000	   0.0000	   0.0000	 10.4833	 25.3000	 80.8333	   5.1000	   5.5000	   5.1000	  0.8000	  0.2000	  0.1000	  0.1600	  0.1000	   0.0000	   0.0000	   0.0000	   0.0000	   0.0000	   0.0000	   0.0000	   0.0000	   0.0000	  1.0000	  0.0000	        0.0000	        0.0000	        0.0000	        0.0000	        0.0000	        0.0000	        0.0000	  0.4283	  0.2885	-25.0384
2018	137	  23	 55	136.9965	  0.0000	3382.6618	   54.9824	 45.5767	  0.5333	  0.0000	 300.0000	 300.0000	 300.0000	   0.0000	   0.0000	   0.0000	 10.1000	 20.3000	 64.6667	   5.1000	   5.5000	   5.1000	  0.8000	  0.2000	  0.1000	  0.1600	  0.1000	   0.0000	   0.0000	   0.0000	   0.0000	   0.0000	   0.0000	   0.0000	   0.0000	   0.0000	  1.0000	  0.0000	        0.0000	        0.0000	        0.0000	        0.0000	        0.0000	        0.0000	        0.0000	  0.4283	  0.2885	-25.0384
2018	138	  23	 55	137.9965	  0.0000	  3.5643	    0.0280	 30.4284	  0.0000	  3.0000	 300.0000	 300.0000	 300.0000	   0.0000	   0.0000	   0.0000	  7.8083	 19.8000	 66.5833	   5.1000	   5.5000	   5.1000	  0.8000	  0.2000	  0.1000	  0.1600	  0.1000	   0.0000	   0.0000	   0.0000	   0.0000	   0.0000	   0.0000	   0.0000	   0.0000	   0.0000	  1.0000	  0.0000	        0.0000	        0.0000	        0.0000	        0.0000	        0.0000	        0.0000	        0.0000	  0.4283	  0.2885	-25.0384
2018	139	  23	 55	138.9965	  0.0000	  3.5840	    0.0413	 24.0117	  0.0000	  6.0000	 300.0000	 300.0000	 300.0000	   0.0000	   0.0000	   0.0000	  5.9000	 21.7000	 82.0833	   5.1000	   5.5000	   5.1000	  0.8000	  0.2000	  0.1000	  0.1600	  0.1000	   0.0000	   0.0000	   0.0000	   0.0000	   0.0000	   0.0000	   0.0000	   0.0000	   0.0000	  1.0000	  0.0000	        0.0000	        0.0000	        0.0000	        0.0000	        0.0000	        0.0000	        0.0000	  0.4283	  0.2885	-25.0384
2018	140	  23	 55	139.9965	  0.0000	  3.5262	    0.0332	 13.1722	  0.0000	 11.0000	 300.0000	 300.0000	 300.0000	   0.0000	   0.0000	   0.0000	  6.8000	 21.3000	 76.5833	   5.1000	   5.5000	   5.1000	  0.8000	  0.2000	  0.1000	  0.1600	  0.1000	   0.0000	   0.0000	   0.0000	   0.0000	   0.0000	   0.0000	   0.0000	   0.0000	   0.0000	  1.0000	  0.0000	        0.0000	        0.0000	        0.0000	        0.0000	        0.0000	        0.0000	        0.0000	  0.4283	  0.2885	-25.0384
2018	141	  23	 55	140.9965	  0.0000	  3.5809	    0.0436	 14.4707	  0.0000	 14.0000	 300.0000	 300.0000	 300.0000	   0.0000	   0.0000	   0.0000	  8.3000	 22.1000	 71.0000	   5.1000	   5.5000	   5.1000	  0.8000	  0.2000	  0.1000	  0.1600	  0.1000	   0.0000	   0.0000	   0.0000	   0.0000	   0.0000	   0.0000	   0.0000	   0.0000	   0.0000	  1.0000	  0.0000	        0.0000	        0.0000	        0.0000	        0.0000	        0.0000	        0.0000	        0.0000	  0.4283	  0.2885	-25.0384
2018	142	  23	 55	141.9965	  0.0000	4704.9799	   82.4294	 28.0625	  0.0000	 15.0000	 300.0000	 300.0000	 300.0000	   0.0000	   0.0000	   0.0000	  8.2000	 23.4000	 89.5000	   5.1000	   5.5000	   5.1000	  0.8000	  0.2000	  0.1000	  0.1600	  0.1000	   0.0000	   0.0000	   0.0000	   0.0000	   0.0000	   0.0000	   0.0000	   0.0000	   0.0000	  1.0000	  0.0000	        0.0000	        0.0000	        0.0000	        0.0000	        0.0000	        0.0000	        0.0000	  0.4283	  0.2885	-25.0384
2018	143	  23	 55	142.9965	  0.0000	  3.5887	    0.0473	 23.6269	  0.0000	 18.0000	 300.0000	 300.0000	 300.0000	   0.0000	   0.0000	   0.0000	  7.7000	 23.7000	 75.2500	   5.1000	   5.5000	   5.1000	  0.8000	  0.2000	  0.1000	  0.1600	  0.1000	   0.0000	   0.0000	   0.0000	   0.0000	   0.0000	   0.0000	   0.0000	   0.0000	   0.0000	  1.0000	  0.0000	        0.0000	        0.0000	        0.0000	        0.0000	        0.0000	        0.0000	        0.0000	  0.4283	  0.2885	-25.0384
2018	144	  23	 55	143.9965	  0.0000	  3.5387	    0.0455	 17.9482	  0.0000	 22.0000	 300.0000	 300.0000	 300.0000	   0.0000	   0.0000	   0.0000	 10.1000	 25.1000	 78.3333	   5.1000	   5.5000	   5.1000	  0.8000	  0.2000	  0.1000	  0.1600	  0.1000	   0.0000	   0.0000	   0.0000	   0.0000	   0.0000	   0.0000	   0.0000	   0.0000	   0.0000	  1.0000	  0.0000	        0.0000	        0.0000	        0.0000	        0.0000	        0.0000	        0.0000	        0.0000	  0.4283	  0.2885	-25.0384
2018	145	  23	 55	144.9965	  0.0000	  3.5959	    0.0531	 20.1799	  0.0000	 25.0000	 300.0000	 300.0000	 300.0000	   0.0000	   0.0000	   0.0000	 10.3000	 27.2000	 77.3333	   5.1000	   5.5000	   5.1000	  0.8000	  0.2000	  0.1000	  0.1600	  0.1000	   0.0000	   0.0000	   0.0000	   0.0000	   0.0000	   0.0000	   0.0000	   0.0000	   0.0000	  1.0000	  0.0000	        0.0000	        0.0000	        0.0000	        0.0000	        0.0000	        0.0000	        0.0000	  0.4283	  0.2885	-25.0384
2018	146	  23	 55	145.9965	  0.0000	4188.1279	   87.7028	 33.6845	  0.0000	 26.0000	 300.0000	 300.0000	 300.0000	   0.0000	   0.0000	   0.0000	 11.9000	 26.1000	 80.8333	   5.1000	   5.5000	   5.1000	  0.8000	  0.2000	  0.1000	  0.1600	  0.1000	   0.0000	   0.0000	   0.0000	   0.0000	   0.0000	   0.0000	   0.0000	   0.0000	   0.0000	  1.0000	  0.0000	        0.0000	        0.0000	        0.0000	        0.0000	        0.0000	        0.0000	        0.0000	  0.4283	  0.2885	-25.0384
2018	147	  23	 55	146.9965	  0.0000	  3.5974	    0.0607	 26.9015	  0.4667	  0.0000	 300.0000	 300.0000	 300.0000	   0.0000	   0.0000	   0.0000	 14.2000	 24.9000	 64.9167	   5.1000	   5.5000	   5.1000	  0.8000	  0.2000	  0.1000	  0.1600	  0.1000	   0.0000	   0.0000	   0.0000	   0.0000	   0.0000	   0.0000	   0.0000	   0.0000	   0.0000	  1.0000	  0.0000	        0.0000	        0.0000	        0.0000	        0.0000	        0.0000	        0.0000	        0.0000	  0.4283	  0.2885	-25.0384
2018	148	  23	 55	147.9965	  0.0000	 22.4609	    0.3630	 31.3804	 62.2583	  0.0000	 300.0000	 300.0000	 300.0000	   0.0000	   0.0000	   0.0000	 13.5000	 22.2000	108.3333	   5.1000	   5.5000	   5.1000	  0.8000	  0.2000	  0.1000	  0.1600	  0.1000	   0.0000	   0.0000	   0.0000	   0.0000	   0.0000	   0.0000	   0.0000	   0.0000	   0.0000	  1.0000	  0.0000	        0.0000	        0.0000	        0.0000	        0.0000	        0.0000	        0.0000	        0.0000	  0.4283	  0.2885	-25.0384
2018	149	  23	 55	148.9965	  0.0000	 19.9170	    0.4025	 35.8412	 17.6250	  0.0000	 300.0000	 300.0000	 300.0000	   0.0000	   0.0000	   0.0000	 15.2000	 25.4000	 94.8333	   5.1000	   5.5000	   5.1000	  0.8000	  0.2000	  0.1000	  0.1600	  0.1000	   0.0000	   0.0000	   0.0000	   0.0000	   0.0000	   0.0000	   0.0000	   0.0000	   0.0000	  1.0000	  0.0000	        0.0000	        0.0000	        0.0000	        0.0000	        0.0000	        0.0000	        0.0000	  0.4283	  0.2885	-25.0384
2018	150	  23	 55	149.9965	  0.0000	  3.6096	    0.0672	 30.9100	  0.0000	  3.0000	 300.0000	 300.0000	 300.0000	   0.0000	   0.0000	   0.0000	 15.7000	 29.7000	 79.6667	   5.1000	   5.5000	   5.1000	  0.8000	  0.2000	  0.1000	  0.1600	  0.1000	   0.0000	   0.0000	   0.0000	   0.0000	   0.0000	   0.0000	   0.0000	   0.0000	   0.0000	  1.0000	  0.0000	        0.0000	        0.0000	        0.0000	        0.0000	        0.0000	        0.0000	        0.0000	  0.4283	  0.2885	-25.0384
2018	151	  23	 55	150.9965	  0.0000	  3.6022	    0.0633	 27.1467	  0.0000	  6.0000	 300.0000	 300.0000	 300.0000	   0.0000	   0.0000	   0.0000	 16.6000	 28.1000	 74.2500	   5.1000	   5.5000	   5.1000	  0.8000	  0.2000	  0.1000	  0.1600	  0.1000	   0.0000	   0.0000	   0.0000	   0.0000	   0.0000	   0.0000	   0.0000	   0.0000	   0.0000	  1.0000	  0.0000	        0.0000	        0.0000	        0.0000	        0.0000	        0.0000	        0.0000	        0.0000	  0.4283	  0.2885	-25.0384
2018	152	  23	 55	151.9965	  0.0000	  3.5405	    0.0473	 20.9737	  0.0000	 10.0000	 300.0000	 300.0000	 300.0000	   0.0000	   0.0000	   0.0000	 13.4000	 26.3000	 88.5000	   5.1000	   5.5000	   5.1000	  0.8000	  0.2000	  0.1000	  0.1600	  0.1000	   0.0000	   0.0000	   0.0000	   0.0000	   0.0000	   0.0000	   0.0000	   0.0000	   0.0000	  1.0000	  0.0000	        0.0000	        0.0000	        0.0000	        0.0000	        0.0000	        0.0000	        0.0000	  0.4283	  0.2885	-25.0384
2018	153	  23	 55	152.9965	  0.0000	  3.5411	    0.0479	 17.5196	  0.0000	 14.0000	 300.0000	 300.0000	 300.0000	   0.0000	   0.0000	   0.0000	 12.8000	 27.7000	 80.8333	   5.1000	   5.5000	   5.1000	  0.8000	  0.2000	  0.1000	  0.1600	  0.1000	   0.0000	   0.0000	   0.0000	   0.0000	   0.0000	   0.0000	   0.0000	   0.0000	   0.0000	  1.0000	  0.0000	        0.0000	        0.0000	        0.0000	        0.0000	        0.0000	        0.0000	        0.0000	  0.4283	  0.2885	-25.0384
2018	154	  23	 55	153.9965	  0.0000	3569.3223	   74.5627	 28.9282	  0.0000	 15.0000	 300.0000	 300.0000	 300.0000	   0.0000	   0.0000	   0.0000	 13.1000	 26.0000	 71.2500	   5.1000	   5.5000	   5.1000	  0.8000	  0.2000	  0.1000	  0.1600	  0.1000	 313.7999	 142.6291	 171.1708	 313.7999	 142.6291	 171.1708	 313.7999	 142.6291	 171.1708	  1.0000	  0.0000	        0.0000	        0.0000	        0.0000	        0.0000	        0.0000	        0.0000	        0.0000	  0.4283	  0.2885	-25.0384
2018	155	  23	 55	154.9965	  0.0000	 17.2186	    0.3359	 31.6510	  0.0000	 17.0000	 300.0000	 300.0000	 300.0000	   0.0000	   0.0000	   0.0000	 14.7250	 25.1000	 77.8333	   5.1000	   5.5000	   5.1000	  0.8000	  0.2000	  0.1000	  0.1600	  0.1000	   0.0000	   0.0000	   0.0000	   0.0000	   0.0000	   0.0000	   0.0000	   0.0000	   0.0000	  1.0000	  0.0000	        0.0000	        0.0000	        0.0000	        0.0000	        0.0000	        0.0000	        0.0000	  0.4283	  0.2885	-25.0384
2018	156	  23	 55	155.9965	  0.0000	  3.5659	    0.0275	 23.2977	  0.0000	 20.0000	 300.0000	 300.0000	 300.0000	   0.0000	   0.0000	   0.0000	  7.6833	 18.3000	 68.6667	   5.1000	   5.5000	   5.1000	  0.8000	  0.2000	  0.1000	  0.1600	  0.1000	   0.0000	   0.0000	   0.0000	   0.0000	   0.0000	   0.0000	   0.0000	   0.0000	   0.0000	  1.0000	  0.0000	        0.0000	        0.0000	        0.0000	        0.0000	        0.0000	        0.0000	        0.0000	  0.4283	  0.2885	-25.0384
2018	157	  23	 55	156.9965	  0.0000	3621.8030	   57.4267	 30.1235	  0.0000	 21.0000	 300.0000	 300.0000	 300.0000	   0.0000	   0.0000	   0.0000	  7.2000	 20.6000	 72.5833	   5.1000	   5.5000	   5.1000	  0.8000	  0.2000	  0.1000	  0.1600	  0.1000	 248.4049	 112.9064	 135.4985	 248.4049	 112.9064	 135.4985	 248.4049	 112.9064	 135.4985	  1.0000	  0.0000	        0.0000	        0.0000	        0.0000	        0.0000	        0.0000	        0.0000	        0.0000	  0.4283	  0.2885	-25.0384
2018	158	  23	 55	157.9965	  0.0000	3526.6941	   66.7429	 37.4474	  0.0000	 22.0000	 300.0000	 300.0000	 300.0000	   0.0000	   0.0000	   0.0000	 12.3000	 23.1000	 69.7500	   5.1000	   5.5000	   5.1000	  0.8000	  0.2000	  0.1000	  0.1600	  0.1000	 290.8465	 132.1971	 158.6494	 290.8465	 132.1971	 158.6494	 290.8465	 132.1971	 158.6494	  1.0000	  0.0000	        0.0000	        0.0000	        0.0000	        0.0000	        0.0000	        0.0000	        0.0000	  0.4283	  0.2885	-25.0384
2018	159	  23	 55	158.9965	  0.0000	3920.5850	   77.7418	 45.5063	  0.0000	 23.0000	 300.0000	 300.0000	 300.0000	   0.0000	   0.0000	   0.0000	 11.5000	 25.2000	 81.3333	   5.1000	   5.5000	   5.1000	  0.8000	  0.2000	  0.1000	  0.1600	  0.1000	 340.6625	 154.8396	 185.8229	 340.6625	 154.8396	 185.8229	 340.6625	 154.8396	 185.8229	  1.0000	  0.0000	        0.0000	        0.0000	        0.0000	        0.0000	        0.0000	        0.0000	        0.0000	  0.4283	  0.2885	-25.0384
2018	160	  23	 55	159.9965	  0.0000	  3.5391	    0.0460	 26.7619	  0.0000	 27.0000	 300.0000	 300.0000	 300.0000	   0.0000	   0.0000	   0.0000	 12.2000	 26.0000	 74.4167	   5.1000	   5.5000	   5.1000	  0.8000	  0.2000	  0.1000	  0.1600	  0.1000	   6.6492	   3.0241	   3.6250	   6.6492	   3.0241	   3.6250	   6.6492	   3.0241	   3.6250	  1.0000	  0.0000	        0.0000	        0.0000	        0.0000	        0.0000	        0.0000	        0.0000	        0.0000	  0.4283	  0.2885	-25.0384
2018	161	  23	 55	160.9965	  0.0000	3861.7929	   74.6431	 36.3381	 14.0333	  0.0000	 300.0000	 300.0000	 300.0000	   0.0000	   0.0000	   0.0000	 12.5000	 25.7000	 79.3333	   5.1000	   5.5000	   5.1000	  0.8000	  0.2000	  0.1000	  0.1600	  0.1000	 289.9061	 131.7672	 158.1389	 289.9061	 131.7672	 158.1389	 289.9061	 131.7672	 158.1389	  1.0000	  0.0000	        0.0000	        0.0000	        0.0000	        0.0000	        0.0000	        0.0000	        0.0000	  0.4283	  0.2885	-25.0384
2018	162	  23	 55	161.9965	  0.0000	 13.7683	    0.1845	 29.8703	 17.1583	  0.0000	 300.0000	 300.0000	 300.0000	   0.0000	   0.0000	   0.0000	 11.8583	 15.6000	 58.0000	   5.1000	   5.5000	   5.1000	  0.8000	  0.2000	  0.1000	  0.1600	  0.1000	   0.0000	   0.0000	   0.0000	   0.0000	   0.0000	   0.0000	   0.0000	   0.0000	   0.0000	  1.0000	  0.0000	        0.0000	        0.0000	        0.0000	        0.0000	        0.0000	        0.0000	        0.0000	  0.4283	  0.2885	-25.0384
2018	163	  23	 55	162.9965	  0.0000	3953.4388	   65.3447	 36.9652	  0.4500	  0.0000	 300.0000	 300.0000	 300.0000	   0.0000	   0.0000	   0.0000	 10.3667	 21.1000	 78.3333	   5.1000	   5.5000	   5.1000	  0.8000	  0.2000	  0.1000	  0.1600	  0.1000	 249.1585	 113.2465	 135.9119	 249.1585	 113.2465	 135.9119	 249.1585	 113.2465	 135.9119	  1.0000	  0.0000	        0.0000	        0.0000	        0.0000	        0.0000	        0.0000	        0.0000	        0.0000	  0.4283	  0.2885	-25.0384
2018	164	  23	 55	163.9965	  0.0000	4074.5986	   68.1561	 43.2034	  4.6500	  0.0000	 300.0000	 300.0000	 300.0000	   0.0000	   0.0000	   0.0000	  9.8000	 20.7000	 81.6667	   5.1000	   5.5000	   5.1000	  0.8000	  0.2000	  0.1000	  0.1600	  0.1000	 261.4785	 118.8463	 142.6323	 261.4785	 118.8463	 142.6323	 261.4785	 118.8463	 142.6323	  1.0000	  0.0000	        0.0000	        0.0000	        0.0000	        0.0000	        0.0000	        0.0000	        0.0000	  0.4283	  0.2885	-25.0384
2018	165	  23	 55	164.9965	  0.0000	 13.1863	    0.1969	 34.5332	 12.4250	  0.0000	 300.0000	 300.0000	 300.0000	   0.0000	   0.0000	   0.0000	 11.7000	 18.8000	 53.4167	   5.1000	   5.5000	   5.1000	  0.8000	  0.2000	  0.1000	  0.1600	  0.1000	   0.0000	   0.0000	   0.0000	   0.0000	   0.0000	   0.0000	   0.0000	   0.0000	   0.0000	  1.0000	  0.0000	        0.0000	        0.0000	        0.0000	        0.0000	        0.0000	        0.0000	        0.0000	  0.4283	  0.2885	-25.0384
2018	166	  23	 55	165.9965	  0.0000	3643.5377	   54.7956	 38.5856	  1.4583	  0.0000	 300.0000	 300.0000	 300.0000	   0.0000	   0.0000	   0.0000	 11.3000	 18.2000	 72.4167	   5.1000	   5.5000	   5.1000	  0.8000	  0.2000	  0.1000	  0.1600	  0.1000	 202.9301	  92.2348	 110.6953	 202.9301	  92.2348	 110.6953	 202.9301	  92.2348	 110.6953	  1.0000	  0.0000	        0.0000	        0.0000	        0.0000	        0.0000	        0.0000	        0.0000	        0.0000	  0.4283	  0.2885	-25.0384
2018	167	  23	 55	166.9965	  0.0000	5001.9014	   79.9990	 46.8683	 89.4333	  0.0000	 300.0000	 300.0000	 300.0000	   0.0000	   0.0000	   0.0000	 11.8000	 19.8000	 75.9167	   5.1000	   5.5000	   5.1000	  0.8000	  0.2000	  0.1000	  0.1600	  0.1000	 313.3765	 142.4350	 170.9416	 313.3765	 142.4350	 170.9416	 313.3765	 142.4350	 170.9416	  1.0000	  0.0000	        0.0000	        0.0000	        0.0000	        0.0000	        0.0000	        0.0000	        0.0000	  0.4283	  0.2885	-25.0384
2018	168	  23	 55	167.9965	  0.0000	3699.3079	   54.8724	 48.4691	 69.0167	  0.0000	 300.0000	 300.0000	 300.0000	   0.0000	   0.0000	   0.0000	 12.5083	 18.3000	 76.8333	   5.1000	   5.5000	   5.1000	  0.8000	  0.2000	  0.1000	  0.1600	  0.1000	 203.2666	  92.3878	 110.8789	 203.2666	  92.3878	 110.8789	 203.2666	  92.3878	 110.8789	  1.0000	  0.0000	        0.0000	        0.0000	        0.0000	        0.0000	        0.0000	        0.0000	        0.0000	  0.4283	  0.2885	-25.0384
2018	169	  23	 55	168.9965	  0.0000	  3.5733	    0.0471	 30.0701	  8.2417	  0.0000	 300.0000	 300.0000	 300.0000	   0.0000	   0.0000	   0.0000	 12.3000	 17.5000	 54.3333	   5.1000	   5.5000	   5.1000	  0.8000	  0.2000	  0.1000	  0.1600	  0.1000	   0.0000	   0.0000	   0.0000	   0.0000	   0.0000	   0.0000	   0.0000	   0.0000	   0.0000	  1.0000	  0.0000	        0.0000	        0.0000	        0.0000	        0.0000	        0.0000	        0.0000	        0.0000	  0.4283	  0.2885	-25.0384
2018	170	  23	 55	169.9965	  0.0000	3065.9272	   44.5613	 32.9683	  1.4250	  0.0000	 300.0000	 300.0000	 300.0000	   0.0000	   0.0000	   0.0000	 11.7250	 16.7000	 61.2500	   5.1000	   5.5000	   5.1000	  0.8000	  0.2000	  0.1000	  0.1600	  0.1000	 158.0816	  71.8502	  86.2314	 158.0816	  71.8502	  86.2314	 158.0816	  71.8502	  86.2314	  1.0000	  0.0000	        0.0000	        0.0000	        0.0000	        0.0000	        0.0000	        0.0000	        0.0000	  0.4283	  0.2885	-25.0384
2018	171	  23	 55	170.9965	  0.0000	 12.7960	    0.1704	 26.7592	 29.7000	  0.0000	 300.0000	 300.0000	 300.0000	   0.0000	   0.0000	   0.0000	 11.4000	 16.0000	 53.9167	   5.1000	   5.5000	   5.1000	  0.8000	  0.2000	  0.1000	  0.1600	  0.1000	   0.0000	   0.0000	   0.0000	   0.0000	   0.0000	   0.0000	   0.0000	   0.0000	   0.0000	  1.0000	  0.0000	        0.0000	        0.0000	        0.0000	        0.0000	        0.0000	        0.0000	        0.0000	  0.4283	  0.2885	-25.0384
2018	172	  23	 55	171.9965	  0.0000	 16.6193	    0.1976	 24.6452	 55.0583	  0.0000	 300.0000	 300.0000	 300.0000	   0.0000	   0.0000	   0.0000	  9.9000	 14.6000	 76.4167	   5.1000	   5.5000	   5.1000	  0.8000	  0.2000	  0.1000	  0.1600	  0.1000	   0.0000	   0.0000	   0.0000	   0.0000	   0.0000	   0.0000	   0.0000	   0.0000	   0.0000	  1.0000	  0.0000	        0.0000	        0.0000	        0.0000	        0.0000	        0.0000	        0.0000	        0.0000	  0.4283	  0.2885	-25.0384
2018	173	  23	 55	172.9965	  0.0000	  3.5243	    0.0313	 11.8760	  0.0000	  5.0000	 300.0000	 300.0000	 300.0000	   0.0000	   0.0000	   0.0000	  8.9417	 15.8000	 66.5833	   5.1000	   5.5000	   5.1000	  0.8000	  0.2000	  0.1000	  0.1600	  0.1000	   0.0000	   0.0000	   0.0000	   0.0000	   0.0000	   0.0000	   0.0000	   0.0000	   0.0000	  1.0000	  0.0000	        0.0000	        0.0000	        0.0000	        0.0000	        0.0000	        0.0000	        0.0000	  0.4283	  0.2885	-25.0384
2018	174	  23	 55	173.9965	  0.0000	3626.5738	   51.7550	 19.8518	  0.0000	  6.0000	 300.0000	 300.0000	 300.0000	   0.0000	   0.0000	   0.0000	  7.9000	 18.1000	 68.0833	   5.1000	   5.5000	   5.1000	  0.8000	  0.2000	  0.1000	  0.1600	  0.1000	 199.3043	  90.5875	 108.7168	 199.3043	  90.5875	 108.7168	 199.3043	  90.5875	 108.7168	  1.0000	  0.0000	        0.0000	        0.0000	        0.0000	        0.0000	        0.0000	        0.0000	        0.0000	  0.4283	  0.2885	-25.0384
2018	175	  23	 55	174.9965	  0.0000	3818.3551	   62.5328	 28.3880	  0.0000	  7.0000	 300.0000	 300.0000	 300.0000	   0.0000	   0.0000	   0.0000	  8.0000	 21.0000	 78.0833	   5.1000	   5.5000	   5.1000	  0.8000	  0.2000	  0.1000	  0.1600	  0.1000	 248.1510	 112.7894	 135.3616	 248.1510	 112.7894	 135.3616	 248.1510	 112.7894	 135.3616	  1.0000	  0.0000	        0.0000	        0.0000	        0.0000	        0.0000	        0.0000	        0.0000	        0.0000	  0.4283	  0.2885	-25.0384
2018	176	  23	 55	175.9965	  0.0000	  3.5860	    0.0468	 23.9756	  0.0000	 10.0000	 300.0000	 300.0000	 300.0000	   0.0000	   0.0000	   0.0000	 11.2000	 24.1000	 76.2500	   5.1000	   5.5000	   5.1000	  0.8000	  0.2000	  0.1000	  0.1600	  0.1000	   0.0000	   0.0000	   0.0000	   0.0000	   0.0000	   0.0000	   0.0000	   0.0000	   0.0000	  1.0000	  0.0000	        0.0000	        0.0000	        0.0000	        0.0000	        0.0000	        0.0000	        0.0000	  0.4283	  0.2885	-25.0384
2018	177	  23	 55	176.9965	  0.0000	4714.5227	   98.9339	 38.9673	  0.0000	 11.0000	 300.0000	 300.0000	 300.0000	   0.0000	   0.0000	   0.0000	 12.2000	 27.0000	 93.4167	   5.1000	   5.5000	   5.1000	  0.8000	  0.2000	  0.1000	  0.1600	  0.1000	 414.1335	 188.2323	 225.9012	 414.1335	 188.2323	 225.9012	 414.1335	 188.2323	 225.9012	  1.0000	  0.0000	        0.0000	        0.0000	        0.0000	        0.0000	        0.0000	        0.0000	        0.0000	  0.4283	  0.2885	-25.0384
2018	178	  23	 55	177.9965	  0.0000	4258.4276	   88.3858	 48.8510	  0.0000	 12.0000	 300.0000	 300.0000	 300.0000	   0.0000	   0.0000	   0.0000	 13.4000	 25.8000	 81.7500	   5.1000	   5.5000	   5.1000	  0.8000	  0.2000	  0.1000	  0.1600	  0.1000	 369.5262	 167.9575	 201.5687	 369.5262	 167.9575	 201.5687	 369.5262	 167.9575	 201.5687	  1.0000	  0.0000	        0.0000	        0.0000	        0.0000	        0.0000	        0.0000	        0.0000	        0.0000	  0.4283	  0.2885	-25.0384
2018	179	  23	 55	178.9965	  0.0000	3626.2425	   75.7895	 54.2387	  0.0000	 13.0000	 300.0000	 300.0000	 300.0000	   0.0000	   0.0000	   0.0000	 13.6000	 25.4000	 72.3333	   5.1000	   5.5000	   5.1000	  0.8000	  0.2000	  0.1000	  0.1600	  0.1000	 315.9429	 143.6029	 172.3400	 315.9429	 143.6029	 172.3400	 315.9429	 143.6029	 172.3400	  1.0000	  0.0000	        0.0000	        0.0000	        0.0000	        0.0000	        0.0000	        0.0000	        0.0000	  0.4283	  0.2885	-25.0384
