Year	DOY	Hour	Min	 Dectime	  HDD1_h	  HDD2_c	HDD3_Tmean	HDD4_T5d	   P_day	  DaysSR	GDD_EveTr	GDD_DecTr	GDD_Grass	SDD_EveTr	SDD_DecTr	SDD_Grass	    Tmin	    Tmax	   DLHrs	LAI_EveTr	LAI_DecTr	LAI_Grass	DecidCap	Porosity	AlbEveTr	AlbDecTr	AlbGrass	WU_EveTr1	WU_EveTr2	WU_EveTr3	WU_DecTr1	WU_DecTr2	WU_DecTr3	WU_Grass1	WU_Grass2	WU_Grass3	LAIlumps	 AlbSnow	DensSnow_Paved	DensSnow_Bldgs	DensSnow_EveTr	DensSnow_DecTr	DensSnow_Grass	DensSnow_BSoil	DensSnow_Water	      a1	      a2	      a3
2018	  1	  23	 55	  0.9965	  0.0000	1275.7932	    5.2880	  4.1164	  9.5083	  0.0000	   0.0000	   0.0000	   0.0000	-450.0000	-450.0000	-450.0000	  2.9000	  4.6000	  7.1667	   4.0000	   1.0000	   4.0000	  0.3000	  0.6000	  0.1000	  0.1600	  0.1000	   0.0000	   0.0000	   0.0000	   0.0000	   0.0000	   0.0000	   0.0000	   0.0000	   0.0000	  0.6128	  0.0000	        0.0000	        0.0000	        0.0000	        0.0000	        0.0000	        0.0000	        0.0000	  0.3482	  0.2451	-21.7130
2018	  2	  23	 55	  1.9965	  0.0000	1387.8254	    5.9334	  4.4798	  1.0000	  0.0000	   0.0000	   0.0000	   0.0000	-450.0000	-450.0000	-450.0000	  2.9000	  5.4000	 11.5833	   4.0000	   1.0000	   4.0000	  0.3000	  0.6000	  0.1000	  0.1600	  0.1000	   0.0000	   0.0000	   0.0000	   0.0000	   0.0000	   0.0000	   0.0000	   0.0000	   0.0000	  0.6128	  0.0000	        0.0000	        0.0000	        0.0000	        0.0000	        0.0000	        0.0000	        0.0000	  0.3482	  0.2451	-21.7130
2018	  3	  23	 55	  2.9965	  0.0000	1005.0282	    2.5474	  4.0933	 11.1917	  0.0000	   0.0000	   0.0000	   0.0000	-450.0000	-450.0000	-450.0000	  1.9000	  3.2000	  3.5000	   4.0000	   1.0000	   4.0000	  0.3000	  0.6000	  0.1000	  0.1600	  0.1000	   0.0000	   0.0000	   0.0000	   0.0000	   0.0000	   0.0000	   0.0000	   0.0000	   0.0000	  0.6128	  0.0000	        0.0000	        0.0000	        0.0000	        0.0000	        0.0000	        0.0000	        0.0000	  0.3482	  0.2451	-21.7130
2018	  4	  23	 55	  3.9965	  0.0000	1234.2733	    2.0572	  3.6861	  0.6167	  0.0000	   0.0000	   0.0000	   0.0000	-450.0000	-450.0000	-450.0000	  0.6167	  2.3000	  8.4167	   4.0000	   1.0000	   4.0000	  0.3000	  0.6000	  0.1000	  0.1600	  0.1000	   0.0000	   0.0000	   0.0000	   0.0000	   0.0000	   0.0000	   0.0000	   0.0000	   0.0000	  0.6128	  0.0000	        0.0000	        0.0000	        0.0000	        0.0000	        0.0000	        0.0000	        0.0000	  0.3482	  0.2451	-21.7130
2018	  5	  23	 55	  4.9965	  0.0000	1201.8525	    0.9640	  3.1417	  1.1667	  0.0000	   0.0000	   0.0000	   0.0000	-450.0000	-450.0000	-450.0000	 -0.0667	  1.4000	  8.3333	   4.0000	   1.0000	   4.0000	  0.3000	  0.6000	  0.1000	  0.1600	  0.1000	   0.0000	   0.0000	   0.0000	   0.0000	   0.0000	   0.0000	   0.0000	   0.0000	   0.0000	  0.6128	  0.0000	        0.0000	        0.0000	        0.0000	        0.0000	        0.0000	        0.0000	        0.0000	  0.3482	  0.2451	-21.7130
2018	  6	  23	 55	  5.9965	  0.0000	1495.7824	   -4.4580	  1.6218	  0.0000	  1.0000	   0.0000	   0.0000	   0.0000	-450.0000	-450.0000	-450.0000	 -6.6000	 -0.1000	  9.5833	   4.0000	   1.0000	   4.0000	  0.3000	  0.6000	  0.1000	  0.1600	  0.1000	   0.0000	   0.0000	   0.0000	   0.0000	   0.0000	   0.0000	   0.0000	   0.0000	   0.0000	  0.6128	  0.0000	        0.0000	        0.0000	        0.0000	        0.0000	        0.0000	        0.0000	        0.0000	  0.3482	  0.2451	-21.7130
2018	  7	  23	 55	  6.9965	  0.0000	1916.5814	   -4.8402	  0.3294	  0.0000	  2.0000	   0.0000	   0.0000	   0.0000	-450.0000	-450.0000	-450.0000	 -7.7000	  3.2000	 17.0833	   4.0000	   1.0000	   4.0000	  0.3000	  0.6000	  0.1000	  0.1600	  0.1000	   0.0000	   0.0000	   0.0000	   0.0000	   0.0000	   0.0000	   0.0000	   0.0000	   0.0000	  0.6128	  0.0000	        0.0000	        0.0000	        0.0000	        0.0000	        0.0000	        0.0000	        0.0000	  0.3482	  0.2451	-21.7130
2018	  8	  23	 55	  7.9965	  0.0000	1667.4809	    3.6411	  0.9917	  0.0000	  3.0000	   0.0000	   0.0000	   0.0000	-450.0000	-450.0000	-450.0000	  0.1000	  3.7000	 15.5833	   4.0000	   1.0000	   4.0000	  0.3000	  0.6000	  0.1000	  0.1600	  0.1000	   0.0000	   0.0000	   0.0000	   0.0000	   0.0000	   0.0000	   0.0000	   0.0000	   0.0000	  0.6128	  0.0000	        0.0000	        0.0000	        0.0000	        0.0000	        0.0000	        0.0000	        0.0000	  0.3482	  0.2451	-21.7130
2018	  9	  23	 55	  8.9965	  0.0000	1406.0829	   -0.1749	  0.7584	  0.0000	  4.0000	   0.0000	   0.0000	   0.0000	-450.0000	-450.0000	-450.0000	 -2.4000	  1.7000	 13.9167	   4.0000	   1.0000	   4.0000	  0.3000	  0.6000	  0.1000	  0.1600	  0.1000	   0.0000	   0.0000	   0.0000	   0.0000	   0.0000	   0.0000	   0.0000	   0.0000	   0.0000	  0.6128	  0.0000	        0.0000	        0.0000	        0.0000	        0.0000	        0.0000	        0.0000	        0.0000	  0.3482	  0.2451	-21.7130
2018	 10	  23	 55	  9.9965	  0.0000	1196.2483	    2.3215	  1.0710	  4.5917	  0.0000	   0.0000	   0.0000	   0.0000	-450.0000	-450.0000	-450.0000	  0.9000	  2.7000	  7.8333	   4.0000	   1.0000	   4.0000	  0.3000	  0.6000	  0.1000	  0.1600	  0.1000	   0.0000	   0.0000	   0.0000	   0.0000	   0.0000	   0.0000	   0.0000	   0.0000	   0.0000	  0.6128	  0.0000	        0.0000	        0.0000	        0.0000	        0.0000	        0.0000	        0.0000	        0.0000	  0.3482	  0.2451	-21.7130
2018	 11	  23	 55	 10.9965	  0.0000	1351.9999	    1.4354	  1.1439	  4.3083	  0.0000	   0.0000	   0.0000	   0.0000	-450.0000	-450.0000	-450.0000	 -1.4000	  2.5000	  8.7500	   4.0000	   1.0000	   4.0000	  0.3000	  0.6000	  0.1000	  0.1600	  0.1000	   0.0000	   0.0000	   0.0000	   0.0000	   0.0000	   0.0000	   0.0000	   0.0000	   0.0000	  0.6128	  0.0000	        0.0000	        0.0000	        0.0000	        0.0000	        0.0000	        0.0000	        0.0000	  0.3482	  0.2451	-21.7130
2018	 12	  23	 55	 11.9965	  0.0000	1253.0748	   -0.0263	  0.9099	  0.0000	  1.0000	   0.0000	   0.0000	   0.0000	-450.0000	-450.0000	-450.0000	 -1.4000	  1.0000	  9.0000	   4.0000	   1.0000	   4.0000	  0.3000	  0.6000	  0.1000	  0.1600	  0.1000	   0.0000	   0.0000	   0.0000	   0.0000	   0.0000	   0.0000	   0.0000	   0.0000	   0.0000	  0.6128	  0.0000	        0.0000	        0.0000	        0.0000	        0.0000	        0.0000	        0.0000	        0.0000	  0.3482	  0.2451	-21.7130
2018	 13	  23	 55	 12.9965	  0.0000	1196.5160	   -0.8916	  0.5496	  0.0000	  2.0000	   0.0000	   0.0000	   0.0000	-450.0000	-450.0000	-450.0000	 -1.4000	 -0.3000	  9.8333	   4.0000	   1.0000	   4.0000	  0.3000	  0.6000	  0.1000	  0.1600	  0.1000	   0.0000	   0.0000	   0.0000	   0.0000	   0.0000	   0.0000	   0.0000	   0.0000	   0.0000	  0.6128	  0.0000	        0.0000	        0.0000	        0.0000	        0.0000	        0.0000	        0.0000	        0.0000	  0.3482	  0.2451	-21.7130
2018	 14	  23	 55	 13.9965	  0.0000	  7.6388	   -0.0142	  0.0763	  0.0000	  4.0000	   0.0000	   0.0000	   0.0000	-450.0000	-450.0000	-450.0000	 -2.3750	 -0.9000	  9.6667	   4.0000	   1.0000	   4.0000	  0.3000	  0.6000	  0.1000	  0.1600	  0.1000	   0.0000	   0.0000	   0.0000	   0.0000	   0.0000	   0.0000	   0.0000	   0.0000	   0.0000	  0.6128	  0.0000	        0.0000	        0.0000	        0.0000	        0.0000	        0.0000	        0.0000	        0.0000	  0.3482	  0.2451	-21.7130
2018	 15	  23	 55	 14.9965	  0.0000	1154.7734	   -0.8642	 -0.1118	  6.1667	  0.0000	   0.0000	   0.0000	   0.0000	-450.0000	-450.0000	-450.0000	 -2.4000	  0.5917	  6.5833	   4.0000	   1.0000	   4.0000	  0.3000	  0.6000	  0.1000	  0.1600	  0.1000	   0.0000	   0.0000	   0.0000	   0.0000	   0.0000	   0.0000	   0.0000	   0.0000	   0.0000	  0.6128	  0.0000	        0.0000	        0.0000	        0.0000	        0.0000	        0.0000	        0.0000	        0.0000	  0.3482	  0.2451	-21.7130
2018	 16	  23	 55	 15.9965	  0.0000	1191.7673	    1.3213	  0.1748	 13.6000	  0.0000	   0.0000	   0.0000	   0.0000	-450.0000	-450.0000	-450.0000	  0.6000	  2.0000	  6.7500	   4.0000	   1.0000	   4.0000	  0.3000	  0.6000	  0.1000	  0.1600	  0.1000	   0.0000	   0.0000	   0.0000	   0.0000	   0.0000	   0.0000	   0.0000	   0.0000	   0.0000	  0.6128	  0.0000	        0.0000	        0.0000	        0.0000	        0.0000	        0.0000	        0.0000	        0.0000	  0.3482	  0.2451	-21.7130
2018	 17	  23	 55	 16.9965	  0.0000	1605.2242	    0.5587	  0.2516	  4.9833	  0.0000	   0.0000	   0.0000	   0.0000	-450.0000	-450.0000	-450.0000	 -1.4000	  1.4000	 13.7500	   4.0000	   1.0000	   4.0000	  0.3000	  0.6000	  0.1000	  0.1600	  0.1000	   0.0000	   0.0000	   0.0000	   0.0000	   0.0000	   0.0000	   0.0000	   0.0000	   0.0000	  0.6128	  0.0000	        0.0000	        0.0000	        0.0000	        0.0000	        0.0000	        0.0000	        0.0000	  0.3482	  0.2451	-21.7130
2018	 18	  23	 55	 17.9965	  0.0000	  8.8243	   -0.0051	  0.0171	  1.1667	  0.0000	   0.0000	   0.0000	   0.0000	-450.0000	-450.0000	-450.0000	 -2.3000	  0.0010	 13.1667	   4.0000	   1.0000	   4.0000	  0.3000	  0.6000	  0.1000	  0.1600	  0.1000	   0.0000	   0.0000	   0.0000	   0.0000	   0.0000	   0.0000	   0.0000	   0.0000	   0.0000	  0.6128	  0.0000	        0.0000	        0.0000	        0.0000	        0.0000	        0.0000	        0.0000	        0.0000	  0.3482	  0.2451	-21.7130
2018	 19	  23	 55	 18.9965	  0.0000	1609.2111	   -2.4161	 -0.4695	  0.0000	  1.0000	   0.0000	   0.0000	   0.0000	-450.0000	-450.0000	-450.0000	 -2.9000	 -0.6000	 18.5833	   4.0000	   1.0000	   4.0000	  0.3000	  0.6000	  0.1000	  0.1600	  0.1000	   0.0000	   0.0000	   0.0000	   0.0000	   0.0000	   0.0000	   0.0000	   0.0000	   0.0000	  0.6128	  0.0000	        0.0000	        0.0000	        0.0000	        0.0000	        0.0000	        0.0000	        0.0000	  0.3482	  0.2451	-21.7130
2018	 20	  23	 55	 19.9965	  0.0000	1145.1213	   -0.0738	 -0.3904	  0.4083	  0.0000	   0.0000	   0.0000	   0.0000	-450.0000	-450.0000	-450.0000	 -0.8000	  0.5000	  9.7500	   4.0000	   1.0000	   4.0000	  0.3000	  0.6000	  0.1000	  0.1600	  0.1000	   0.0000	   0.0000	   0.0000	   0.0000	   0.0000	   0.0000	   0.0000	   0.0000	   0.0000	  0.6128	  0.0000	        0.0000	        0.0000	        0.0000	        0.0000	        0.0000	        0.0000	        0.0000	  0.3482	  0.2451	-21.7130
2018	 21	  23	 55	 20.9965	  0.0000	  8.7898	   -0.0154	 -0.6115	  0.0000	  2.0000	   0.0000	   0.0000	   0.0000	-450.0000	-450.0000	-450.0000	 -3.5000	 -0.1000	 13.5833	   4.0000	   1.0000	   4.0000	  0.3000	  0.6000	  0.1000	  0.1600	  0.1000	   0.0000	   0.0000	   0.0000	   0.0000	   0.0000	   0.0000	   0.0000	   0.0000	   0.0000	  0.6128	  0.0000	        0.0000	        0.0000	        0.0000	        0.0000	        0.0000	        0.0000	        0.0000	  0.3482	  0.2451	-21.7130
2018	 22	  23	 55	 21.9965	  0.0000	  8.0501	   -0.0153	 -0.7498	  0.0000	  4.0000	   0.0000	   0.0000	   0.0000	-450.0000	-450.0000	-450.0000	 -2.5000	 -0.8000	 14.0000	   4.0000	   1.0000	   4.0000	  0.3000	  0.6000	  0.1000	  0.1600	  0.1000	   0.0000	   0.0000	   0.0000	   0.0000	   0.0000	   0.0000	   0.0000	   0.0000	   0.0000	  0.6128	  0.0000	        0.0000	        0.0000	        0.0000	        0.0000	        0.0000	        0.0000	        0.0000	  0.3482	  0.2451	-21.7130
2018	 23	  23	 55	 22.9965	  0.0000	  8.0972	    0.0076	 -0.6009	 11.0250	  0.0000	   0.0000	   0.0000	   0.0000	-450.0000	-450.0000	-450.0000	 -2.9000	  2.9500	 11.6667	   4.0000	   1.0000	   4.0000	  0.3000	  0.6000	  0.1000	  0.1600	  0.1000	   0.0000	   0.0000	   0.0000	   0.0000	   0.0000	   0.0000	   0.0000	   0.0000	   0.0000	  0.6128	  0.0000	        0.0000	        0.0000	        0.0000	        0.0000	        0.0000	        0.0000	        0.0000	  0.3482	  0.2451	-21.7130
2018	 24	  23	 55	 23.9965	  0.0000	1585.5632	    8.7444	  1.2681	 19.0083	  0.0000	   0.4000	   0.4000	   0.4000	-450.0000	-450.0000	-450.0000	  3.0000	  7.8000	 11.6667	   4.0004	   1.0008	   4.0004	  0.3001	  0.5999	  0.1000	  0.1600	  0.1000	   0.0000	   0.0000	   0.0000	   0.0000	   0.0000	   0.0000	   0.0000	   0.0000	   0.0000	  0.6129	  0.0000	        0.0000	        0.0000	        0.0000	        0.0000	        0.0000	        0.0000	        0.0000	  0.3482	  0.2451	-21.7130
2018	 25	  23	 55	 24.9965	  0.0000	1508.3807	    8.1402	  2.6426	  6.2500	  0.0000	   0.4500	   0.4500	   0.4500	-450.0000	-450.0000	-450.0000	  3.8000	  6.3000	 14.2500	   4.0009	   1.0017	   4.0009	  0.3002	  0.5998	  0.1000	  0.1600	  0.1000	   0.0000	   0.0000	   0.0000	   0.0000	   0.0000	   0.0000	   0.0000	   0.0000	   0.0000	  0.6130	  0.0000	        0.0000	        0.0000	        0.0000	        0.0000	        0.0000	        0.0000	        0.0000	  0.3482	  0.2451	-21.7130
2018	 26	  23	 55	 25.9965	  0.0000	  8.6260	    0.0270	  2.6231	  0.1250	  0.0000	   0.0000	   0.0000	   0.0000	-450.0000	-450.0000	-450.0000	  1.9667	  4.8000	 14.2500	   4.0009	   1.0017	   4.0009	  0.3002	  0.5998	  0.1000	  0.1600	  0.1000	   0.0000	   0.0000	   0.0000	   0.0000	   0.0000	   0.0000	   0.0000	   0.0000	   0.0000	  0.6130	  0.0000	        0.0000	        0.0000	        0.0000	        0.0000	        0.0000	        0.0000	        0.0000	  0.3482	  0.2451	-21.7130
2018	 27	  23	 55	 26.9965	  0.0000	1924.5562	    3.1346	  2.7254	 13.2583	  0.0000	   0.0000	   0.0000	   0.0000	-450.0000	-450.0000	-450.0000	 -0.3000	  3.6000	 20.6667	   4.0009	   1.0017	   4.0009	  0.3002	  0.5998	  0.1000	  0.1600	  0.1000	   0.0000	   0.0000	   0.0000	   0.0000	   0.0000	   0.0000	   0.0000	   0.0000	   0.0000	  0.6130	  0.0000	        0.0000	        0.0000	        0.0000	        0.0000	        0.0000	        0.0000	        0.0000	  0.3482	  0.2451	-21.7130
2018	 28	  23	 55	 27.9965	  0.0000	1686.5331	    8.7701	  3.9343	 11.2667	  0.0000	   0.0000	   0.0000	   0.0000	-450.0000	-450.0000	-450.0000	  1.4000	  7.1000	 14.4167	   4.0009	   1.0017	   4.0009	  0.3002	  0.5998	  0.1000	  0.1600	  0.1000	   0.0000	   0.0000	   0.0000	   0.0000	   0.0000	   0.0000	   0.0000	   0.0000	   0.0000	  0.6130	  0.0000	        0.0000	        0.0000	        0.0000	        0.0000	        0.0000	        0.0000	        0.0000	  0.3482	  0.2451	-21.7130
2018	 29	  23	 55	 28.9965	  0.0000	  9.0314	    0.0322	  3.5950	 12.1167	  0.0000	   0.0000	   0.0000	   0.0000	-450.0000	-450.0000	-450.0000	  2.5500	  6.6000	 13.9167	   4.0009	   1.0017	   4.0009	  0.3002	  0.5998	  0.1000	  0.1600	  0.1000	   0.0000	   0.0000	   0.0000	   0.0000	   0.0000	   0.0000	   0.0000	   0.0000	   0.0000	  0.6130	  0.0000	        0.0000	        0.0000	        0.0000	        0.0000	        0.0000	        0.0000	        0.0000	  0.3482	  0.2451	-21.7130
2018	 30	  23	 55	 29.9965	  0.0000	1678.3588	    4.0765	  3.6913	  0.2583	  0.0000	   0.0000	   0.0000	   0.0000	-450.0000	-450.0000	-450.0000	 -0.3000	  4.1000	 17.5833	   4.0009	   1.0017	   4.0009	  0.3002	  0.5998	  0.1000	  0.1600	  0.1000	   0.0000	   0.0000	   0.0000	   0.0000	   0.0000	   0.0000	   0.0000	   0.0000	   0.0000	  0.6130	  0.0000	        0.0000	        0.0000	        0.0000	        0.0000	        0.0000	        0.0000	        0.0000	  0.3482	  0.2451	-21.7130
2018	 31	  23	 55	 30.9965	  0.0000	1382.0724	    3.6613	  3.6853	 11.7083	  0.0000	   0.0000	   0.0000	   0.0000	-450.0000	-450.0000	-450.0000	  1.5000	  3.9000	  8.6667	   4.0009	   1.0017	   4.0009	  0.3002	  0.5998	  0.1000	  0.1600	  0.1000	   0.0000	   0.0000	   0.0000	   0.0000	   0.0000	   0.0000	   0.0000	   0.0000	   0.0000	  0.6130	  0.0000	        0.0000	        0.0000	        0.0000	        0.0000	        0.0000	        0.0000	        0.0000	  0.3482	  0.2451	-21.7130
2018	 32	  23	 55	 31.9965	  0.0000	  9.1862	    0.0172	  2.9206	  7.5417	  0.0000	   0.0000	   0.0000	   0.0000	-450.0000	-450.0000	-450.0000	  1.2000	  3.1000	 17.3333	   4.0009	   1.0017	   4.0009	  0.3002	  0.5998	  0.1000	  0.1600	  0.1000	   0.0000	   0.0000	   0.0000	   0.0000	   0.0000	   0.0000	   0.0000	   0.0000	   0.0000	  0.6130	  0.0000	        0.0000	        0.0000	        0.0000	        0.0000	        0.0000	        0.0000	        0.0000	  0.3482	  0.2451	-21.7130
2018	 33	  23	 55	 32.9965	  0.0000	1454.8365	   -3.6339	  1.6097	  1.1917	  0.0000	   0.0000	   0.0000	   0.0000	-450.0000	-450.0000	-450.0000	 -4.8917	  1.4000	 12.4167	   4.0009	   1.0017	   4.0009	  0.3002	  0.5998	  0.1000	  0.1600	  0.1000	   0.0000	   0.0000	   0.0000	   0.0000	   0.0000	   0.0000	   0.0000	   0.0000	   0.0000	  0.6130	  0.0000	        0.0000	        0.0000	        0.0000	        0.0000	        0.0000	        0.0000	        0.0000	  0.3482	  0.2451	-21.7130
2018	 34	  23	 55	 33.9965	  0.0000	1306.8582	   -5.4170	  0.2044	  0.5000	  0.0000	   0.0000	   0.0000	   0.0000	-450.0000	-450.0000	-450.0000	 -5.4000	 -2.8000	 14.5000	   4.0009	   1.0017	   4.0009	  0.3002	  0.5998	  0.1000	  0.1600	  0.1000	   0.0000	   0.0000	   0.0000	   0.0000	   0.0000	   0.0000	   0.0000	   0.0000	   0.0000	  0.6130	  0.0000	        0.0000	        0.0000	        0.0000	        0.0000	        0.0000	        0.0000	        0.0000	  0.3482	  0.2451	-21.7130
2018	 35	  23	 55	 34.9965	  0.0000	1428.3336	   -5.7709	 -0.9907	  0.0000	  1.0000	   0.0000	   0.0000	   0.0000	-450.0000	-450.0000	-450.0000	 -6.9667	 -2.7000	 14.4167	   4.0009	   1.0017	   4.0009	  0.3002	  0.5998	  0.1000	  0.1600	  0.1000	   0.0000	   0.0000	   0.0000	   0.0000	   0.0000	   0.0000	   0.0000	   0.0000	   0.0000	  0.6130	  0.0000	        0.0000	        0.0000	        0.0000	        0.0000	        0.0000	        0.0000	        0.0000	  0.3482	  0.2451	-21.7130
2018	 36	  23	 55	 35.9965	  0.0000	 12.0021	   -0.0899	 -3.4878	  0.0000	  3.0000	   0.0000	   0.0000	   0.0000	-450.0000	-450.0000	-450.0000	 -9.8000	 -3.8000	 27.0833	   4.0009	   1.0017	   4.0009	  0.3002	  0.5998	  0.1000	  0.1600	  0.1000	   0.0000	   0.0000	   0.0000	   0.0000	   0.0000	   0.0000	   0.0000	   0.0000	   0.0000	  0.6130	  0.0000	        0.0000	        0.0000	        0.0000	        0.0000	        0.0000	        0.0000	        0.0000	  0.3482	  0.2451	-21.7130
2018	 37	  23	 55	 36.9965	  0.0000	1727.4601	   -5.9963	 -3.9895	  5.0833	  0.0000	   0.0000	   0.0000	   0.0000	-450.0000	-450.0000	-450.0000	 -8.0000	 -1.5000	 16.5833	   4.0009	   1.0017	   4.0009	  0.3002	  0.5998	  0.1000	  0.1600	  0.1000	   0.0000	   0.0000	   0.0000	   0.0000	   0.0000	   0.0000	   0.0000	   0.0000	   0.0000	  0.6130	  0.0000	        0.0000	        0.0000	        0.0000	        0.0000	        0.0000	        0.0000	        0.0000	  0.3482	  0.2451	-21.7130
2018	 38	  23	 55	 37.9965	  0.0000	  9.2886	   -0.0017	 -2.7168	  1.6333	  0.0000	   0.0000	   0.0000	   0.0000	-450.0000	-450.0000	-450.0000	 -2.7000	  1.0000	 18.8333	   4.0009	   1.0017	   4.0009	  0.3002	  0.5998	  0.1000	  0.1600	  0.1000	   0.0000	   0.0000	   0.0000	   0.0000	   0.0000	   0.0000	   0.0000	   0.0000	   0.0000	  0.6130	  0.0000	        0.0000	        0.0000	        0.0000	        0.0000	        0.0000	        0.0000	        0.0000	  0.3482	  0.2451	-21.7130
2018	 39	  23	 55	 38.9965	  0.0000	1699.3115	    0.6634	 -2.0408	  2.7083	  0.0000	   0.0000	   0.0000	   0.0000	-450.0000	-450.0000	-450.0000	 -0.7000	  1.8000	 18.2500	   4.0009	   1.0017	   4.0009	  0.3002	  0.5998	  0.1000	  0.1600	  0.1000	   0.0000	   0.0000	   0.0000	   0.0000	   0.0000	   0.0000	   0.0000	   0.0000	   0.0000	  0.6130	  0.0000	        0.0000	        0.0000	        0.0000	        0.0000	        0.0000	        0.0000	        0.0000	  0.3482	  0.2451	-21.7130
2018	 40	  23	 55	 39.9965	  0.0000	1541.3830	   -0.6274	 -1.7581	  0.0000	  1.0000	   0.0000	   0.0000	   0.0000	-450.0000	-450.0000	-450.0000	 -1.9000	  0.7000	 20.5000	   4.0009	   1.0017	   4.0009	  0.3002	  0.5998	  0.1000	  0.1600	  0.1000	   0.0000	   0.0000	   0.0000	   0.0000	   0.0000	   0.0000	   0.0000	   0.0000	   0.0000	  0.6130	  0.0000	        0.0000	        0.0000	        0.0000	        0.0000	        0.0000	        0.0000	        0.0000	  0.3482	  0.2451	-21.7130
2018	 41	  23	 55	 40.9965	  0.0000	1342.4490	   -1.1538	 -1.6372	  0.0000	  2.0000	   0.0000	   0.0000	   0.0000	-450.0000	-450.0000	-450.0000	 -2.4000	  0.1000	 15.6667	   4.0009	   1.0017	   4.0009	  0.3002	  0.5998	  0.1000	  0.1600	  0.1000	   0.0000	   0.0000	   0.0000	   0.0000	   0.0000	   0.0000	   0.0000	   0.0000	   0.0000	  0.6130	  0.0000	        0.0000	        0.0000	        0.0000	        0.0000	        0.0000	        0.0000	        0.0000	  0.3482	  0.2451	-21.7130
2018	 42	  23	 55	 41.9965	  0.0000	1423.6309	   -0.0312	 -1.3160	  4.3333	  0.0000	   0.0000	   0.0000	   0.0000	-450.0000	-450.0000	-450.0000	 -1.4000	  1.4000	 17.4167	   4.0009	   1.0017	   4.0009	  0.3002	  0.5998	  0.1000	  0.1600	  0.1000	   0.0000	   0.0000	   0.0000	   0.0000	   0.0000	   0.0000	   0.0000	   0.0000	   0.0000	  0.6130	  0.0000	        0.0000	        0.0000	        0.0000	        0.0000	        0.0000	        0.0000	        0.0000	  0.3482	  0.2451	-21.7130
2018	 43	  23	 55	 42.9965	  0.0000	1066.3151	    1.1792	 -0.8170	 15.2083	  0.0000	   0.0000	   0.0000	   0.0000	-450.0000	-450.0000	-450.0000	  0.7000	  1.5000	  9.5000	   4.0009	   1.0017	   4.0009	  0.3002	  0.5998	  0.1000	  0.1600	  0.1000	   0.0000	   0.0000	   0.0000	   0.0000	   0.0000	   0.0000	   0.0000	   0.0000	   0.0000	  0.6130	  0.0000	        0.0000	        0.0000	        0.0000	        0.0000	        0.0000	        0.0000	        0.0000	  0.3482	  0.2451	-21.7130
2018	 44	  23	 55	 43.9965	  0.0000	1655.4130	    2.0158	 -0.2504	  0.2250	  0.0000	   0.0000	   0.0000	   0.0000	-450.0000	-450.0000	-450.0000	  0.3000	  2.0000	 23.4167	   4.0009	   1.0017	   4.0009	  0.3002	  0.5998	  0.1000	  0.1600	  0.1000	   0.0000	   0.0000	   0.0000	   0.0000	   0.0000	   0.0000	   0.0000	   0.0000	   0.0000	  0.6130	  0.0000	        0.0000	        0.0000	        0.0000	        0.0000	        0.0000	        0.0000	        0.0000	  0.3482	  0.2451	-21.7130
2018	 45	  23	 55	 44.9965	  0.0000	1787.4373	    1.7684	  0.1533	  0.0000	  1.0000	   0.0000	   0.0000	   0.0000	-450.0000	-450.0000	-450.0000	 -0.8833	  2.8000	 25.6667	   4.0009	   1.0017	   4.0009	  0.3002	  0.5998	  0.1000	  0.1600	  0.1000	   0.0000	   0.0000	   0.0000	   0.0000	   0.0000	   0.0000	   0.0000	   0.0000	   0.0000	  0.6130	  0.0000	        0.0000	        0.0000	        0.0000	        0.0000	        0.0000	        0.0000	        0.0000	  0.3482	  0.2451	-21.7130
2018	 46	  23	 55	 45.9965	  0.0000	1490.0864	    0.2885	  0.1804	  2.4333	  0.0000	   0.0000	   0.0000	   0.0000	-450.0000	-450.0000	-450.0000	 -1.0000	  1.5000	 17.1667	   4.0009	   1.0017	   4.0009	  0.3002	  0.5998	  0.1000	  0.1600	  0.1000	   0.0000	   0.0000	   0.0000	   0.0000	   0.0000	   0.0000	   0.0000	   0.0000	   0.0000	  0.6130	  0.0000	        0.0000	        0.0000	        0.0000	        0.0000	        0.0000	        0.0000	        0.0000	  0.3482	  0.2451	-21.7130
2018	 47	  23	 55	 46.9965	  0.0000	  3.4819	   -0.0112	  0.1452	  3.3000	  0.0000	   0.0000	   0.0000	   0.0000	-450.0000	-450.0000	-450.0000	 -3.2000	  1.9000	 24.2500	   4.0009	   1.0017	   4.0009	  0.3002	  0.5998	  0.1000	  0.1600	  0.1000	   0.0000	   0.0000	   0.0000	   0.0000	   0.0000	   0.0000	   0.0000	   0.0000	   0.0000	  0.6130	  0.0000	        0.0000	        0.0000	        0.0000	        0.0000	        0.0000	        0.0000	        0.0000	  0.3482	  0.2451	-21.7130
2018	 48	  23	 55	 47.9965	  0.0000	2583.2027	   -3.0587	 -0.4956	  0.0000	  1.0000	   0.0000	   0.0000	   0.0000	-450.0000	-450.0000	-450.0000	 -5.7000	  0.8000	 39.0000	   4.0009	   1.0017	   4.0009	  0.3002	  0.5998	  0.1000	  0.1600	  0.1000	   0.0000	   0.0000	   0.0000	   0.0000	   0.0000	   0.0000	   0.0000	   0.0000	   0.0000	  0.6130	  0.0000	        0.0000	        0.0000	        0.0000	        0.0000	        0.0000	        0.0000	        0.0000	  0.3482	  0.2451	-21.7130
2018	 49	  23	 55	 48.9965	  0.0000	1393.4628	    1.1283	 -0.1708	  4.2583	  0.0000	   0.0000	   0.0000	   0.0000	-450.0000	-450.0000	-450.0000	  0.1000	  1.5000	 17.7500	   4.0009	   1.0017	   4.0009	  0.3002	  0.5998	  0.1000	  0.1600	  0.1000	   0.0000	   0.0000	   0.0000	   0.0000	   0.0000	   0.0000	   0.0000	   0.0000	   0.0000	  0.6130	  0.0000	        0.0000	        0.0000	        0.0000	        0.0000	        0.0000	        0.0000	        0.0000	  0.3482	  0.2451	-21.7130
2018	 50	  23	 55	 49.9965	  0.0000	1958.2848	    2.0548	  0.2743	  9.8917	  0.0000	   0.0000	   0.0000	   0.0000	-450.0000	-450.0000	-450.0000	  0.3000	  1.7000	 29.9167	   4.0009	   1.0017	   4.0009	  0.3002	  0.5998	  0.1000	  0.1600	  0.1000	   0.0000	   0.0000	   0.0000	   0.0000	   0.0000	   0.0000	   0.0000	   0.0000	   0.0000	  0.6130	  0.0000	        0.0000	        0.0000	        0.0000	        0.0000	        0.0000	        0.0000	        0.0000	  0.3482	  0.2451	-21.7130
2018	 51	  23	 55	 50.9965	  0.0000	  3.5040	   -0.0112	 -0.0336	  0.6333	  0.0000	   0.0000	   0.0000	   0.0000	-450.0000	-450.0000	-450.0000	 -3.2000	  0.7000	 24.0833	   4.0009	   1.0017	   4.0009	  0.3002	  0.5998	  0.1000	  0.1600	  0.1000	   0.0000	   0.0000	   0.0000	   0.0000	   0.0000	   0.0000	   0.0000	   0.0000	   0.0000	  0.6130	  0.0000	        0.0000	        0.0000	        0.0000	        0.0000	        0.0000	        0.0000	        0.0000	  0.3482	  0.2451	-21.7130
2018	 52	  23	 55	 51.9965	  0.0000	  3.5007	   -0.0193	 -0.5714	  1.2583	  0.0000	   0.0000	   0.0000	   0.0000	-450.0000	-450.0000	-450.0000	 -5.5083	  0.0010	 20.4167	   4.0009	   1.0017	   4.0009	  0.3002	  0.5998	  0.1000	  0.1600	  0.1000	   0.0000	   0.0000	   0.0000	   0.0000	   0.0000	   0.0000	   0.0000	   0.0000	   0.0000	  0.6130	  0.0000	        0.0000	        0.0000	        0.0000	        0.0000	        0.0000	        0.0000	        0.0000	  0.3482	  0.2451	-21.7130
2018	 53	  23	 55	 52.9965	  0.0000	2502.4006	  -14.2440	 -3.3059	  0.0000	  1.0000	   0.0000	   0.0000	   0.0000	-450.0000	-450.0000	-450.0000	 -9.7000	 -2.0000	 35.1667	   4.0009	   1.0017	   4.0009	  0.3002	  0.5998	  0.1000	  0.1600	  0.1000	   0.0000	   0.0000	   0.0000	   0.0000	   0.0000	   0.0000	   0.0000	   0.0000	   0.0000	  0.6130	  0.0000	        0.0000	        0.0000	        0.0000	        0.0000	        0.0000	        0.0000	        0.0000	  0.3482	  0.2451	-21.7130
2018	 54	  23	 55	 53.9965	  0.0000	  3.5055	   -0.0110	 -2.4111	  0.0000	  4.0000	   0.0000	   0.0000	   0.0000	-450.0000	-450.0000	-450.0000	 -7.2000	 -0.2000	 21.4167	   4.0009	   1.0017	   4.0009	  0.3002	  0.5998	  0.1000	  0.1600	  0.1000	   0.0000	   0.0000	   0.0000	   0.0000	   0.0000	   0.0000	   0.0000	   0.0000	   0.0000	  0.6130	  0.0000	        0.0000	        0.0000	        0.0000	        0.0000	        0.0000	        0.0000	        0.0000	  0.3482	  0.2451	-21.7130
2018	 55	  23	 55	 54.9965	  0.0000	2257.6851	  -11.8201	 -4.2929	  0.0000	  5.0000	   0.0000	   0.0000	   0.0000	-450.0000	-450.0000	-450.0000	 -7.5000	 -2.7000	 33.7500	   4.0009	   1.0017	   4.0009	  0.3002	  0.5998	  0.1000	  0.1600	  0.1000	   0.0000	   0.0000	   0.0000	   0.0000	   0.0000	   0.0000	   0.0000	   0.0000	   0.0000	  0.6130	  0.0000	        0.0000	        0.0000	        0.0000	        0.0000	        0.0000	        0.0000	        0.0000	  0.3482	  0.2451	-21.7130
2018	 56	  23	 55	 55.9965	  0.0000	1931.1571	  -14.6304	 -6.3604	  0.2250	  0.0000	   0.0000	   0.0000	   0.0000	-450.0000	-450.0000	-450.0000	-10.1000	 -5.5000	 27.2500	   4.0009	   1.0017	   4.0009	  0.3002	  0.5998	  0.1000	  0.1600	  0.1000	   0.0000	   0.0000	   0.0000	   0.0000	   0.0000	   0.0000	   0.0000	   0.0000	   0.0000	  0.6130	  0.0000	        0.0000	        0.0000	        0.0000	        0.0000	        0.0000	        0.0000	        0.0000	  0.3482	  0.2451	-21.7130
2018	 57	  23	 55	 56.9965	  0.0000	1989.7900	  -15.1717	 -8.1227	  0.0000	  1.0000	   0.0000	   0.0000	   0.0000	-450.0000	-450.0000	-450.0000	-11.2000	 -4.7000	 32.5833	   4.0009	   1.0017	   4.0009	  0.3002	  0.5998	  0.1000	  0.1600	  0.1000	   0.0000	   0.0000	   0.0000	   0.0000	   0.0000	   0.0000	   0.0000	   0.0000	   0.0000	  0.6130	  0.0000	        0.0000	        0.0000	        0.0000	        0.0000	        0.0000	        0.0000	        0.0000	  0.3482	  0.2451	-21.7130
2018	 58	  23	 55	 57.9965	  0.0000	1730.5885	  -16.7913	 -9.8564	  0.0000	  2.0000	   0.0000	   0.0000	   0.0000	-450.0000	-450.0000	-450.0000	-13.7750	 -6.9000	 22.4167	   4.0009	   1.0017	   4.0009	  0.3002	  0.5998	  0.1000	  0.1600	  0.1000	   0.0000	   0.0000	   0.0000	   0.0000	   0.0000	   0.0000	   0.0000	   0.0000	   0.0000	  0.6130	  0.0000	        0.0000	        0.0000	        0.0000	        0.0000	        0.0000	        0.0000	        0.0000	  0.3482	  0.2451	-21.7130
2018	 59	  23	 55	 58.9965	  0.0000	 10.1786	   -0.1183	 -9.8833	  0.3333	  0.0000	   0.0000	   0.0000	   0.0000	-450.0000	-450.0000	-450.0000	-14.6000	 -8.5000	 30.0000	   4.0009	   1.0017	   4.0009	  0.3002	  0.5998	  0.1000	  0.1600	  0.1000	   0.0000	   0.0000	   0.0000	   0.0000	   0.0000	   0.0000	   0.0000	   0.0000	   0.0000	  0.6130	  0.0000	        0.0000	        0.0000	        0.0000	        0.0000	        0.0000	        0.0000	        0.0000	  0.3482	  0.2451	-21.7130
2018	 60	  23	 55	 59.9965	  0.0000	1920.9222	  -17.9036	-11.4873	  0.0000	  1.0000	   0.0000	   0.0000	   0.0000	-450.0000	-450.0000	-450.0000	-13.4000	 -5.8000	 30.1667	   4.0009	   1.0017	   4.0009	  0.3002	  0.5998	  0.1000	  0.1600	  0.1000	   0.0000	   0.0000	   0.0000	   0.0000	   0.0000	   0.0000	   0.0000	   0.0000	   0.0000	  0.6130	  0.0000	        0.0000	        0.0000	        0.0000	        0.0000	        0.0000	        0.0000	        0.0000	  0.3482	  0.2451	-21.7130
2018	 61	  23	 55	 60.9965	  0.0000	1698.5721	  -10.5185	-11.2936	  1.1583	  0.0000	   0.0000	   0.0000	   0.0000	-450.0000	-450.0000	-450.0000	 -8.9000	 -4.0000	 25.4167	   4.0009	   1.0017	   4.0009	  0.3002	  0.5998	  0.1000	  0.1600	  0.1000	   0.0000	   0.0000	   0.0000	   0.0000	   0.0000	   0.0000	   0.0000	   0.0000	   0.0000	  0.6130	  0.0000	        0.0000	        0.0000	        0.0000	        0.0000	        0.0000	        0.0000	        0.0000	  0.3482	  0.2451	-21.7130
2018	 62	  23	 55	 61.9965	  0.0000	1775.1313	   -7.0569	-10.4462	  0.0000	  1.0000	   0.0000	   0.0000	   0.0000	-450.0000	-450.0000	-450.0000	 -6.2833	 -2.0000	 23.8333	   4.0009	   1.0017	   4.0009	  0.3002	  0.5998	  0.1000	  0.1600	  0.1000	   0.0000	   0.0000	   0.0000	   0.0000	   0.0000	   0.0000	   0.0000	   0.0000	   0.0000	  0.6130	  0.0000	        0.0000	        0.0000	        0.0000	        0.0000	        0.0000	        0.0000	        0.0000	  0.3482	  0.2451	-21.7130
2018	 63	  23	 55	 62.9965	  0.0000	1848.3873	   -6.8984	 -9.7367	  0.0000	  2.0000	   0.0000	   0.0000	   0.0000	-450.0000	-450.0000	-450.0000	 -6.9000	 -1.4000	 28.5833	   4.0009	   1.0017	   4.0009	  0.3002	  0.5998	  0.1000	  0.1600	  0.1000	   0.0000	   0.0000	   0.0000	   0.0000	   0.0000	   0.0000	   0.0000	   0.0000	   0.0000	  0.6130	  0.0000	        0.0000	        0.0000	        0.0000	        0.0000	        0.0000	        0.0000	        0.0000	  0.3482	  0.2451	-21.7130
2018	 64	  23	 55	 63.9965	  0.0000	1590.4267	   -3.7963	 -8.5486	  5.7667	  0.0000	   0.0000	   0.0000	   0.0000	-450.0000	-450.0000	-450.0000	 -4.4000	 -1.1000	 21.6667	   4.0009	   1.0017	   4.0009	  0.3002	  0.5998	  0.1000	  0.1600	  0.1000	   0.0000	   0.0000	   0.0000	   0.0000	   0.0000	   0.0000	   0.0000	   0.0000	   0.0000	  0.6130	  0.0000	        0.0000	        0.0000	        0.0000	        0.0000	        0.0000	        0.0000	        0.0000	  0.3482	  0.2451	-21.7130
2018	 65	  23	 55	 64.9965	  0.0000	1678.2418	    0.4787	 -6.7431	  3.4833	  0.0000	   0.0000	   0.0000	   0.0000	-450.0000	-450.0000	-450.0000	 -2.1000	  1.7000	 22.0833	   4.0009	   1.0017	   4.0009	  0.3002	  0.5998	  0.1000	  0.1600	  0.1000	   0.0000	   0.0000	   0.0000	   0.0000	   0.0000	   0.0000	   0.0000	   0.0000	   0.0000	  0.6130	  0.0000	        0.0000	        0.0000	        0.0000	        0.0000	        0.0000	        0.0000	        0.0000	  0.3482	  0.2451	-21.7130
2018	 66	  23	 55	 65.9965	  0.0000	 11.3502	    0.0102	 -3.7382	  0.0000	  2.0000	   0.0000	   0.0000	   0.0000	-450.0000	-450.0000	-450.0000	 -0.6667	  3.7000	 37.2500	   4.0009	   1.0017	   4.0009	  0.3002	  0.5998	  0.1000	  0.1600	  0.1000	   0.0000	   0.0000	   0.0000	   0.0000	   0.0000	   0.0000	   0.0000	   0.0000	   0.0000	  0.6130	  0.0000	        0.0000	        0.0000	        0.0000	        0.0000	        0.0000	        0.0000	        0.0000	  0.3482	  0.2451	-21.7130
2018	 67	  23	 55	 66.9965	  0.0000	  3.4984	   -0.0187	 -2.2927	  4.8667	  0.0000	   0.0000	   0.0000	   0.0000	-450.0000	-450.0000	-450.0000	 -5.3250	 -0.1000	 26.0833	   4.0009	   1.0017	   4.0009	  0.3002	  0.5998	  0.1000	  0.1600	  0.1000	   0.0000	   0.0000	   0.0000	   0.0000	   0.0000	   0.0000	   0.0000	   0.0000	   0.0000	  0.6130	  0.0000	        0.0000	        0.0000	        0.0000	        0.0000	        0.0000	        0.0000	        0.0000	  0.3482	  0.2451	-21.7130
2018	 68	  23	 55	 67.9965	  0.0000	2228.6418	   -6.0551	 -3.0452	  0.0000	  1.0000	   0.0000	   0.0000	   0.0000	-450.0000	-450.0000	-450.0000	 -6.1000	 -0.7000	 31.0833	   4.0009	   1.0017	   4.0009	  0.3002	  0.5998	  0.1000	  0.1600	  0.1000	   0.0000	   0.0000	   0.0000	   0.0000	   0.0000	   0.0000	   0.0000	   0.0000	   0.0000	  0.6130	  0.0000	        0.0000	        0.0000	        0.0000	        0.0000	        0.0000	        0.0000	        0.0000	  0.3482	  0.2451	-21.7130
2018	 69	  23	 55	 68.9965	  0.0000	2827.2325	   -9.6490	 -4.3660	  0.0000	  2.0000	   0.0000	   0.0000	   0.0000	-450.0000	-450.0000	-450.0000	 -9.5000	  0.9000	 43.5833	   4.0009	   1.0017	   4.0009	  0.3002	  0.5998	  0.1000	  0.1600	  0.1000	   0.0000	   0.0000	   0.0000	   0.0000	   0.0000	   0.0000	   0.0000	   0.0000	   0.0000	  0.6130	  0.0000	        0.0000	        0.0000	        0.0000	        0.0000	        0.0000	        0.0000	        0.0000	  0.3482	  0.2451	-21.7130
2018	 70	  23	 55	 69.9965	  0.0000	1667.0327	   -0.2879	 -3.5504	 14.4250	  0.0000	   0.0000	   0.0000	   0.0000	-450.0000	-450.0000	-450.0000	 -3.3000	  1.7917	 25.2500	   4.0009	   1.0017	   4.0009	  0.3002	  0.5998	  0.1000	  0.1600	  0.1000	   0.0000	   0.0000	   0.0000	   0.0000	   0.0000	   0.0000	   0.0000	   0.0000	   0.0000	  0.6130	  0.0000	        0.0000	        0.0000	        0.0000	        0.0000	        0.0000	        0.0000	        0.0000	  0.3482	  0.2451	-21.7130
2018	 71	  23	 55	 70.9965	  0.0000	1937.0574	    5.1933	 -1.8016	  2.0250	  0.0000	   0.0000	   0.0000	   0.0000	-450.0000	-450.0000	-450.0000	  1.2083	  4.4000	 29.7500	   4.0009	   1.0017	   4.0009	  0.3002	  0.5998	  0.1000	  0.1600	  0.1000	   0.0000	   0.0000	   0.0000	   0.0000	   0.0000	   0.0000	   0.0000	   0.0000	   0.0000	  0.6130	  0.0000	        0.0000	        0.0000	        0.0000	        0.0000	        0.0000	        0.0000	        0.0000	  0.3482	  0.2451	-21.7130
2018	 72	  23	 55	 71.9965	  0.0000	1265.1889	    1.6454	 -1.1122	  0.0000	  1.0000	   0.0000	   0.0000	   0.0000	-450.0000	-450.0000	-450.0000	  0.2250	  1.8000	 16.4167	   4.0009	   1.0017	   4.0009	  0.3002	  0.5998	  0.1000	  0.1600	  0.1000	   0.0000	   0.0000	   0.0000	   0.0000	   0.0000	   0.0000	   0.0000	   0.0000	   0.0000	  0.6130	  0.0000	        0.0000	        0.0000	        0.0000	        0.0000	        0.0000	        0.0000	        0.0000	  0.3482	  0.2451	-21.7130
2018	 73	  23	 55	 72.9965	  0.0000	2039.5221	   -0.2480	 -0.9394	  0.0000	  2.0000	   0.0000	   0.0000	   0.0000	-450.0000	-450.0000	-450.0000	 -2.9750	  1.6000	 30.7500	   4.0009	   1.0017	   4.0009	  0.3002	  0.5998	  0.1000	  0.1600	  0.1000	   0.0000	   0.0000	   0.0000	   0.0000	   0.0000	   0.0000	   0.0000	   0.0000	   0.0000	  0.6130	  0.0000	        0.0000	        0.0000	        0.0000	        0.0000	        0.0000	        0.0000	        0.0000	  0.3482	  0.2451	-21.7130
2018	 74	  23	 55	 73.9965	  0.0000	  9.5001	   -0.0327	 -1.3033	  0.0000	  4.0000	   0.0000	   0.0000	   0.0000	-450.0000	-450.0000	-450.0000	 -5.0500	 -1.1000	 23.5833	   4.0009	   1.0017	   4.0009	  0.3002	  0.5998	  0.1000	  0.1600	  0.1000	   0.0000	   0.0000	   0.0000	   0.0000	   0.0000	   0.0000	   0.0000	   0.0000	   0.0000	  0.6130	  0.0000	        0.0000	        0.0000	        0.0000	        0.0000	        0.0000	        0.0000	        0.0000	  0.3482	  0.2451	-21.7130
2018	 75	  23	 55	 74.9965	  0.0000	2288.6618	  -12.1709	 -3.4769	  0.0000	  5.0000	   0.0000	   0.0000	   0.0000	-450.0000	-450.0000	-450.0000	 -8.6000	 -2.6000	 35.6667	   4.0009	   1.0017	   4.0009	  0.3002	  0.5998	  0.1000	  0.1600	  0.1000	   0.0000	   0.0000	   0.0000	   0.0000	   0.0000	   0.0000	   0.0000	   0.0000	   0.0000	  0.6130	  0.0000	        0.0000	        0.0000	        0.0000	        0.0000	        0.0000	        0.0000	        0.0000	  0.3482	  0.2451	-21.7130
2018	 76	  23	 55	 75.9965	  0.0000	  3.4566	   -0.0365	 -2.9440	  0.0000	  9.0000	   0.0000	   0.0000	   0.0000	-450.0000	-450.0000	-450.0000	-10.4417	 -2.0000	 37.3333	   4.0009	   1.0017	   4.0009	  0.3002	  0.5998	  0.1000	  0.1600	  0.1000	   0.0000	   0.0000	   0.0000	   0.0000	   0.0000	   0.0000	   0.0000	   0.0000	   0.0000	  0.6130	  0.0000	        0.0000	        0.0000	        0.0000	        0.0000	        0.0000	        0.0000	        0.0000	  0.3482	  0.2451	-21.7130
2018	 77	  23	 55	 76.9965	  0.0000	3117.9886	  -18.2448	 -6.0042	  0.0000	 10.0000	   0.0000	   0.0000	   0.0000	-450.0000	-450.0000	-450.0000	-16.8000	  2.1000	 51.5000	   4.0009	   1.0017	   4.0009	  0.3002	  0.5998	  0.1000	  0.1600	  0.1000	   0.0000	   0.0000	   0.0000	   0.0000	   0.0000	   0.0000	   0.0000	   0.0000	   0.0000	  0.6130	  0.0000	        0.0000	        0.0000	        0.0000	        0.0000	        0.0000	        0.0000	        0.0000	  0.3482	  0.2451	-21.7130
2018	 78	  23	 55	 77.9965	  0.0000	 10.8903	   -0.0131	 -4.1336	  1.5583	  0.0000	   0.0000	   0.0000	   0.0000	-450.0000	-450.0000	-450.0000	 -4.9000	  2.1000	 33.0833	   4.0009	   1.0017	   4.0009	  0.3002	  0.5998	  0.1000	  0.1600	  0.1000	   0.0000	   0.0000	   0.0000	   0.0000	   0.0000	   0.0000	   0.0000	   0.0000	   0.0000	  0.6130	  0.0000	        0.0000	        0.0000	        0.0000	        0.0000	        0.0000	        0.0000	        0.0000	  0.3482	  0.2451	-21.7130
2018	 79	  23	 55	 78.9965	  0.0000	  3.5028	   -0.0237	 -2.3429	  0.0000	  3.0000	   0.0000	   0.0000	   0.0000	-450.0000	-450.0000	-450.0000	 -6.7583	  3.6000	 44.0833	   4.0009	   1.0017	   4.0009	  0.3002	  0.5998	  0.1000	  0.1600	  0.1000	   0.0000	   0.0000	   0.0000	   0.0000	   0.0000	   0.0000	   0.0000	   0.0000	   0.0000	  0.6130	  0.0000	        0.0000	        0.0000	        0.0000	        0.0000	        0.0000	        0.0000	        0.0000	  0.3482	  0.2451	-21.7130
2018	 80	  23	 55	 79.9965	  0.0000	2602.5109	    2.3262	 -1.4091	  3.2083	  0.0000	   0.0000	   0.0000	   0.0000	-450.0000	-450.0000	-450.0000	 -6.9000	  4.0000	 38.4167	   4.0009	   1.0017	   4.0009	  0.3002	  0.5998	  0.1000	  0.1600	  0.1000	   0.0000	   0.0000	   0.0000	   0.0000	   0.0000	   0.0000	   0.0000	   0.0000	   0.0000	  0.6130	  0.0000	        0.0000	        0.0000	        0.0000	        0.0000	        0.0000	        0.0000	        0.0000	  0.3482	  0.2451	-21.7130
2018	 81	  23	 55	 80.9965	  0.0000	 11.9012	   -0.0088	 -0.9055	  1.9083	  0.0000	   0.0000	   0.0000	   0.0000	-450.0000	-450.0000	-450.0000	 -2.8000	  1.7000	 36.1667	   4.0009	   1.0017	   4.0009	  0.3002	  0.5998	  0.1000	  0.1600	  0.1000	   0.0000	   0.0000	   0.0000	   0.0000	   0.0000	   0.0000	   0.0000	   0.0000	   0.0000	  0.6130	  0.0000	        0.0000	        0.0000	        0.0000	        0.0000	        0.0000	        0.0000	        0.0000	  0.3482	  0.2451	-21.7130
2018	 82	  23	 55	 81.9965	  0.0000	1904.0576	    0.0402	 -0.7163	  0.0000	  1.0000	   0.0000	   0.0000	   0.0000	-450.0000	-450.0000	-450.0000	 -2.5000	  1.9000	 31.5833	   4.0009	   1.0017	   4.0009	  0.3002	  0.5998	  0.1000	  0.1600	  0.1000	   0.0000	   0.0000	   0.0000	   0.0000	   0.0000	   0.0000	   0.0000	   0.0000	   0.0000	  0.6130	  0.0000	        0.0000	        0.0000	        0.0000	        0.0000	        0.0000	        0.0000	        0.0000	  0.3482	  0.2451	-21.7130
2018	 83	  23	 55	 82.9965	  0.0000	1453.9839	    2.4752	 -0.0780	  1.3917	  0.0000	   0.0000	   0.0000	   0.0000	-450.0000	-450.0000	-450.0000	  0.1000	  2.9000	 21.5833	   4.0009	   1.0017	   4.0009	  0.3002	  0.5998	  0.1000	  0.1600	  0.1000	   0.0000	   0.0000	   0.0000	   0.0000	   0.0000	   0.0000	   0.0000	   0.0000	   0.0000	  0.6130	  0.0000	        0.0000	        0.0000	        0.0000	        0.0000	        0.0000	        0.0000	        0.0000	  0.3482	  0.2451	-21.7130
2018	 84	  23	 55	 83.9965	  0.0000	2173.6871	    8.6070	  1.6590	  0.0000	  1.0000	   0.0000	   0.0000	   0.0000	-450.0000	-450.0000	-450.0000	  1.7000	  6.4000	 37.5000	   4.0009	   1.0017	   4.0009	  0.3002	  0.5998	  0.1000	  0.1600	  0.1000	   0.0000	   0.0000	   0.0000	   0.0000	   0.0000	   0.0000	   0.0000	   0.0000	   0.0000	  0.6130	  0.0000	        0.0000	        0.0000	        0.0000	        0.0000	        0.0000	        0.0000	        0.0000	  0.3482	  0.2451	-21.7130
2018	 85	  23	 55	 84.9965	  0.0000	2316.0769	    4.8016	  2.2875	  1.6583	  0.0000	   0.0000	   0.0000	   0.0000	-450.0000	-450.0000	-450.0000	 -0.5833	  4.9000	 39.0833	   4.0009	   1.0017	   4.0009	  0.3002	  0.5998	  0.1000	  0.1600	  0.1000	   0.0000	   0.0000	   0.0000	   0.0000	   0.0000	   0.0000	   0.0000	   0.0000	   0.0000	  0.6130	  0.0000	        0.0000	        0.0000	        0.0000	        0.0000	        0.0000	        0.0000	        0.0000	  0.3482	  0.2451	-21.7130
2018	 86	  23	 55	 85.9965	  0.0000	 11.5583	   -0.0243	  1.0728	  2.9917	  0.0000	   0.0000	   0.0000	   0.0000	-450.0000	-450.0000	-450.0000	 -4.5583	  1.0000	 34.8333	   4.0009	   1.0017	   4.0009	  0.3002	  0.5998	  0.1000	  0.1600	  0.1000	   0.0000	   0.0000	   0.0000	   0.0000	   0.0000	   0.0000	   0.0000	   0.0000	   0.0000	  0.6130	  0.0000	        0.0000	        0.0000	        0.0000	        0.0000	        0.0000	        0.0000	        0.0000	  0.3482	  0.2451	-21.7130
2018	 87	  23	 55	 86.9965	  0.0000	 12.8985	   -0.0303	 -0.1113	  0.0000	  2.0000	   0.0000	   0.0000	   0.0000	-450.0000	-450.0000	-450.0000	 -7.1000	  2.3000	 44.4167	   4.0009	   1.0017	   4.0009	  0.3002	  0.5998	  0.1000	  0.1600	  0.1000	   0.0000	   0.0000	   0.0000	   0.0000	   0.0000	   0.0000	   0.0000	   0.0000	   0.0000	  0.6130	  0.0000	        0.0000	        0.0000	        0.0000	        0.0000	        0.0000	        0.0000	        0.0000	  0.3482	  0.2451	-21.7130
2018	 88	  23	 55	 87.9965	  0.0000	 11.9229	   -0.0114	 -0.1731	  0.0000	  4.0000	   0.0000	   0.0000	   0.0000	-450.0000	-450.0000	-450.0000	 -4.6000	  3.9000	 41.3333	   4.0009	   1.0017	   4.0009	  0.3002	  0.5998	  0.1000	  0.1600	  0.1000	   0.0000	   0.0000	   0.0000	   0.0000	   0.0000	   0.0000	   0.0000	   0.0000	   0.0000	  0.6130	  0.0000	        0.0000	        0.0000	        0.0000	        0.0000	        0.0000	        0.0000	        0.0000	  0.3482	  0.2451	-21.7130
2018	 89	  23	 55	 88.9965	  0.0000	2848.3686	    1.0445	  0.0704	  0.0000	  5.0000	   0.0000	   0.0000	   0.0000	-450.0000	-450.0000	-450.0000	 -4.4000	  4.8000	 48.5000	   4.0009	   1.0017	   4.0009	  0.3002	  0.5998	  0.1000	  0.1600	  0.1000	   0.0000	   0.0000	   0.0000	   0.0000	   0.0000	   0.0000	   0.0000	   0.0000	   0.0000	  0.6130	  0.0000	        0.0000	        0.0000	        0.0000	        0.0000	        0.0000	        0.0000	        0.0000	  0.3482	  0.2451	-21.7130
2018	 90	  23	 55	 89.9965	  0.0000	2714.2922	    2.7208	  0.6005	  0.0000	  6.0000	   0.0000	   0.0000	   0.0000	-450.0000	-450.0000	-450.0000	 -5.2000	  5.6000	 49.0833	   4.0009	   1.0017	   4.0009	  0.3002	  0.5998	  0.1000	  0.1600	  0.1000	   0.0000	   0.0000	   0.0000	   0.0000	   0.0000	   0.0000	   0.0000	   0.0000	   0.0000	  0.6130	  0.0000	        0.0000	        0.0000	        0.0000	        0.0000	        0.0000	        0.0000	        0.0000	  0.3482	  0.2451	-21.7130
2018	 91	  23	 55	 90.9965	  0.0000	2271.2588	    1.7536	  0.8311	  0.0000	  7.0000	   0.0000	   0.0000	   0.0000	-450.0000	-450.0000	-450.0000	 -3.1917	  3.6000	 35.9167	   4.0009	   1.0017	   4.0009	  0.3002	  0.5998	  0.1000	  0.1600	  0.1000	   0.0000	   0.0000	   0.0000	   0.0000	   0.0000	   0.0000	   0.0000	   0.0000	   0.0000	  0.6130	  0.0000	        0.0000	        0.0000	        0.0000	        0.0000	        0.0000	        0.0000	        0.0000	  0.3482	  0.2451	-21.7130
2018	 92	  23	 55	 91.9965	  0.0000	  3.4795	   -0.0135	  0.4121	  0.0000	 12.0000	   0.0000	   0.0000	   0.0000	-450.0000	-450.0000	-450.0000	 -4.7000	  5.2000	 52.3333	   4.0009	   1.0017	   4.0009	  0.3002	  0.5998	  0.1000	  0.1600	  0.1000	   0.0000	   0.0000	   0.0000	   0.0000	   0.0000	   0.0000	   0.0000	   0.0000	   0.0000	  0.6130	  0.0000	        0.0000	        0.0000	        0.0000	        0.0000	        0.0000	        0.0000	        0.0000	  0.3482	  0.2451	-21.7130
2018	 93	  23	 55	 92.9965	  0.0000	 10.6329	    0.0206	  0.6276	  6.4250	  0.0000	   0.0000	   0.0000	   0.0000	-450.0000	-450.0000	-450.0000	 -4.1000	  3.6583	 32.0833	   4.0009	   1.0017	   4.0009	  0.3002	  0.5998	  0.1000	  0.1600	  0.1000	   0.0000	   0.0000	   0.0000	   0.0000	   0.0000	   0.0000	   0.0000	   0.0000	   0.0000	  0.6130	  0.0000	        0.0000	        0.0000	        0.0000	        0.0000	        0.0000	        0.0000	        0.0000	  0.3482	  0.2451	-21.7130
2018	 94	  23	 55	 93.9965	  0.0000	 11.3116	    0.0686	  2.6996	 14.2000	  0.0000	   3.0000	   3.0000	   3.0000	-450.0000	-450.0000	-450.0000	  3.7000	  9.3000	 37.1667	   4.0057	   1.0107	   4.0057	  0.3012	  0.5990	  0.1000	  0.1600	  0.1000	   0.0000	   0.0000	   0.0000	   0.0000	   0.0000	   0.0000	   0.0000	   0.0000	   0.0000	  0.6134	  0.0000	        0.0000	        0.0000	        0.0000	        0.0000	        0.0000	        0.0000	        0.0000	  0.3482	  0.2451	-21.7130
2018	 95	  23	 55	 94.9965	  0.0000	2209.9115	   13.5038	  4.8604	  7.1000	  0.0000	   3.7500	   3.7500	   3.7500	-450.0000	-450.0000	-450.0000	  2.6000	  8.9000	 34.5000	   4.0096	   1.0182	   4.0096	  0.3020	  0.5984	  0.1000	  0.1600	  0.1000	   0.0000	   0.0000	   0.0000	   0.0000	   0.0000	   0.0000	   0.0000	   0.0000	   0.0000	  0.6151	  0.0000	        0.0000	        0.0000	        0.0000	        0.0000	        0.0000	        0.0000	        0.0000	  0.3482	  0.2451	-21.7130
2018	 96	  23	 55	 95.9965	  0.0000	2636.4070	   11.8565	  6.2596	  0.0000	  1.0000	   0.0000	   0.0000	   0.0000	-450.0000	-450.0000	-450.0000	  0.5167	  7.2000	 48.9167	   4.0096	   1.0182	   4.0096	  0.3020	  0.5984	  0.1000	  0.1600	  0.1000	   0.0000	   0.0000	   0.0000	   0.0000	   0.0000	   0.0000	   0.0000	   0.0000	   0.0000	  0.6151	  0.0000	        0.0000	        0.0000	        0.0000	        0.0000	        0.0000	        0.0000	        0.0000	  0.3482	  0.2451	-21.7130
2018	 97	  23	 55	 96.9965	  0.0000	 13.1468	    0.0846	  7.2056	  0.0000	  3.0000	   2.8000	   2.8000	   2.8000	-450.0000	-450.0000	-450.0000	  0.3000	 12.5000	 47.8333	   4.0141	   1.0266	   4.0141	  0.3030	  0.5976	  0.1000	  0.1600	  0.1000	   0.0000	   0.0000	   0.0000	   0.0000	   0.0000	   0.0000	   0.0000	   0.0000	   0.0000	  0.6155	  0.0000	        0.0000	        0.0000	        0.0000	        0.0000	        0.0000	        0.0000	        0.0000	  0.3482	  0.2451	-21.7130
2018	 98	  23	 55	 97.9965	  0.0000	 15.4186	    0.1490	 10.2943	  1.5333	  0.0000	  11.8000	  11.8000	  11.8000	-450.0000	-450.0000	-450.0000	  2.4000	 16.6000	 58.6667	   4.0343	   1.0649	   4.0343	  0.3072	  0.5942	  0.1000	  0.1600	  0.1000	   0.0000	   0.0000	   0.0000	   0.0000	   0.0000	   0.0000	   0.0000	   0.0000	   0.0000	  0.6180	  0.0000	        0.0000	        0.0000	        0.0000	        0.0000	        0.0000	        0.0000	        0.0000	  0.3482	  0.2451	-21.7130
2018	 99	  23	 55	 98.9965	  0.0000	3070.7668	   25.0351	 13.2425	  2.0000	  0.0000	  14.9000	  14.9000	  14.9000	-450.0000	-450.0000	-450.0000	  4.3000	 11.9000	 56.0833	   4.0500	   1.0947	   4.0500	  0.3105	  0.5916	  0.1000	  0.1600	  0.1000	   0.0000	   0.0000	   0.0000	   0.0000	   0.0000	   0.0000	   0.0000	   0.0000	   0.0000	  0.6247	  0.0000	        0.0000	        0.0000	        0.0000	        0.0000	        0.0000	        0.0000	        0.0000	  0.3482	  0.2451	-21.7130
2018	100	  23	 55	 99.9965	  0.0000	 12.3927	    0.0703	 11.2269	  0.0000	  2.0000	  18.6583	  18.6583	  18.6583	-450.0000	-450.0000	-450.0000	  3.0583	 10.7000	 42.4167	   4.0875	   1.1659	   4.0875	  0.3184	  0.5853	  0.1000	  0.1600	  0.1000	   0.0000	   0.0000	   0.0000	   0.0000	   0.0000	   0.0000	   0.0000	   0.0000	   0.0000	  0.6290	  0.0000	        0.0000	        0.0000	        0.0000	        0.0000	        0.0000	        0.0000	        0.0000	  0.3482	  0.2451	-21.7130
2018	101	  23	 55	100.9965	  0.0000	 13.9604	    0.0855	 10.5915	  0.0000	  4.0000	  22.1583	  22.1583	  22.1583	-450.0000	-450.0000	-450.0000	  0.5000	 13.0000	 51.0833	   4.1325	   1.2516	   4.1325	  0.3280	  0.5776	  0.1000	  0.1600	  0.1000	   0.0000	   0.0000	   0.0000	   0.0000	   0.0000	   0.0000	   0.0000	   0.0000	   0.0000	  0.6388	  0.0000	        0.0000	        0.0000	        0.0000	        0.0000	        0.0000	        0.0000	        0.0000	  0.3482	  0.2451	-21.7130
2018	102	  23	 55	101.9965	  0.0000	3019.0302	   25.5110	 13.5754	  0.0000	  5.0000	  25.2083	  25.2083	  25.2083	-450.0000	-450.0000	-450.0000	  0.9000	 15.2000	 51.2500	   4.1592	   1.3025	   4.1592	  0.3336	  0.5731	  0.1000	  0.1600	  0.1000	   0.0000	   0.0000	   0.0000	   0.0000	   0.0000	   0.0000	   0.0000	   0.0000	   0.0000	  0.6508	  0.0000	        0.0000	        0.0000	        0.0000	        0.0000	        0.0000	        0.0000	        0.0000	  0.3482	  0.2451	-21.7130
2018	103	  23	 55	102.9965	  0.0000	 13.8353	    0.1666	 14.7807	  0.0000	  7.0000	  39.8083	  39.8083	  39.8083	-450.0000	-450.0000	-450.0000	  5.1000	 19.5000	 52.8333	   4.2358	   1.4488	   4.2358	  0.3499	  0.5601	  0.1000	  0.1600	  0.1000	   0.0000	   0.0000	   0.0000	   0.0000	   0.0000	   0.0000	   0.0000	   0.0000	   0.0000	  0.6590	  0.0000	        0.0000	        0.0000	        0.0000	        0.0000	        0.0000	        0.0000	        0.0000	  0.3482	  0.2451	-21.7130
2018	104	  23	 55	103.9965	  0.0000	3296.6548	   45.5538	 20.9353	  0.5583	  0.0000	  48.3083	  48.3083	  48.3083	-450.0000	-450.0000	-450.0000	  6.7000	 20.3000	 57.4167	   4.2870	   1.5469	   4.2870	  0.3608	  0.5514	  0.1000	  0.1600	  0.1000	   0.0000	   0.0000	   0.0000	   0.0000	   0.0000	   0.0000	   0.0000	   0.0000	   0.0000	  0.6814	  0.0000	        0.0000	        0.0000	        0.0000	        0.0000	        0.0000	        0.0000	        0.0000	  0.3482	  0.2451	-21.7130
2018	105	  23	 55	104.9965	  0.0000	2105.0698	   20.0489	 20.7580	  1.9250	  0.0000	  53.0083	  53.0083	  53.0083	   0.0000	   0.0000	   0.0000	  7.6000	 11.8000	 35.4167	   4.3431	   1.6548	   4.3431	  0.3728	  0.5418	  0.1000	  0.1600	  0.1000	   0.0000	   0.0000	   0.0000	   0.0000	   0.0000	   0.0000	   0.0000	   0.0000	   0.0000	  0.6948	  0.0000	        0.0000	        0.0000	        0.0000	        0.0000	        0.0000	        0.0000	        0.0000	  0.3482	  0.2451	-21.7130
2018	106	  23	 55	105.9965	  0.0000	  3.5124	    0.0193	 10.6149	  0.0000	  4.0000	  67.2583	  67.2583	  67.2583	   0.0000	   0.0000	   0.0000	  5.5250	 11.6000	 35.6667	   4.6060	   2.1623	   4.6060	  0.4291	  0.4967	  0.1000	  0.1600	  0.1000	   0.0000	   0.0000	   0.0000	   0.0000	   0.0000	   0.0000	   0.0000	   0.0000	   0.0000	  0.7092	  0.0000	        0.0000	        0.0000	        0.0000	        0.0000	        0.0000	        0.0000	        0.0000	  0.3482	  0.2451	-21.7130
2018	107	  23	 55	106.9965	  0.0000	1817.1644	   14.0913	 11.3102	  0.0000	  5.0000	  69.7583	  69.7583	  69.7583	   0.0000	   0.0000	   0.0000	  5.4000	  9.6000	 27.9167	   4.6802	   2.3062	   4.6802	  0.4451	  0.4839	  0.1000	  0.1600	  0.1000	   0.0000	   0.0000	   0.0000	   0.0000	   0.0000	   0.0000	   0.0000	   0.0000	   0.0000	  0.7758	  0.0000	        0.0000	        0.0000	        0.0000	        0.0000	        0.0000	        0.0000	        0.0000	  0.3482	  0.2451	-21.7130
2018	108	  23	 55	107.9965	  0.0000	2534.7720	   28.5699	 14.7621	  0.0000	  6.0000	  75.5583	  75.5583	  75.5583	   0.0000	   0.0000	   0.0000	  7.1000	 14.5000	 44.1667	   4.7605	   2.4625	   4.7605	  0.4625	  0.4700	  0.1000	  0.1600	  0.1000	   0.0000	   0.0000	   0.0000	   0.0000	   0.0000	   0.0000	   0.0000	   0.0000	   0.0000	  0.7952	  0.0000	        0.0000	        0.0000	        0.0000	        0.0000	        0.0000	        0.0000	        0.0000	  0.3482	  0.2451	-21.7130
2018	109	  23	 55	108.9965	  0.0000	2994.7374	   36.0266	 19.0150	  0.0000	  7.0000	  81.8583	  81.8583	  81.8583	   0.0000	   0.0000	   0.0000	  6.0000	 16.6000	 49.3333	   4.8477	   2.6322	   4.8477	  0.4814	  0.4549	  0.1000	  0.1600	  0.1000	   0.0000	   0.0000	   0.0000	   0.0000	   0.0000	   0.0000	   0.0000	   0.0000	   0.0000	  0.8162	  0.0000	        0.0000	        0.0000	        0.0000	        0.0000	        0.0000	        0.0000	        0.0000	  0.3482	  0.2451	-21.7130
2018	110	  23	 55	109.9965	  0.0000	3068.6519	   43.8052	 23.9730	  0.0000	  8.0000	  91.2583	  91.2583	  91.2583	   0.0000	   0.0000	   0.0000	  8.3000	 20.5000	 56.1667	   4.9449	   2.8219	   4.9449	  0.5024	  0.4381	  0.1000	  0.1600	  0.1000	   0.0000	   0.0000	   0.0000	   0.0000	   0.0000	   0.0000	   0.0000	   0.0000	   0.0000	  0.8396	  0.0000	        0.0000	        0.0000	        0.0000	        0.0000	        0.0000	        0.0000	        0.0000	  0.3482	  0.2451	-21.7130
2018	111	  23	 55	110.9965	  0.0000	  3.5419	    0.0160	 15.7247	  0.0000	 11.0000	 102.3208	 102.3208	 102.3208	   0.0000	   0.0000	   0.0000	  4.4750	 12.9000	 50.5000	   5.1000	   3.4405	   5.1000	  0.5712	  0.3831	  0.1000	  0.1600	  0.1000	   0.0000	   0.0000	   0.0000	   0.0000	   0.0000	   0.0000	   0.0000	   0.0000	   0.0000	  0.8641	  0.0000	        0.0000	        0.0000	        0.0000	        0.0000	        0.0000	        0.0000	        0.0000	  0.3482	  0.2451	-21.7130
2018	112	  23	 55	111.9965	  0.0000	3249.7513	   29.9778	 18.5753	  0.0000	 12.0000	 105.4208	 105.4208	 105.4208	   0.0000	   0.0000	   0.0000	  2.8000	 13.4000	 61.3333	   5.1000	   3.6620	   5.1000	  0.5958	  0.3634	  0.1000	  0.1600	  0.1000	   0.0000	   0.0000	   0.0000	   0.0000	   0.0000	   0.0000	   0.0000	   0.0000	   0.0000	  0.9049	  0.0000	        0.0000	        0.0000	        0.0000	        0.0000	        0.0000	        0.0000	        0.0000	  0.3482	  0.2451	-21.7130
2018	113	  23	 55	112.9965	  0.0000	2690.5098	   24.1892	 19.6981	 17.2917	  0.0000	 109.6708	 109.6708	 109.6708	   0.0000	   0.0000	   0.0000	  6.6000	 11.9000	 51.5000	   5.1000	   3.8930	   5.1000	  0.6214	  0.3428	  0.1000	  0.1600	  0.1000	   0.0000	   0.0000	   0.0000	   0.0000	   0.0000	   0.0000	   0.0000	   0.0000	   0.0000	  0.9168	  0.0000	        0.0000	        0.0000	        0.0000	        0.0000	        0.0000	        0.0000	        0.0000	  0.3482	  0.2451	-21.7130
2018	114	  23	 55	113.9965	  0.0000	1476.3490	   10.9170	 17.9419	  6.8667	  0.0000	 112.0750	 112.0750	 112.0750	   0.0000	   0.0000	   0.0000	  6.3083	  8.5000	 24.0833	   5.1000	   4.1297	   5.1000	  0.6477	  0.3218	  0.1000	  0.1600	  0.1000	   0.0000	   0.0000	   0.0000	   0.0000	   0.0000	   0.0000	   0.0000	   0.0000	   0.0000	  0.9291	  0.0000	        0.0000	        0.0000	        0.0000	        0.0000	        0.0000	        0.0000	        0.0000	  0.3482	  0.2451	-21.7130
2018	115	  23	 55	114.9965	  0.0000	2494.2693	   19.3947	 18.2325	  1.0583	  0.0000	 114.7333	 114.7333	 114.7333	   0.0000	   0.0000	   0.0000	  5.7167	  9.6000	 48.2500	   5.1000	   4.3726	   5.1000	  0.6747	  0.3002	  0.1000	  0.1600	  0.1000	   0.0000	   0.0000	   0.0000	   0.0000	   0.0000	   0.0000	   0.0000	   0.0000	   0.0000	  0.9417	  0.0000	        0.0000	        0.0000	        0.0000	        0.0000	        0.0000	        0.0000	        0.0000	  0.3482	  0.2451	-21.7130
2018	116	  23	 55	115.9965	  0.0000	2255.4941	   17.3164	 18.0492	 15.8750	  0.0000	 117.7833	 117.7833	 117.7833	   0.0000	   0.0000	   0.0000	  5.3000	 10.8000	 43.0833	   5.1000	   4.6225	   5.1000	  0.7025	  0.2780	  0.1000	  0.1600	  0.1000	   0.0000	   0.0000	   0.0000	   0.0000	   0.0000	   0.0000	   0.0000	   0.0000	   0.0000	  0.9546	  0.0000	        0.0000	        0.0000	        0.0000	        0.0000	        0.0000	        0.0000	        0.0000	  0.3482	  0.2451	-21.7130
2018	117	  23	 55	116.9965	  0.0000	 15.0289	    0.0990	 15.6124	 28.0250	  0.0000	 120.5833	 120.5833	 120.5833	   0.0000	   0.0000	   0.0000	  2.5000	 10.3000	 60.6667	   5.1000	   5.1328	   5.1000	  0.7592	  0.2326	  0.1000	  0.1600	  0.1000	   0.0000	   0.0000	   0.0000	   0.0000	   0.0000	   0.0000	   0.0000	   0.0000	   0.0000	  0.9677	  0.0000	        0.0000	        0.0000	        0.0000	        0.0000	        0.0000	        0.0000	        0.0000	  0.3482	  0.2451	-21.7130
2018	118	  23	 55	117.9965	  0.0000	4701.7834	   37.4629	 19.9825	 19.4750	  0.0000	 122.8333	 122.8333	 122.8333	   0.0000	   0.0000	   0.0000	  3.2000	 11.3000	 67.2500	   5.1000	   5.3951	   5.1000	  0.7883	  0.2093	  0.1000	  0.1600	  0.1000	   0.0000	   0.0000	   0.0000	   0.0000	   0.0000	   0.0000	   0.0000	   0.0000	   0.0000	  0.9946	  0.0000	        0.0000	        0.0000	        0.0000	        0.0000	        0.0000	        0.0000	        0.0000	  0.3482	  0.2451	-21.7130
2018	119	  23	 55	118.9965	  0.0000	2862.3697	   25.4882	 21.0837	  1.2833	  0.0000	 126.7833	 126.7833	 126.7833	   0.0000	   0.0000	   0.0000	  6.0000	 11.9000	 54.5000	   5.1000	   5.5000	   5.1000	  0.8000	  0.2000	  0.1000	  0.1600	  0.1000	   0.0000	   0.0000	   0.0000	   0.0000	   0.0000	   0.0000	   0.0000	   0.0000	   0.0000	  1.0000	  0.0000	        0.0000	        0.0000	        0.0000	        0.0000	        0.0000	        0.0000	        0.0000	  0.3482	  0.2451	-21.7130
2018	120	  23	 55	119.9965	  0.0000	2521.4850	   22.2446	 21.3159	 39.9333	  0.0000	 130.5833	 130.5833	 130.5833	   0.0000	   0.0000	   0.0000	  5.3000	 12.3000	 43.5000	   5.1000	   5.5000	   5.1000	  0.8000	  0.2000	  0.1000	  0.1600	  0.1000	   0.0000	   0.0000	   0.0000	   0.0000	   0.0000	   0.0000	   0.0000	   0.0000	   0.0000	  1.0000	  0.0000	        0.0000	        0.0000	        0.0000	        0.0000	        0.0000	        0.0000	        0.0000	  0.3482	  0.2451	-21.7130
2018	121	  23	 55	120.9965	  0.0000	2918.6746	   26.0997	 22.2726	 57.6417	  0.0000	 134.2833	 134.2833	 134.2833	   0.0000	   0.0000	   0.0000	  6.0000	 11.4000	 57.6667	   5.1000	   5.5000	   5.1000	  0.8000	  0.2000	  0.1000	  0.1600	  0.1000	   0.0000	   0.0000	   0.0000	   0.0000	   0.0000	   0.0000	   0.0000	   0.0000	   0.0000	  1.0000	  0.0000	        0.0000	        0.0000	        0.0000	        0.0000	        0.0000	        0.0000	        0.0000	  0.3482	  0.2451	-21.7130
2018	122	  23	 55	121.9965	  0.0000	3181.8756	   31.7188	 24.1619	  0.7333	  0.0000	 138.4917	 138.4917	 138.4917	   0.0000	   0.0000	   0.0000	  5.8167	 12.6000	 59.6667	   5.1000	   5.5000	   5.1000	  0.8000	  0.2000	  0.1000	  0.1600	  0.1000	   0.0000	   0.0000	   0.0000	   0.0000	   0.0000	   0.0000	   0.0000	   0.0000	   0.0000	  1.0000	  0.0000	        0.0000	        0.0000	        0.0000	        0.0000	        0.0000	        0.0000	        0.0000	  0.3482	  0.2451	-21.7130
2018	123	  23	 55	122.9965	  0.0000	3112.0289	   24.5271	 24.2349	  6.0917	  0.0000	 141.2917	 141.2917	 141.2917	   0.0000	   0.0000	   0.0000	  4.9000	 10.7000	 60.9167	   5.1000	   5.5000	   5.1000	  0.8000	  0.2000	  0.1000	  0.1600	  0.1000	   0.0000	   0.0000	   0.0000	   0.0000	   0.0000	   0.0000	   0.0000	   0.0000	   0.0000	  1.0000	  0.0000	        0.0000	        0.0000	        0.0000	        0.0000	        0.0000	        0.0000	        0.0000	  0.3482	  0.2451	-21.7130
2018	124	  23	 55	123.9965	  0.0000	2711.4165	   24.2109	 24.2301	  0.0000	  1.0000	 144.5417	 144.5417	 144.5417	   0.0000	   0.0000	   0.0000	  4.0000	 12.5000	 51.4167	   5.1000	   5.5000	   5.1000	  0.8000	  0.2000	  0.1000	  0.1600	  0.1000	   0.0000	   0.0000	   0.0000	   0.0000	   0.0000	   0.0000	   0.0000	   0.0000	   0.0000	  1.0000	  0.0000	        0.0000	        0.0000	        0.0000	        0.0000	        0.0000	        0.0000	        0.0000	  0.3482	  0.2451	-21.7130
2018	125	  23	 55	124.9965	  0.0000	3179.3211	   36.1260	 26.6093	  0.0000	  2.0000	 150.2167	 150.2167	 150.2167	   0.0000	   0.0000	   0.0000	  5.9500	 15.4000	 59.1667	   5.1000	   5.5000	   5.1000	  0.8000	  0.2000	  0.1000	  0.1600	  0.1000	   0.0000	   0.0000	   0.0000	   0.0000	   0.0000	   0.0000	   0.0000	   0.0000	   0.0000	  1.0000	  0.0000	        0.0000	        0.0000	        0.0000	        0.0000	        0.0000	        0.0000	        0.0000	  0.3482	  0.2451	-21.7130
2018	126	  23	 55	125.9965	  0.0000	3517.0704	   46.6767	 30.6228	  0.0000	  3.0000	 156.7667	 156.7667	 156.7667	   0.0000	   0.0000	   0.0000	  5.2000	 17.9000	 67.2500	   5.1000	   5.5000	   5.1000	  0.8000	  0.2000	  0.1000	  0.1600	  0.1000	   0.0000	   0.0000	   0.0000	   0.0000	   0.0000	   0.0000	   0.0000	   0.0000	   0.0000	  1.0000	  0.0000	        0.0000	        0.0000	        0.0000	        0.0000	        0.0000	        0.0000	        0.0000	  0.3482	  0.2451	-21.7130
2018	127	  23	 55	126.9965	  0.0000	3586.5042	   56.9363	 35.8855	  0.0000	  4.0000	 165.9667	 165.9667	 165.9667	   0.0000	   0.0000	   0.0000	  7.5000	 20.9000	 68.5833	   5.1000	   5.5000	   5.1000	  0.8000	  0.2000	  0.1000	  0.1600	  0.1000	   0.0000	   0.0000	   0.0000	   0.0000	   0.0000	   0.0000	   0.0000	   0.0000	   0.0000	  1.0000	  0.0000	        0.0000	        0.0000	        0.0000	        0.0000	        0.0000	        0.0000	        0.0000	  0.3482	  0.2451	-21.7130
2018	128	  23	 55	127.9965	  0.0000	  3.5832	    0.0435	 27.6666	  0.0000	  7.0000	 200.4667	 200.4667	 200.4667	   0.0000	   0.0000	   0.0000	  8.9000	 24.1000	 75.2500	   5.1000	   5.5000	   5.1000	  0.8000	  0.2000	  0.1000	  0.1600	  0.1000	   0.0000	   0.0000	   0.0000	   0.0000	   0.0000	   0.0000	   0.0000	   0.0000	   0.0000	  1.0000	  0.0000	        0.0000	        0.0000	        0.0000	        0.0000	        0.0000	        0.0000	        0.0000	  0.3482	  0.2451	-21.7130
2018	129	  23	 55	128.9965	  0.0000	  3.5866	    0.0477	 23.5774	  0.0000	 10.0000	 239.0167	 239.0167	 239.0167	   0.0000	   0.0000	   0.0000	 10.2000	 25.5000	 72.0833	   5.1000	   5.5000	   5.1000	  0.8000	  0.2000	  0.1000	  0.1600	  0.1000	   0.0000	   0.0000	   0.0000	   0.0000	   0.0000	   0.0000	   0.0000	   0.0000	   0.0000	  1.0000	  0.0000	        0.0000	        0.0000	        0.0000	        0.0000	        0.0000	        0.0000	        0.0000	  0.3482	  0.2451	-21.7130
2018	130	  23	 55	129.9965	  0.0000	3632.5234	   68.1471	 32.4913	  0.5417	  0.0000	 252.0167	 252.0167	 252.0167	   0.0000	   0.0000	   0.0000	 10.2000	 25.8000	 64.9167	   5.1000	   5.5000	   5.1000	  0.8000	  0.2000	  0.1000	  0.1600	  0.1000	   0.0000	   0.0000	   0.0000	   0.0000	   0.0000	   0.0000	   0.0000	   0.0000	   0.0000	  1.0000	  0.0000	        0.0000	        0.0000	        0.0000	        0.0000	        0.0000	        0.0000	        0.0000	  0.3482	  0.2451	-21.7130
2018	131	  23	 55	130.9965	  0.0000	4002.4341	   51.6850	 36.3301	 10.5500	  0.0000	 258.6958	 258.6958	 258.6958	   0.0000	   0.0000	   0.0000	  6.8583	 16.5000	 78.2500	   5.1000	   5.5000	   5.1000	  0.8000	  0.2000	  0.1000	  0.1600	  0.1000	   0.0000	   0.0000	   0.0000	   0.0000	   0.0000	   0.0000	   0.0000	   0.0000	   0.0000	  1.0000	  0.0000	        0.0000	        0.0000	        0.0000	        0.0000	        0.0000	        0.0000	        0.0000	  0.3482	  0.2451	-21.7130
2018	132	  23	 55	131.9965	  0.0000	3422.5549	   49.6246	 38.9890	  0.0000	  1.0000	 266.4458	 266.4458	 266.4458	   0.0000	   0.0000	   0.0000	  6.8000	 18.7000	 66.9167	   5.1000	   5.5000	   5.1000	  0.8000	  0.2000	  0.1000	  0.1600	  0.1000	   0.0000	   0.0000	   0.0000	   0.0000	   0.0000	   0.0000	   0.0000	   0.0000	   0.0000	  1.0000	  0.0000	        0.0000	        0.0000	        0.0000	        0.0000	        0.0000	        0.0000	        0.0000	  0.3482	  0.2451	-21.7130
2018	133	  23	 55	132.9965	  0.0000	  3.5899	    0.0499	 29.9533	  1.1917	  0.0000	 300.0000	 300.0000	 300.0000	   0.0000	   0.0000	   0.0000	 11.9000	 25.3000	 73.7500	   5.1000	   5.5000	   5.1000	  0.8000	  0.2000	  0.1000	  0.1600	  0.1000	   0.0000	   0.0000	   0.0000	   0.0000	   0.0000	   0.0000	   0.0000	   0.0000	   0.0000	  1.0000	  0.0000	        0.0000	        0.0000	        0.0000	        0.0000	        0.0000	        0.0000	        0.0000	  0.3482	  0.2451	-21.7130
2018	134	  23	 55	133.9965	  0.0000	 18.1430	    0.3628	 33.4270	  0.0000	  2.0000	 300.0000	 300.0000	 300.0000	   0.0000	   0.0000	   0.0000	 10.7000	 27.7000	 78.2500	   5.1000	   5.5000	   5.1000	  0.8000	  0.2000	  0.1000	  0.1600	  0.1000	   0.0000	   0.0000	   0.0000	   0.0000	   0.0000	   0.0000	   0.0000	   0.0000	   0.0000	  1.0000	  0.0000	        0.0000	        0.0000	        0.0000	        0.0000	        0.0000	        0.0000	        0.0000	  0.3482	  0.2451	-21.7130
2018	135	  23	 55	134.9965	  0.0000	  3.5393	    0.0461	 22.9429	  0.0000	  6.0000	 300.0000	 300.0000	 300.0000	   0.0000	   0.0000	   0.0000	 10.7000	 26.8000	 80.2500	   5.1000	   5.5000	   5.1000	  0.8000	  0.2000	  0.1000	  0.1600	  0.1000	   0.0000	   0.0000	   0.0000	   0.0000	   0.0000	   0.0000	   0.0000	   0.0000	   0.0000	  1.0000	  0.0000	        0.0000	        0.0000	        0.0000	        0.0000	        0.0000	        0.0000	        0.0000	  0.3482	  0.2451	-21.7130
2018	136	  23	 55	135.9965	  0.0000	4439.2782	   84.7520	 35.3047	  0.0000	  7.0000	 300.0000	 300.0000	 300.0000	   0.0000	   0.0000	   0.0000	 10.4833	 25.3000	 85.5833	   5.1000	   5.5000	   5.1000	  0.8000	  0.2000	  0.1000	  0.1600	  0.1000	   0.0000	   0.0000	   0.0000	   0.0000	   0.0000	   0.0000	   0.0000	   0.0000	   0.0000	  1.0000	  0.0000	        0.0000	        0.0000	        0.0000	        0.0000	        0.0000	        0.0000	        0.0000	  0.3482	  0.2451	-21.7130
2018	137	  23	 55	136.9965	  0.0000	3411.9203	   56.3942	 39.5226	  0.5083	  0.0000	 300.0000	 300.0000	 300.0000	   0.0000	   0.0000	   0.0000	 10.1000	 20.3000	 66.5000	   5.1000	   5.5000	   5.1000	  0.8000	  0.2000	  0.1000	  0.1600	  0.1000	   0.0000	   0.0000	   0.0000	   0.0000	   0.0000	   0.0000	   0.0000	   0.0000	   0.0000	  1.0000	  0.0000	        0.0000	        0.0000	        0.0000	        0.0000	        0.0000	        0.0000	        0.0000	  0.3482	  0.2451	-21.7130
2018	138	  23	 55	137.9965	  0.0000	  3.5625	    0.0280	 27.1433	  0.0000	  3.0000	 300.0000	 300.0000	 300.0000	   0.0000	   0.0000	   0.0000	  7.8083	 19.8000	 64.1667	   5.1000	   5.5000	   5.1000	  0.8000	  0.2000	  0.1000	  0.1600	  0.1000	   0.0000	   0.0000	   0.0000	   0.0000	   0.0000	   0.0000	   0.0000	   0.0000	   0.0000	  1.0000	  0.0000	        0.0000	        0.0000	        0.0000	        0.0000	        0.0000	        0.0000	        0.0000	  0.3482	  0.2451	-21.7130
2018	139	  23	 55	138.9965	  0.0000	  3.5337	    0.0405	 17.9155	  0.0000	  7.0000	 300.0000	 300.0000	 300.0000	   0.0000	   0.0000	   0.0000	  5.9000	 21.7000	 81.3333	   5.1000	   5.5000	   5.1000	  0.8000	  0.2000	  0.1000	  0.1600	  0.1000	   0.0000	   0.0000	   0.0000	   0.0000	   0.0000	   0.0000	   0.0000	   0.0000	   0.0000	  1.0000	  0.0000	        0.0000	        0.0000	        0.0000	        0.0000	        0.0000	        0.0000	        0.0000	  0.3482	  0.2451	-21.7130
2018	140	  23	 55	139.9965	  0.0000	  3.5262	    0.0332	 11.2578	  0.0000	 12.0000	 300.0000	 300.0000	 300.0000	   0.0000	   0.0000	   0.0000	  6.8000	 21.3000	 77.1667	   5.1000	   5.5000	   5.1000	  0.8000	  0.2000	  0.1000	  0.1600	  0.1000	   0.0000	   0.0000	   0.0000	   0.0000	   0.0000	   0.0000	   0.0000	   0.0000	   0.0000	  1.0000	  0.0000	        0.0000	        0.0000	        0.0000	        0.0000	        0.0000	        0.0000	        0.0000	  0.3482	  0.2451	-21.7130
2018	141	  23	 55	140.9965	  0.0000	 16.5107	    0.2587	 17.1749	  0.0000	 14.0000	 300.0000	 300.0000	 300.0000	   0.0000	   0.0000	   0.0000	  8.3000	 22.1000	 71.9167	   5.1000	   5.5000	   5.1000	  0.8000	  0.2000	  0.1000	  0.1600	  0.1000	   0.0000	   0.0000	   0.0000	   0.0000	   0.0000	   0.0000	   0.0000	   0.0000	   0.0000	  1.0000	  0.0000	        0.0000	        0.0000	        0.0000	        0.0000	        0.0000	        0.0000	        0.0000	  0.3482	  0.2451	-21.7130
2018	142	  23	 55	141.9965	  0.0000	4450.3365	   78.4062	 29.4212	  0.0000	 15.0000	 300.0000	 300.0000	 300.0000	   0.0000	   0.0000	   0.0000	  8.2000	 23.4000	 84.0833	   5.1000	   5.5000	   5.1000	  0.8000	  0.2000	  0.1000	  0.1600	  0.1000	   0.0000	   0.0000	   0.0000	   0.0000	   0.0000	   0.0000	   0.0000	   0.0000	   0.0000	  1.0000	  0.0000	        0.0000	        0.0000	        0.0000	        0.0000	        0.0000	        0.0000	        0.0000	  0.3482	  0.2451	-21.7130
2018	143	  23	 55	142.9965	  0.0000	  3.5888	    0.0473	 24.5091	  0.0000	 18.0000	 300.0000	 300.0000	 300.0000	   0.0000	   0.0000	   0.0000	  7.7000	 23.7000	 76.3333	   5.1000	   5.5000	   5.1000	  0.8000	  0.2000	  0.1000	  0.1600	  0.1000	   0.0000	   0.0000	   0.0000	   0.0000	   0.0000	   0.0000	   0.0000	   0.0000	   0.0000	  1.0000	  0.0000	        0.0000	        0.0000	        0.0000	        0.0000	        0.0000	        0.0000	        0.0000	  0.3482	  0.2451	-21.7130
2018	144	  23	 55	143.9965	  0.0000	  3.5387	    0.0455	 18.5579	  0.0000	 22.0000	 300.0000	 300.0000	 300.0000	   0.0000	   0.0000	   0.0000	 10.1000	 25.1000	 79.2500	   5.1000	   5.5000	   5.1000	  0.8000	  0.2000	  0.1000	  0.1600	  0.1000	   0.0000	   0.0000	   0.0000	   0.0000	   0.0000	   0.0000	   0.0000	   0.0000	   0.0000	  1.0000	  0.0000	        0.0000	        0.0000	        0.0000	        0.0000	        0.0000	        0.0000	        0.0000	  0.3482	  0.2451	-21.7130
2018	145	  23	 55	144.9965	  0.0000	  3.5948	    0.0531	 20.4046	  0.0000	 25.0000	 300.0000	 300.0000	 300.0000	   0.0000	   0.0000	   0.0000	 10.3000	 27.2000	 75.8333	   5.1000	   5.5000	   5.1000	  0.8000	  0.2000	  0.1000	  0.1600	  0.1000	   0.0000	   0.0000	   0.0000	   0.0000	   0.0000	   0.0000	   0.0000	   0.0000	   0.0000	  1.0000	  0.0000	        0.0000	        0.0000	        0.0000	        0.0000	        0.0000	        0.0000	        0.0000	  0.3482	  0.2451	-21.7130
2018	146	  23	 55	145.9965	  0.0000	4306.8452	   91.5525	 34.6342	  0.0000	 26.0000	 300.0000	 300.0000	 300.0000	   0.0000	   0.0000	   0.0000	 11.9000	 26.1000	 84.3333	   5.1000	   5.5000	   5.1000	  0.8000	  0.2000	  0.1000	  0.1600	  0.1000	   0.0000	   0.0000	   0.0000	   0.0000	   0.0000	   0.0000	   0.0000	   0.0000	   0.0000	  1.0000	  0.0000	        0.0000	        0.0000	        0.0000	        0.0000	        0.0000	        0.0000	        0.0000	  0.3482	  0.2451	-21.7130
2018	147	  23	 55	146.9965	  0.0000	  3.5528	    0.0598	  0.1514	  1.3250	  0.0000	 300.0000	 300.0000	 300.0000	   0.0000	   0.0000	   0.0000	 14.2000	 24.9000	 65.7500	   5.1000	   5.5000	   5.1000	  0.8000	  0.2000	  0.1000	  0.1600	  0.1000	   0.0000	   0.0000	   0.0000	   0.0000	   0.0000	   0.0000	   0.0000	   0.0000	   0.0000	  1.0000	  0.0000	        0.0000	        0.0000	        0.0000	        0.0000	        0.0000	        0.0000	        0.0000	  0.3482	  0.2451	-21.7130
2018	148	  23	 55	147.9965	  0.0000	 24.3178	    0.3886	 15.4408	 59.7250	  0.0000	 300.0000	 300.0000	 300.0000	   0.0000	   0.0000	   0.0000	 13.5000	 22.2000	112.4167	   5.1000	   5.5000	   5.1000	  0.8000	  0.2000	  0.1000	  0.1600	  0.1000	   0.0000	   0.0000	   0.0000	   0.0000	   0.0000	   0.0000	   0.0000	   0.0000	   0.0000	  1.0000	  0.0000	        0.0000	        0.0000	        0.0000	        0.0000	        0.0000	        0.0000	        0.0000	  0.3482	  0.2451	-21.7130
2018	149	  23	 55	148.9965	  0.0000	 26.7844	    0.5507	 32.4773	 43.8000	  0.0000	 300.0000	 300.0000	 300.0000	   0.0000	   0.0000	   0.0000	 15.2000	 25.4000	141.5833	   5.1000	   5.5000	   5.1000	  0.8000	  0.2000	  0.1000	  0.1600	  0.1000	   0.0000	   0.0000	   0.0000	   0.0000	   0.0000	   0.0000	   0.0000	   0.0000	   0.0000	  1.0000	  0.0000	        0.0000	        0.0000	        0.0000	        0.0000	        0.0000	        0.0000	        0.0000	  0.3482	  0.2451	-21.7130
2018	150	  23	 55	149.9965	  0.0000	 18.0347	    0.4122	 36.7759	  0.0000	  2.0000	 300.0000	 300.0000	 300.0000	   0.0000	   0.0000	   0.0000	 15.7000	 29.7000	 82.2500	   5.1000	   5.5000	   5.1000	  0.8000	  0.2000	  0.1000	  0.1600	  0.1000	   0.0000	   0.0000	   0.0000	   0.0000	   0.0000	   0.0000	   0.0000	   0.0000	   0.0000	  1.0000	  0.0000	        0.0000	        0.0000	        0.0000	        0.0000	        0.0000	        0.0000	        0.0000	  0.3482	  0.2451	-21.7130
2018	151	  23	 55	150.9965	  0.0000	  3.6029	    0.0633	 30.5687	  0.0000	  5.0000	 300.0000	 300.0000	 300.0000	   0.0000	   0.0000	   0.0000	 16.6000	 28.1000	 76.3333	   5.1000	   5.5000	   5.1000	  0.8000	  0.2000	  0.1000	  0.1600	  0.1000	   0.0000	   0.0000	   0.0000	   0.0000	   0.0000	   0.0000	   0.0000	   0.0000	   0.0000	  1.0000	  0.0000	        0.0000	        0.0000	        0.0000	        0.0000	        0.0000	        0.0000	        0.0000	  0.3482	  0.2451	-21.7130
2018	152	  23	 55	151.9965	  0.0000	  3.5405	    0.0473	 22.3657	  0.0000	  9.0000	 300.0000	 300.0000	 300.0000	   0.0000	   0.0000	   0.0000	 13.4000	 26.3000	 87.5833	   5.1000	   5.5000	   5.1000	  0.8000	  0.2000	  0.1000	  0.1600	  0.1000	   0.0000	   0.0000	   0.0000	   0.0000	   0.0000	   0.0000	   0.0000	   0.0000	   0.0000	  1.0000	  0.0000	        0.0000	        0.0000	        0.0000	        0.0000	        0.0000	        0.0000	        0.0000	  0.3482	  0.2451	-21.7130
2018	153	  23	 55	152.9965	  0.0000	  3.5916	    0.0490	 23.0720	  0.0000	 12.0000	 300.0000	 300.0000	 300.0000	   0.0000	   0.0000	   0.0000	 12.8000	 27.7000	 83.6667	   5.1000	   5.5000	   5.1000	  0.8000	  0.2000	  0.1000	  0.1600	  0.1000	   0.0000	   0.0000	   0.0000	   0.0000	   0.0000	   0.0000	   0.0000	   0.0000	   0.0000	  1.0000	  0.0000	        0.0000	        0.0000	        0.0000	        0.0000	        0.0000	        0.0000	        0.0000	  0.3482	  0.2451	-21.7130
2018	154	  23	 55	153.9965	  0.0000	3549.2604	   75.3858	 33.5348	  0.0000	 13.0000	 300.0000	 300.0000	 300.0000	   0.0000	   0.0000	   0.0000	 13.1000	 26.0000	 71.2500	   5.1000	   5.5000	   5.1000	  0.8000	  0.2000	  0.1000	  0.1600	  0.1000	 314.1739	 142.7988	 171.3750	 314.1739	 142.7988	 171.3750	 314.1739	 142.7988	 171.3750	  1.0000	  0.0000	        0.0000	        0.0000	        0.0000	        0.0000	        0.0000	        0.0000	        0.0000	  0.3482	  0.2451	-21.7130
2018	155	  23	 55	154.9965	  0.0000	3897.5820	   82.5855	 43.3449	  0.0000	 14.0000	 300.0000	 300.0000	 300.0000	   0.0000	   0.0000	   0.0000	 14.7250	 25.1000	 78.6667	   5.1000	   5.5000	   5.1000	  0.8000	  0.2000	  0.1000	  0.1600	  0.1000	 347.3407	 157.8740	 189.4667	 347.3407	 157.8740	 189.4667	 347.3407	 157.8740	 189.4667	  1.0000	  0.0000	        0.0000	        0.0000	        0.0000	        0.0000	        0.0000	        0.0000	        0.0000	  0.3482	  0.2451	-21.7130
2018	156	  23	 55	155.9965	  0.0000	  3.5644	    0.0275	 29.1588	  0.0000	 17.0000	 300.0000	 300.0000	 300.0000	   0.0000	   0.0000	   0.0000	  7.6833	 18.3000	 67.1667	   5.1000	   5.5000	   5.1000	  0.8000	  0.2000	  0.1000	  0.1600	  0.1000	   0.0000	   0.0000	   0.0000	   0.0000	   0.0000	   0.0000	   0.0000	   0.0000	   0.0000	  1.0000	  0.0000	        0.0000	        0.0000	        0.0000	        0.0000	        0.0000	        0.0000	        0.0000	  0.3482	  0.2451	-21.7130
2018	157	  23	 55	156.9965	  0.0000	  3.5786	    0.0438	 22.2078	  0.0000	 20.0000	 300.0000	 300.0000	 300.0000	   0.0000	   0.0000	   0.0000	  7.2000	 20.6000	 70.7500	   5.1000	   5.5000	   5.1000	  0.8000	  0.2000	  0.1000	  0.1600	  0.1000	   0.0000	   0.0000	   0.0000	   0.0000	   0.0000	   0.0000	   0.0000	   0.0000	   0.0000	  1.0000	  0.0000	        0.0000	        0.0000	        0.0000	        0.0000	        0.0000	        0.0000	        0.0000	  0.3482	  0.2451	-21.7130
2018	158	  23	 55	157.9965	  0.0000	3438.4393	   65.5090	 30.8680	  0.0000	 21.0000	 300.0000	 300.0000	 300.0000	   0.0000	   0.0000	   0.0000	 12.3000	 23.1000	 68.2500	   5.1000	   5.5000	   5.1000	  0.8000	  0.2000	  0.1000	  0.1600	  0.1000	 283.8231	 129.0047	 154.8184	 283.8231	 129.0047	 154.8184	 283.8231	 129.0047	 154.8184	  1.0000	  0.0000	        0.0000	        0.0000	        0.0000	        0.0000	        0.0000	        0.0000	        0.0000	  0.3482	  0.2451	-21.7130
2018	159	  23	 55	158.9965	  0.0000	4110.7861	   83.4585	 41.3861	  0.0000	 22.0000	 300.0000	 300.0000	 300.0000	   0.0000	   0.0000	   0.0000	 11.5000	 25.2000	 86.2500	   5.1000	   5.5000	   5.1000	  0.8000	  0.2000	  0.1000	  0.1600	  0.1000	 364.0978	 165.4913	 198.6065	 364.0978	 165.4913	 198.6065	 364.0978	 165.4913	 198.6065	  1.0000	  0.0000	        0.0000	        0.0000	        0.0000	        0.0000	        0.0000	        0.0000	        0.0000	  0.3482	  0.2451	-21.7130
2018	160	  23	 55	159.9965	  0.0000	  3.5391	    0.0460	 25.2056	  0.0000	 26.0000	 300.0000	 300.0000	 300.0000	   0.0000	   0.0000	   0.0000	 12.2000	 26.0000	 74.3333	   5.1000	   5.5000	   5.1000	  0.8000	  0.2000	  0.1000	  0.1600	  0.1000	   5.0328	   2.2893	   2.7434	   5.0328	   2.2893	   2.7434	   5.0328	   2.2893	   2.7434	  1.0000	  0.0000	        0.0000	        0.0000	        0.0000	        0.0000	        0.0000	        0.0000	        0.0000	  0.3482	  0.2451	-21.7130
2018	161	  23	 55	160.9965	  0.0000	3741.6140	   72.8126	 34.7270	 13.5000	  0.0000	 300.0000	 300.0000	 300.0000	   0.0000	   0.0000	   0.0000	 12.5000	 25.7000	 76.6667	   5.1000	   5.5000	   5.1000	  0.8000	  0.2000	  0.1000	  0.1600	  0.1000	 281.8844	 128.1211	 153.7632	 281.8844	 128.1211	 153.7632	 281.8844	 128.1211	 153.7632	  1.0000	  0.0000	        0.0000	        0.0000	        0.0000	        0.0000	        0.0000	        0.0000	        0.0000	  0.3482	  0.2451	-21.7130
2018	162	  23	 55	161.9965	  0.0000	 12.8586	    0.1723	 28.2747	 14.5833	  0.0000	 300.0000	 300.0000	 300.0000	   0.0000	   0.0000	   0.0000	 11.8583	 15.6000	 52.1667	   5.1000	   5.5000	   5.1000	  0.8000	  0.2000	  0.1000	  0.1600	  0.1000	   0.0000	   0.0000	   0.0000	   0.0000	   0.0000	   0.0000	   0.0000	   0.0000	   0.0000	  1.0000	  0.0000	        0.0000	        0.0000	        0.0000	        0.0000	        0.0000	        0.0000	        0.0000	  0.3482	  0.2451	-21.7130
2018	163	  23	 55	162.9965	  0.0000	  3.5294	    0.0362	 18.1071	  0.4417	  0.0000	 300.0000	 300.0000	 300.0000	   0.0000	   0.0000	   0.0000	 10.3667	 21.1000	 75.7500	   5.1000	   5.5000	   5.1000	  0.8000	  0.2000	  0.1000	  0.1600	  0.1000	   0.0000	   0.0000	   0.0000	   0.0000	   0.0000	   0.0000	   0.0000	   0.0000	   0.0000	  1.0000	  0.0000	        0.0000	        0.0000	        0.0000	        0.0000	        0.0000	        0.0000	        0.0000	  0.3482	  0.2451	-21.7130
2018	164	  23	 55	163.9965	  0.0000	3866.3380	   65.2649	 27.5386	  4.2000	  0.0000	 300.0000	 300.0000	 300.0000	   0.0000	   0.0000	   0.0000	  9.8000	 20.7000	 78.0833	   5.1000	   5.5000	   5.1000	  0.8000	  0.2000	  0.1000	  0.1600	  0.1000	 248.8087	 113.0876	 135.7211	 248.8087	 113.0876	 135.7211	 248.8087	 113.0876	 135.7211	  1.0000	  0.0000	        0.0000	        0.0000	        0.0000	        0.0000	        0.0000	        0.0000	        0.0000	  0.3482	  0.2451	-21.7130
2018	165	  23	 55	164.9965	  0.0000	 12.4599	    0.1860	 24.0065	 11.9250	  0.0000	 300.0000	 300.0000	 300.0000	   0.0000	   0.0000	   0.0000	 11.7000	 18.8000	 49.5000	   5.1000	   5.5000	   5.1000	  0.8000	  0.2000	  0.1000	  0.1600	  0.1000	   0.0000	   0.0000	   0.0000	   0.0000	   0.0000	   0.0000	   0.0000	   0.0000	   0.0000	  1.0000	  0.0000	        0.0000	        0.0000	        0.0000	        0.0000	        0.0000	        0.0000	        0.0000	  0.3482	  0.2451	-21.7130
2018	166	  23	 55	165.9965	  0.0000	3545.0502	   53.7715	 29.9595	  1.4083	  0.0000	 300.0000	 300.0000	 300.0000	   0.0000	   0.0000	   0.0000	 11.3000	 18.2000	 70.7500	   5.1000	   5.5000	   5.1000	  0.8000	  0.2000	  0.1000	  0.1600	  0.1000	 198.4424	  90.1950	 108.2474	 198.4424	  90.1950	 108.2474	 198.4424	  90.1950	 108.2474	  1.0000	  0.0000	        0.0000	        0.0000	        0.0000	        0.0000	        0.0000	        0.0000	        0.0000	  0.3482	  0.2451	-21.7130
2018	167	  23	 55	166.9965	  0.0000	4970.3045	   79.7296	 39.9135	 97.0000	  0.0000	 300.0000	 300.0000	 300.0000	   0.0000	   0.0000	   0.0000	 11.8000	 19.8000	 73.9167	   5.1000	   5.5000	   5.1000	  0.8000	  0.2000	  0.1000	  0.1600	  0.1000	 312.1959	 141.8983	 170.2975	 312.1959	 141.8983	 170.2975	 312.1959	 141.8983	 170.2975	  1.0000	  0.0000	        0.0000	        0.0000	        0.0000	        0.0000	        0.0000	        0.0000	        0.0000	  0.3482	  0.2451	-21.7130
2018	168	  23	 55	167.9965	  0.0000	3353.2194	   49.9058	 41.9120	 64.1500	  0.0000	 300.0000	 300.0000	 300.0000	   0.0000	   0.0000	   0.0000	 12.5083	 18.3000	 70.2500	   5.1000	   5.5000	   5.1000	  0.8000	  0.2000	  0.1000	  0.1600	  0.1000	 181.5022	  82.4954	  99.0068	 181.5022	  82.4954	  99.0068	 181.5022	  82.4954	  99.0068	  1.0000	  0.0000	        0.0000	        0.0000	        0.0000	        0.0000	        0.0000	        0.0000	        0.0000	  0.3482	  0.2451	-21.7130
2018	169	  23	 55	168.9965	  0.0000	  3.5721	    0.0471	 26.5539	  7.8083	  0.0000	 300.0000	 300.0000	 300.0000	   0.0000	   0.0000	   0.0000	 12.3000	 17.5000	 52.5000	   5.1000	   5.5000	   5.1000	  0.8000	  0.2000	  0.1000	  0.1600	  0.1000	   0.0000	   0.0000	   0.0000	   0.0000	   0.0000	   0.0000	   0.0000	   0.0000	   0.0000	  1.0000	  0.0000	        0.0000	        0.0000	        0.0000	        0.0000	        0.0000	        0.0000	        0.0000	  0.3482	  0.2451	-21.7130
2018	170	  23	 55	169.9965	  0.0000	2899.8390	   42.0724	 29.6576	  1.2833	  0.0000	 300.0000	 300.0000	 300.0000	   0.0000	   0.0000	   0.0000	 11.7250	 16.7000	 57.5000	   5.1000	   5.5000	   5.1000	  0.8000	  0.2000	  0.1000	  0.1600	  0.1000	 147.1749	  66.8929	  80.2820	 147.1749	  66.8929	  80.2820	 147.1749	  66.8929	  80.2820	  1.0000	  0.0000	        0.0000	        0.0000	        0.0000	        0.0000	        0.0000	        0.0000	        0.0000	  0.3482	  0.2451	-21.7130
2018	171	  23	 55	170.9965	  0.0000	2363.4514	   31.2911	 29.9843	 26.3000	  0.0000	 300.0000	 300.0000	 300.0000	   0.0000	   0.0000	   0.0000	 11.4000	 16.0000	 47.9167	   5.1000	   5.5000	   5.1000	  0.8000	  0.2000	  0.1000	  0.1600	  0.1000	  99.9289	  45.4186	  54.5103	  99.9289	  45.4186	  54.5103	  99.9289	  45.4186	  54.5103	  1.0000	  0.0000	        0.0000	        0.0000	        0.0000	        0.0000	        0.0000	        0.0000	        0.0000	  0.3482	  0.2451	-21.7130
2018	172	  23	 55	171.9965	  0.0000	 15.6494	    0.1858	 26.1648	 50.6417	  0.0000	 300.0000	 300.0000	 300.0000	   0.0000	   0.0000	   0.0000	  9.9000	 14.6000	 70.0000	   5.1000	   5.5000	   5.1000	  0.8000	  0.2000	  0.1000	  0.1600	  0.1000	   0.0000	   0.0000	   0.0000	   0.0000	   0.0000	   0.0000	   0.0000	   0.0000	   0.0000	  1.0000	  0.0000	        0.0000	        0.0000	        0.0000	        0.0000	        0.0000	        0.0000	        0.0000	  0.3482	  0.2451	-21.7130
2018	173	  23	 55	172.9965	  0.0000	  3.5243	    0.0313	 12.2182	  0.0000	  5.0000	 300.0000	 300.0000	 300.0000	   0.0000	   0.0000	   0.0000	  8.9417	 15.8000	 63.2500	   5.1000	   5.5000	   5.1000	  0.8000	  0.2000	  0.1000	  0.1600	  0.1000	   0.0000	   0.0000	   0.0000	   0.0000	   0.0000	   0.0000	   0.0000	   0.0000	   0.0000	  1.0000	  0.0000	        0.0000	        0.0000	        0.0000	        0.0000	        0.0000	        0.0000	        0.0000	  0.3482	  0.2451	-21.7130
2018	174	  23	 55	173.9965	  0.0000	3829.2040	   55.9776	 20.9701	  0.0000	  6.0000	 300.0000	 300.0000	 300.0000	   0.0000	   0.0000	   0.0000	  7.9000	 18.1000	 73.0000	   5.1000	   5.5000	   5.1000	  0.8000	  0.2000	  0.1000	  0.1600	  0.1000	 217.8082	  98.9979	 118.8103	 217.8082	  98.9979	 118.8103	 217.8082	  98.9979	 118.8103	  1.0000	  0.0000	        0.0000	        0.0000	        0.0000	        0.0000	        0.0000	        0.0000	        0.0000	  0.3482	  0.2451	-21.7130
2018	175	  23	 55	174.9965	  0.0000	3894.7147	   65.7949	 29.9350	  0.0000	  7.0000	 300.0000	 300.0000	 300.0000	   0.0000	   0.0000	   0.0000	  8.0000	 21.0000	 80.9167	   5.1000	   5.5000	   5.1000	  0.8000	  0.2000	  0.1000	  0.1600	  0.1000	 262.4460	 119.2868	 143.1592	 262.4460	 119.2868	 143.1592	 262.4460	 119.2868	 143.1592	  1.0000	  0.0000	        0.0000	        0.0000	        0.0000	        0.0000	        0.0000	        0.0000	        0.0000	  0.3482	  0.2451	-21.7130
2018	176	  23	 55	175.9965	  0.0000	3737.5558	   72.2352	 38.3951	  0.0000	  8.0000	 300.0000	 300.0000	 300.0000	   0.0000	   0.0000	   0.0000	 11.2000	 24.1000	 73.8333	   5.1000	   5.5000	   5.1000	  0.8000	  0.2000	  0.1000	  0.1600	  0.1000	 292.2855	 132.8496	 159.4359	 292.2855	 132.8496	 159.4359	 292.2855	 132.8496	 159.4359	  1.0000	  0.0000	        0.0000	        0.0000	        0.0000	        0.0000	        0.0000	        0.0000	        0.0000	  0.3482	  0.2451	-21.7130
2018	177	  23	 55	176.9965	  0.0000	  3.5452	    0.0522	 20.7491	  0.0000	 13.0000	 300.0000	 300.0000	 300.0000	   0.0000	   0.0000	   0.0000	 12.2000	 27.0000	 92.2500	   5.1000	   5.5000	   5.1000	  0.8000	  0.2000	  0.1000	  0.1600	  0.1000	   0.0000	   0.0000	   0.0000	   0.0000	   0.0000	   0.0000	   0.0000	   0.0000	   0.0000	  1.0000	  0.0000	        0.0000	        0.0000	        0.0000	        0.0000	        0.0000	        0.0000	        0.0000	  0.3482	  0.2451	-21.7130
2018	178	  23	 55	177.9965	  0.0000	4299.4395	   91.1085	 34.8210	  0.0000	 14.0000	 300.0000	 300.0000	 300.0000	   0.0000	   0.0000	   0.0000	 13.4000	 25.8000	 83.6667	   5.1000	   5.5000	   5.1000	  0.8000	  0.2000	  0.1000	  0.1600	  0.1000	 384.6904	 174.8502	 209.8402	 384.6904	 174.8502	 209.8402	 384.6904	 174.8502	 209.8402	  1.0000	  0.0000	        0.0000	        0.0000	        0.0000	        0.0000	        0.0000	        0.0000	        0.0000	  0.3482	  0.2451	-21.7130
2018	179	  23	 55	178.9965	  0.0000	3620.2959	   76.8046	 43.2177	  0.0000	 15.0000	 300.0000	 300.0000	 300.0000	   0.0000	   0.0000	   0.0000	 13.6000	 25.4000	 72.2500	   5.1000	   5.5000	   5.1000	  0.8000	  0.2000	  0.1000	  0.1600	  0.1000	 323.6243	 147.0945	 176.5298	 323.6243	 147.0945	 176.5298	 323.6243	 147.0945	 176.5298	  1.0000	  0.0000	        0.0000	        0.0000	        0.0000	        0.0000	        0.0000	        0.0000	        0.0000	  0.3482	  0.2451	-21.7130
