 Wd pai   fai   zH  zHmax   zHstd zd z0  noOfPixels
  0 0.165 0.166 8.593 19.429 4.908 6.015 0.859   399
  5 0.147 0.222 7.938 17.788 4.040 5.557 0.794   400
 10 0.158 0.188 7.289 15.717 3.175 5.102 0.729   404
 15 0.213 0.225 7.667 15.620 3.588 5.367 0.767   413
 20 0.201 0.298 8.118 21.845 4.972 5.683 0.812   423
 25 0.173 0.245 14.352 31.169 10.526 10.046 1.435   439
 30 0.172 0.250 7.394 29.363 6.139 5.176 0.739   459
 35 0.183 0.163 7.071 17.600 3.761 4.949 0.707   486
 40 0.214 0.210 7.612 18.532 4.537 5.328 0.761   519
 45 0.119 0.160 8.117 18.219 4.445 5.682 0.812   562
 50 0.202 0.193 6.749 14.968 3.453 4.725 0.675   519
 55 0.068 0.122 5.239 9.089 2.450 3.667 0.524   486
 60 0.015 0.036 3.313 4.610 0.797 2.319 0.331   459
 65 0.030 0.050 6.240 11.109 3.063 4.368 0.624   439
 70 0.028 0.041 4.204 7.866 1.898 2.943 0.420   423
 75 0.094 0.069 6.151 10.869 2.904 4.306 0.615   413
 80 0.072 0.090 5.960 11.621 2.561 4.172 0.596   404
 85 0.050 0.060 6.264 10.069 2.389 4.385 0.626   400
 90 0.018 0.042 6.885 9.143 2.515 4.820 0.689   399
 95 0.033 0.043 9.614 13.580 3.673 6.730 0.961   400
100 0.072 0.128 11.532 25.363 9.145 8.073 1.153   404
105 0.031 0.041 8.098 12.949 3.106 5.668 0.810   413
110 0.125 0.140 6.236 10.739 2.287 4.365 0.624   423
115 0.064 0.096 7.865 13.027 3.250 5.506 0.787   439
120 0.033 0.095 7.246 12.034 2.807 5.072 0.725   459
125 0.082 0.074 8.952 15.705 3.830 6.266 0.895   486
130 0.052 0.079 8.198 13.410 4.016 5.738 0.820   519
135 0.075 0.115 8.590 15.649 4.257 6.013 0.859   562
140 0.077 0.099 7.796 16.808 4.304 5.457 0.780   519
145 0.066 0.076 9.607 18.194 5.442 6.725 0.961   486
150 0.092 0.160 9.804 18.789 5.030 6.863 0.980   459
155 0.087 0.144 10.450 18.789 5.815 7.315 1.045   439
160 0.142 0.155 10.117 20.175 5.313 7.082 1.012   423
165 0.409 0.229 6.990 19.319 4.047 4.893 0.699   413
170 0.198 0.216 8.518 19.247 4.577 5.963 0.852   404
175 0.177 0.204 8.666 19.315 4.676 6.066 0.867   400
180 0.165 0.176 8.593 19.429 4.908 6.015 0.859   399
185 0.145 0.158 9.158 19.388 4.834 6.411 0.916   400
190 0.166 0.219 8.176 17.788 3.849 5.723 0.818   404
195 0.213 0.210 7.667 15.620 3.588 5.367 0.767   413
200 0.201 0.323 8.118 21.845 4.972 5.683 0.812   423
205 0.214 0.314 11.982 31.903 10.454 8.387 1.198   439
210 0.174 0.269 7.462 29.363 6.102 5.223 0.746   459
215 0.173 0.241 7.320 17.787 3.533 5.124 0.732   486
220 0.204 0.203 7.819 19.434 4.712 5.473 0.782   519
225 0.114 0.134 8.441 18.619 4.645 5.909 0.844   562
230 0.197 0.151 6.662 15.815 3.636 4.664 0.666   519
235 0.058 0.094 5.502 9.088 2.392 3.851 0.550   486
240 0.033 0.032 3.140 4.610 0.693 2.198 0.314   459
245 0.041 0.060 5.867 10.387 2.948 4.107 0.587   439
250 0.028 0.034 4.204 7.866 1.898 2.943 0.420   423
255 0.094 0.076 6.151 10.869 2.904 4.306 0.615   413
260 0.062 0.103 5.311 10.854 2.785 3.718 0.531   404
265 0.040 0.058 7.145 10.699 2.643 5.001 0.714   400
270 0.018 0.041 6.885 9.143 2.515 4.820 0.689   399
275 0.037 0.018 10.342 14.125 3.658 7.239 1.034   400
280 0.069 0.131 11.857 24.394 8.409 8.300 1.186   404
285 0.031 0.033 8.098 12.949 3.106 5.668 0.810   413
290 0.125 0.128 6.236 10.739 2.287 4.365 0.624   423
295 0.068 0.137 8.382 13.257 2.504 5.868 0.838   439
300 0.039 0.055 7.861 12.236 2.970 5.503 0.786   459
305 0.088 0.121 8.825 15.705 3.470 6.177 0.882   486
310 0.054 0.091 9.157 14.015 3.785 6.410 0.916   519
315 0.091 0.111 8.390 16.808 4.724 5.873 0.839   562
320 0.069 0.082 9.363 18.194 4.912 6.554 0.936   519
325 0.072 0.082 9.301 18.231 5.878 6.511 0.930   486
330 0.098 0.134 9.557 17.535 4.970 6.690 0.956   459
335 0.077 0.083 11.795 20.175 5.861 8.256 1.179   439
340 0.142 0.149 10.117 20.175 5.313 7.082 1.012   423
345 0.409 0.260 6.990 19.319 4.047 4.893 0.699   413
350 0.176 0.185 8.363 19.630 4.900 5.854 0.836   404
355 0.195 0.192 8.254 19.980 5.018 5.778 0.825   400
