Year	DOY	Hour	Min	 Dectime	  HDD1_h	  HDD2_c	HDD3_Tmean	HDD4_T5d	   P_day	  DaysSR	GDD_EveTr	GDD_DecTr	GDD_Grass	SDD_EveTr	SDD_DecTr	SDD_Grass	    Tmin	    Tmax	   DLHrs	LAI_EveTr	LAI_DecTr	LAI_Grass	DecidCap	Porosity	AlbEveTr	AlbDecTr	AlbGrass	WU_EveTr1	WU_EveTr2	WU_EveTr3	WU_DecTr1	WU_DecTr2	WU_DecTr3	WU_Grass1	WU_Grass2	WU_Grass3	LAIlumps	 AlbSnow	DensSnow_Paved	DensSnow_Bldgs	DensSnow_EveTr	DensSnow_DecTr	DensSnow_Grass	DensSnow_BSoil	DensSnow_Water	      a1	      a2	      a3
2017	  1	  23	 55	  0.9965	 17.7147	  0.0077	 -999.0000	-999.0000	 38.5833	  0.0000	   0.0000	   0.0000	   0.0000	-450.0000	-450.0000	-450.0000	-744.0874	  7.4541	  6.0000	   4.0000	   1.0000	   1.6000	  0.3000	  0.2000	  0.1000	  0.1200	  0.1800	   0.0000	   0.0000	   0.0000	   0.0000	   0.0000	   0.0000	   0.0000	   0.0000	   0.0000	  0.2314	  0.0000	        0.0000	        0.0000	        0.0000	        0.0000	        0.0000	        0.0000	        0.0000	  0.5278	  0.2234	  9.1565
2017	  3	  23	 55	  2.9965	 49.0165	  0.0000	 -999.0000	-999.0000	168.8833	  0.0000	   0.0000	   0.0000	   0.0000	-450.0000	-450.0000	-450.0000	-744.0874	  7.4541	 14.5000	   4.0000	   1.0000	   1.6000	  0.3000	  0.2000	  0.1000	  0.1200	  0.1800	   0.0000	   0.0000	   0.0000	   0.0000	   0.0000	   0.0000	   0.0000	   0.0000	   0.0000	  0.2314	  0.0000	        0.0000	        0.0000	        0.0000	        0.0000	        0.0000	        0.0000	        0.0000	  0.5278	  0.2234	  9.1565
2017	  5	  23	 55	  4.9965	 21.7565	  0.0000	 -999.0000	-999.0000	176.7833	  0.0000	   0.0000	   0.0000	   0.0000	-450.0000	-450.0000	-450.0000	-744.0874	  7.4541	 27.5833	   4.0000	   1.0000	   1.6000	  0.3000	  0.2000	  0.1000	  0.1200	  0.1800	   0.0000	   0.0000	   0.0000	   0.0000	   0.0000	   0.0000	   0.0000	   0.0000	   0.0000	  0.2314	  0.0000	        0.0000	        0.0000	        0.0000	        0.0000	        0.0000	        0.0000	        0.0000	  0.5278	  0.2234	  9.1565
2017	  7	  23	 55	  6.9965	 12.0265	  0.0000	 -999.0000	-999.0000	205.0833	  0.0000	   0.0000	   0.0000	   0.0000	-450.0000	-450.0000	-450.0000	-744.0874	  7.4541	 39.4167	   4.0000	   1.0000	   1.6000	  0.3000	  0.2000	  0.1000	  0.1200	  0.1800	   0.0000	   0.0000	   0.0000	   0.0000	   0.0000	   0.0000	   0.0000	   0.0000	   0.0000	  0.2314	  0.0000	        0.0000	        0.0000	        0.0000	        0.0000	        0.0000	        0.0000	        0.0000	  0.5278	  0.2234	  9.1565
2017	  9	  23	 55	  8.9965	  3.7111	  0.0000	 -999.0000	-999.0000	213.8833	  0.0000	   0.0000	   0.0000	   0.0000	-450.0000	-450.0000	-450.0000	-744.0874	  7.4541	 50.8333	   4.0000	   1.0000	   1.6000	  0.3000	  0.2000	  0.1000	  0.1200	  0.1800	   0.0000	   0.0000	   0.0000	   0.0000	   0.0000	   0.0000	   0.0000	   0.0000	   0.0000	  0.2314	  0.0000	        0.0000	        0.0000	        0.0000	        0.0000	        0.0000	        0.0000	        0.0000	  0.5278	  0.2234	  9.1565
2017	 11	  23	 55	 10.9965	  3.2983	  0.0000	 -999.0000	-999.0000	236.5833	  0.0000	   0.0000	   0.0000	   0.0000	-450.0000	-450.0000	-450.0000	-744.0874	  7.4541	 55.5000	   4.0000	   1.0000	   1.6000	  0.3000	  0.2000	  0.1000	  0.1200	  0.1800	   0.0000	   0.0000	   0.0000	   0.0000	   0.0000	   0.0000	   0.0000	   0.0000	   0.0000	  0.2314	  0.0000	        0.0000	        0.0000	        0.0000	        0.0000	        0.0000	        0.0000	        0.0000	  0.5278	  0.2234	  9.1565
2017	 13	  23	 55	 12.9965	  7.2304	  0.0000	 -999.0000	-999.0000	237.8833	  0.0000	   0.0000	   0.0000	   0.0000	-450.0000	-450.0000	-450.0000	-744.0874	  7.4541	 68.9167	   4.0000	   1.0000	   1.6000	  0.3000	  0.2000	  0.1000	  0.1200	  0.1800	   0.0000	   0.0000	   0.0000	   0.0000	   0.0000	   0.0000	   0.0000	   0.0000	   0.0000	  0.2314	  0.0000	        0.0000	        0.0000	        0.0000	        0.0000	        0.0000	        0.0000	        0.0000	  0.5278	  0.2234	  9.1565
2017	 15	  23	 55	 14.9965	 24.6184	  0.0000	 -999.0000	-999.0000	274.8833	  0.0000	   0.0000	   0.0000	   0.0000	-450.0000	-450.0000	-450.0000	-744.0874	  7.4541	 83.0000	   4.0000	   1.0000	   1.6000	  0.3000	  0.2000	  0.1000	  0.1200	  0.1800	   0.0000	   0.0000	   0.0000	   0.0000	   0.0000	   0.0000	   0.0000	   0.0000	   0.0000	  0.2314	  0.0000	        0.0000	        0.0000	        0.0000	        0.0000	        0.0000	        0.0000	        0.0000	  0.5278	  0.2234	  9.1565
2017	 17	  23	 55	 16.9965	 46.7465	  0.0000	 -999.0000	-999.0000	362.7833	  0.0000	   0.0000	   0.0000	   0.0000	-450.0000	-450.0000	-450.0000	-744.0874	  7.4541	 95.2500	   4.0000	   1.0000	   1.6000	  0.3000	  0.2000	  0.1000	  0.1200	  0.1800	   0.0000	   0.0000	   0.0000	   0.0000	   0.0000	   0.0000	   0.0000	   0.0000	   0.0000	  0.2314	  0.0000	        0.0000	        0.0000	        0.0000	        0.0000	        0.0000	        0.0000	        0.0000	  0.5278	  0.2234	  9.1565
2017	 19	  23	 55	 18.9965	  5.2197	  0.3051	 -999.0000	-999.0000	366.0833	  0.0000	   0.0000	   0.0000	   0.0000	-450.0000	-450.0000	-450.0000	-856.2803	  9.1095	106.7500	   4.0000	   1.0000	   1.6000	  0.3000	  0.2000	  0.1000	  0.1200	  0.1800	   0.0000	   0.0000	   0.0000	   0.0000	   0.0000	   0.0000	   0.0000	   0.0000	   0.0000	  0.2314	  0.0000	        0.0000	        0.0000	        0.0000	        0.0000	        0.0000	        0.0000	        0.0000	  0.5278	  0.2234	  9.1565
2017	 21	  23	 55	 20.9965	 25.3363	  0.1952	 -999.0000	-999.0000	418.5833	  0.0000	   0.0000	   0.0000	   0.0000	-450.0000	-450.0000	-450.0000	-856.2803	  9.1095	121.7500	   4.0000	   1.0000	   1.6000	  0.3000	  0.2000	  0.1000	  0.1200	  0.1800	   0.0000	   0.0000	   0.0000	   0.0000	   0.0000	   0.0000	   0.0000	   0.0000	   0.0000	  0.2314	  0.0000	        0.0000	        0.0000	        0.0000	        0.0000	        0.0000	        0.0000	        0.0000	  0.5278	  0.2234	  9.1565
2017	 23	  23	 55	 22.9965	  4.6228	  0.0000	 -999.0000	-999.0000	418.8833	  0.0000	   0.0000	   0.0000	   0.0000	-450.0000	-450.0000	-450.0000	-856.2803	  9.1095	135.0000	   4.0000	   1.0000	   1.6000	  0.3000	  0.2000	  0.1000	  0.1200	  0.1800	   0.0000	   0.0000	   0.0000	   0.0000	   0.0000	   0.0000	   0.0000	   0.0000	   0.0000	  0.2314	  0.0000	        0.0000	        0.0000	        0.0000	        0.0000	        0.0000	        0.0000	        0.0000	  0.5278	  0.2234	  9.1565
2017	 25	  23	 55	 24.9965	  4.1642	  0.0000	 -999.0000	-999.0000	418.8833	  0.0000	   0.0000	   0.0000	   0.0000	-450.0000	-450.0000	-450.0000	-856.2803	  9.1095	148.5000	   4.0000	   1.0000	   1.6000	  0.3000	  0.2000	  0.1000	  0.1200	  0.1800	   0.0000	   0.0000	   0.0000	   0.0000	   0.0000	   0.0000	   0.0000	   0.0000	   0.0000	  0.2314	  0.0000	        0.0000	        0.0000	        0.0000	        0.0000	        0.0000	        0.0000	        0.0000	  0.5278	  0.2234	  9.1565
2017	 27	  23	 55	 26.9965	 12.8922	  0.0000	 -999.0000	-999.0000	423.8833	  0.0000	   0.0000	   0.0000	   0.0000	-450.0000	-450.0000	-450.0000	-856.2803	  9.1095	162.9167	   4.0000	   1.0000	   1.6000	  0.3000	  0.2000	  0.1000	  0.1200	  0.1800	   0.0000	   0.0000	   0.0000	   0.0000	   0.0000	   0.0000	   0.0000	   0.0000	   0.0000	  0.2314	  0.0000	        0.0000	        0.0000	        0.0000	        0.0000	        0.0000	        0.0000	        0.0000	  0.5278	  0.2234	  9.1565
2017	 29	  23	 55	 28.9965	  7.6263	  0.0000	 -999.0000	-999.0000	424.4833	  0.0000	   0.0000	   0.0000	   0.0000	-450.0000	-450.0000	-450.0000	-856.2803	  9.1095	175.4167	   4.0000	   1.0000	   1.6000	  0.3000	  0.2000	  0.1000	  0.1200	  0.1800	   0.0000	   0.0000	   0.0000	   0.0000	   0.0000	   0.0000	   0.0000	   0.0000	   0.0000	  0.2314	  0.0000	        0.0000	        0.0000	        0.0000	        0.0000	        0.0000	        0.0000	        0.0000	  0.5278	  0.2234	  9.1565
2017	 31	  23	 55	 30.9965	 12.2085	  0.0000	 -999.0000	-999.0000	429.9833	  0.0000	   0.0000	   0.0000	   0.0000	-450.0000	-450.0000	-450.0000	-856.2803	  9.1095	190.1667	   4.0000	   1.0000	   1.6000	  0.3000	  0.2000	  0.1000	  0.1200	  0.1800	   0.0000	   0.0000	   0.0000	   0.0000	   0.0000	   0.0000	   0.0000	   0.0000	   0.0000	  0.2314	  0.0000	        0.0000	        0.0000	        0.0000	        0.0000	        0.0000	        0.0000	        0.0000	  0.5278	  0.2234	  9.1565
2017	 33	  23	 55	 32.9965	  8.1409	  0.0000	 -999.0000	-999.0000	429.9833	  0.0000	   0.0000	   0.0000	   0.0000	-450.0000	-450.0000	-450.0000	-856.2803	  9.1095	203.1667	   4.0000	   1.0000	   1.6000	  0.3000	  0.2000	  0.1000	  0.1200	  0.1800	   0.0000	   0.0000	   0.0000	   0.0000	   0.0000	   0.0000	   0.0000	   0.0000	   0.0000	  0.2314	  0.0000	        0.0000	        0.0000	        0.0000	        0.0000	        0.0000	        0.0000	        0.0000	  0.5278	  0.2234	  9.1565
2017	 35	  23	 55	 34.9965	  8.1319	  0.0000	 -999.0000	-999.0000	431.0833	  0.0000	   0.0000	   0.0000	   0.0000	-450.0000	-450.0000	-450.0000	-856.2803	  9.1095	216.0833	   4.0000	   1.0000	   1.6000	  0.3000	  0.2000	  0.1000	  0.1200	  0.1800	   0.0000	   0.0000	   0.0000	   0.0000	   0.0000	   0.0000	   0.0000	   0.0000	   0.0000	  0.2314	  0.0000	        0.0000	        0.0000	        0.0000	        0.0000	        0.0000	        0.0000	        0.0000	  0.5278	  0.2234	  9.1565
2017	 37	  23	 55	 36.9965	  8.6531	  0.0000	 -999.0000	-999.0000	432.5833	  0.0000	   0.0000	   0.0000	   0.0000	-450.0000	-450.0000	-450.0000	-856.2803	  9.1095	231.2500	   4.0000	   1.0000	   1.6000	  0.3000	  0.2000	  0.1000	  0.1200	  0.1800	   0.0000	   0.0000	   0.0000	   0.0000	   0.0000	   0.0000	   0.0000	   0.0000	   0.0000	  0.2314	  0.0000	        0.0000	        0.0000	        0.0000	        0.0000	        0.0000	        0.0000	        0.0000	  0.5278	  0.2234	  9.1565
2017	 39	  23	 55	 38.9965	 11.5059	  0.0000	 -999.0000	-999.0000	433.0667	  0.0000	   0.0000	   0.0000	   0.0000	-450.0000	-450.0000	-450.0000	-856.2803	  9.1095	248.4167	   4.0000	   1.0000	   1.6000	  0.3000	  0.2000	  0.1000	  0.1200	  0.1800	   0.0000	   0.0000	   0.0000	   0.0000	   0.0000	   0.0000	   0.0000	   0.0000	   0.0000	  0.2314	  0.0000	        0.0000	        0.0000	        0.0000	        0.0000	        0.0000	        0.0000	        0.0000	  0.5278	  0.2234	  9.1565
2017	 41	  23	 55	 40.9965	 10.2010	  0.0000	 -999.0000	-999.0000	436.1833	  0.0000	   0.0000	   0.0000	   0.0000	-450.0000	-450.0000	-450.0000	-856.2803	  9.1095	265.2500	   4.0000	   1.0000	   1.6000	  0.3000	  0.2000	  0.1000	  0.1200	  0.1800	   0.0000	   0.0000	   0.0000	   0.0000	   0.0000	   0.0000	   0.0000	   0.0000	   0.0000	  0.2314	  0.0000	        0.0000	        0.0000	        0.0000	        0.0000	        0.0000	        0.0000	        0.0000	  0.5278	  0.2234	  9.1565
2017	 43	  23	 55	 42.9965	 14.8544	  0.0000	 -999.0000	-999.0000	441.6833	  0.0000	   0.0000	   0.0000	   0.0000	-450.0000	-450.0000	-450.0000	-856.2803	  9.1095	282.3333	   4.0000	   1.0000	   1.6000	  0.3000	  0.2000	  0.1000	  0.1200	  0.1800	   0.0000	   0.0000	   0.0000	   0.0000	   0.0000	   0.0000	   0.0000	   0.0000	   0.0000	  0.2314	  0.0000	        0.0000	        0.0000	        0.0000	        0.0000	        0.0000	        0.0000	        0.0000	  0.5278	  0.2234	  9.1565
2017	 45	  23	 55	 44.9965	 56.1365	  0.0000	 -999.0000	-999.0000	546.6833	  0.0000	   0.0000	   0.0000	   0.0000	-450.0000	-450.0000	-450.0000	-856.2803	  9.1095	294.4167	   4.0000	   1.0000	   1.6000	  0.3000	  0.2000	  0.1000	  0.1200	  0.1800	   0.0000	   0.0000	   0.0000	   0.0000	   0.0000	   0.0000	   0.0000	   0.0000	   0.0000	  0.2314	  0.0000	        0.0000	        0.0000	        0.0000	        0.0000	        0.0000	        0.0000	        0.0000	  0.5278	  0.2234	  9.1565
2017	 47	  23	 55	 46.9965	 11.5190	  0.0000	 -999.0000	-999.0000	571.4583	  0.0000	   0.0000	   0.0000	   0.0000	-450.0000	-450.0000	-450.0000	-856.2803	  9.1095	312.5000	   4.0000	   1.0000	   1.6000	  0.3000	  0.2000	  0.1000	  0.1200	  0.1800	   0.0000	   0.0000	   0.0000	   0.0000	   0.0000	   0.0000	   0.0000	   0.0000	   0.0000	  0.2314	  0.0000	        0.0000	        0.0000	        0.0000	        0.0000	        0.0000	        0.0000	        0.0000	  0.5278	  0.2234	  9.1565
2017	 49	  23	 55	 48.9965	  9.9570	  0.0000	 -999.0000	-999.0000	578.6750	  0.0000	   0.0000	   0.0000	   0.0000	-450.0000	-450.0000	-450.0000	-856.2803	  9.1095	330.5000	   4.0000	   1.0000	   1.6000	  0.3000	  0.2000	  0.1000	  0.1200	  0.1800	   0.0000	   0.0000	   0.0000	   0.0000	   0.0000	   0.0000	   0.0000	   0.0000	   0.0000	  0.2314	  0.0000	        0.0000	        0.0000	        0.0000	        0.0000	        0.0000	        0.0000	        0.0000	  0.5278	  0.2234	  9.1565
2017	 51	  23	 55	 50.9965	  1.7331	  0.0000	 -999.0000	-999.0000	592.1750	  0.0000	   0.0000	   0.0000	   0.0000	-450.0000	-450.0000	-450.0000	-856.2803	  9.1095	347.2500	   4.0000	   1.0000	   1.6000	  0.3000	  0.2000	  0.1000	  0.1200	  0.1800	   0.0000	   0.0000	   0.0000	   0.0000	   0.0000	   0.0000	   0.0000	   0.0000	   0.0000	  0.2314	  0.0000	        0.0000	        0.0000	        0.0000	        0.0000	        0.0000	        0.0000	        0.0000	  0.5278	  0.2234	  9.1565
2017	 53	  23	 55	 52.9965	  1.9475	  0.0699	 -999.0000	-999.0000	607.3750	  0.0000	   0.0000	   0.0000	   0.0000	-450.0000	-450.0000	-450.0000	-856.2803	  9.1095	367.1667	   4.0000	   1.0000	   1.6000	  0.3000	  0.2000	  0.1000	  0.1200	  0.1800	   0.0000	   0.0000	   0.0000	   0.0000	   0.0000	   0.0000	   0.0000	   0.0000	   0.0000	  0.2314	  0.0000	        0.0000	        0.0000	        0.0000	        0.0000	        0.0000	        0.0000	        0.0000	  0.5278	  0.2234	  9.1565
2017	 55	  23	 55	 54.9965	-999.0000	-999.0000	 -999.0000	-999.0000	-999.0000	-999.0000	-999.0000	-999.0000	-999.0000	-999.0000	-999.0000	-999.0000	-999.0000	-999.0000	-999.0000	-999.0000	-999.0000	-999.0000	-999.0000	-999.0000	-999.0000	-999.0000	-999.0000	-999.0000	-999.0000	-999.0000	-999.0000	-999.0000	-999.0000	-999.0000	-999.0000	-999.0000	-999.0000	-999.0000	     -999.0000	     -999.0000	     -999.0000	     -999.0000	     -999.0000	     -999.0000	     -999.0000	-999.0000	-999.0000	-999.0000
2017	 57	  23	 55	 56.9965	  5.3529	  0.0000	 -999.0000	-999.0000	708.3500	  0.0000	   0.0000	   0.0000	   0.0000	-450.0000	-450.0000	-450.0000	-856.2803	  9.1095	402.6667	   4.0000	   1.0000	   1.6000	  0.3000	  0.2000	  0.1000	  0.1200	  0.1800	   0.0000	   0.0000	   0.0000	   0.0000	   0.0000	   0.0000	   0.0000	   0.0000	   0.0000	  0.2314	  0.0000	        0.0000	        0.0000	        0.0000	        0.0000	        0.0000	        0.0000	        0.0000	  0.5278	  0.2234	  9.1565
2017	 59	  23	 55	 58.9965	  2.2370	  0.0002	 -999.0000	-999.0000	726.1667	  0.0000	   0.0000	   0.0000	   0.0000	-450.0000	-450.0000	-450.0000	-856.2803	  9.1095	420.5000	   4.0000	   1.0000	   1.6000	  0.3000	  0.2000	  0.1000	  0.1200	  0.1800	   0.0000	   0.0000	   0.0000	   0.0000	   0.0000	   0.0000	   0.0000	   0.0000	   0.0000	  0.2314	  0.0000	        0.0000	        0.0000	        0.0000	        0.0000	        0.0000	        0.0000	        0.0000	  0.5278	  0.2234	  9.1565
2017	 61	  23	 55	 60.9965	  4.4524	  0.0000	 -999.0000	-999.0000	733.5750	  0.0000	   0.0000	   0.0000	   0.0000	-450.0000	-450.0000	-450.0000	-856.2803	  9.1095	440.5833	   4.0000	   1.0000	   1.6000	  0.3000	  0.2000	  0.1000	  0.1200	  0.1800	   0.0000	   0.0000	   0.0000	   0.0000	   0.0000	   0.0000	   0.0000	   0.0000	   0.0000	  0.2314	  0.0000	        0.0000	        0.0000	        0.0000	        0.0000	        0.0000	        0.0000	        0.0000	  0.5278	  0.2234	  9.1565
2017	 63	  23	 55	 62.9965	  3.1915	  0.0391	 -999.0000	-999.0000	740.0750	  0.0000	   0.0000	   0.0000	   0.0000	-450.0000	-450.0000	-450.0000	-856.2803	  9.1095	461.0000	   4.0000	   1.0000	   1.6000	  0.3000	  0.2000	  0.1000	  0.1200	  0.1800	   0.0000	   0.0000	   0.0000	   0.0000	   0.0000	   0.0000	   0.0000	   0.0000	   0.0000	  0.2314	  0.0000	        0.0000	        0.0000	        0.0000	        0.0000	        0.0000	        0.0000	        0.0000	  0.5278	  0.2234	  9.1565
2017	 65	  23	 55	 64.9965	  8.5454	  0.0000	 -999.0000	-999.0000	750.5750	  0.0000	   0.0000	   0.0000	   0.0000	-450.0000	-450.0000	-450.0000	-856.2803	  9.1095	481.0000	   4.0000	   1.0000	   1.6000	  0.3000	  0.2000	  0.1000	  0.1200	  0.1800	   0.0000	   0.0000	   0.0000	   0.0000	   0.0000	   0.0000	   0.0000	   0.0000	   0.0000	  0.2314	  0.0000	        0.0000	        0.0000	        0.0000	        0.0000	        0.0000	        0.0000	        0.0000	  0.5278	  0.2234	  9.1565
2017	 67	  23	 55	 66.9965	 16.3406	  0.0000	 -999.0000	-999.0000	782.3750	  0.0000	   0.0000	   0.0000	   0.0000	-450.0000	-450.0000	-450.0000	-856.2803	  9.1095	502.4167	   4.0000	   1.0000	   1.6000	  0.3000	  0.2000	  0.1000	  0.1200	  0.1800	   0.0000	   0.0000	   0.0000	   0.0000	   0.0000	   0.0000	   0.0000	   0.0000	   0.0000	  0.2314	  0.0000	        0.0000	        0.0000	        0.0000	        0.0000	        0.0000	        0.0000	        0.0000	  0.5278	  0.2234	  9.1565
2017	 69	  23	 55	 68.9965	-999.0000	-999.0000	 -999.0000	-999.0000	-999.0000	-999.0000	-999.0000	-999.0000	-999.0000	-999.0000	-999.0000	-999.0000	-999.0000	-999.0000	-999.0000	-999.0000	-999.0000	-999.0000	-999.0000	-999.0000	-999.0000	-999.0000	-999.0000	-999.0000	-999.0000	-999.0000	-999.0000	-999.0000	-999.0000	-999.0000	-999.0000	-999.0000	-999.0000	-999.0000	     -999.0000	     -999.0000	     -999.0000	     -999.0000	     -999.0000	     -999.0000	     -999.0000	-999.0000	-999.0000	-999.0000
2017	 71	  23	 55	 70.9965	  9.7258	  0.0387	 -999.0000	-999.0000	845.8750	  0.0000	   0.0000	   0.0000	   0.0000	-450.0000	-450.0000	-450.0000	-856.2803	  9.1095	546.7500	   4.0000	   1.0000	   1.6000	  0.3000	  0.2000	  0.1000	  0.1200	  0.1800	   0.0000	   0.0000	   0.0000	   0.0000	   0.0000	   0.0000	   0.0000	   0.0000	   0.0000	  0.2314	  0.0000	        0.0000	        0.0000	        0.0000	        0.0000	        0.0000	        0.0000	        0.0000	  0.5278	  0.2234	  9.1565
2017	 73	  23	 55	 72.9965	  2.1553	  0.0174	 -999.0000	-999.0000	846.8750	  0.0000	   0.0000	   0.0000	   0.0000	-450.0000	-450.0000	-450.0000	-856.2803	  9.1095	569.0000	   4.0000	   1.0000	   1.6000	  0.3000	  0.2000	  0.1000	  0.1200	  0.1800	   0.0000	   0.0000	   0.0000	   0.0000	   0.0000	   0.0000	   0.0000	   0.0000	   0.0000	  0.2314	  0.0000	        0.0000	        0.0000	        0.0000	        0.0000	        0.0000	        0.0000	        0.0000	  0.5278	  0.2234	  9.1565
2017	 75	  23	 55	 74.9965	  1.2234	  0.5232	 -999.0000	-999.0000	847.8750	  0.0000	   0.0000	   0.0000	   0.0000	-450.0000	-450.0000	-450.0000	-856.2803	 10.6871	592.1667	   4.0000	   1.0000	   1.6000	  0.3000	  0.2000	  0.1000	  0.1200	  0.1800	   0.0000	   0.0000	   0.0000	   0.0000	   0.0000	   0.0000	   0.0000	   0.0000	   0.0000	  0.2314	  0.0000	        0.0000	        0.0000	        0.0000	        0.0000	        0.0000	        0.0000	        0.0000	  0.5278	  0.2234	  9.1565
2017	 77	  23	 55	 76.9965	-999.0000	-999.0000	 -999.0000	-999.0000	-999.0000	-999.0000	-999.0000	-999.0000	-999.0000	-999.0000	-999.0000	-999.0000	-999.0000	-999.0000	-999.0000	-999.0000	-999.0000	-999.0000	-999.0000	-999.0000	-999.0000	-999.0000	-999.0000	-999.0000	-999.0000	-999.0000	-999.0000	-999.0000	-999.0000	-999.0000	-999.0000	-999.0000	-999.0000	-999.0000	     -999.0000	     -999.0000	     -999.0000	     -999.0000	     -999.0000	     -999.0000	     -999.0000	-999.0000	-999.0000	-999.0000
2017	 79	  23	 55	 78.9965	  3.2890	  0.0201	 -999.0000	-999.0000	921.9583	  0.0000	   0.0000	   0.0000	   0.0000	-450.0000	-450.0000	-450.0000	-950.5552	 10.6871	637.8333	   4.0000	   1.0000	   1.6000	  0.3000	  0.2000	  0.1000	  0.1200	  0.1800	   0.0000	   0.0000	   0.0000	   0.0000	   0.0000	   0.0000	   0.0000	   0.0000	   0.0000	  0.2314	  0.0000	        0.0000	        0.0000	        0.0000	        0.0000	        0.0000	        0.0000	        0.0000	  0.5278	  0.2234	  9.1565
2017	 81	  23	 55	 80.9965	  2.3288	  0.0999	 -999.0000	-999.0000	928.1750	  0.0000	   0.0000	   0.0000	   0.0000	-450.0000	-450.0000	-450.0000	-950.5552	 10.6871	660.9167	   4.0000	   1.0000	   1.6000	  0.3000	  0.2000	  0.1000	  0.1200	  0.1800	   0.0000	   0.0000	   0.0000	   0.0000	   0.0000	   0.0000	   0.0000	   0.0000	   0.0000	  0.2314	  0.0000	        0.0000	        0.0000	        0.0000	        0.0000	        0.0000	        0.0000	        0.0000	  0.5278	  0.2234	  9.1565
2017	 83	  23	 55	 82.9965	 38.4183	  0.7431	 -999.0000	-999.0000	1035.1750	  0.0000	   0.0000	   0.0000	   0.0000	-450.0000	-450.0000	-450.0000	-950.5552	 10.6871	679.2500	   4.0000	   1.0000	   1.6000	  0.3000	  0.2000	  0.1000	  0.1200	  0.1800	   0.0000	   0.0000	   0.0000	   0.0000	   0.0000	   0.0000	   0.0000	   0.0000	   0.0000	  0.2314	  0.0000	        0.0000	        0.0000	        0.0000	        0.0000	        0.0000	        0.0000	        0.0000	  0.5278	  0.2234	  9.1565
2017	 85	  23	 55	 84.9965	 17.5976	  1.2804	 -999.0000	-999.0000	1068.6750	  0.0000	   0.0000	   0.0000	   0.0000	-450.0000	-450.0000	-450.0000	-950.5552	 11.6888	704.3333	   4.0000	   1.0000	   1.6000	  0.3000	  0.2000	  0.1000	  0.1200	  0.1800	   0.0000	   0.0000	   0.0000	   0.0000	   0.0000	   0.0000	   0.0000	   0.0000	   0.0000	  0.2314	  0.0000	        0.0000	        0.0000	        0.0000	        0.0000	        0.0000	        0.0000	        0.0000	  0.5278	  0.2234	  9.1565
2017	 87	  23	 55	 86.9965	 13.4228	  0.1014	 -999.0000	-999.0000	1102.4083	  0.0000	   0.0000	   0.0000	   0.0000	-450.0000	-450.0000	-450.0000	-950.5552	 11.6888	728.4167	   4.0000	   1.0000	   1.6000	  0.3000	  0.2000	  0.1000	  0.1200	  0.1800	   0.0000	   0.0000	   0.0000	   0.0000	   0.0000	   0.0000	   0.0000	   0.0000	   0.0000	  0.2314	  0.0000	        0.0000	        0.0000	        0.0000	        0.0000	        0.0000	        0.0000	        0.0000	  0.5278	  0.2234	  9.1565
2017	 89	  23	 55	 88.9965	 18.4477	  0.2476	 -999.0000	-999.0000	1149.5167	  0.0000	   0.0000	   0.0000	   0.0000	-450.0000	-450.0000	-450.0000	-950.5552	 11.6888	752.0000	   4.0000	   1.0000	   1.6000	  0.3000	  0.2000	  0.1000	  0.1200	  0.1800	   0.0000	   0.0000	   0.0000	   0.0000	   0.0000	   0.0000	   0.0000	   0.0000	   0.0000	  0.2314	  0.0000	        0.0000	        0.0000	        0.0000	        0.0000	        0.0000	        0.0000	        0.0000	  0.5278	  0.2234	  9.1565
2017	 91	  23	 55	 90.9965	  3.2850	  1.7209	 -999.0000	-999.0000	1160.6000	  0.0000	   0.0000	   0.0000	   0.0000	-450.0000	-450.0000	-450.0000	-950.5552	 14.5388	776.0000	   4.0000	   1.0000	   1.6000	  0.3000	  0.2000	  0.1000	  0.1200	  0.1800	   0.0000	   0.0000	   0.0000	   0.0000	   0.0000	   0.0000	   0.0000	   0.0000	   0.0000	  0.2314	  0.0000	        0.0000	        0.0000	        0.0000	        0.0000	        0.0000	        0.0000	        0.0000	  0.5278	  0.2234	  9.1565
2017	 93	  23	 55	 92.9965	  5.4704	  1.5799	 -999.0000	-999.0000	1163.8000	  0.0000	   0.0000	   0.0000	   0.0000	-450.0000	-450.0000	-450.0000	-950.5552	 14.5388	801.7500	   4.0000	   1.0000	   1.6000	  0.3000	  0.2000	  0.1000	  0.1200	  0.1800	   0.0000	   0.0000	   0.0000	   0.0000	   0.0000	   0.0000	   0.0000	   0.0000	   0.0000	  0.2314	  0.0000	        0.0000	        0.0000	        0.0000	        0.0000	        0.0000	        0.0000	        0.0000	  0.5278	  0.2234	  9.1565
2017	 95	  23	 55	 94.9965	  1.2582	  1.4328	 -999.0000	-999.0000	1163.9000	  0.0000	   0.0000	   0.0000	   0.0000	-450.0000	-450.0000	-450.0000	-950.5552	 14.5388	828.0833	   4.0000	   1.0000	   1.6000	  0.3000	  0.2000	  0.1000	  0.1200	  0.1800	   0.0000	   0.0000	   0.0000	   0.0000	   0.0000	   0.0000	   0.0000	   0.0000	   0.0000	  0.2314	  0.0000	        0.0000	        0.0000	        0.0000	        0.0000	        0.0000	        0.0000	        0.0000	  0.5278	  0.2234	  9.1565
2017	 97	  23	 55	 96.9965	-999.0000	-999.0000	 -999.0000	-999.0000	-999.0000	-999.0000	-999.0000	-999.0000	-999.0000	-999.0000	-999.0000	-999.0000	-999.0000	-999.0000	-999.0000	-999.0000	-999.0000	-999.0000	-999.0000	-999.0000	-999.0000	-999.0000	-999.0000	-999.0000	-999.0000	-999.0000	-999.0000	-999.0000	-999.0000	-999.0000	-999.0000	-999.0000	-999.0000	-999.0000	     -999.0000	     -999.0000	     -999.0000	     -999.0000	     -999.0000	     -999.0000	     -999.0000	-999.0000	-999.0000	-999.0000
2017	 99	  23	 55	 98.9965	  0.6143	  1.7111	 -999.0000	-999.0000	1205.9000	  0.0000	   0.0000	   0.0000	   0.0000	-450.0000	-450.0000	-450.0000	-950.5552	 16.7651	880.5000	   4.0000	   1.0000	   1.6000	  0.3000	  0.2000	  0.1000	  0.1200	  0.1800	   0.0000	   0.0000	   0.0000	   0.0000	   0.0000	   0.0000	   0.0000	   0.0000	   0.0000	  0.2314	  0.0000	        0.0000	        0.0000	        0.0000	        0.0000	        0.0000	        0.0000	        0.0000	  0.5278	  0.2234	  9.1565
2017	101	  23	 55	100.9965	  1.7834	  1.3401	 -999.0000	-999.0000	1212.4750	  0.0000	   0.0000	   0.0000	   0.0000	-450.0000	-450.0000	-450.0000	-950.5552	 16.7651	907.5000	   4.0000	   1.0000	   1.6000	  0.3000	  0.2000	  0.1000	  0.1200	  0.1800	   0.0000	   0.0000	   0.0000	   0.0000	   0.0000	   0.0000	   0.0000	   0.0000	   0.0000	  0.2314	  0.0000	        0.0000	        0.0000	        0.0000	        0.0000	        0.0000	        0.0000	        0.0000	  0.5278	  0.2234	  9.1565
2017	103	  23	 55	102.9965	  1.8201	  0.1974	 -999.0000	-999.0000	1220.3000	  0.0000	   0.0000	   0.0000	   0.0000	-450.0000	-450.0000	-450.0000	-950.5552	 16.7651	934.1667	   4.0000	   1.0000	   1.6000	  0.3000	  0.2000	  0.1000	  0.1200	  0.1800	   0.0000	   0.0000	   0.0000	   0.0000	   0.0000	   0.0000	   0.0000	   0.0000	   0.0000	  0.2314	  0.0000	        0.0000	        0.0000	        0.0000	        0.0000	        0.0000	        0.0000	        0.0000	  0.5278	  0.2234	  9.1565
2017	105	  23	 55	104.9965	  5.4114	  0.1831	 -999.0000	-999.0000	1220.3000	  0.0000	   0.0000	   0.0000	   0.0000	-450.0000	-450.0000	-450.0000	-950.5552	 16.7651	962.5000	   4.0000	   1.0000	   1.6000	  0.3000	  0.2000	  0.1000	  0.1200	  0.1800	   0.0000	   0.0000	   0.0000	   0.0000	   0.0000	   0.0000	   0.0000	   0.0000	   0.0000	  0.2314	  0.0000	        0.0000	        0.0000	        0.0000	        0.0000	        0.0000	        0.0000	        0.0000	  0.5278	  0.2234	  9.1565
2017	107	  23	 55	106.9965	  4.8562	  0.0003	 -999.0000	-999.0000	1224.5000	  0.0000	   0.0000	   0.0000	   0.0000	-450.0000	-450.0000	-450.0000	-950.5552	 16.7651	990.1667	   4.0000	   1.0000	   1.6000	  0.3000	  0.2000	  0.1000	  0.1200	  0.1800	   0.0000	   0.0000	   0.0000	   0.0000	   0.0000	   0.0000	   0.0000	   0.0000	   0.0000	  0.2314	  0.0000	        0.0000	        0.0000	        0.0000	        0.0000	        0.0000	        0.0000	        0.0000	  0.5278	  0.2234	  9.1565
2017	109	  23	 55	108.9965	  9.2421	  0.4204	 -999.0000	-999.0000	1242.5000	  0.0000	   0.0000	   0.0000	   0.0000	-450.0000	-450.0000	-450.0000	-950.5552	 16.7651	1017.5000	   4.0000	   1.0000	   1.6000	  0.3000	  0.2000	  0.1000	  0.1200	  0.1800	   0.0000	   0.0000	   0.0000	   0.0000	   0.0000	   0.0000	   0.0000	   0.0000	   0.0000	  0.2314	  0.0000	        0.0000	        0.0000	        0.0000	        0.0000	        0.0000	        0.0000	        0.0000	  0.5278	  0.2234	  9.1565
2017	111	  23	 55	110.9965	  0.3075	  1.7845	 -999.0000	-999.0000	1242.5000	  0.0000	   0.0000	   0.0000	   0.0000	-450.0000	-450.0000	-450.0000	-950.5552	 16.7651	1044.6667	   4.0000	   1.0000	   1.6000	  0.3000	  0.2000	  0.1000	  0.1200	  0.1800	   0.0000	   0.0000	   0.0000	   0.0000	   0.0000	   0.0000	   0.0000	   0.0000	   0.0000	  0.2314	  0.0000	        0.0000	        0.0000	        0.0000	        0.0000	        0.0000	        0.0000	        0.0000	  0.5278	  0.2234	  9.1565
2017	113	  23	 55	112.9965	 17.8202	  3.5908	 -999.0000	-999.0000	1281.0000	  0.0000	   0.0000	   0.0000	   0.0000	-450.0000	-450.0000	-450.0000	-951.9483	 16.7651	1073.0833	   4.0000	   1.0000	   1.6000	  0.3000	  0.2000	  0.1000	  0.1200	  0.1800	   0.0000	   0.0000	   0.0000	   0.0000	   0.0000	   0.0000	   0.0000	   0.0000	   0.0000	  0.2314	  0.0000	        0.0000	        0.0000	        0.0000	        0.0000	        0.0000	        0.0000	        0.0000	  0.5278	  0.2234	  9.1565
2017	115	  23	 55	114.9965	-999.0000	-999.0000	 -999.0000	-999.0000	-999.0000	-999.0000	-999.0000	-999.0000	-999.0000	-999.0000	-999.0000	-999.0000	-999.0000	-999.0000	-999.0000	-999.0000	-999.0000	-999.0000	-999.0000	-999.0000	-999.0000	-999.0000	-999.0000	-999.0000	-999.0000	-999.0000	-999.0000	-999.0000	-999.0000	-999.0000	-999.0000	-999.0000	-999.0000	-999.0000	     -999.0000	     -999.0000	     -999.0000	     -999.0000	     -999.0000	     -999.0000	     -999.0000	-999.0000	-999.0000	-999.0000
2017	117	  23	 55	116.9965	 34.1983	  1.8995	 -999.0000	-999.0000	1359.0917	  0.0000	   0.0000	   0.0000	   0.0000	-450.0000	-450.0000	-450.0000	-951.9483	 16.7651	1129.1667	   4.0000	   1.0000	   1.6000	  0.3000	  0.2000	  0.1000	  0.1200	  0.1800	   0.0000	   0.0000	   0.0000	   0.0000	   0.0000	   0.0000	   0.0000	   0.0000	   0.0000	  0.2314	  0.0000	        0.0000	        0.0000	        0.0000	        0.0000	        0.0000	        0.0000	        0.0000	  0.5278	  0.2234	  9.1565
2017	119	  23	 55	118.9965	  7.5357	  1.5768	 -999.0000	-999.0000	1382.2000	  0.0000	   0.0000	   0.0000	   0.0000	-450.0000	-450.0000	-450.0000	-951.9483	 16.7651	1158.4167	   4.0000	   1.0000	   1.6000	  0.3000	  0.2000	  0.1000	  0.1200	  0.1800	   0.0000	   0.0000	   0.0000	   0.0000	   0.0000	   0.0000	   0.0000	   0.0000	   0.0000	  0.2314	  0.0000	        0.0000	        0.0000	        0.0000	        0.0000	        0.0000	        0.0000	        0.0000	  0.5278	  0.2234	  9.1565
2017	121	  23	 55	120.9965	  2.3861	  4.2456	 -999.0000	-999.0000	1391.2000	  0.0000	   0.0000	   0.0000	   0.0000	-450.0000	-450.0000	-450.0000	-951.9483	 17.9183	1190.2500	   4.0000	   1.0000	   1.6000	  0.3000	  0.2000	  0.1000	  0.1200	  0.1800	   0.0000	   0.0000	   0.0000	   0.0000	   0.0000	   0.0000	   0.0000	   0.0000	   0.0000	  0.2314	  0.0000	        0.0000	        0.0000	        0.0000	        0.0000	        0.0000	        0.0000	        0.0000	  0.5278	  0.2234	  9.1565
2017	123	  23	 55	122.9965	  1.3417	  5.3881	 -999.0000	-999.0000	1391.2000	  0.0000	   0.0000	   0.0000	   0.0000	-450.0000	-450.0000	-450.0000	-951.9483	 19.9292	1222.5000	   4.0000	   1.0000	   1.6000	  0.3000	  0.2000	  0.1000	  0.1200	  0.1800	   0.0000	   0.0000	   0.0000	   0.0000	   0.0000	   0.0000	   0.0000	   0.0000	   0.0000	  0.2314	  0.0000	        0.0000	        0.0000	        0.0000	        0.0000	        0.0000	        0.0000	        0.0000	  0.5278	  0.2234	  9.1565
2017	125	  23	 55	124.9965	  1.5314	  5.5781	 -999.0000	-999.0000	1391.2000	  0.0000	   0.0000	   0.0000	   0.0000	-450.0000	-450.0000	-450.0000	-951.9483	 20.6367	1255.2500	   4.0000	   1.0000	   1.6000	  0.3000	  0.2000	  0.1000	  0.1200	  0.1800	   0.0000	   0.0000	   0.0000	   0.0000	   0.0000	   0.0000	   0.0000	   0.0000	   0.0000	  0.2314	  0.0000	        0.0000	        0.0000	        0.0000	        0.0000	        0.0000	        0.0000	        0.0000	  0.5278	  0.2234	  9.1565
2017	127	  23	 55	126.9965	  0.6250	  3.7296	 -999.0000	-999.0000	1392.0000	  0.0000	   0.0000	   0.0000	   0.0000	-450.0000	-450.0000	-450.0000	-951.9483	 21.2577	1286.3333	   4.0000	   1.0000	   1.6000	  0.3000	  0.2000	  0.1000	  0.1200	  0.1800	   0.0000	   0.0000	   0.0000	   0.0000	   0.0000	   0.0000	   0.0000	   0.0000	   0.0000	  0.2314	  0.0000	        0.0000	        0.0000	        0.0000	        0.0000	        0.0000	        0.0000	        0.0000	  0.5278	  0.2234	  9.1565
2017	129	  23	 55	128.9965	 16.7416	  2.6083	 -999.0000	-999.0000	1426.0000	  0.0000	   0.0000	   0.0000	   0.0000	-450.0000	-450.0000	-450.0000	-966.4849	 21.2577	1317.8333	   4.0000	   1.0000	   1.6000	  0.3000	  0.2000	  0.1000	  0.1200	  0.1800	   0.0000	   0.0000	   0.0000	   0.0000	   0.0000	   0.0000	   0.0000	   0.0000	   0.0000	  0.2314	  0.0000	        0.0000	        0.0000	        0.0000	        0.0000	        0.0000	        0.0000	        0.0000	  0.5278	  0.2234	  9.1565
2017	131	  23	 55	130.9965	  2.4890	  0.2205	 -999.0000	-999.0000	1431.6000	  0.0000	   0.0000	   0.0000	   0.0000	-450.0000	-450.0000	-450.0000	-966.4849	 21.2577	1348.6667	   4.0000	   1.0000	   1.6000	  0.3000	  0.2000	  0.1000	  0.1200	  0.1800	   0.0000	   0.0000	   0.0000	   0.0000	   0.0000	   0.0000	   0.0000	   0.0000	   0.0000	  0.2314	  0.0000	        0.0000	        0.0000	        0.0000	        0.0000	        0.0000	        0.0000	        0.0000	  0.5278	  0.2234	  9.1565
2017	133	  23	 55	132.9965	  4.3670	  2.9632	 -999.0000	-999.0000	1437.7000	  0.0000	   0.0000	   0.0000	   0.0000	-450.0000	-450.0000	-450.0000	-966.4849	 21.2577	1380.5000	   4.0000	   1.0000	   1.6000	  0.3000	  0.2000	  0.1000	  0.1200	  0.1800	   0.0000	   0.0000	   0.0000	   0.0000	   0.0000	   0.0000	   0.0000	   0.0000	   0.0000	  0.2314	  0.0000	        0.0000	        0.0000	        0.0000	        0.0000	        0.0000	        0.0000	        0.0000	  0.5278	  0.2234	  9.1565
2017	135	  23	 55	134.9965	-999.0000	-999.0000	 -999.0000	-999.0000	-999.0000	-999.0000	-999.0000	-999.0000	-999.0000	-999.0000	-999.0000	-999.0000	-999.0000	-999.0000	-999.0000	-999.0000	-999.0000	-999.0000	-999.0000	-999.0000	-999.0000	-999.0000	-999.0000	-999.0000	-999.0000	-999.0000	-999.0000	-999.0000	-999.0000	-999.0000	-999.0000	-999.0000	-999.0000	-999.0000	     -999.0000	     -999.0000	     -999.0000	     -999.0000	     -999.0000	     -999.0000	     -999.0000	-999.0000	-999.0000	-999.0000
2017	137	  23	 55	136.9965	  5.1818	  6.0676	 -999.0000	-999.0000	1500.2000	  0.0000	   0.0000	   0.0000	   0.0000	-450.0000	-450.0000	-450.0000	-966.4849	 21.2577	1440.9167	   4.0000	   1.0000	   1.6000	  0.3000	  0.2000	  0.1000	  0.1200	  0.1800	   0.0000	   0.0000	   0.0000	   0.0000	   0.0000	   0.0000	   0.0000	   0.0000	   0.0000	  0.2314	  0.0000	        0.0000	        0.0000	        0.0000	        0.0000	        0.0000	        0.0000	        0.0000	  0.5278	  0.2234	  9.1565
2017	139	  23	 55	138.9965	  9.9709	  9.1466	 -999.0000	-999.0000	1513.2000	  0.0000	   0.0000	   0.0000	   0.0000	-450.0000	-450.0000	-450.0000	-966.4849	 28.3470	1472.9167	   4.0000	   1.0000	   1.6000	  0.3000	  0.2000	  0.1000	  0.1200	  0.1800	   0.0000	   0.0000	   0.0000	   0.0000	   0.0000	   0.0000	   0.0000	   0.0000	   0.0000	  0.2314	  0.0000	        0.0000	        0.0000	        0.0000	        0.0000	        0.0000	        0.0000	        0.0000	  0.5278	  0.2234	  9.1565
2017	141	  23	 55	140.9965	  0.0001	  5.8495	 -999.0000	-999.0000	1513.2000	  0.0000	   0.0000	   0.0000	   0.0000	-450.0000	-450.0000	-450.0000	-966.4849	 28.3470	1506.4167	   4.0000	   1.0000	   1.6000	  0.3000	  0.2000	  0.1000	  0.1200	  0.1800	   0.0000	   0.0000	   0.0000	   0.0000	   0.0000	   0.0000	   0.0000	   0.0000	   0.0000	  0.2314	  0.0000	        0.0000	        0.0000	        0.0000	        0.0000	        0.0000	        0.0000	        0.0000	  0.5278	  0.2234	  9.1565
2017	143	  23	 55	142.9965	-999.0000	-999.0000	 -999.0000	-999.0000	-999.0000	-999.0000	-999.0000	-999.0000	-999.0000	-999.0000	-999.0000	-999.0000	-999.0000	-999.0000	-999.0000	-999.0000	-999.0000	-999.0000	-999.0000	-999.0000	-999.0000	-999.0000	-999.0000	-999.0000	-999.0000	-999.0000	-999.0000	-999.0000	-999.0000	-999.0000	-999.0000	-999.0000	-999.0000	-999.0000	     -999.0000	     -999.0000	     -999.0000	     -999.0000	     -999.0000	     -999.0000	     -999.0000	-999.0000	-999.0000	-999.0000
2017	145	  23	 55	144.9965	-999.0000	-999.0000	 -999.0000	-999.0000	-999.0000	-999.0000	-999.0000	-999.0000	-999.0000	-999.0000	-999.0000	-999.0000	-999.0000	-999.0000	-999.0000	-999.0000	-999.0000	-999.0000	-999.0000	-999.0000	-999.0000	-999.0000	-999.0000	-999.0000	-999.0000	-999.0000	-999.0000	-999.0000	-999.0000	-999.0000	-999.0000	-999.0000	-999.0000	-999.0000	     -999.0000	     -999.0000	     -999.0000	     -999.0000	     -999.0000	     -999.0000	     -999.0000	-999.0000	-999.0000	-999.0000
2017	147	  23	 55	146.9965	  0.0982	 11.1178	 -999.0000	-999.0000	1618.6167	  0.0000	   0.0000	   0.0000	   0.0000	-450.0000	-450.0000	-450.0000	-966.4849	 28.3470	1602.5833	   4.0000	   1.0000	   1.6000	  0.3000	  0.2000	  0.1000	  0.1200	  0.1800	   0.0000	   0.0000	   0.0000	   0.0000	   0.0000	   0.0000	   0.0000	   0.0000	   0.0000	  0.2314	  0.0000	        0.0000	        0.0000	        0.0000	        0.0000	        0.0000	        0.0000	        0.0000	  0.5278	  0.2234	  9.1565
2017	149	  23	 55	148.9965	  0.0000	  6.1355	 -999.0000	-999.0000	1621.1167	  0.0000	   0.0000	   0.0000	   0.0000	-450.0000	-450.0000	-450.0000	-966.4849	 28.3470	1634.0833	   4.0000	   1.0000	   1.6000	  0.3000	  0.2000	  0.1000	  0.1200	  0.1800	   0.0000	   0.0000	   0.0000	   0.0000	   0.0000	   0.0000	   0.0000	   0.0000	   0.0000	  0.2314	  0.0000	        0.0000	        0.0000	        0.0000	        0.0000	        0.0000	        0.0000	        0.0000	  0.5278	  0.2234	  9.1565
2017	151	  23	 55	150.9965	  0.0000	  7.4408	 -999.0000	-999.0000	1645.8167	  0.0000	   0.0000	   0.0000	   0.0000	-450.0000	-450.0000	-450.0000	-966.4849	 28.3470	1664.7500	   4.0000	   1.0000	   1.6000	  0.3000	  0.2000	  0.1000	  0.1200	  0.1800	   0.0000	   0.0000	   0.0000	   0.0000	   0.0000	   0.0000	   0.0000	   0.0000	   0.0000	  0.2314	  0.0000	        0.0000	        0.0000	        0.0000	        0.0000	        0.0000	        0.0000	        0.0000	  0.5278	  0.2234	  9.1565
2017	153	  23	 55	152.9965	  4.9155	  5.1656	 -999.0000	-999.0000	1651.8167	  0.0000	   0.0000	   0.0000	   0.0000	-450.0000	-450.0000	-450.0000	-966.4849	 28.3470	1698.3333	   4.0000	   1.0000	   1.6000	  0.3000	  0.2000	  0.1000	  0.1200	  0.1800	   0.0000	   0.0000	   0.0000	   0.0000	   0.0000	   0.0000	   0.0000	   0.0000	   0.0000	  0.2314	  0.0000	        0.0000	        0.0000	        0.0000	        0.0000	        0.0000	        0.0000	        0.0000	  0.5278	  0.2234	  9.1565
2017	155	  23	 55	154.9965	  0.0001	  5.7898	 -999.0000	-999.0000	1664.6167	  0.0000	   0.0000	   0.0000	   0.0000	-450.0000	-450.0000	-450.0000	-966.4849	 28.3470	1730.5000	   4.0000	   1.0000	   1.6000	  0.3000	  0.2000	  0.1000	  0.1200	  0.1800	   0.0000	   0.0000	   0.0000	   0.0000	   0.0000	   0.0000	   0.0000	   0.0000	   0.0000	  0.2314	  0.0000	        0.0000	        0.0000	        0.0000	        0.0000	        0.0000	        0.0000	        0.0000	  0.5278	  0.2234	  9.1565
2017	157	  23	 55	156.9965	  0.0000	 11.6078	 -999.0000	-999.0000	1665.5167	  0.0000	   0.0000	   0.0000	   0.0000	-450.0000	-450.0000	-450.0000	-966.4849	 28.3470	1764.9167	   4.0000	   1.0000	   1.6000	  0.3000	  0.2000	  0.1000	  0.1200	  0.1800	   0.0000	   0.0000	   0.0000	   0.0000	   0.0000	   0.0000	   0.0000	   0.0000	   0.0000	  0.2314	  0.0000	        0.0000	        0.0000	        0.0000	        0.0000	        0.0000	        0.0000	        0.0000	  0.5278	  0.2234	  9.1565
2017	159	  23	 55	158.9965	  0.0000	  6.7365	 -999.0000	-999.0000	1708.8250	  0.0000	   0.0000	   0.0000	   0.0000	-450.0000	-450.0000	-450.0000	-966.4849	 28.3470	1796.5833	   4.0000	   1.0000	   1.6000	  0.3000	  0.2000	  0.1000	  0.1200	  0.1800	   0.0000	   0.0000	   0.0000	   0.0000	   0.0000	   0.0000	   0.0000	   0.0000	   0.0000	  0.2314	  0.0000	        0.0000	        0.0000	        0.0000	        0.0000	        0.0000	        0.0000	        0.0000	  0.5278	  0.2234	  9.1565
2017	161	  23	 55	160.9965	  0.0000	  8.4258	 -999.0000	-999.0000	1714.3167	  0.0000	   0.0000	   0.0000	   0.0000	-450.0000	-450.0000	-450.0000	-966.4849	 28.3470	1829.5833	   4.0000	   1.0000	   1.6000	  0.3000	  0.2000	  0.1000	  0.1200	  0.1800	   0.0000	   0.0000	   0.0000	   0.0000	   0.0000	   0.0000	   0.0000	   0.0000	   0.0000	  0.2314	  0.0000	        0.0000	        0.0000	        0.0000	        0.0000	        0.0000	        0.0000	        0.0000	  0.5278	  0.2234	  9.1565
2017	163	  23	 55	162.9965	  0.0000	  8.1180	 -999.0000	-999.0000	1723.5167	  0.0000	   0.0000	   0.0000	   0.0000	-450.0000	-450.0000	-450.0000	-966.4849	 28.3470	1863.7500	   4.0000	   1.0000	   1.6000	  0.3000	  0.2000	  0.1000	  0.1200	  0.1800	   0.0000	   0.0000	   0.0000	   0.0000	   0.0000	   0.0000	   0.0000	   0.0000	   0.0000	  0.2314	  0.0000	        0.0000	        0.0000	        0.0000	        0.0000	        0.0000	        0.0000	        0.0000	  0.5278	  0.2234	  9.1565
2017	165	  23	 55	164.9965	  0.0000	  9.4481	 -999.0000	-999.0000	1723.5167	  0.0000	   0.0000	   0.0000	   0.0000	-450.0000	-450.0000	-450.0000	-966.4849	 28.3470	1899.5833	   4.0000	   1.0000	   1.6000	  0.3000	  0.2000	  0.1000	  0.1200	  0.1800	   0.0000	   0.0000	   0.0000	   0.0000	   0.0000	   0.0000	   0.0000	   0.0000	   0.0000	  0.2314	  0.0000	        0.0000	        0.0000	        0.0000	        0.0000	        0.0000	        0.0000	        0.0000	  0.5278	  0.2234	  9.1565
2017	167	  23	 55	166.9965	  0.0000	  9.0609	 -999.0000	-999.0000	1742.0167	  0.0000	   0.0000	   0.0000	   0.0000	-450.0000	-450.0000	-450.0000	-966.4849	 28.3470	1933.0833	   4.0000	   1.0000	   1.6000	  0.3000	  0.2000	  0.1000	  0.1200	  0.1800	   0.0000	   0.0000	   0.0000	   0.0000	   0.0000	   0.0000	   0.0000	   0.0000	   0.0000	  0.2314	  0.0000	        0.0000	        0.0000	        0.0000	        0.0000	        0.0000	        0.0000	        0.0000	  0.5278	  0.2234	  9.1565
2017	169	  23	 55	168.9965	  0.0145	 12.1706	 -999.0000	-999.0000	1749.0167	  0.0000	   0.0000	   0.0000	   0.0000	-450.0000	-450.0000	-450.0000	-966.4849	 28.3470	1967.3333	   4.0000	   1.0000	   1.6000	  0.3000	  0.2000	  0.1000	  0.1200	  0.1800	   0.0000	   0.0000	   0.0000	   0.0000	   0.0000	   0.0000	   0.0000	   0.0000	   0.0000	  0.2314	  0.0000	        0.0000	        0.0000	        0.0000	        0.0000	        0.0000	        0.0000	        0.0000	  0.5278	  0.2234	  9.1565
2017	171	  23	 55	170.9965	  0.0000	 10.3892	 -999.0000	-999.0000	1749.0167	  0.0000	   0.0000	   0.0000	   0.0000	-450.0000	-450.0000	-450.0000	-966.4849	 28.3470	2002.6667	   4.0000	   1.0000	   1.6000	  0.3000	  0.2000	  0.1000	  0.1200	  0.1800	   0.0000	   0.0000	   0.0000	   0.0000	   0.0000	   0.0000	   0.0000	   0.0000	   0.0000	  0.2314	  0.0000	        0.0000	        0.0000	        0.0000	        0.0000	        0.0000	        0.0000	        0.0000	  0.5278	  0.2234	  9.1565
2017	173	  23	 55	172.9965	  0.0000	  7.0860	 -999.0000	-999.0000	1749.2167	  0.0000	   0.0000	   0.0000	   0.0000	-450.0000	-450.0000	-450.0000	-966.4849	 28.3470	2038.0000	   4.0000	   1.0000	   1.6000	  0.3000	  0.2000	  0.1000	  0.1200	  0.1800	   0.0000	   0.0000	   0.0000	   0.0000	   0.0000	   0.0000	   0.0000	   0.0000	   0.0000	  0.2314	  0.0000	        0.0000	        0.0000	        0.0000	        0.0000	        0.0000	        0.0000	        0.0000	  0.5278	  0.2234	  9.1565
2017	175	  23	 55	174.9965	  0.0000	  9.6889	 -999.0000	-999.0000	1754.7167	  0.0000	   0.0000	   0.0000	   0.0000	-450.0000	-450.0000	-450.0000	-966.4849	 28.3470	2072.1667	   4.0000	   1.0000	   1.6000	  0.3000	  0.2000	  0.1000	  0.1200	  0.1800	   0.0000	   0.0000	   0.0000	   0.0000	   0.0000	   0.0000	   0.0000	   0.0000	   0.0000	  0.2314	  0.0000	        0.0000	        0.0000	        0.0000	        0.0000	        0.0000	        0.0000	        0.0000	  0.5278	  0.2234	  9.1565
2017	177	  23	 55	176.9965	  0.0000	  8.7342	 -999.0000	-999.0000	1771.4167	  0.0000	   0.0000	   0.0000	   0.0000	-450.0000	-450.0000	-450.0000	-966.4849	 28.3470	2105.1667	   4.0000	   1.0000	   1.6000	  0.3000	  0.2000	  0.1000	  0.1200	  0.1800	   0.0000	   0.0000	   0.0000	   0.0000	   0.0000	   0.0000	   0.0000	   0.0000	   0.0000	  0.2314	  0.0000	        0.0000	        0.0000	        0.0000	        0.0000	        0.0000	        0.0000	        0.0000	  0.5278	  0.2234	  9.1565
2017	179	  23	 55	178.9965	  4.0463	  9.7467	 -999.0000	-999.0000	1774.4167	  0.0000	   0.0000	   0.0000	   0.0000	-450.0000	-450.0000	-450.0000	-966.4849	 28.3470	2140.2500	   4.0000	   1.0000	   1.6000	  0.3000	  0.2000	  0.1000	  0.1200	  0.1800	   0.0000	   0.0000	   0.0000	   0.0000	   0.0000	   0.0000	   0.0000	   0.0000	   0.0000	  0.2314	  0.0000	        0.0000	        0.0000	        0.0000	        0.0000	        0.0000	        0.0000	        0.0000	  0.5278	  0.2234	  9.1565
2017	181	  23	 55	180.9965	  0.0000	 11.3150	 -999.0000	-999.0000	1774.4167	  0.0000	   0.0000	   0.0000	   0.0000	-450.0000	-450.0000	-450.0000	-966.4849	 28.3470	2175.3333	   4.0000	   1.0000	   1.6000	  0.3000	  0.2000	  0.1000	  0.1200	  0.1800	   0.0000	   0.0000	   0.0000	   0.0000	   0.0000	   0.0000	   0.0000	   0.0000	   0.0000	  0.2314	  0.0000	        0.0000	        0.0000	        0.0000	        0.0000	        0.0000	        0.0000	        0.0000	  0.5278	  0.2234	  9.1565
2017	183	  23	 55	182.9965	  0.0000	  9.0626	 -999.0000	-999.0000	1774.4167	  0.0000	   0.0000	   0.0000	   0.0000	-450.0000	-450.0000	-450.0000	-966.4849	 28.3470	2211.0000	   4.0000	   1.0000	   1.6000	  0.3000	  0.2000	  0.1000	  0.1200	  0.1800	   0.0000	   0.0000	   0.0000	   0.0000	   0.0000	   0.0000	   0.0000	   0.0000	   0.0000	  0.2314	  0.0000	        0.0000	        0.0000	        0.0000	        0.0000	        0.0000	        0.0000	        0.0000	  0.5278	  0.2234	  9.1565
2017	185	  23	 55	184.9965	  4.5967	  8.7257	 -999.0000	-999.0000	1784.4167	  0.0000	   0.0000	   0.0000	   0.0000	-450.0000	-450.0000	-450.0000	-966.4849	 28.3470	2245.7500	   4.0000	   1.0000	   1.6000	  0.3000	  0.2000	  0.1000	  0.1200	  0.1800	   0.0000	   0.0000	   0.0000	   0.0000	   0.0000	   0.0000	   0.0000	   0.0000	   0.0000	  0.2314	  0.0000	        0.0000	        0.0000	        0.0000	        0.0000	        0.0000	        0.0000	        0.0000	  0.5278	  0.2234	  9.1565
2017	187	  23	 55	186.9965	  6.4279	 16.9437	 -999.0000	-999.0000	1795.9167	  0.0000	   0.0000	   0.0000	   0.0000	-450.0000	-450.0000	-450.0000	-966.4849	 28.3470	2280.5000	   4.0000	   1.0000	   1.6000	  0.3000	  0.2000	  0.1000	  0.1200	  0.1800	   0.0000	   0.0000	   0.0000	   0.0000	   0.0000	   0.0000	   0.0000	   0.0000	   0.0000	  0.2314	  0.0000	        0.0000	        0.0000	        0.0000	        0.0000	        0.0000	        0.0000	        0.0000	  0.5278	  0.2234	  9.1565
2017	189	  23	 55	188.9965	  0.0001	  8.6062	 -999.0000	-999.0000	1798.0167	  0.0000	   0.0000	   0.0000	   0.0000	-450.0000	-450.0000	-450.0000	-966.4849	 28.3470	2314.0000	   4.0000	   1.0000	   1.6000	  0.3000	  0.2000	  0.1000	  0.1200	  0.1800	   0.0000	   0.0000	   0.0000	   0.0000	   0.0000	   0.0000	   0.0000	   0.0000	   0.0000	  0.2314	  0.0000	        0.0000	        0.0000	        0.0000	        0.0000	        0.0000	        0.0000	        0.0000	  0.5278	  0.2234	  9.1565
2017	191	  23	 55	190.9965	 11.2567	  8.7284	 -999.0000	-999.0000	1815.5167	  0.0000	   0.0000	   0.0000	   0.0000	-450.0000	-450.0000	-450.0000	-966.4849	 28.3470	2347.7500	   4.0000	   1.0000	   1.6000	  0.3000	  0.2000	  0.1000	  0.1200	  0.1800	   0.0000	   0.0000	   0.0000	   0.0000	   0.0000	   0.0000	   0.0000	   0.0000	   0.0000	  0.2314	  0.0000	        0.0000	        0.0000	        0.0000	        0.0000	        0.0000	        0.0000	        0.0000	  0.5278	  0.2234	  9.1565
2017	193	  23	 55	192.9965	-999.0000	-999.0000	 -999.0000	-999.0000	-999.0000	-999.0000	-999.0000	-999.0000	-999.0000	-999.0000	-999.0000	-999.0000	-999.0000	-999.0000	-999.0000	-999.0000	-999.0000	-999.0000	-999.0000	-999.0000	-999.0000	-999.0000	-999.0000	-999.0000	-999.0000	-999.0000	-999.0000	-999.0000	-999.0000	-999.0000	-999.0000	-999.0000	-999.0000	-999.0000	     -999.0000	     -999.0000	     -999.0000	     -999.0000	     -999.0000	     -999.0000	     -999.0000	-999.0000	-999.0000	-999.0000
2017	195	  23	 55	194.9965	-999.0000	-999.0000	 -999.0000	-999.0000	-999.0000	-999.0000	-999.0000	-999.0000	-999.0000	-999.0000	-999.0000	-999.0000	-999.0000	-999.0000	-999.0000	-999.0000	-999.0000	-999.0000	-999.0000	-999.0000	-999.0000	-999.0000	-999.0000	-999.0000	-999.0000	-999.0000	-999.0000	-999.0000	-999.0000	-999.0000	-999.0000	-999.0000	-999.0000	-999.0000	     -999.0000	     -999.0000	     -999.0000	     -999.0000	     -999.0000	     -999.0000	     -999.0000	-999.0000	-999.0000	-999.0000
2017	197	  23	 55	196.9965	  0.0409	  9.1347	 -999.0000	-999.0000	1893.2167	  0.0000	   0.0000	   0.0000	   0.0000	-450.0000	-450.0000	-450.0000	-966.4849	 28.3470	2447.8333	   4.0000	   1.0000	   1.6000	  0.3000	  0.2000	  0.1000	  0.1200	  0.1800	   0.0000	   0.0000	   0.0000	   0.0000	   0.0000	   0.0000	   0.0000	   0.0000	   0.0000	  0.2314	  0.0000	        0.0000	        0.0000	        0.0000	        0.0000	        0.0000	        0.0000	        0.0000	  0.5278	  0.2234	  9.1565
2017	199	  23	 55	198.9965	  0.0000	  9.9335	 -999.0000	-999.0000	1893.2167	  0.0000	   0.0000	   0.0000	   0.0000	-450.0000	-450.0000	-450.0000	-966.4849	 28.3470	2482.4167	   4.0000	   1.0000	   1.6000	  0.3000	  0.2000	  0.1000	  0.1200	  0.1800	   0.0000	   0.0000	   0.0000	   0.0000	   0.0000	   0.0000	   0.0000	   0.0000	   0.0000	  0.2314	  0.0000	        0.0000	        0.0000	        0.0000	        0.0000	        0.0000	        0.0000	        0.0000	  0.5278	  0.2234	  9.1565
2017	201	  23	 55	200.9965	  0.0000	 12.4661	 -999.0000	-999.0000	1893.2167	  0.0000	   0.0000	   0.0000	   0.0000	-450.0000	-450.0000	-450.0000	-966.4849	 28.3470	2517.0833	   4.0000	   1.0000	   1.6000	  0.3000	  0.2000	  0.1000	  0.1200	  0.1800	   0.0000	   0.0000	   0.0000	   0.0000	   0.0000	   0.0000	   0.0000	   0.0000	   0.0000	  0.2314	  0.0000	        0.0000	        0.0000	        0.0000	        0.0000	        0.0000	        0.0000	        0.0000	  0.5278	  0.2234	  9.1565
2017	203	  23	 55	202.9965	-999.0000	-999.0000	 -999.0000	-999.0000	-999.0000	-999.0000	-999.0000	-999.0000	-999.0000	-999.0000	-999.0000	-999.0000	-999.0000	-999.0000	-999.0000	-999.0000	-999.0000	-999.0000	-999.0000	-999.0000	-999.0000	-999.0000	-999.0000	-999.0000	-999.0000	-999.0000	-999.0000	-999.0000	-999.0000	-999.0000	-999.0000	-999.0000	-999.0000	-999.0000	     -999.0000	     -999.0000	     -999.0000	     -999.0000	     -999.0000	     -999.0000	     -999.0000	-999.0000	-999.0000	-999.0000
2017	205	  23	 55	204.9965	 12.8726	 30.6029	 -999.0000	-999.0000	1908.3167	  0.0000	   0.0000	   0.0000	   0.0000	-450.0000	-450.0000	-450.0000	-966.4849	 28.3470	2581.4167	   4.0000	   1.0000	   1.6000	  0.3000	  0.2000	  0.1000	  0.1200	  0.1800	   0.0000	   0.0000	   0.0000	   0.0000	   0.0000	   0.0000	   0.0000	   0.0000	   0.0000	  0.2314	  0.0000	        0.0000	        0.0000	        0.0000	        0.0000	        0.0000	        0.0000	        0.0000	  0.5278	  0.2234	  9.1565
2017	207	  23	 55	206.9965	  4.8749	 10.7679	 -999.0000	-999.0000	1914.3167	  0.0000	   0.0000	   0.0000	   0.0000	-450.0000	-450.0000	-450.0000	-966.4849	 28.3470	2614.4167	   4.0000	   1.0000	   1.6000	  0.3000	  0.2000	  0.1000	  0.1200	  0.1800	   0.0000	   0.0000	   0.0000	   0.0000	   0.0000	   0.0000	   0.0000	   0.0000	   0.0000	  0.2314	  0.0000	        0.0000	        0.0000	        0.0000	        0.0000	        0.0000	        0.0000	        0.0000	  0.5278	  0.2234	  9.1565
2017	209	  23	 55	208.9965	  0.0304	 10.0451	 -999.0000	-999.0000	1937.1167	  0.0000	   0.0000	   0.0000	   0.0000	-450.0000	-450.0000	-450.0000	-966.4849	 28.3470	2646.0833	   4.0000	   1.0000	   1.6000	  0.3000	  0.2000	  0.1000	  0.1200	  0.1800	   0.0000	   0.0000	   0.0000	   0.0000	   0.0000	   0.0000	   0.0000	   0.0000	   0.0000	  0.2314	  0.0000	        0.0000	        0.0000	        0.0000	        0.0000	        0.0000	        0.0000	        0.0000	  0.5278	  0.2234	  9.1565
2017	211	  23	 55	210.9965	  0.0000	 10.0537	 -999.0000	-999.0000	1956.2167	  0.0000	   0.0000	   0.0000	   0.0000	-450.0000	-450.0000	-450.0000	-966.4849	 28.3470	2678.9167	   4.0000	   1.0000	   1.6000	  0.3000	  0.2000	  0.1000	  0.1200	  0.1800	   0.0000	   0.0000	   0.0000	   0.0000	   0.0000	   0.0000	   0.0000	   0.0000	   0.0000	  0.2314	  0.0000	        0.0000	        0.0000	        0.0000	        0.0000	        0.0000	        0.0000	        0.0000	  0.5278	  0.2234	  9.1565
2017	213	  23	 55	212.9965	  4.7662	  9.8084	 -999.0000	-999.0000	1961.7167	  0.0000	   0.0000	   0.0000	   0.0000	-450.0000	-450.0000	-450.0000	-966.4849	 28.3470	2711.2500	   4.0000	   1.0000	   1.6000	  0.3000	  0.2000	  0.1000	  0.1200	  0.1800	   0.0000	   0.0000	   0.0000	   0.0000	   0.0000	   0.0000	   0.0000	   0.0000	   0.0000	  0.2314	  0.0000	        0.0000	        0.0000	        0.0000	        0.0000	        0.0000	        0.0000	        0.0000	  0.5278	  0.2234	  9.1565
2017	215	  23	 55	214.9965	 13.0252	 16.6975	 -999.0000	-999.0000	2014.6167	  0.0000	   0.0000	   0.0000	   0.0000	-450.0000	-450.0000	-450.0000	-966.4849	 28.3470	2743.3333	   4.0000	   1.0000	   1.6000	  0.3000	  0.2000	  0.1000	  0.1200	  0.1800	   0.0000	   0.0000	   0.0000	   0.0000	   0.0000	   0.0000	   0.0000	   0.0000	   0.0000	  0.2314	  0.0000	        0.0000	        0.0000	        0.0000	        0.0000	        0.0000	        0.0000	        0.0000	  0.5278	  0.2234	  9.1565
2017	217	  23	 55	216.9965	  0.0002	 11.1967	 -999.0000	-999.0000	2019.3167	  0.0000	   0.0000	   0.0000	   0.0000	-450.0000	-450.0000	-450.0000	-966.4849	 28.3470	2774.5000	   4.0000	   1.0000	   1.6000	  0.3000	  0.2000	  0.1000	  0.1200	  0.1800	   0.0000	   0.0000	   0.0000	   0.0000	   0.0000	   0.0000	   0.0000	   0.0000	   0.0000	  0.2314	  0.0000	        0.0000	        0.0000	        0.0000	        0.0000	        0.0000	        0.0000	        0.0000	  0.5278	  0.2234	  9.1565
2017	219	  23	 55	218.9965	  0.0000	  9.7599	 -999.0000	-999.0000	2019.5167	  0.0000	   0.0000	   0.0000	   0.0000	-450.0000	-450.0000	-450.0000	-966.4849	 28.3470	2805.3333	   4.0000	   1.0000	   1.6000	  0.3000	  0.2000	  0.1000	  0.1200	  0.1800	   0.0000	   0.0000	   0.0000	   0.0000	   0.0000	   0.0000	   0.0000	   0.0000	   0.0000	  0.2314	  0.0000	        0.0000	        0.0000	        0.0000	        0.0000	        0.0000	        0.0000	        0.0000	  0.5278	  0.2234	  9.1565
2017	221	  23	 55	220.9965	  0.0000	 10.0670	 -999.0000	-999.0000	2027.8167	  0.0000	   0.0000	   0.0000	   0.0000	-450.0000	-450.0000	-450.0000	-966.4849	 28.3470	2835.1667	   4.0000	   1.0000	   1.6000	  0.3000	  0.2000	  0.1000	  0.1200	  0.1800	   0.0000	   0.0000	   0.0000	   0.0000	   0.0000	   0.0000	   0.0000	   0.0000	   0.0000	  0.2314	  0.0000	        0.0000	        0.0000	        0.0000	        0.0000	        0.0000	        0.0000	        0.0000	  0.5278	  0.2234	  9.1565
2017	223	  23	 55	222.9965	  4.1259	  9.2270	 -999.0000	-999.0000	2031.5167	  0.0000	   0.0000	   0.0000	   0.0000	-450.0000	-450.0000	-450.0000	-966.4849	 28.3470	2866.3333	   4.0000	   1.0000	   1.6000	  0.3000	  0.2000	  0.1000	  0.1200	  0.1800	   0.0000	   0.0000	   0.0000	   0.0000	   0.0000	   0.0000	   0.0000	   0.0000	   0.0000	  0.2314	  0.0000	        0.0000	        0.0000	        0.0000	        0.0000	        0.0000	        0.0000	        0.0000	  0.5278	  0.2234	  9.1565
2017	225	  23	 55	224.9965	  0.0320	  9.1028	 -999.0000	-999.0000	2056.3417	  0.0000	   0.0000	   0.0000	   0.0000	-450.0000	-450.0000	-450.0000	-966.4849	 28.3470	2894.5000	   4.0000	   1.0000	   1.6000	  0.3000	  0.2000	  0.1000	  0.1200	  0.1800	   0.0000	   0.0000	   0.0000	   0.0000	   0.0000	   0.0000	   0.0000	   0.0000	   0.0000	  0.2314	  0.0000	        0.0000	        0.0000	        0.0000	        0.0000	        0.0000	        0.0000	        0.0000	  0.5278	  0.2234	  9.1565
2017	227	  23	 55	226.9965	  0.0155	  9.4414	 -999.0000	-999.0000	2069.3083	  0.0000	   0.0000	   0.0000	   0.0000	-450.0000	-450.0000	-450.0000	-966.4849	 28.3470	2923.7500	   4.0000	   1.0000	   1.6000	  0.3000	  0.2000	  0.1000	  0.1200	  0.1800	   0.0000	   0.0000	   0.0000	   0.0000	   0.0000	   0.0000	   0.0000	   0.0000	   0.0000	  0.2314	  0.0000	        0.0000	        0.0000	        0.0000	        0.0000	        0.0000	        0.0000	        0.0000	  0.5278	  0.2234	  9.1565
2017	229	  23	 55	228.9965	  3.8382	 10.4525	 -999.0000	-999.0000	2085.4417	  0.0000	   0.0000	   0.0000	   0.0000	-450.0000	-450.0000	-450.0000	-966.4849	 28.3470	2953.1667	   4.0000	   1.0000	   1.6000	  0.3000	  0.2000	  0.1000	  0.1200	  0.1800	   0.0000	   0.0000	   0.0000	   0.0000	   0.0000	   0.0000	   0.0000	   0.0000	   0.0000	  0.2314	  0.0000	        0.0000	        0.0000	        0.0000	        0.0000	        0.0000	        0.0000	        0.0000	  0.5278	  0.2234	  9.1565
2017	231	  23	 55	230.9965	  0.0000	  8.8274	 -999.0000	-999.0000	2094.2417	  0.0000	   0.0000	   0.0000	   0.0000	-450.0000	-450.0000	-450.0000	-966.4849	 28.3470	2982.3333	   4.0000	   1.0000	   1.6000	  0.3000	  0.2000	  0.1000	  0.1200	  0.1800	   0.0000	   0.0000	   0.0000	   0.0000	   0.0000	   0.0000	   0.0000	   0.0000	   0.0000	  0.2314	  0.0000	        0.0000	        0.0000	        0.0000	        0.0000	        0.0000	        0.0000	        0.0000	  0.5278	  0.2234	  9.1565
2017	233	  23	 55	232.9965	-999.0000	-999.0000	 -999.0000	-999.0000	-999.0000	-999.0000	-999.0000	-999.0000	-999.0000	-999.0000	-999.0000	-999.0000	-999.0000	-999.0000	-999.0000	-999.0000	-999.0000	-999.0000	-999.0000	-999.0000	-999.0000	-999.0000	-999.0000	-999.0000	-999.0000	-999.0000	-999.0000	-999.0000	-999.0000	-999.0000	-999.0000	-999.0000	-999.0000	-999.0000	     -999.0000	     -999.0000	     -999.0000	     -999.0000	     -999.0000	     -999.0000	     -999.0000	-999.0000	-999.0000	-999.0000
2017	235	  23	 55	234.9965	 15.3253	  6.4195	 -999.0000	-999.0000	2170.7417	  0.0000	   0.0000	   0.0000	   0.0000	-450.0000	-450.0000	-450.0000	-966.4849	 28.3470	3040.7500	   4.0000	   1.0000	   1.6000	  0.3000	  0.2000	  0.1000	  0.1200	  0.1800	   0.0000	   0.0000	   0.0000	   0.0000	   0.0000	   0.0000	   0.0000	   0.0000	   0.0000	  0.2314	  0.0000	        0.0000	        0.0000	        0.0000	        0.0000	        0.0000	        0.0000	        0.0000	  0.5278	  0.2234	  9.1565
2017	237	  23	 55	236.9965	  0.0008	  9.4458	 -999.0000	-999.0000	2176.9417	  0.0000	   0.0000	   0.0000	   0.0000	-450.0000	-450.0000	-450.0000	-966.4849	 28.3470	3067.7500	   4.0000	   1.0000	   1.6000	  0.3000	  0.2000	  0.1000	  0.1200	  0.1800	   0.0000	   0.0000	   0.0000	   0.0000	   0.0000	   0.0000	   0.0000	   0.0000	   0.0000	  0.2314	  0.0000	        0.0000	        0.0000	        0.0000	        0.0000	        0.0000	        0.0000	        0.0000	  0.5278	  0.2234	  9.1565
2017	239	  23	 55	238.9965	  3.7019	  7.9655	 -999.0000	-999.0000	2196.7500	  0.0000	   0.0000	   0.0000	   0.0000	-450.0000	-450.0000	-450.0000	-966.4849	 28.3470	3095.0833	   4.0000	   1.0000	   1.6000	  0.3000	  0.2000	  0.1000	  0.1200	  0.1800	   0.0000	   0.0000	   0.0000	   0.0000	   0.0000	   0.0000	   0.0000	   0.0000	   0.0000	  0.2314	  0.0000	        0.0000	        0.0000	        0.0000	        0.0000	        0.0000	        0.0000	        0.0000	  0.5278	  0.2234	  9.1565
2017	241	  23	 55	240.9965	  0.0307	 12.3445	 -999.0000	-999.0000	2211.7500	  0.0000	   0.0000	   0.0000	   0.0000	-450.0000	-450.0000	-450.0000	-966.4849	 28.3470	3122.6667	   4.0000	   1.0000	   1.6000	  0.3000	  0.2000	  0.1000	  0.1200	  0.1800	   0.0000	   0.0000	   0.0000	   0.0000	   0.0000	   0.0000	   0.0000	   0.0000	   0.0000	  0.2314	  0.0000	        0.0000	        0.0000	        0.0000	        0.0000	        0.0000	        0.0000	        0.0000	  0.5278	  0.2234	  9.1565
2017	243	  23	 55	242.9965	-999.0000	-999.0000	 -999.0000	-999.0000	-999.0000	-999.0000	-999.0000	-999.0000	-999.0000	-999.0000	-999.0000	-999.0000	-999.0000	-999.0000	-999.0000	-999.0000	-999.0000	-999.0000	-999.0000	-999.0000	-999.0000	-999.0000	-999.0000	-999.0000	-999.0000	-999.0000	-999.0000	-999.0000	-999.0000	-999.0000	-999.0000	-999.0000	-999.0000	-999.0000	     -999.0000	     -999.0000	     -999.0000	     -999.0000	     -999.0000	     -999.0000	     -999.0000	-999.0000	-999.0000	-999.0000
2017	245	  23	 55	244.9965	  0.0561	  6.6724	 -999.0000	-999.0000	2228.5500	  0.0000	   0.0000	   0.0000	   0.0000	-450.0000	-450.0000	-450.0000	-966.4849	 28.3470	3177.6667	   4.0000	   1.0000	   1.6000	  0.3000	  0.2000	  0.1000	  0.1200	  0.1800	   0.0000	   0.0000	   0.0000	   0.0000	   0.0000	   0.0000	   0.0000	   0.0000	   0.0000	  0.2314	  0.0000	        0.0000	        0.0000	        0.0000	        0.0000	        0.0000	        0.0000	        0.0000	  0.5278	  0.2234	  9.1565
2017	247	  23	 55	246.9965	-999.0000	-999.0000	 -999.0000	-999.0000	-999.0000	-999.0000	-999.0000	-999.0000	-999.0000	-999.0000	-999.0000	-999.0000	-999.0000	-999.0000	-999.0000	-999.0000	-999.0000	-999.0000	-999.0000	-999.0000	-999.0000	-999.0000	-999.0000	-999.0000	-999.0000	-999.0000	-999.0000	-999.0000	-999.0000	-999.0000	-999.0000	-999.0000	-999.0000	-999.0000	     -999.0000	     -999.0000	     -999.0000	     -999.0000	     -999.0000	     -999.0000	     -999.0000	-999.0000	-999.0000	-999.0000
2017	249	  23	 55	248.9965	  0.0133	  6.8667	 -999.0000	-999.0000	2260.6500	  0.0000	   0.0000	   0.0000	   0.0000	-450.0000	-450.0000	-450.0000	-966.4849	 28.3470	3226.1667	   4.0000	   1.0000	   1.6000	  0.3000	  0.2000	  0.1000	  0.1200	  0.1800	   0.0000	   0.0000	   0.0000	   0.0000	   0.0000	   0.0000	   0.0000	   0.0000	   0.0000	  0.2314	  0.0000	        0.0000	        0.0000	        0.0000	        0.0000	        0.0000	        0.0000	        0.0000	  0.5278	  0.2234	  9.1565
2017	251	  23	 55	250.9965	  0.0158	  5.6533	 -999.0000	-999.0000	2274.1500	  0.0000	   0.0000	   0.0000	   0.0000	-450.0000	-450.0000	-450.0000	-966.4849	 28.3470	3251.4167	   4.0000	   1.0000	   1.6000	  0.3000	  0.2000	  0.1000	  0.1200	  0.1800	   0.0000	   0.0000	   0.0000	   0.0000	   0.0000	   0.0000	   0.0000	   0.0000	   0.0000	  0.2314	  0.0000	        0.0000	        0.0000	        0.0000	        0.0000	        0.0000	        0.0000	        0.0000	  0.5278	  0.2234	  9.1565
2017	253	  23	 55	252.9965	  0.0422	  7.6057	 -999.0000	-999.0000	2308.5000	  0.0000	   0.0000	   0.0000	   0.0000	-450.0000	-450.0000	-450.0000	-966.4849	 28.3470	3275.0833	   4.0000	   1.0000	   1.6000	  0.3000	  0.2000	  0.1000	  0.1200	  0.1800	   0.0000	   0.0000	   0.0000	   0.0000	   0.0000	   0.0000	   0.0000	   0.0000	   0.0000	  0.2314	  0.0000	        0.0000	        0.0000	        0.0000	        0.0000	        0.0000	        0.0000	        0.0000	  0.5278	  0.2234	  9.1565
2017	255	  23	 55	254.9965	  0.0000	  7.8650	 -999.0000	-999.0000	2323.5000	  0.0000	   0.0000	   0.0000	   0.0000	-450.0000	-450.0000	-450.0000	-966.4849	 28.3470	3300.4167	   4.0000	   1.0000	   1.6000	  0.3000	  0.2000	  0.1000	  0.1200	  0.1800	   0.0000	   0.0000	   0.0000	   0.0000	   0.0000	   0.0000	   0.0000	   0.0000	   0.0000	  0.2314	  0.0000	        0.0000	        0.0000	        0.0000	        0.0000	        0.0000	        0.0000	        0.0000	  0.5278	  0.2234	  9.1565
2017	257	  23	 55	256.9965	-999.0000	-999.0000	 -999.0000	-999.0000	-999.0000	-999.0000	-999.0000	-999.0000	-999.0000	-999.0000	-999.0000	-999.0000	-999.0000	-999.0000	-999.0000	-999.0000	-999.0000	-999.0000	-999.0000	-999.0000	-999.0000	-999.0000	-999.0000	-999.0000	-999.0000	-999.0000	-999.0000	-999.0000	-999.0000	-999.0000	-999.0000	-999.0000	-999.0000	-999.0000	     -999.0000	     -999.0000	     -999.0000	     -999.0000	     -999.0000	     -999.0000	     -999.0000	-999.0000	-999.0000	-999.0000
2017	259	  23	 55	258.9965	 15.5139	  4.2287	 -999.0000	-999.0000	2457.4917	  0.0000	   0.0000	   0.0000	   0.0000	-450.0000	-450.0000	-450.0000	-966.4849	 28.3470	3345.8333	   4.0000	   1.0000	   1.6000	  0.3000	  0.2000	  0.1000	  0.1200	  0.1800	   0.0000	   0.0000	   0.0000	   0.0000	   0.0000	   0.0000	   0.0000	   0.0000	   0.0000	  0.2314	  0.0000	        0.0000	        0.0000	        0.0000	        0.0000	        0.0000	        0.0000	        0.0000	  0.5278	  0.2234	  9.1565
2017	261	  23	 55	260.9965	  8.2642	  3.8747	 -999.0000	-999.0000	2511.0917	  0.0000	   0.0000	   0.0000	   0.0000	-450.0000	-450.0000	-450.0000	-966.4849	 28.3470	3368.0000	   4.0000	   1.0000	   1.6000	  0.3000	  0.2000	  0.1000	  0.1200	  0.1800	   0.0000	   0.0000	   0.0000	   0.0000	   0.0000	   0.0000	   0.0000	   0.0000	   0.0000	  0.2314	  0.0000	        0.0000	        0.0000	        0.0000	        0.0000	        0.0000	        0.0000	        0.0000	  0.5278	  0.2234	  9.1565
2017	263	  23	 55	262.9965	  0.1014	  2.8187	 -999.0000	-999.0000	2515.8917	  0.0000	   0.0000	   0.0000	   0.0000	-450.0000	-450.0000	-450.0000	-966.4849	 28.3470	3392.1667	   4.0000	   1.0000	   1.6000	  0.3000	  0.2000	  0.1000	  0.1200	  0.1800	   0.0000	   0.0000	   0.0000	   0.0000	   0.0000	   0.0000	   0.0000	   0.0000	   0.0000	  0.2314	  0.0000	        0.0000	        0.0000	        0.0000	        0.0000	        0.0000	        0.0000	        0.0000	  0.5278	  0.2234	  9.1565
2017	265	  23	 55	264.9965	 11.7123	  6.3841	 -999.0000	-999.0000	2535.1583	  0.0000	   0.0000	   0.0000	   0.0000	-450.0000	-450.0000	-450.0000	-966.4849	 28.3470	3413.7500	   4.0000	   1.0000	   1.6000	  0.3000	  0.2000	  0.1000	  0.1200	  0.1800	   0.0000	   0.0000	   0.0000	   0.0000	   0.0000	   0.0000	   0.0000	   0.0000	   0.0000	  0.2314	  0.0000	        0.0000	        0.0000	        0.0000	        0.0000	        0.0000	        0.0000	        0.0000	  0.5278	  0.2234	  9.1565
2017	267	  23	 55	266.9965	  4.3237	  7.6655	 -999.0000	-999.0000	2547.6583	  0.0000	   0.0000	   0.0000	   0.0000	-450.0000	-450.0000	-450.0000	-966.4849	 28.3470	3437.4167	   4.0000	   1.0000	   1.6000	  0.3000	  0.2000	  0.1000	  0.1200	  0.1800	   0.0000	   0.0000	   0.0000	   0.0000	   0.0000	   0.0000	   0.0000	   0.0000	   0.0000	  0.2314	  0.0000	        0.0000	        0.0000	        0.0000	        0.0000	        0.0000	        0.0000	        0.0000	  0.5278	  0.2234	  9.1565
2017	269	  23	 55	268.9965	  0.0001	  7.1043	 -999.0000	-999.0000	2547.6583	  0.0000	   0.0000	   0.0000	   0.0000	-450.0000	-450.0000	-450.0000	-966.4849	 28.3470	3461.0833	   4.0000	   1.0000	   1.6000	  0.3000	  0.2000	  0.1000	  0.1200	  0.1800	   0.0000	   0.0000	   0.0000	   0.0000	   0.0000	   0.0000	   0.0000	   0.0000	   0.0000	  0.2314	  0.0000	        0.0000	        0.0000	        0.0000	        0.0000	        0.0000	        0.0000	        0.0000	  0.5278	  0.2234	  9.1565
2017	271	  23	 55	270.9965	  0.0000	  6.0910	 -999.0000	-999.0000	2547.8583	  0.0000	   0.0000	   0.0000	   0.0000	-450.0000	-450.0000	-450.0000	-966.4849	 28.3470	3484.8333	   4.0000	   1.0000	   1.6000	  0.3000	  0.2000	  0.1000	  0.1200	  0.1800	   0.0000	   0.0000	   0.0000	   0.0000	   0.0000	   0.0000	   0.0000	   0.0000	   0.0000	  0.2314	  0.0000	        0.0000	        0.0000	        0.0000	        0.0000	        0.0000	        0.0000	        0.0000	  0.5278	  0.2234	  9.1565
2017	273	  23	 55	272.9965	  0.0176	  4.9350	 -999.0000	-999.0000	2547.8583	  0.0000	   0.0000	   0.0000	   0.0000	-450.0000	-450.0000	-450.0000	-966.4849	 28.3470	3507.5000	   4.0000	   1.0000	   1.6000	  0.3000	  0.2000	  0.1000	  0.1200	  0.1800	   0.0000	   0.0000	   0.0000	   0.0000	   0.0000	   0.0000	   0.0000	   0.0000	   0.0000	  0.2314	  0.0000	        0.0000	        0.0000	        0.0000	        0.0000	        0.0000	        0.0000	        0.0000	  0.5278	  0.2234	  9.1565
2017	275	  23	 55	274.9965	  0.0000	  5.7988	 -999.0000	-999.0000	2572.6583	  0.0000	   0.0000	   0.0000	   0.0000	-450.0000	-450.0000	-450.0000	-966.4849	 28.3470	3527.5000	   4.0000	   1.0000	   1.6000	  0.3000	  0.2000	  0.1000	  0.1200	  0.1800	   0.0000	   0.0000	   0.0000	   0.0000	   0.0000	   0.0000	   0.0000	   0.0000	   0.0000	  0.2314	  0.0000	        0.0000	        0.0000	        0.0000	        0.0000	        0.0000	        0.0000	        0.0000	  0.5278	  0.2234	  9.1565
2017	277	  23	 55	276.9965	  0.0123	  3.4403	 -999.0000	-999.0000	2590.5583	  0.0000	   0.0000	   0.0000	   0.0000	-450.0000	-450.0000	-450.0000	-966.4849	 28.3470	3548.6667	   4.0000	   1.0000	   1.6000	  0.3000	  0.2000	  0.1000	  0.1200	  0.1800	   0.0000	   0.0000	   0.0000	   0.0000	   0.0000	   0.0000	   0.0000	   0.0000	   0.0000	  0.2314	  0.0000	        0.0000	        0.0000	        0.0000	        0.0000	        0.0000	        0.0000	        0.0000	  0.5278	  0.2234	  9.1565
2017	279	  23	 55	278.9965	-999.0000	-999.0000	 -999.0000	-999.0000	-999.0000	-999.0000	-999.0000	-999.0000	-999.0000	-999.0000	-999.0000	-999.0000	-999.0000	-999.0000	-999.0000	-999.0000	-999.0000	-999.0000	-999.0000	-999.0000	-999.0000	-999.0000	-999.0000	-999.0000	-999.0000	-999.0000	-999.0000	-999.0000	-999.0000	-999.0000	-999.0000	-999.0000	-999.0000	-999.0000	     -999.0000	     -999.0000	     -999.0000	     -999.0000	     -999.0000	     -999.0000	     -999.0000	-999.0000	-999.0000	-999.0000
2017	281	  23	 55	280.9965	-999.0000	-999.0000	 -999.0000	-999.0000	-999.0000	-999.0000	-999.0000	-999.0000	-999.0000	-999.0000	-999.0000	-999.0000	-999.0000	-999.0000	-999.0000	-999.0000	-999.0000	-999.0000	-999.0000	-999.0000	-999.0000	-999.0000	-999.0000	-999.0000	-999.0000	-999.0000	-999.0000	-999.0000	-999.0000	-999.0000	-999.0000	-999.0000	-999.0000	-999.0000	     -999.0000	     -999.0000	     -999.0000	     -999.0000	     -999.0000	     -999.0000	     -999.0000	-999.0000	-999.0000	-999.0000
2017	283	  23	 55	282.9965	 16.4852	  1.8086	 -999.0000	-999.0000	2828.7583	  0.0000	   0.0000	   0.0000	   0.0000	-450.0000	-450.0000	-450.0000	-966.4849	 28.3470	3608.0833	   4.0000	   1.0000	   1.6000	  0.3000	  0.2000	  0.1000	  0.1200	  0.1800	   0.0000	   0.0000	   0.0000	   0.0000	   0.0000	   0.0000	   0.0000	   0.0000	   0.0000	  0.2314	  0.0000	        0.0000	        0.0000	        0.0000	        0.0000	        0.0000	        0.0000	        0.0000	  0.5278	  0.2234	  9.1565
2017	285	  23	 55	284.9965	  0.0309	  5.4313	 -999.0000	-999.0000	2867.7583	  0.0000	   0.0000	   0.0000	   0.0000	-450.0000	-450.0000	-450.0000	-966.4849	 28.3470	3626.8333	   4.0000	   1.0000	   1.6000	  0.3000	  0.2000	  0.1000	  0.1200	  0.1800	   0.0000	   0.0000	   0.0000	   0.0000	   0.0000	   0.0000	   0.0000	   0.0000	   0.0000	  0.2314	  0.0000	        0.0000	        0.0000	        0.0000	        0.0000	        0.0000	        0.0000	        0.0000	  0.5278	  0.2234	  9.1565
2017	287	  23	 55	286.9965	  0.0454	  7.0487	 -999.0000	-999.0000	2905.9583	  0.0000	   0.0000	   0.0000	   0.0000	-450.0000	-450.0000	-450.0000	-966.4849	 28.3470	3644.5000	   4.0000	   1.0000	   1.6000	  0.3000	  0.2000	  0.1000	  0.1200	  0.1800	   0.0000	   0.0000	   0.0000	   0.0000	   0.0000	   0.0000	   0.0000	   0.0000	   0.0000	  0.2314	  0.0000	        0.0000	        0.0000	        0.0000	        0.0000	        0.0000	        0.0000	        0.0000	  0.5278	  0.2234	  9.1565
2017	289	  23	 55	288.9965	  0.0000	  6.4409	 -999.0000	-999.0000	2906.2333	  0.0000	   0.0000	   0.0000	   0.0000	-450.0000	-450.0000	-450.0000	-966.4849	 28.3470	3664.3333	   4.0000	   1.0000	   1.6000	  0.3000	  0.2000	  0.1000	  0.1200	  0.1800	   0.0000	   0.0000	   0.0000	   0.0000	   0.0000	   0.0000	   0.0000	   0.0000	   0.0000	  0.2314	  0.0000	        0.0000	        0.0000	        0.0000	        0.0000	        0.0000	        0.0000	        0.0000	  0.5278	  0.2234	  9.1565
2017	291	  23	 55	290.9965	  1.0588	  2.6618	 -999.0000	-999.0000	2907.1583	  0.0000	   0.0000	   0.0000	   0.0000	-450.0000	-450.0000	-450.0000	-966.4849	 28.3470	3684.3333	   4.0000	   1.0000	   1.6000	  0.3000	  0.2000	  0.1000	  0.1200	  0.1800	   0.0000	   0.0000	   0.0000	   0.0000	   0.0000	   0.0000	   0.0000	   0.0000	   0.0000	  0.2314	  0.0000	        0.0000	        0.0000	        0.0000	        0.0000	        0.0000	        0.0000	        0.0000	  0.5278	  0.2234	  9.1565
2017	293	  23	 55	292.9965	  0.6540	  2.3502	 -999.0000	-999.0000	2908.8583	  0.0000	   0.0000	   0.0000	   0.0000	-450.0000	-450.0000	-450.0000	-966.4849	 28.3470	3702.5833	   4.0000	   1.0000	   1.6000	  0.3000	  0.2000	  0.1000	  0.1200	  0.1800	   0.0000	   0.0000	   0.0000	   0.0000	   0.0000	   0.0000	   0.0000	   0.0000	   0.0000	  0.2314	  0.0000	        0.0000	        0.0000	        0.0000	        0.0000	        0.0000	        0.0000	        0.0000	  0.5278	  0.2234	  9.1565
2017	295	  23	 55	294.9965	  0.0499	  1.1252	 -999.0000	-999.0000	2923.2583	  0.0000	   0.0000	   0.0000	   0.0000	-450.0000	-450.0000	-450.0000	-966.4849	 28.3470	3718.7500	   4.0000	   1.0000	   1.6000	  0.3000	  0.2000	  0.1000	  0.1200	  0.1800	   0.0000	   0.0000	   0.0000	   0.0000	   0.0000	   0.0000	   0.0000	   0.0000	   0.0000	  0.2314	  0.0000	        0.0000	        0.0000	        0.0000	        0.0000	        0.0000	        0.0000	        0.0000	  0.5278	  0.2234	  9.1565
2017	297	  23	 55	296.9965	  2.3859	  0.0780	 -999.0000	-999.0000	2940.6417	  0.0000	   0.0000	   0.0000	   0.0000	-450.0000	-450.0000	-450.0000	-966.4849	 28.3470	3735.7500	   4.0000	   1.0000	   1.6000	  0.3000	  0.2000	  0.1000	  0.1200	  0.1800	   0.0000	   0.0000	   0.0000	   0.0000	   0.0000	   0.0000	   0.0000	   0.0000	   0.0000	  0.2314	  0.0000	        0.0000	        0.0000	        0.0000	        0.0000	        0.0000	        0.0000	        0.0000	  0.5278	  0.2234	  9.1565
2017	299	  23	 55	298.9965	  1.0175	  4.4201	 -999.0000	-999.0000	2968.5917	  0.0000	   0.0000	   0.0000	   0.0000	-450.0000	-450.0000	-450.0000	-966.4849	 28.3470	3753.6667	   4.0000	   1.0000	   1.6000	  0.3000	  0.2000	  0.1000	  0.1200	  0.1800	   0.0000	   0.0000	   0.0000	   0.0000	   0.0000	   0.0000	   0.0000	   0.0000	   0.0000	  0.2314	  0.0000	        0.0000	        0.0000	        0.0000	        0.0000	        0.0000	        0.0000	        0.0000	  0.5278	  0.2234	  9.1565
2017	301	  23	 55	300.9965	  0.4102	  3.6677	 -999.0000	-999.0000	2970.7667	  0.0000	   0.0000	   0.0000	   0.0000	-450.0000	-450.0000	-450.0000	-966.4849	 28.3470	3771.4167	   4.0000	   1.0000	   1.6000	  0.3000	  0.2000	  0.1000	  0.1200	  0.1800	   0.0000	   0.0000	   0.0000	   0.0000	   0.0000	   0.0000	   0.0000	   0.0000	   0.0000	  0.2314	  0.0000	        0.0000	        0.0000	        0.0000	        0.0000	        0.0000	        0.0000	        0.0000	  0.5278	  0.2234	  9.1565
2017	303	  23	 55	302.9965	-999.0000	-999.0000	 -999.0000	-999.0000	-999.0000	-999.0000	-999.0000	-999.0000	-999.0000	-999.0000	-999.0000	-999.0000	-999.0000	-999.0000	-999.0000	-999.0000	-999.0000	-999.0000	-999.0000	-999.0000	-999.0000	-999.0000	-999.0000	-999.0000	-999.0000	-999.0000	-999.0000	-999.0000	-999.0000	-999.0000	-999.0000	-999.0000	-999.0000	-999.0000	     -999.0000	     -999.0000	     -999.0000	     -999.0000	     -999.0000	     -999.0000	     -999.0000	-999.0000	-999.0000	-999.0000
2017	305	  23	 55	304.9965	  0.1129	  3.4659	 -999.0000	-999.0000	3046.8917	  0.0000	   0.0000	   0.0000	   0.0000	-450.0000	-450.0000	-450.0000	-966.4849	 28.3470	3803.0000	   4.0000	   1.0000	   1.6000	  0.3000	  0.2000	  0.1000	  0.1200	  0.1800	   0.0000	   0.0000	   0.0000	   0.0000	   0.0000	   0.0000	   0.0000	   0.0000	   0.0000	  0.2314	  0.0000	        0.0000	        0.0000	        0.0000	        0.0000	        0.0000	        0.0000	        0.0000	  0.5278	  0.2234	  9.1565
2017	307	  23	 55	306.9965	 17.5621	  3.3401	 -999.0000	-999.0000	3079.6917	  0.0000	   0.0000	   0.0000	   0.0000	-450.0000	-450.0000	-450.0000	-966.4849	 28.3470	3819.9167	   4.0000	   1.0000	   1.6000	  0.3000	  0.2000	  0.1000	  0.1200	  0.1800	   0.0000	   0.0000	   0.0000	   0.0000	   0.0000	   0.0000	   0.0000	   0.0000	   0.0000	  0.2314	  0.0000	        0.0000	        0.0000	        0.0000	        0.0000	        0.0000	        0.0000	        0.0000	  0.5278	  0.2234	  9.1565
2017	309	  23	 55	308.9965	  0.6695	  1.4359	 -999.0000	-999.0000	3083.9917	  0.0000	   0.0000	   0.0000	   0.0000	-450.0000	-450.0000	-450.0000	-966.4849	 28.3470	3834.5833	   4.0000	   1.0000	   1.6000	  0.3000	  0.2000	  0.1000	  0.1200	  0.1800	   0.0000	   0.0000	   0.0000	   0.0000	   0.0000	   0.0000	   0.0000	   0.0000	   0.0000	  0.2314	  0.0000	        0.0000	        0.0000	        0.0000	        0.0000	        0.0000	        0.0000	        0.0000	  0.5278	  0.2234	  9.1565
2017	311	  23	 55	310.9965	 25.6282	  1.1974	 -999.0000	-999.0000	3141.9917	  0.0000	   0.0000	   0.0000	   0.0000	-450.0000	-450.0000	-450.0000	-966.4849	 28.3470	3852.0000	   4.0000	   1.0000	   1.6000	  0.3000	  0.2000	  0.1000	  0.1200	  0.1800	   0.0000	   0.0000	   0.0000	   0.0000	   0.0000	   0.0000	   0.0000	   0.0000	   0.0000	  0.2314	  0.0000	        0.0000	        0.0000	        0.0000	        0.0000	        0.0000	        0.0000	        0.0000	  0.5278	  0.2234	  9.1565
2017	313	  23	 55	312.9965	  0.6151	  0.7393	 -999.0000	-999.0000	3167.8833	  0.0000	   0.0000	   0.0000	   0.0000	-450.0000	-450.0000	-450.0000	-966.4849	 28.3470	3865.1667	   4.0000	   1.0000	   1.6000	  0.3000	  0.2000	  0.1000	  0.1200	  0.1800	   0.0000	   0.0000	   0.0000	   0.0000	   0.0000	   0.0000	   0.0000	   0.0000	   0.0000	  0.2314	  0.0000	        0.0000	        0.0000	        0.0000	        0.0000	        0.0000	        0.0000	        0.0000	  0.5278	  0.2234	  9.1565
2017	315	  23	 55	314.9965	-999.0000	-999.0000	 -999.0000	-999.0000	-999.0000	-999.0000	-999.0000	-999.0000	-999.0000	-999.0000	-999.0000	-999.0000	-999.0000	-999.0000	-999.0000	-999.0000	-999.0000	-999.0000	-999.0000	-999.0000	-999.0000	-999.0000	-999.0000	-999.0000	-999.0000	-999.0000	-999.0000	-999.0000	-999.0000	-999.0000	-999.0000	-999.0000	-999.0000	-999.0000	     -999.0000	     -999.0000	     -999.0000	     -999.0000	     -999.0000	     -999.0000	     -999.0000	-999.0000	-999.0000	-999.0000
2017	317	  23	 55	316.9965	 79.8444	  0.2367	 -999.0000	-999.0000	3368.2917	  0.0000	   0.0000	   0.0000	   0.0000	-450.0000	-450.0000	-450.0000	-966.4849	 28.3470	3890.3333	   4.0000	   1.0000	   1.6000	  0.3000	  0.2000	  0.1000	  0.1200	  0.1800	   0.0000	   0.0000	   0.0000	   0.0000	   0.0000	   0.0000	   0.0000	   0.0000	   0.0000	  0.2314	  0.0000	        0.0000	        0.0000	        0.0000	        0.0000	        0.0000	        0.0000	        0.0000	  0.5278	  0.2234	  9.1565
2017	319	  23	 55	318.9965	 27.5063	  0.7989	 -999.0000	-999.0000	3422.2167	  0.0000	   0.0000	   0.0000	   0.0000	-450.0000	-450.0000	-450.0000	-966.4849	 28.3470	3905.4167	   4.0000	   1.0000	   1.6000	  0.3000	  0.2000	  0.1000	  0.1200	  0.1800	   0.0000	   0.0000	   0.0000	   0.0000	   0.0000	   0.0000	   0.0000	   0.0000	   0.0000	  0.2314	  0.0000	        0.0000	        0.0000	        0.0000	        0.0000	        0.0000	        0.0000	        0.0000	  0.5278	  0.2234	  9.1565
2017	321	  23	 55	320.9965	  0.2862	  0.7084	 -999.0000	-999.0000	3443.4167	  0.0000	   0.0000	   0.0000	   0.0000	-450.0000	-450.0000	-450.0000	-966.4849	 28.3470	3919.0833	   4.0000	   1.0000	   1.6000	  0.3000	  0.2000	  0.1000	  0.1200	  0.1800	   0.0000	   0.0000	   0.0000	   0.0000	   0.0000	   0.0000	   0.0000	   0.0000	   0.0000	  0.2314	  0.0000	        0.0000	        0.0000	        0.0000	        0.0000	        0.0000	        0.0000	        0.0000	  0.5278	  0.2234	  9.1565
2017	323	  23	 55	322.9965	-999.0000	-999.0000	 -999.0000	-999.0000	-999.0000	-999.0000	-999.0000	-999.0000	-999.0000	-999.0000	-999.0000	-999.0000	-999.0000	-999.0000	-999.0000	-999.0000	-999.0000	-999.0000	-999.0000	-999.0000	-999.0000	-999.0000	-999.0000	-999.0000	-999.0000	-999.0000	-999.0000	-999.0000	-999.0000	-999.0000	-999.0000	-999.0000	-999.0000	-999.0000	     -999.0000	     -999.0000	     -999.0000	     -999.0000	     -999.0000	     -999.0000	     -999.0000	-999.0000	-999.0000	-999.0000
2017	325	  23	 55	324.9965	 11.8426	  0.0000	 -999.0000	-999.0000	3555.2167	  0.0000	   0.0000	   0.0000	   0.0000	-450.0000	-450.0000	-450.0000	-966.4849	 28.3470	3946.1667	   4.0000	   1.0000	   1.6000	  0.3000	  0.2000	  0.1000	  0.1200	  0.1800	   0.0000	   0.0000	   0.0000	   0.0000	   0.0000	   0.0000	   0.0000	   0.0000	   0.0000	  0.2314	  0.0000	        0.0000	        0.0000	        0.0000	        0.0000	        0.0000	        0.0000	        0.0000	  0.5278	  0.2234	  9.1565
2017	327	  23	 55	326.9965	  0.0902	  1.4782	 -999.0000	-999.0000	3573.1167	  0.0000	   0.0000	   0.0000	   0.0000	-450.0000	-450.0000	-450.0000	-966.4849	 28.3470	3956.5833	   4.0000	   1.0000	   1.6000	  0.3000	  0.2000	  0.1000	  0.1200	  0.1800	   0.0000	   0.0000	   0.0000	   0.0000	   0.0000	   0.0000	   0.0000	   0.0000	   0.0000	  0.2314	  0.0000	        0.0000	        0.0000	        0.0000	        0.0000	        0.0000	        0.0000	        0.0000	  0.5278	  0.2234	  9.1565
2017	329	  23	 55	328.9965	 18.6276	  0.0754	 -999.0000	-999.0000	3590.6167	  0.0000	   0.0000	   0.0000	   0.0000	-450.0000	-450.0000	-450.0000	-966.4849	 28.3470	3971.0833	   4.0000	   1.0000	   1.6000	  0.3000	  0.2000	  0.1000	  0.1200	  0.1800	   0.0000	   0.0000	   0.0000	   0.0000	   0.0000	   0.0000	   0.0000	   0.0000	   0.0000	  0.2314	  0.0000	        0.0000	        0.0000	        0.0000	        0.0000	        0.0000	        0.0000	        0.0000	  0.5278	  0.2234	  9.1565
2017	331	  23	 55	330.9965	  3.9813	  0.0000	 -999.0000	-999.0000	3609.5667	  0.0000	   0.0000	   0.0000	   0.0000	-450.0000	-450.0000	-450.0000	-966.4849	 28.3470	3983.1667	   4.0000	   1.0000	   1.6000	  0.3000	  0.2000	  0.1000	  0.1200	  0.1800	   0.0000	   0.0000	   0.0000	   0.0000	   0.0000	   0.0000	   0.0000	   0.0000	   0.0000	  0.2314	  0.0000	        0.0000	        0.0000	        0.0000	        0.0000	        0.0000	        0.0000	        0.0000	  0.5278	  0.2234	  9.1565
2017	333	  23	 55	332.9965	-999.0000	-999.0000	 -999.0000	-999.0000	-999.0000	-999.0000	-999.0000	-999.0000	-999.0000	-999.0000	-999.0000	-999.0000	-999.0000	-999.0000	-999.0000	-999.0000	-999.0000	-999.0000	-999.0000	-999.0000	-999.0000	-999.0000	-999.0000	-999.0000	-999.0000	-999.0000	-999.0000	-999.0000	-999.0000	-999.0000	-999.0000	-999.0000	-999.0000	-999.0000	     -999.0000	     -999.0000	     -999.0000	     -999.0000	     -999.0000	     -999.0000	     -999.0000	-999.0000	-999.0000	-999.0000
2017	335	  23	 55	334.9965	 15.5493	  0.0000	 -999.0000	-999.0000	3696.7667	  0.0000	   0.0000	   0.0000	   0.0000	-450.0000	-450.0000	-450.0000	-966.4849	 28.3470	4005.8333	   4.0000	   1.0000	   1.6000	  0.3000	  0.2000	  0.1000	  0.1200	  0.1800	   0.0000	   0.0000	   0.0000	   0.0000	   0.0000	   0.0000	   0.0000	   0.0000	   0.0000	  0.2314	  0.0000	        0.0000	        0.0000	        0.0000	        0.0000	        0.0000	        0.0000	        0.0000	  0.5278	  0.2234	  9.1565
2017	337	  23	 55	336.9965	-999.0000	-999.0000	 -999.0000	-999.0000	-999.0000	-999.0000	-999.0000	-999.0000	-999.0000	-999.0000	-999.0000	-999.0000	-999.0000	-999.0000	-999.0000	-999.0000	-999.0000	-999.0000	-999.0000	-999.0000	-999.0000	-999.0000	-999.0000	-999.0000	-999.0000	-999.0000	-999.0000	-999.0000	-999.0000	-999.0000	-999.0000	-999.0000	-999.0000	-999.0000	     -999.0000	     -999.0000	     -999.0000	     -999.0000	     -999.0000	     -999.0000	     -999.0000	-999.0000	-999.0000	-999.0000
2017	339	  23	 55	338.9965	  5.7721	  1.1132	 -999.0000	-999.0000	3882.1333	  0.0000	   0.0000	   0.0000	   0.0000	-450.0000	-450.0000	-450.0000	-966.4849	 28.3470	4025.2500	   4.0000	   1.0000	   1.6000	  0.3000	  0.2000	  0.1000	  0.1200	  0.1800	   0.0000	   0.0000	   0.0000	   0.0000	   0.0000	   0.0000	   0.0000	   0.0000	   0.0000	  0.2314	  0.0000	        0.0000	        0.0000	        0.0000	        0.0000	        0.0000	        0.0000	        0.0000	  0.5278	  0.2234	  9.1565
2017	341	  23	 55	340.9965	  0.1658	  0.3450	 -999.0000	-999.0000	3900.4667	  0.0000	   0.0000	   0.0000	   0.0000	-450.0000	-450.0000	-450.0000	-966.4849	 28.3470	4029.9167	   4.0000	   1.0000	   1.6000	  0.3000	  0.2000	  0.1000	  0.1200	  0.1800	   0.0000	   0.0000	   0.0000	   0.0000	   0.0000	   0.0000	   0.0000	   0.0000	   0.0000	  0.2314	  0.0000	        0.0000	        0.0000	        0.0000	        0.0000	        0.0000	        0.0000	        0.0000	  0.5278	  0.2234	  9.1565
2017	343	  23	 55	342.9965	  4.6472	  0.0000	 -999.0000	-999.0000	3901.0667	  0.0000	   0.0000	   0.0000	   0.0000	-450.0000	-450.0000	-450.0000	-966.4849	 28.3470	4043.4167	   4.0000	   1.0000	   1.6000	  0.3000	  0.2000	  0.1000	  0.1200	  0.1800	   0.0000	   0.0000	   0.0000	   0.0000	   0.0000	   0.0000	   0.0000	   0.0000	   0.0000	  0.2314	  0.0000	        0.0000	        0.0000	        0.0000	        0.0000	        0.0000	        0.0000	        0.0000	  0.5278	  0.2234	  9.1565
2017	345	  23	 55	344.9965	 12.6108	  0.0000	 -999.0000	-999.0000	3914.7000	  0.0000	   0.0000	   0.0000	   0.0000	-450.0000	-450.0000	-450.0000	-966.4849	 28.3470	4054.8333	   4.0000	   1.0000	   1.6000	  0.3000	  0.2000	  0.1000	  0.1200	  0.1800	   0.0000	   0.0000	   0.0000	   0.0000	   0.0000	   0.0000	   0.0000	   0.0000	   0.0000	  0.2314	  0.0000	        0.0000	        0.0000	        0.0000	        0.0000	        0.0000	        0.0000	        0.0000	  0.5278	  0.2234	  9.1565
2017	347	  23	 55	346.9965	  5.4563	  0.0000	 -999.0000	-999.0000	3973.2167	  0.0000	   0.0000	   0.0000	   0.0000	-450.0000	-450.0000	-450.0000	-966.4849	 28.3470	4062.0833	   4.0000	   1.0000	   1.6000	  0.3000	  0.2000	  0.1000	  0.1200	  0.1800	   0.0000	   0.0000	   0.0000	   0.0000	   0.0000	   0.0000	   0.0000	   0.0000	   0.0000	  0.2314	  0.0000	        0.0000	        0.0000	        0.0000	        0.0000	        0.0000	        0.0000	        0.0000	  0.5278	  0.2234	  9.1565
2017	349	  23	 55	348.9965	-999.0000	-999.0000	 -999.0000	-999.0000	-999.0000	-999.0000	-999.0000	-999.0000	-999.0000	-999.0000	-999.0000	-999.0000	-999.0000	-999.0000	-999.0000	-999.0000	-999.0000	-999.0000	-999.0000	-999.0000	-999.0000	-999.0000	-999.0000	-999.0000	-999.0000	-999.0000	-999.0000	-999.0000	-999.0000	-999.0000	-999.0000	-999.0000	-999.0000	-999.0000	     -999.0000	     -999.0000	     -999.0000	     -999.0000	     -999.0000	     -999.0000	     -999.0000	-999.0000	-999.0000	-999.0000
2017	351	  23	 55	350.9965	 17.4937	  0.0000	 -999.0000	-999.0000	4099.4083	  0.0000	   0.0000	   0.0000	   0.0000	-450.0000	-450.0000	-450.0000	-966.4849	 28.3470	4079.4167	   4.0000	   1.0000	   1.6000	  0.3000	  0.2000	  0.1000	  0.1200	  0.1800	   0.0000	   0.0000	   0.0000	   0.0000	   0.0000	   0.0000	   0.0000	   0.0000	   0.0000	  0.2314	  0.0000	        0.0000	        0.0000	        0.0000	        0.0000	        0.0000	        0.0000	        0.0000	  0.5278	  0.2234	  9.1565
2017	353	  23	 55	352.9965	 32.3125	  0.0000	 -999.0000	-999.0000	4149.5083	  0.0000	   0.0000	   0.0000	   0.0000	-450.0000	-450.0000	-450.0000	-966.4849	 28.3470	4089.4167	   4.0000	   1.0000	   1.6000	  0.3000	  0.2000	  0.1000	  0.1200	  0.1800	   0.0000	   0.0000	   0.0000	   0.0000	   0.0000	   0.0000	   0.0000	   0.0000	   0.0000	  0.2314	  0.0000	        0.0000	        0.0000	        0.0000	        0.0000	        0.0000	        0.0000	        0.0000	  0.5278	  0.2234	  9.1565
2017	355	  23	 55	354.9965	 10.4398	  0.0373	 -999.0000	-999.0000	4166.2083	  0.0000	   0.0000	   0.0000	   0.0000	-450.0000	-450.0000	-450.0000	-966.4849	 28.3470	4099.6667	   4.0000	   1.0000	   1.6000	  0.3000	  0.2000	  0.1000	  0.1200	  0.1800	   0.0000	   0.0000	   0.0000	   0.0000	   0.0000	   0.0000	   0.0000	   0.0000	   0.0000	  0.2314	  0.0000	        0.0000	        0.0000	        0.0000	        0.0000	        0.0000	        0.0000	        0.0000	  0.5278	  0.2234	  9.1565
2017	357	  23	 55	356.9965	  0.0897	  1.7907	 -999.0000	-999.0000	4172.1083	  0.0000	   0.0000	   0.0000	   0.0000	-450.0000	-450.0000	-450.0000	-966.4849	 28.3470	4110.9167	   4.0000	   1.0000	   1.6000	  0.3000	  0.2000	  0.1000	  0.1200	  0.1800	   0.0000	   0.0000	   0.0000	   0.0000	   0.0000	   0.0000	   0.0000	   0.0000	   0.0000	  0.2314	  0.0000	        0.0000	        0.0000	        0.0000	        0.0000	        0.0000	        0.0000	        0.0000	  0.5278	  0.2234	  9.1565
2017	359	  23	 55	358.9965	  0.7130	  0.2832	 -999.0000	-999.0000	4208.4917	  0.0000	   0.0000	   0.0000	   0.0000	-450.0000	-450.0000	-450.0000	-966.4849	 28.3470	4116.5000	   4.0000	   1.0000	   1.6000	  0.3000	  0.2000	  0.1000	  0.1200	  0.1800	   0.0000	   0.0000	   0.0000	   0.0000	   0.0000	   0.0000	   0.0000	   0.0000	   0.0000	  0.2314	  0.0000	        0.0000	        0.0000	        0.0000	        0.0000	        0.0000	        0.0000	        0.0000	  0.5278	  0.2234	  9.1565
2017	361	  23	 55	360.9965	  4.0563	  0.0000	 -999.0000	-999.0000	4218.6583	  0.0000	   0.0000	   0.0000	   0.0000	-450.0000	-450.0000	-450.0000	-966.4849	 28.3470	4122.1667	   4.0000	   1.0000	   1.6000	  0.3000	  0.2000	  0.1000	  0.1200	  0.1800	   0.0000	   0.0000	   0.0000	   0.0000	   0.0000	   0.0000	   0.0000	   0.0000	   0.0000	  0.2314	  0.0000	        0.0000	        0.0000	        0.0000	        0.0000	        0.0000	        0.0000	        0.0000	  0.5278	  0.2234	  9.1565
2017	363	  23	 55	362.9965	  5.2081	  0.0000	 -999.0000	-999.0000	4227.9083	  0.0000	   0.0000	   0.0000	   0.0000	-450.0000	-450.0000	-450.0000	-966.4849	 28.3470	4132.1667	   4.0000	   1.0000	   1.6000	  0.3000	  0.2000	  0.1000	  0.1200	  0.1800	   0.0000	   0.0000	   0.0000	   0.0000	   0.0000	   0.0000	   0.0000	   0.0000	   0.0000	  0.2314	  0.0000	        0.0000	        0.0000	        0.0000	        0.0000	        0.0000	        0.0000	        0.0000	  0.5278	  0.2234	  9.1565
2017	365	  23	 55	364.9965	  5.4243	  0.0000	 -999.0000	-999.0000	4246.2083	  0.0000	   0.0000	   0.0000	   0.0000	-450.0000	-450.0000	-450.0000	-966.4849	 28.3470	4139.0833	   4.0000	   1.0000	   1.6000	  0.3000	  0.2000	  0.1000	  0.1200	  0.1800	   0.0000	   0.0000	   0.0000	   0.0000	   0.0000	   0.0000	   0.0000	   0.0000	   0.0000	  0.2314	  0.0000	        0.0000	        0.0000	        0.0000	        0.0000	        0.0000	        0.0000	        0.0000	  0.5278	  0.2234	  9.1565
