Year	DOY	Hour	Min	 Dectime	  HDD1_h	  HDD2_c	HDD3_Tmean	HDD4_T5d	   P_day	  DaysSR	GDD_EveTr	GDD_DecTr	GDD_Grass	SDD_EveTr	SDD_DecTr	SDD_Grass	    Tmin	    Tmax	   DLHrs	LAI_EveTr	LAI_DecTr	LAI_Grass	DecidCap	Porosity	AlbEveTr	AlbDecTr	AlbGrass	WU_EveTr1	WU_EveTr2	WU_EveTr3	WU_DecTr1	WU_DecTr2	WU_DecTr3	WU_Grass1	WU_Grass2	WU_Grass3	LAIlumps	 AlbSnow	DensSnow_Paved	DensSnow_Bldgs	DensSnow_EveTr	DensSnow_DecTr	DensSnow_Grass	DensSnow_BSoil	DensSnow_Water	      a1	      a2	      a3
2017	  1	  23	 55	  0.9965	 14.5267	  0.0177	 -999.0000	-999.0000	 38.5833	  0.0000	   0.0000	   0.0000	   0.0000	-450.0000	-450.0000	-450.0000	-577.9907	  7.6407	  6.0000	   4.0000	   1.0000	   1.6000	  0.3000	  0.2000	  0.1000	  0.1200	  0.1800	   0.0000	   0.0000	   0.0000	   0.0000	   0.0000	   0.0000	   0.0000	   0.0000	   0.0000	  0.2412	  0.0000	        0.0000	        0.0000	        0.0000	        0.0000	        0.0000	        0.0000	        0.0000	  0.5499	  0.2287	  9.5615
2017	  3	  23	 55	  2.9965	 41.4116	  0.0001	 -999.0000	-999.0000	168.8833	  0.0000	   0.0000	   0.0000	   0.0000	-450.0000	-450.0000	-450.0000	-577.9907	  7.6407	 14.5000	   4.0000	   1.0000	   1.6000	  0.3000	  0.2000	  0.1000	  0.1200	  0.1800	   0.0000	   0.0000	   0.0000	   0.0000	   0.0000	   0.0000	   0.0000	   0.0000	   0.0000	  0.2412	  0.0000	        0.0000	        0.0000	        0.0000	        0.0000	        0.0000	        0.0000	        0.0000	  0.5499	  0.2287	  9.5615
2017	  5	  23	 55	  4.9965	 19.9475	  0.0000	 -999.0000	-999.0000	176.7833	  0.0000	   0.0000	   0.0000	   0.0000	-450.0000	-450.0000	-450.0000	-577.9907	  7.6407	 27.5833	   4.0000	   1.0000	   1.6000	  0.3000	  0.2000	  0.1000	  0.1200	  0.1800	   0.0000	   0.0000	   0.0000	   0.0000	   0.0000	   0.0000	   0.0000	   0.0000	   0.0000	  0.2412	  0.0000	        0.0000	        0.0000	        0.0000	        0.0000	        0.0000	        0.0000	        0.0000	  0.5499	  0.2287	  9.5615
2017	  7	  23	 55	  6.9965	 10.4906	  0.0000	 -999.0000	-999.0000	205.0833	  0.0000	   0.0000	   0.0000	   0.0000	-450.0000	-450.0000	-450.0000	-577.9907	  7.6407	 39.4167	   4.0000	   1.0000	   1.6000	  0.3000	  0.2000	  0.1000	  0.1200	  0.1800	   0.0000	   0.0000	   0.0000	   0.0000	   0.0000	   0.0000	   0.0000	   0.0000	   0.0000	  0.2412	  0.0000	        0.0000	        0.0000	        0.0000	        0.0000	        0.0000	        0.0000	        0.0000	  0.5499	  0.2287	  9.5615
2017	  9	  23	 55	  8.9965	  3.2839	  0.0000	 -999.0000	-999.0000	213.8833	  0.0000	   0.0000	   0.0000	   0.0000	-450.0000	-450.0000	-450.0000	-577.9907	  7.6407	 50.8333	   4.0000	   1.0000	   1.6000	  0.3000	  0.2000	  0.1000	  0.1200	  0.1800	   0.0000	   0.0000	   0.0000	   0.0000	   0.0000	   0.0000	   0.0000	   0.0000	   0.0000	  0.2412	  0.0000	        0.0000	        0.0000	        0.0000	        0.0000	        0.0000	        0.0000	        0.0000	  0.5499	  0.2287	  9.5615
2017	 11	  23	 55	 10.9965	  3.0525	  0.0000	 -999.0000	-999.0000	236.5833	  0.0000	   0.0000	   0.0000	   0.0000	-450.0000	-450.0000	-450.0000	-577.9907	  7.6407	 55.5000	   4.0000	   1.0000	   1.6000	  0.3000	  0.2000	  0.1000	  0.1200	  0.1800	   0.0000	   0.0000	   0.0000	   0.0000	   0.0000	   0.0000	   0.0000	   0.0000	   0.0000	  0.2412	  0.0000	        0.0000	        0.0000	        0.0000	        0.0000	        0.0000	        0.0000	        0.0000	  0.5499	  0.2287	  9.5615
2017	 13	  23	 55	 12.9965	  6.3382	  0.0000	 -999.0000	-999.0000	237.8833	  0.0000	   0.0000	   0.0000	   0.0000	-450.0000	-450.0000	-450.0000	-577.9907	  7.6407	 68.9167	   4.0000	   1.0000	   1.6000	  0.3000	  0.2000	  0.1000	  0.1200	  0.1800	   0.0000	   0.0000	   0.0000	   0.0000	   0.0000	   0.0000	   0.0000	   0.0000	   0.0000	  0.2412	  0.0000	        0.0000	        0.0000	        0.0000	        0.0000	        0.0000	        0.0000	        0.0000	  0.5499	  0.2287	  9.5615
2017	 15	  23	 55	 14.9965	 21.2422	  0.0000	 -999.0000	-999.0000	274.8833	  0.0000	   0.0000	   0.0000	   0.0000	-450.0000	-450.0000	-450.0000	-577.9907	  7.6407	 83.0000	   4.0000	   1.0000	   1.6000	  0.3000	  0.2000	  0.1000	  0.1200	  0.1800	   0.0000	   0.0000	   0.0000	   0.0000	   0.0000	   0.0000	   0.0000	   0.0000	   0.0000	  0.2412	  0.0000	        0.0000	        0.0000	        0.0000	        0.0000	        0.0000	        0.0000	        0.0000	  0.5499	  0.2287	  9.5615
2017	 17	  23	 55	 16.9965	 39.6241	  0.0000	 -999.0000	-999.0000	362.7833	  0.0000	   0.0000	   0.0000	   0.0000	-450.0000	-450.0000	-450.0000	-577.9907	  7.6407	 95.2500	   4.0000	   1.0000	   1.6000	  0.3000	  0.2000	  0.1000	  0.1200	  0.1800	   0.0000	   0.0000	   0.0000	   0.0000	   0.0000	   0.0000	   0.0000	   0.0000	   0.0000	  0.2412	  0.0000	        0.0000	        0.0000	        0.0000	        0.0000	        0.0000	        0.0000	        0.0000	  0.5499	  0.2287	  9.5615
2017	 19	  23	 55	 18.9965	  3.9231	  0.3351	 -999.0000	-999.0000	366.0833	  0.0000	   0.0000	   0.0000	   0.0000	-450.0000	-450.0000	-450.0000	-657.9086	  8.9815	106.7500	   4.0000	   1.0000	   1.6000	  0.3000	  0.2000	  0.1000	  0.1200	  0.1800	   0.0000	   0.0000	   0.0000	   0.0000	   0.0000	   0.0000	   0.0000	   0.0000	   0.0000	  0.2412	  0.0000	        0.0000	        0.0000	        0.0000	        0.0000	        0.0000	        0.0000	        0.0000	  0.5499	  0.2287	  9.5615
2017	 21	  23	 55	 20.9965	 21.3154	  0.1776	 -999.0000	-999.0000	418.5833	  0.0000	   0.0000	   0.0000	   0.0000	-450.0000	-450.0000	-450.0000	-657.9086	  8.9815	121.7500	   4.0000	   1.0000	   1.6000	  0.3000	  0.2000	  0.1000	  0.1200	  0.1800	   0.0000	   0.0000	   0.0000	   0.0000	   0.0000	   0.0000	   0.0000	   0.0000	   0.0000	  0.2412	  0.0000	        0.0000	        0.0000	        0.0000	        0.0000	        0.0000	        0.0000	        0.0000	  0.5499	  0.2287	  9.5615
2017	 23	  23	 55	 22.9965	  3.9643	  0.0000	 -999.0000	-999.0000	418.8833	  0.0000	   0.0000	   0.0000	   0.0000	-450.0000	-450.0000	-450.0000	-657.9086	  8.9815	135.0000	   4.0000	   1.0000	   1.6000	  0.3000	  0.2000	  0.1000	  0.1200	  0.1800	   0.0000	   0.0000	   0.0000	   0.0000	   0.0000	   0.0000	   0.0000	   0.0000	   0.0000	  0.2412	  0.0000	        0.0000	        0.0000	        0.0000	        0.0000	        0.0000	        0.0000	        0.0000	  0.5499	  0.2287	  9.5615
2017	 25	  23	 55	 24.9965	  3.4667	  0.0000	 -999.0000	-999.0000	418.8833	  0.0000	   0.0000	   0.0000	   0.0000	-450.0000	-450.0000	-450.0000	-657.9086	  8.9815	148.5000	   4.0000	   1.0000	   1.6000	  0.3000	  0.2000	  0.1000	  0.1200	  0.1800	   0.0000	   0.0000	   0.0000	   0.0000	   0.0000	   0.0000	   0.0000	   0.0000	   0.0000	  0.2412	  0.0000	        0.0000	        0.0000	        0.0000	        0.0000	        0.0000	        0.0000	        0.0000	  0.5499	  0.2287	  9.5615
2017	 27	  23	 55	 26.9965	 11.2295	  0.0000	 -999.0000	-999.0000	423.8833	  0.0000	   0.0000	   0.0000	   0.0000	-450.0000	-450.0000	-450.0000	-657.9086	  8.9815	162.9167	   4.0000	   1.0000	   1.6000	  0.3000	  0.2000	  0.1000	  0.1200	  0.1800	   0.0000	   0.0000	   0.0000	   0.0000	   0.0000	   0.0000	   0.0000	   0.0000	   0.0000	  0.2412	  0.0000	        0.0000	        0.0000	        0.0000	        0.0000	        0.0000	        0.0000	        0.0000	  0.5499	  0.2287	  9.5615
2017	 29	  23	 55	 28.9965	  6.9065	  0.0000	 -999.0000	-999.0000	424.4833	  0.0000	   0.0000	   0.0000	   0.0000	-450.0000	-450.0000	-450.0000	-657.9086	  8.9815	175.4167	   4.0000	   1.0000	   1.6000	  0.3000	  0.2000	  0.1000	  0.1200	  0.1800	   0.0000	   0.0000	   0.0000	   0.0000	   0.0000	   0.0000	   0.0000	   0.0000	   0.0000	  0.2412	  0.0000	        0.0000	        0.0000	        0.0000	        0.0000	        0.0000	        0.0000	        0.0000	  0.5499	  0.2287	  9.5615
2017	 31	  23	 55	 30.9965	 10.6753	  0.0000	 -999.0000	-999.0000	429.9833	  0.0000	   0.0000	   0.0000	   0.0000	-450.0000	-450.0000	-450.0000	-657.9086	  8.9815	190.1667	   4.0000	   1.0000	   1.6000	  0.3000	  0.2000	  0.1000	  0.1200	  0.1800	   0.0000	   0.0000	   0.0000	   0.0000	   0.0000	   0.0000	   0.0000	   0.0000	   0.0000	  0.2412	  0.0000	        0.0000	        0.0000	        0.0000	        0.0000	        0.0000	        0.0000	        0.0000	  0.5499	  0.2287	  9.5615
2017	 33	  23	 55	 32.9965	  7.0540	  0.0000	 -999.0000	-999.0000	429.9833	  0.0000	   0.0000	   0.0000	   0.0000	-450.0000	-450.0000	-450.0000	-657.9086	  8.9815	203.1667	   4.0000	   1.0000	   1.6000	  0.3000	  0.2000	  0.1000	  0.1200	  0.1800	   0.0000	   0.0000	   0.0000	   0.0000	   0.0000	   0.0000	   0.0000	   0.0000	   0.0000	  0.2412	  0.0000	        0.0000	        0.0000	        0.0000	        0.0000	        0.0000	        0.0000	        0.0000	  0.5499	  0.2287	  9.5615
2017	 35	  23	 55	 34.9965	  7.0605	  0.0000	 -999.0000	-999.0000	431.0833	  0.0000	   0.0000	   0.0000	   0.0000	-450.0000	-450.0000	-450.0000	-657.9086	  8.9815	216.0833	   4.0000	   1.0000	   1.6000	  0.3000	  0.2000	  0.1000	  0.1200	  0.1800	   0.0000	   0.0000	   0.0000	   0.0000	   0.0000	   0.0000	   0.0000	   0.0000	   0.0000	  0.2412	  0.0000	        0.0000	        0.0000	        0.0000	        0.0000	        0.0000	        0.0000	        0.0000	  0.5499	  0.2287	  9.5615
2017	 37	  23	 55	 36.9965	  7.8411	  0.0000	 -999.0000	-999.0000	432.5833	  0.0000	   0.0000	   0.0000	   0.0000	-450.0000	-450.0000	-450.0000	-657.9086	  8.9815	231.2500	   4.0000	   1.0000	   1.6000	  0.3000	  0.2000	  0.1000	  0.1200	  0.1800	   0.0000	   0.0000	   0.0000	   0.0000	   0.0000	   0.0000	   0.0000	   0.0000	   0.0000	  0.2412	  0.0000	        0.0000	        0.0000	        0.0000	        0.0000	        0.0000	        0.0000	        0.0000	  0.5499	  0.2287	  9.5615
2017	 39	  23	 55	 38.9965	 10.6621	  0.0000	 -999.0000	-999.0000	433.0667	  0.0000	   0.0000	   0.0000	   0.0000	-450.0000	-450.0000	-450.0000	-657.9086	  8.9815	248.4167	   4.0000	   1.0000	   1.6000	  0.3000	  0.2000	  0.1000	  0.1200	  0.1800	   0.0000	   0.0000	   0.0000	   0.0000	   0.0000	   0.0000	   0.0000	   0.0000	   0.0000	  0.2412	  0.0000	        0.0000	        0.0000	        0.0000	        0.0000	        0.0000	        0.0000	        0.0000	  0.5499	  0.2287	  9.5615
2017	 41	  23	 55	 40.9965	  9.0111	  0.0000	 -999.0000	-999.0000	436.1833	  0.0000	   0.0000	   0.0000	   0.0000	-450.0000	-450.0000	-450.0000	-657.9086	  8.9815	265.2500	   4.0000	   1.0000	   1.6000	  0.3000	  0.2000	  0.1000	  0.1200	  0.1800	   0.0000	   0.0000	   0.0000	   0.0000	   0.0000	   0.0000	   0.0000	   0.0000	   0.0000	  0.2412	  0.0000	        0.0000	        0.0000	        0.0000	        0.0000	        0.0000	        0.0000	        0.0000	  0.5499	  0.2287	  9.5615
2017	 43	  23	 55	 42.9965	 12.9011	  0.0000	 -999.0000	-999.0000	441.6833	  0.0000	   0.0000	   0.0000	   0.0000	-450.0000	-450.0000	-450.0000	-657.9086	  8.9815	282.3333	   4.0000	   1.0000	   1.6000	  0.3000	  0.2000	  0.1000	  0.1200	  0.1800	   0.0000	   0.0000	   0.0000	   0.0000	   0.0000	   0.0000	   0.0000	   0.0000	   0.0000	  0.2412	  0.0000	        0.0000	        0.0000	        0.0000	        0.0000	        0.0000	        0.0000	        0.0000	  0.5499	  0.2287	  9.5615
2017	 45	  23	 55	 44.9965	 47.5700	  0.0000	 -999.0000	-999.0000	546.6833	  0.0000	   0.0000	   0.0000	   0.0000	-450.0000	-450.0000	-450.0000	-657.9086	  8.9815	294.4167	   4.0000	   1.0000	   1.6000	  0.3000	  0.2000	  0.1000	  0.1200	  0.1800	   0.0000	   0.0000	   0.0000	   0.0000	   0.0000	   0.0000	   0.0000	   0.0000	   0.0000	  0.2412	  0.0000	        0.0000	        0.0000	        0.0000	        0.0000	        0.0000	        0.0000	        0.0000	  0.5499	  0.2287	  9.5615
2017	 47	  23	 55	 46.9965	  9.7526	  0.0000	 -999.0000	-999.0000	571.4583	  0.0000	   0.0000	   0.0000	   0.0000	-450.0000	-450.0000	-450.0000	-657.9086	  8.9815	312.5000	   4.0000	   1.0000	   1.6000	  0.3000	  0.2000	  0.1000	  0.1200	  0.1800	   0.0000	   0.0000	   0.0000	   0.0000	   0.0000	   0.0000	   0.0000	   0.0000	   0.0000	  0.2412	  0.0000	        0.0000	        0.0000	        0.0000	        0.0000	        0.0000	        0.0000	        0.0000	  0.5499	  0.2287	  9.5615
2017	 49	  23	 55	 48.9965	  9.0052	  0.0000	 -999.0000	-999.0000	578.6750	  0.0000	   0.0000	   0.0000	   0.0000	-450.0000	-450.0000	-450.0000	-657.9086	  8.9815	330.5000	   4.0000	   1.0000	   1.6000	  0.3000	  0.2000	  0.1000	  0.1200	  0.1800	   0.0000	   0.0000	   0.0000	   0.0000	   0.0000	   0.0000	   0.0000	   0.0000	   0.0000	  0.2412	  0.0000	        0.0000	        0.0000	        0.0000	        0.0000	        0.0000	        0.0000	        0.0000	  0.5499	  0.2287	  9.5615
2017	 51	  23	 55	 50.9965	  1.5263	  0.0000	 -999.0000	-999.0000	592.1750	  0.0000	   0.0000	   0.0000	   0.0000	-450.0000	-450.0000	-450.0000	-657.9086	  8.9815	347.2500	   4.0000	   1.0000	   1.6000	  0.3000	  0.2000	  0.1000	  0.1200	  0.1800	   0.0000	   0.0000	   0.0000	   0.0000	   0.0000	   0.0000	   0.0000	   0.0000	   0.0000	  0.2412	  0.0000	        0.0000	        0.0000	        0.0000	        0.0000	        0.0000	        0.0000	        0.0000	  0.5499	  0.2287	  9.5615
2017	 53	  23	 55	 52.9965	  1.8143	  0.0402	 -999.0000	-999.0000	607.3750	  0.0000	   0.0000	   0.0000	   0.0000	-450.0000	-450.0000	-450.0000	-657.9086	  8.9815	367.1667	   4.0000	   1.0000	   1.6000	  0.3000	  0.2000	  0.1000	  0.1200	  0.1800	   0.0000	   0.0000	   0.0000	   0.0000	   0.0000	   0.0000	   0.0000	   0.0000	   0.0000	  0.2412	  0.0000	        0.0000	        0.0000	        0.0000	        0.0000	        0.0000	        0.0000	        0.0000	  0.5499	  0.2287	  9.5615
2017	 55	  23	 55	 54.9965	-999.0000	-999.0000	 -999.0000	-999.0000	-999.0000	-999.0000	-999.0000	-999.0000	-999.0000	-999.0000	-999.0000	-999.0000	-999.0000	-999.0000	-999.0000	-999.0000	-999.0000	-999.0000	-999.0000	-999.0000	-999.0000	-999.0000	-999.0000	-999.0000	-999.0000	-999.0000	-999.0000	-999.0000	-999.0000	-999.0000	-999.0000	-999.0000	-999.0000	-999.0000	     -999.0000	     -999.0000	     -999.0000	     -999.0000	     -999.0000	     -999.0000	     -999.0000	-999.0000	-999.0000	-999.0000
2017	 57	  23	 55	 56.9965	  4.4313	  0.0000	 -999.0000	-999.0000	708.3500	  0.0000	   0.0000	   0.0000	   0.0000	-450.0000	-450.0000	-450.0000	-657.9086	  8.9815	402.6667	   4.0000	   1.0000	   1.6000	  0.3000	  0.2000	  0.1000	  0.1200	  0.1800	   0.0000	   0.0000	   0.0000	   0.0000	   0.0000	   0.0000	   0.0000	   0.0000	   0.0000	  0.2412	  0.0000	        0.0000	        0.0000	        0.0000	        0.0000	        0.0000	        0.0000	        0.0000	  0.5499	  0.2287	  9.5615
2017	 59	  23	 55	 58.9965	  1.9423	  0.0002	 -999.0000	-999.0000	726.1667	  0.0000	   0.0000	   0.0000	   0.0000	-450.0000	-450.0000	-450.0000	-657.9086	  8.9815	420.5000	   4.0000	   1.0000	   1.6000	  0.3000	  0.2000	  0.1000	  0.1200	  0.1800	   0.0000	   0.0000	   0.0000	   0.0000	   0.0000	   0.0000	   0.0000	   0.0000	   0.0000	  0.2412	  0.0000	        0.0000	        0.0000	        0.0000	        0.0000	        0.0000	        0.0000	        0.0000	  0.5499	  0.2287	  9.5615
2017	 61	  23	 55	 60.9965	  3.8082	  0.0000	 -999.0000	-999.0000	733.5750	  0.0000	   0.0000	   0.0000	   0.0000	-450.0000	-450.0000	-450.0000	-657.9086	  8.9815	440.5833	   4.0000	   1.0000	   1.6000	  0.3000	  0.2000	  0.1000	  0.1200	  0.1800	   0.0000	   0.0000	   0.0000	   0.0000	   0.0000	   0.0000	   0.0000	   0.0000	   0.0000	  0.2412	  0.0000	        0.0000	        0.0000	        0.0000	        0.0000	        0.0000	        0.0000	        0.0000	  0.5499	  0.2287	  9.5615
2017	 63	  23	 55	 62.9965	  2.6344	  0.0417	 -999.0000	-999.0000	740.0750	  0.0000	   0.0000	   0.0000	   0.0000	-450.0000	-450.0000	-450.0000	-657.9086	  8.9815	461.0000	   4.0000	   1.0000	   1.6000	  0.3000	  0.2000	  0.1000	  0.1200	  0.1800	   0.0000	   0.0000	   0.0000	   0.0000	   0.0000	   0.0000	   0.0000	   0.0000	   0.0000	  0.2412	  0.0000	        0.0000	        0.0000	        0.0000	        0.0000	        0.0000	        0.0000	        0.0000	  0.5499	  0.2287	  9.5615
2017	 65	  23	 55	 64.9965	  8.2654	  0.0000	 -999.0000	-999.0000	750.5750	  0.0000	   0.0000	   0.0000	   0.0000	-450.0000	-450.0000	-450.0000	-657.9086	  8.9815	481.0000	   4.0000	   1.0000	   1.6000	  0.3000	  0.2000	  0.1000	  0.1200	  0.1800	   0.0000	   0.0000	   0.0000	   0.0000	   0.0000	   0.0000	   0.0000	   0.0000	   0.0000	  0.2412	  0.0000	        0.0000	        0.0000	        0.0000	        0.0000	        0.0000	        0.0000	        0.0000	  0.5499	  0.2287	  9.5615
2017	 67	  23	 55	 66.9965	 14.2524	  0.0000	 -999.0000	-999.0000	782.3750	  0.0000	   0.0000	   0.0000	   0.0000	-450.0000	-450.0000	-450.0000	-657.9086	  8.9815	502.4167	   4.0000	   1.0000	   1.6000	  0.3000	  0.2000	  0.1000	  0.1200	  0.1800	   0.0000	   0.0000	   0.0000	   0.0000	   0.0000	   0.0000	   0.0000	   0.0000	   0.0000	  0.2412	  0.0000	        0.0000	        0.0000	        0.0000	        0.0000	        0.0000	        0.0000	        0.0000	  0.5499	  0.2287	  9.5615
2017	 69	  23	 55	 68.9965	-999.0000	-999.0000	 -999.0000	-999.0000	-999.0000	-999.0000	-999.0000	-999.0000	-999.0000	-999.0000	-999.0000	-999.0000	-999.0000	-999.0000	-999.0000	-999.0000	-999.0000	-999.0000	-999.0000	-999.0000	-999.0000	-999.0000	-999.0000	-999.0000	-999.0000	-999.0000	-999.0000	-999.0000	-999.0000	-999.0000	-999.0000	-999.0000	-999.0000	-999.0000	     -999.0000	     -999.0000	     -999.0000	     -999.0000	     -999.0000	     -999.0000	     -999.0000	-999.0000	-999.0000	-999.0000
2017	 71	  23	 55	 70.9965	  8.1963	  0.0351	 -999.0000	-999.0000	845.8750	  0.0000	   0.0000	   0.0000	   0.0000	-450.0000	-450.0000	-450.0000	-657.9086	  8.9815	546.7500	   4.0000	   1.0000	   1.6000	  0.3000	  0.2000	  0.1000	  0.1200	  0.1800	   0.0000	   0.0000	   0.0000	   0.0000	   0.0000	   0.0000	   0.0000	   0.0000	   0.0000	  0.2412	  0.0000	        0.0000	        0.0000	        0.0000	        0.0000	        0.0000	        0.0000	        0.0000	  0.5499	  0.2287	  9.5615
2017	 73	  23	 55	 72.9965	  1.8016	  0.0310	 -999.0000	-999.0000	846.8750	  0.0000	   0.0000	   0.0000	   0.0000	-450.0000	-450.0000	-450.0000	-657.9086	  8.9815	569.0000	   4.0000	   1.0000	   1.6000	  0.3000	  0.2000	  0.1000	  0.1200	  0.1800	   0.0000	   0.0000	   0.0000	   0.0000	   0.0000	   0.0000	   0.0000	   0.0000	   0.0000	  0.2412	  0.0000	        0.0000	        0.0000	        0.0000	        0.0000	        0.0000	        0.0000	        0.0000	  0.5499	  0.2287	  9.5615
2017	 75	  23	 55	 74.9965	  0.9953	  0.5280	 -999.0000	-999.0000	847.8750	  0.0000	   0.0000	   0.0000	   0.0000	-450.0000	-450.0000	-450.0000	-657.9086	 10.1250	592.1667	   4.0000	   1.0000	   1.6000	  0.3000	  0.2000	  0.1000	  0.1200	  0.1800	   0.0000	   0.0000	   0.0000	   0.0000	   0.0000	   0.0000	   0.0000	   0.0000	   0.0000	  0.2412	  0.0000	        0.0000	        0.0000	        0.0000	        0.0000	        0.0000	        0.0000	        0.0000	  0.5499	  0.2287	  9.5615
2017	 77	  23	 55	 76.9965	-999.0000	-999.0000	 -999.0000	-999.0000	-999.0000	-999.0000	-999.0000	-999.0000	-999.0000	-999.0000	-999.0000	-999.0000	-999.0000	-999.0000	-999.0000	-999.0000	-999.0000	-999.0000	-999.0000	-999.0000	-999.0000	-999.0000	-999.0000	-999.0000	-999.0000	-999.0000	-999.0000	-999.0000	-999.0000	-999.0000	-999.0000	-999.0000	-999.0000	-999.0000	     -999.0000	     -999.0000	     -999.0000	     -999.0000	     -999.0000	     -999.0000	     -999.0000	-999.0000	-999.0000	-999.0000
2017	 79	  23	 55	 78.9965	  2.9262	  0.0174	 -999.0000	-999.0000	921.9583	  0.0000	   0.0000	   0.0000	   0.0000	-450.0000	-450.0000	-450.0000	-715.8033	 10.1250	637.8333	   4.0000	   1.0000	   1.6000	  0.3000	  0.2000	  0.1000	  0.1200	  0.1800	   0.0000	   0.0000	   0.0000	   0.0000	   0.0000	   0.0000	   0.0000	   0.0000	   0.0000	  0.2412	  0.0000	        0.0000	        0.0000	        0.0000	        0.0000	        0.0000	        0.0000	        0.0000	  0.5499	  0.2287	  9.5615
2017	 81	  23	 55	 80.9965	  1.9765	  0.0627	 -999.0000	-999.0000	928.1750	  0.0000	   0.0000	   0.0000	   0.0000	-450.0000	-450.0000	-450.0000	-715.8033	 10.1250	660.9167	   4.0000	   1.0000	   1.6000	  0.3000	  0.2000	  0.1000	  0.1200	  0.1800	   0.0000	   0.0000	   0.0000	   0.0000	   0.0000	   0.0000	   0.0000	   0.0000	   0.0000	  0.2412	  0.0000	        0.0000	        0.0000	        0.0000	        0.0000	        0.0000	        0.0000	        0.0000	  0.5499	  0.2287	  9.5615
2017	 83	  23	 55	 82.9965	 32.0492	  0.7169	 -999.0000	-999.0000	1035.1750	  0.0000	   0.0000	   0.0000	   0.0000	-450.0000	-450.0000	-450.0000	-715.8033	 10.1250	679.2500	   4.0000	   1.0000	   1.6000	  0.3000	  0.2000	  0.1000	  0.1200	  0.1800	   0.0000	   0.0000	   0.0000	   0.0000	   0.0000	   0.0000	   0.0000	   0.0000	   0.0000	  0.2412	  0.0000	        0.0000	        0.0000	        0.0000	        0.0000	        0.0000	        0.0000	        0.0000	  0.5499	  0.2287	  9.5615
2017	 85	  23	 55	 84.9965	 14.4408	  1.2717	 -999.0000	-999.0000	1068.6750	  0.0000	   0.0000	   0.0000	   0.0000	-450.0000	-450.0000	-450.0000	-715.8033	 11.6910	704.3333	   4.0000	   1.0000	   1.6000	  0.3000	  0.2000	  0.1000	  0.1200	  0.1800	   0.0000	   0.0000	   0.0000	   0.0000	   0.0000	   0.0000	   0.0000	   0.0000	   0.0000	  0.2412	  0.0000	        0.0000	        0.0000	        0.0000	        0.0000	        0.0000	        0.0000	        0.0000	  0.5499	  0.2287	  9.5615
2017	 87	  23	 55	 86.9965	 10.8665	  0.0982	 -999.0000	-999.0000	1102.4083	  0.0000	   0.0000	   0.0000	   0.0000	-450.0000	-450.0000	-450.0000	-715.8033	 11.6910	728.4167	   4.0000	   1.0000	   1.6000	  0.3000	  0.2000	  0.1000	  0.1200	  0.1800	   0.0000	   0.0000	   0.0000	   0.0000	   0.0000	   0.0000	   0.0000	   0.0000	   0.0000	  0.2412	  0.0000	        0.0000	        0.0000	        0.0000	        0.0000	        0.0000	        0.0000	        0.0000	  0.5499	  0.2287	  9.5615
2017	 89	  23	 55	 88.9965	 15.4705	  0.3335	 -999.0000	-999.0000	1149.5167	  0.0000	   0.0000	   0.0000	   0.0000	-450.0000	-450.0000	-450.0000	-715.8033	 11.6910	752.0000	   4.0000	   1.0000	   1.6000	  0.3000	  0.2000	  0.1000	  0.1200	  0.1800	   0.0000	   0.0000	   0.0000	   0.0000	   0.0000	   0.0000	   0.0000	   0.0000	   0.0000	  0.2412	  0.0000	        0.0000	        0.0000	        0.0000	        0.0000	        0.0000	        0.0000	        0.0000	  0.5499	  0.2287	  9.5615
2017	 91	  23	 55	 90.9965	  2.4975	  1.9560	 -999.0000	-999.0000	1160.6000	  0.0000	   0.0000	   0.0000	   0.0000	-450.0000	-450.0000	-450.0000	-715.8033	 14.5550	776.0000	   4.0000	   1.0000	   1.6000	  0.3000	  0.2000	  0.1000	  0.1200	  0.1800	   0.0000	   0.0000	   0.0000	   0.0000	   0.0000	   0.0000	   0.0000	   0.0000	   0.0000	  0.2412	  0.0000	        0.0000	        0.0000	        0.0000	        0.0000	        0.0000	        0.0000	        0.0000	  0.5499	  0.2287	  9.5615
2017	 93	  23	 55	 92.9965	  4.1201	  1.6031	 -999.0000	-999.0000	1163.8000	  0.0000	   0.0000	   0.0000	   0.0000	-450.0000	-450.0000	-450.0000	-715.8033	 14.5550	801.7500	   4.0000	   1.0000	   1.6000	  0.3000	  0.2000	  0.1000	  0.1200	  0.1800	   0.0000	   0.0000	   0.0000	   0.0000	   0.0000	   0.0000	   0.0000	   0.0000	   0.0000	  0.2412	  0.0000	        0.0000	        0.0000	        0.0000	        0.0000	        0.0000	        0.0000	        0.0000	  0.5499	  0.2287	  9.5615
2017	 95	  23	 55	 94.9965	  0.9137	  1.2652	 -999.0000	-999.0000	1163.9000	  0.0000	   0.0000	   0.0000	   0.0000	-450.0000	-450.0000	-450.0000	-715.8033	 14.5550	828.0833	   4.0000	   1.0000	   1.6000	  0.3000	  0.2000	  0.1000	  0.1200	  0.1800	   0.0000	   0.0000	   0.0000	   0.0000	   0.0000	   0.0000	   0.0000	   0.0000	   0.0000	  0.2412	  0.0000	        0.0000	        0.0000	        0.0000	        0.0000	        0.0000	        0.0000	        0.0000	  0.5499	  0.2287	  9.5615
2017	 97	  23	 55	 96.9965	-999.0000	-999.0000	 -999.0000	-999.0000	-999.0000	-999.0000	-999.0000	-999.0000	-999.0000	-999.0000	-999.0000	-999.0000	-999.0000	-999.0000	-999.0000	-999.0000	-999.0000	-999.0000	-999.0000	-999.0000	-999.0000	-999.0000	-999.0000	-999.0000	-999.0000	-999.0000	-999.0000	-999.0000	-999.0000	-999.0000	-999.0000	-999.0000	-999.0000	-999.0000	     -999.0000	     -999.0000	     -999.0000	     -999.0000	     -999.0000	     -999.0000	     -999.0000	-999.0000	-999.0000	-999.0000
2017	 99	  23	 55	 98.9965	  0.3177	  1.7990	 -999.0000	-999.0000	1205.9000	  0.0000	   0.0000	   0.0000	   0.0000	-450.0000	-450.0000	-450.0000	-715.8033	 16.7309	880.5000	   4.0000	   1.0000	   1.6000	  0.3000	  0.2000	  0.1000	  0.1200	  0.1800	   0.0000	   0.0000	   0.0000	   0.0000	   0.0000	   0.0000	   0.0000	   0.0000	   0.0000	  0.2412	  0.0000	        0.0000	        0.0000	        0.0000	        0.0000	        0.0000	        0.0000	        0.0000	  0.5499	  0.2287	  9.5615
2017	101	  23	 55	100.9965	  1.4466	  1.2467	 -999.0000	-999.0000	1212.4750	  0.0000	   0.0000	   0.0000	   0.0000	-450.0000	-450.0000	-450.0000	-715.8033	 16.7309	907.5000	   4.0000	   1.0000	   1.6000	  0.3000	  0.2000	  0.1000	  0.1200	  0.1800	   0.0000	   0.0000	   0.0000	   0.0000	   0.0000	   0.0000	   0.0000	   0.0000	   0.0000	  0.2412	  0.0000	        0.0000	        0.0000	        0.0000	        0.0000	        0.0000	        0.0000	        0.0000	  0.5499	  0.2287	  9.5615
2017	103	  23	 55	102.9965	  1.3622	  0.1948	 -999.0000	-999.0000	1220.3000	  0.0000	   0.0000	   0.0000	   0.0000	-450.0000	-450.0000	-450.0000	-715.8033	 16.7309	934.1667	   4.0000	   1.0000	   1.6000	  0.3000	  0.2000	  0.1000	  0.1200	  0.1800	   0.0000	   0.0000	   0.0000	   0.0000	   0.0000	   0.0000	   0.0000	   0.0000	   0.0000	  0.2412	  0.0000	        0.0000	        0.0000	        0.0000	        0.0000	        0.0000	        0.0000	        0.0000	  0.5499	  0.2287	  9.5615
2017	105	  23	 55	104.9965	  4.7816	  0.1672	 -999.0000	-999.0000	1220.3000	  0.0000	   0.0000	   0.0000	   0.0000	-450.0000	-450.0000	-450.0000	-715.8033	 16.7309	962.5000	   4.0000	   1.0000	   1.6000	  0.3000	  0.2000	  0.1000	  0.1200	  0.1800	   0.0000	   0.0000	   0.0000	   0.0000	   0.0000	   0.0000	   0.0000	   0.0000	   0.0000	  0.2412	  0.0000	        0.0000	        0.0000	        0.0000	        0.0000	        0.0000	        0.0000	        0.0000	  0.5499	  0.2287	  9.5615
2017	107	  23	 55	106.9965	  4.3008	  0.0000	 -999.0000	-999.0000	1224.5000	  0.0000	   0.0000	   0.0000	   0.0000	-450.0000	-450.0000	-450.0000	-715.8033	 16.7309	990.1667	   4.0000	   1.0000	   1.6000	  0.3000	  0.2000	  0.1000	  0.1200	  0.1800	   0.0000	   0.0000	   0.0000	   0.0000	   0.0000	   0.0000	   0.0000	   0.0000	   0.0000	  0.2412	  0.0000	        0.0000	        0.0000	        0.0000	        0.0000	        0.0000	        0.0000	        0.0000	  0.5499	  0.2287	  9.5615
2017	109	  23	 55	108.9965	  7.7193	  0.3912	 -999.0000	-999.0000	1242.5000	  0.0000	   0.0000	   0.0000	   0.0000	-450.0000	-450.0000	-450.0000	-715.8033	 16.7309	1017.5000	   4.0000	   1.0000	   1.6000	  0.3000	  0.2000	  0.1000	  0.1200	  0.1800	   0.0000	   0.0000	   0.0000	   0.0000	   0.0000	   0.0000	   0.0000	   0.0000	   0.0000	  0.2412	  0.0000	        0.0000	        0.0000	        0.0000	        0.0000	        0.0000	        0.0000	        0.0000	  0.5499	  0.2287	  9.5615
2017	111	  23	 55	110.9965	  0.2380	  1.6247	 -999.0000	-999.0000	1242.5000	  0.0000	   0.0000	   0.0000	   0.0000	-450.0000	-450.0000	-450.0000	-715.8033	 16.7309	1044.6667	   4.0000	   1.0000	   1.6000	  0.3000	  0.2000	  0.1000	  0.1200	  0.1800	   0.0000	   0.0000	   0.0000	   0.0000	   0.0000	   0.0000	   0.0000	   0.0000	   0.0000	  0.2412	  0.0000	        0.0000	        0.0000	        0.0000	        0.0000	        0.0000	        0.0000	        0.0000	  0.5499	  0.2287	  9.5615
2017	113	  23	 55	112.9965	 14.4792	  3.2582	 -999.0000	-999.0000	1281.0000	  0.0000	   0.0000	   0.0000	   0.0000	-450.0000	-450.0000	-450.0000	-717.7452	 16.7309	1073.0833	   4.0000	   1.0000	   1.6000	  0.3000	  0.2000	  0.1000	  0.1200	  0.1800	   0.0000	   0.0000	   0.0000	   0.0000	   0.0000	   0.0000	   0.0000	   0.0000	   0.0000	  0.2412	  0.0000	        0.0000	        0.0000	        0.0000	        0.0000	        0.0000	        0.0000	        0.0000	  0.5499	  0.2287	  9.5615
2017	115	  23	 55	114.9965	-999.0000	-999.0000	 -999.0000	-999.0000	-999.0000	-999.0000	-999.0000	-999.0000	-999.0000	-999.0000	-999.0000	-999.0000	-999.0000	-999.0000	-999.0000	-999.0000	-999.0000	-999.0000	-999.0000	-999.0000	-999.0000	-999.0000	-999.0000	-999.0000	-999.0000	-999.0000	-999.0000	-999.0000	-999.0000	-999.0000	-999.0000	-999.0000	-999.0000	-999.0000	     -999.0000	     -999.0000	     -999.0000	     -999.0000	     -999.0000	     -999.0000	     -999.0000	-999.0000	-999.0000	-999.0000
2017	117	  23	 55	116.9965	 28.1614	  1.8433	 -999.0000	-999.0000	1359.0917	  0.0000	   0.0000	   0.0000	   0.0000	-450.0000	-450.0000	-450.0000	-717.7452	 16.7309	1129.1667	   4.0000	   1.0000	   1.6000	  0.3000	  0.2000	  0.1000	  0.1200	  0.1800	   0.0000	   0.0000	   0.0000	   0.0000	   0.0000	   0.0000	   0.0000	   0.0000	   0.0000	  0.2412	  0.0000	        0.0000	        0.0000	        0.0000	        0.0000	        0.0000	        0.0000	        0.0000	  0.5499	  0.2287	  9.5615
2017	119	  23	 55	118.9965	  6.1450	  1.5782	 -999.0000	-999.0000	1382.2000	  0.0000	   0.0000	   0.0000	   0.0000	-450.0000	-450.0000	-450.0000	-717.7452	 16.7309	1158.4167	   4.0000	   1.0000	   1.6000	  0.3000	  0.2000	  0.1000	  0.1200	  0.1800	   0.0000	   0.0000	   0.0000	   0.0000	   0.0000	   0.0000	   0.0000	   0.0000	   0.0000	  0.2412	  0.0000	        0.0000	        0.0000	        0.0000	        0.0000	        0.0000	        0.0000	        0.0000	  0.5499	  0.2287	  9.5615
2017	121	  23	 55	120.9965	  1.9190	  4.4074	 -999.0000	-999.0000	1391.2000	  0.0000	   0.0000	   0.0000	   0.0000	-450.0000	-450.0000	-450.0000	-717.7452	 17.8509	1190.2500	   4.0000	   1.0000	   1.6000	  0.3000	  0.2000	  0.1000	  0.1200	  0.1800	   0.0000	   0.0000	   0.0000	   0.0000	   0.0000	   0.0000	   0.0000	   0.0000	   0.0000	  0.2412	  0.0000	        0.0000	        0.0000	        0.0000	        0.0000	        0.0000	        0.0000	        0.0000	  0.5499	  0.2287	  9.5615
2017	123	  23	 55	122.9965	  0.9808	  5.5985	 -999.0000	-999.0000	1391.2000	  0.0000	   0.0000	   0.0000	   0.0000	-450.0000	-450.0000	-450.0000	-717.7452	 19.7424	1222.5000	   4.0000	   1.0000	   1.6000	  0.3000	  0.2000	  0.1000	  0.1200	  0.1800	   0.0000	   0.0000	   0.0000	   0.0000	   0.0000	   0.0000	   0.0000	   0.0000	   0.0000	  0.2412	  0.0000	        0.0000	        0.0000	        0.0000	        0.0000	        0.0000	        0.0000	        0.0000	  0.5499	  0.2287	  9.5615
2017	125	  23	 55	124.9965	  1.1640	  5.7934	 -999.0000	-999.0000	1391.2000	  0.0000	   0.0000	   0.0000	   0.0000	-450.0000	-450.0000	-450.0000	-717.7452	 20.5297	1255.2500	   4.0000	   1.0000	   1.6000	  0.3000	  0.2000	  0.1000	  0.1200	  0.1800	   0.0000	   0.0000	   0.0000	   0.0000	   0.0000	   0.0000	   0.0000	   0.0000	   0.0000	  0.2412	  0.0000	        0.0000	        0.0000	        0.0000	        0.0000	        0.0000	        0.0000	        0.0000	  0.5499	  0.2287	  9.5615
2017	127	  23	 55	126.9965	  0.3278	  3.8954	 -999.0000	-999.0000	1392.0000	  0.0000	   0.0000	   0.0000	   0.0000	-450.0000	-450.0000	-450.0000	-717.7452	 21.2565	1286.3333	   4.0000	   1.0000	   1.6000	  0.3000	  0.2000	  0.1000	  0.1200	  0.1800	   0.0000	   0.0000	   0.0000	   0.0000	   0.0000	   0.0000	   0.0000	   0.0000	   0.0000	  0.2412	  0.0000	        0.0000	        0.0000	        0.0000	        0.0000	        0.0000	        0.0000	        0.0000	  0.5499	  0.2287	  9.5615
2017	129	  23	 55	128.9965	 13.5880	  2.5547	 -999.0000	-999.0000	1426.0000	  0.0000	   0.0000	   0.0000	   0.0000	-450.0000	-450.0000	-450.0000	-730.2395	 21.2565	1317.8333	   4.0000	   1.0000	   1.6000	  0.3000	  0.2000	  0.1000	  0.1200	  0.1800	   0.0000	   0.0000	   0.0000	   0.0000	   0.0000	   0.0000	   0.0000	   0.0000	   0.0000	  0.2412	  0.0000	        0.0000	        0.0000	        0.0000	        0.0000	        0.0000	        0.0000	        0.0000	  0.5499	  0.2287	  9.5615
2017	131	  23	 55	130.9965	  2.0681	  0.2283	 -999.0000	-999.0000	1431.6000	  0.0000	   0.0000	   0.0000	   0.0000	-450.0000	-450.0000	-450.0000	-730.2395	 21.2565	1348.6667	   4.0000	   1.0000	   1.6000	  0.3000	  0.2000	  0.1000	  0.1200	  0.1800	   0.0000	   0.0000	   0.0000	   0.0000	   0.0000	   0.0000	   0.0000	   0.0000	   0.0000	  0.2412	  0.0000	        0.0000	        0.0000	        0.0000	        0.0000	        0.0000	        0.0000	        0.0000	  0.5499	  0.2287	  9.5615
2017	133	  23	 55	132.9965	  3.4286	  3.2592	 -999.0000	-999.0000	1437.7000	  0.0000	   0.0000	   0.0000	   0.0000	-450.0000	-450.0000	-450.0000	-730.2395	 21.2565	1380.5000	   4.0000	   1.0000	   1.6000	  0.3000	  0.2000	  0.1000	  0.1200	  0.1800	   0.0000	   0.0000	   0.0000	   0.0000	   0.0000	   0.0000	   0.0000	   0.0000	   0.0000	  0.2412	  0.0000	        0.0000	        0.0000	        0.0000	        0.0000	        0.0000	        0.0000	        0.0000	  0.5499	  0.2287	  9.5615
2017	135	  23	 55	134.9965	-999.0000	-999.0000	 -999.0000	-999.0000	-999.0000	-999.0000	-999.0000	-999.0000	-999.0000	-999.0000	-999.0000	-999.0000	-999.0000	-999.0000	-999.0000	-999.0000	-999.0000	-999.0000	-999.0000	-999.0000	-999.0000	-999.0000	-999.0000	-999.0000	-999.0000	-999.0000	-999.0000	-999.0000	-999.0000	-999.0000	-999.0000	-999.0000	-999.0000	-999.0000	     -999.0000	     -999.0000	     -999.0000	     -999.0000	     -999.0000	     -999.0000	     -999.0000	-999.0000	-999.0000	-999.0000
2017	137	  23	 55	136.9965	  4.2015	  6.2108	 -999.0000	-999.0000	1500.2000	  0.0000	   0.0000	   0.0000	   0.0000	-450.0000	-450.0000	-450.0000	-730.2395	 21.2565	1440.9167	   4.0000	   1.0000	   1.6000	  0.3000	  0.2000	  0.1000	  0.1200	  0.1800	   0.0000	   0.0000	   0.0000	   0.0000	   0.0000	   0.0000	   0.0000	   0.0000	   0.0000	  0.2412	  0.0000	        0.0000	        0.0000	        0.0000	        0.0000	        0.0000	        0.0000	        0.0000	  0.5499	  0.2287	  9.5615
2017	139	  23	 55	138.9965	  7.8397	  9.4013	 -999.0000	-999.0000	1513.2000	  0.0000	   0.0000	   0.0000	   0.0000	-450.0000	-450.0000	-450.0000	-730.2395	 27.7094	1472.9167	   4.0000	   1.0000	   1.6000	  0.3000	  0.2000	  0.1000	  0.1200	  0.1800	   0.0000	   0.0000	   0.0000	   0.0000	   0.0000	   0.0000	   0.0000	   0.0000	   0.0000	  0.2412	  0.0000	        0.0000	        0.0000	        0.0000	        0.0000	        0.0000	        0.0000	        0.0000	  0.5499	  0.2287	  9.5615
2017	141	  23	 55	140.9965	  0.0001	  6.1415	 -999.0000	-999.0000	1513.2000	  0.0000	   0.0000	   0.0000	   0.0000	-361.2650	-361.2650	-361.2650	-730.2395	 27.7094	1506.4167	   4.0000	   1.0000	   1.6000	  0.3000	  0.2000	  0.1000	  0.1200	  0.1800	   0.0000	   0.0000	   0.0000	   0.0000	   0.0000	   0.0000	   0.0000	   0.0000	   0.0000	  0.2412	  0.0000	        0.0000	        0.0000	        0.0000	        0.0000	        0.0000	        0.0000	        0.0000	  0.5499	  0.2287	  9.5615
2017	143	  23	 55	142.9965	-999.0000	-999.0000	 -999.0000	-999.0000	-999.0000	-999.0000	-999.0000	-999.0000	-999.0000	-999.0000	-999.0000	-999.0000	-999.0000	-999.0000	-999.0000	-999.0000	-999.0000	-999.0000	-999.0000	-999.0000	-999.0000	-999.0000	-999.0000	-999.0000	-999.0000	-999.0000	-999.0000	-999.0000	-999.0000	-999.0000	-999.0000	-999.0000	-999.0000	-999.0000	     -999.0000	     -999.0000	     -999.0000	     -999.0000	     -999.0000	     -999.0000	     -999.0000	-999.0000	-999.0000	-999.0000
2017	145	  23	 55	144.9965	-999.0000	-999.0000	 -999.0000	-999.0000	-999.0000	-999.0000	-999.0000	-999.0000	-999.0000	-999.0000	-999.0000	-999.0000	-999.0000	-999.0000	-999.0000	-999.0000	-999.0000	-999.0000	-999.0000	-999.0000	-999.0000	-999.0000	-999.0000	-999.0000	-999.0000	-999.0000	-999.0000	-999.0000	-999.0000	-999.0000	-999.0000	-999.0000	-999.0000	-999.0000	     -999.0000	     -999.0000	     -999.0000	     -999.0000	     -999.0000	     -999.0000	     -999.0000	-999.0000	-999.0000	-999.0000
2017	147	  23	 55	146.9965	  0.0792	 11.4657	 -999.0000	-999.0000	1618.6167	  0.0000	   0.0000	   0.0000	   0.0000	-450.0000	-450.0000	-450.0000	-730.2395	 27.7094	1602.5833	   4.0000	   1.0000	   1.6000	  0.3000	  0.2000	  0.1000	  0.1200	  0.1800	   0.0000	   0.0000	   0.0000	   0.0000	   0.0000	   0.0000	   0.0000	   0.0000	   0.0000	  0.2412	  0.0000	        0.0000	        0.0000	        0.0000	        0.0000	        0.0000	        0.0000	        0.0000	  0.5499	  0.2287	  9.5615
2017	149	  23	 55	148.9965	  0.0000	  6.4173	 -999.0000	-999.0000	1621.1167	  0.0000	   0.0000	   0.0000	   0.0000	-450.0000	-450.0000	-450.0000	-730.2395	 27.7094	1634.0833	   4.0000	   1.0000	   1.6000	  0.3000	  0.2000	  0.1000	  0.1200	  0.1800	   0.0000	   0.0000	   0.0000	   0.0000	   0.0000	   0.0000	   0.0000	   0.0000	   0.0000	  0.2412	  0.0000	        0.0000	        0.0000	        0.0000	        0.0000	        0.0000	        0.0000	        0.0000	  0.5499	  0.2287	  9.5615
2017	151	  23	 55	150.9965	  0.0000	  7.4576	 -999.0000	-999.0000	1645.8167	  0.0000	   0.0000	   0.0000	   0.0000	-450.0000	-450.0000	-450.0000	-730.2395	 27.7094	1664.7500	   4.0000	   1.0000	   1.6000	  0.3000	  0.2000	  0.1000	  0.1200	  0.1800	   0.0000	   0.0000	   0.0000	   0.0000	   0.0000	   0.0000	   0.0000	   0.0000	   0.0000	  0.2412	  0.0000	        0.0000	        0.0000	        0.0000	        0.0000	        0.0000	        0.0000	        0.0000	  0.5499	  0.2287	  9.5615
2017	153	  23	 55	152.9965	  3.8583	  5.6334	 -999.0000	-999.0000	1651.8167	  0.0000	   0.0000	   0.0000	   0.0000	-450.0000	-450.0000	-450.0000	-730.2395	 27.7094	1698.3333	   4.0000	   1.0000	   1.6000	  0.3000	  0.2000	  0.1000	  0.1200	  0.1800	   0.0000	   0.0000	   0.0000	   0.0000	   0.0000	   0.0000	   0.0000	   0.0000	   0.0000	  0.2412	  0.0000	        0.0000	        0.0000	        0.0000	        0.0000	        0.0000	        0.0000	        0.0000	  0.5499	  0.2287	  9.5615
2017	155	  23	 55	154.9965	  0.0000	  6.0235	 -999.0000	-999.0000	1664.6167	  0.0000	   0.0000	   0.0000	   0.0000	-450.0000	-450.0000	-450.0000	-730.2395	 27.7094	1730.5000	   4.0000	   1.0000	   1.6000	  0.3000	  0.2000	  0.1000	  0.1200	  0.1800	   0.0000	   0.0000	   0.0000	   0.0000	   0.0000	   0.0000	   0.0000	   0.0000	   0.0000	  0.2412	  0.0000	        0.0000	        0.0000	        0.0000	        0.0000	        0.0000	        0.0000	        0.0000	  0.5499	  0.2287	  9.5615
2017	157	  23	 55	156.9965	  0.0000	 11.7238	 -999.0000	-999.0000	1665.5167	  0.0000	   0.0000	   0.0000	   0.0000	-450.0000	-450.0000	-450.0000	-730.2395	 27.7094	1764.9167	   4.0000	   1.0000	   1.6000	  0.3000	  0.2000	  0.1000	  0.1200	  0.1800	   0.0000	   0.0000	   0.0000	   0.0000	   0.0000	   0.0000	   0.0000	   0.0000	   0.0000	  0.2412	  0.0000	        0.0000	        0.0000	        0.0000	        0.0000	        0.0000	        0.0000	        0.0000	  0.5499	  0.2287	  9.5615
2017	159	  23	 55	158.9965	  0.0000	  6.9406	 -999.0000	-999.0000	1708.8250	  0.0000	   0.0000	   0.0000	   0.0000	-450.0000	-450.0000	-450.0000	-730.2395	 27.7094	1796.5833	   4.0000	   1.0000	   1.6000	  0.3000	  0.2000	  0.1000	  0.1200	  0.1800	   0.0000	   0.0000	   0.0000	   0.0000	   0.0000	   0.0000	   0.0000	   0.0000	   0.0000	  0.2412	  0.0000	        0.0000	        0.0000	        0.0000	        0.0000	        0.0000	        0.0000	        0.0000	  0.5499	  0.2287	  9.5615
2017	161	  23	 55	160.9965	  0.0000	  8.7089	 -999.0000	-999.0000	1714.3167	  0.0000	   0.0000	   0.0000	   0.0000	-450.0000	-450.0000	-450.0000	-730.2395	 27.7094	1829.5833	   4.0000	   1.0000	   1.6000	  0.3000	  0.2000	  0.1000	  0.1200	  0.1800	   0.0000	   0.0000	   0.0000	   0.0000	   0.0000	   0.0000	   0.0000	   0.0000	   0.0000	  0.2412	  0.0000	        0.0000	        0.0000	        0.0000	        0.0000	        0.0000	        0.0000	        0.0000	  0.5499	  0.2287	  9.5615
2017	163	  23	 55	162.9965	  0.0000	  8.0374	 -999.0000	-999.0000	1723.5167	  0.0000	   0.0000	   0.0000	   0.0000	-450.0000	-450.0000	-450.0000	-730.2395	 27.7094	1863.7500	   4.0000	   1.0000	   1.6000	  0.3000	  0.2000	  0.1000	  0.1200	  0.1800	   0.0000	   0.0000	   0.0000	   0.0000	   0.0000	   0.0000	   0.0000	   0.0000	   0.0000	  0.2412	  0.0000	        0.0000	        0.0000	        0.0000	        0.0000	        0.0000	        0.0000	        0.0000	  0.5499	  0.2287	  9.5615
2017	165	  23	 55	164.9965	  0.0000	  9.6874	 -999.0000	-999.0000	1723.5167	  0.0000	   0.0000	   0.0000	   0.0000	-450.0000	-450.0000	-450.0000	-730.2395	 27.7094	1899.5833	   4.0000	   1.0000	   1.6000	  0.3000	  0.2000	  0.1000	  0.1200	  0.1800	   0.0000	   0.0000	   0.0000	   0.0000	   0.0000	   0.0000	   0.0000	   0.0000	   0.0000	  0.2412	  0.0000	        0.0000	        0.0000	        0.0000	        0.0000	        0.0000	        0.0000	        0.0000	  0.5499	  0.2287	  9.5615
2017	167	  23	 55	166.9965	  0.0000	  9.3268	 -999.0000	-999.0000	1742.0167	  0.0000	   0.0000	   0.0000	   0.0000	-450.0000	-450.0000	-450.0000	-730.2395	 27.7094	1933.0833	   4.0000	   1.0000	   1.6000	  0.3000	  0.2000	  0.1000	  0.1200	  0.1800	   0.0000	   0.0000	   0.0000	   0.0000	   0.0000	   0.0000	   0.0000	   0.0000	   0.0000	  0.2412	  0.0000	        0.0000	        0.0000	        0.0000	        0.0000	        0.0000	        0.0000	        0.0000	  0.5499	  0.2287	  9.5615
2017	169	  23	 55	168.9965	  0.0116	 12.3279	 -999.0000	-999.0000	1749.0167	  0.0000	   0.0000	   0.0000	   0.0000	-450.0000	-450.0000	-450.0000	-730.2395	 27.7094	1967.3333	   4.0000	   1.0000	   1.6000	  0.3000	  0.2000	  0.1000	  0.1200	  0.1800	   0.0000	   0.0000	   0.0000	   0.0000	   0.0000	   0.0000	   0.0000	   0.0000	   0.0000	  0.2412	  0.0000	        0.0000	        0.0000	        0.0000	        0.0000	        0.0000	        0.0000	        0.0000	  0.5499	  0.2287	  9.5615
2017	171	  23	 55	170.9965	  0.0000	 10.3898	 -999.0000	-999.0000	1749.0167	  0.0000	   0.0000	   0.0000	   0.0000	-450.0000	-450.0000	-450.0000	-730.2395	 27.7094	2002.6667	   4.0000	   1.0000	   1.6000	  0.3000	  0.2000	  0.1000	  0.1200	  0.1800	   0.0000	   0.0000	   0.0000	   0.0000	   0.0000	   0.0000	   0.0000	   0.0000	   0.0000	  0.2412	  0.0000	        0.0000	        0.0000	        0.0000	        0.0000	        0.0000	        0.0000	        0.0000	  0.5499	  0.2287	  9.5615
2017	173	  23	 55	172.9965	  0.0000	  7.4533	 -999.0000	-999.0000	1749.2167	  0.0000	   0.0000	   0.0000	   0.0000	-450.0000	-450.0000	-450.0000	-730.2395	 27.7094	2038.0000	   4.0000	   1.0000	   1.6000	  0.3000	  0.2000	  0.1000	  0.1200	  0.1800	   0.0000	   0.0000	   0.0000	   0.0000	   0.0000	   0.0000	   0.0000	   0.0000	   0.0000	  0.2412	  0.0000	        0.0000	        0.0000	        0.0000	        0.0000	        0.0000	        0.0000	        0.0000	  0.5499	  0.2287	  9.5615
2017	175	  23	 55	174.9965	  0.0000	  9.5917	 -999.0000	-999.0000	1754.7167	  0.0000	   0.0000	   0.0000	   0.0000	-450.0000	-450.0000	-450.0000	-730.2395	 27.7094	2072.1667	   4.0000	   1.0000	   1.6000	  0.3000	  0.2000	  0.1000	  0.1200	  0.1800	   0.0000	   0.0000	   0.0000	   0.0000	   0.0000	   0.0000	   0.0000	   0.0000	   0.0000	  0.2412	  0.0000	        0.0000	        0.0000	        0.0000	        0.0000	        0.0000	        0.0000	        0.0000	  0.5499	  0.2287	  9.5615
2017	177	  23	 55	176.9965	  0.0000	  8.5961	 -999.0000	-999.0000	1771.4167	  0.0000	   0.0000	   0.0000	   0.0000	-450.0000	-450.0000	-450.0000	-730.2395	 27.7094	2105.1667	   4.0000	   1.0000	   1.6000	  0.3000	  0.2000	  0.1000	  0.1200	  0.1800	   0.0000	   0.0000	   0.0000	   0.0000	   0.0000	   0.0000	   0.0000	   0.0000	   0.0000	  0.2412	  0.0000	        0.0000	        0.0000	        0.0000	        0.0000	        0.0000	        0.0000	        0.0000	  0.5499	  0.2287	  9.5615
2017	179	  23	 55	178.9965	  3.1222	 10.3850	 -999.0000	-999.0000	1774.4167	  0.0000	   0.0000	   0.0000	   0.0000	-450.0000	-450.0000	-450.0000	-730.2395	 27.7094	2140.2500	   4.0000	   1.0000	   1.6000	  0.3000	  0.2000	  0.1000	  0.1200	  0.1800	   0.0000	   0.0000	   0.0000	   0.0000	   0.0000	   0.0000	   0.0000	   0.0000	   0.0000	  0.2412	  0.0000	        0.0000	        0.0000	        0.0000	        0.0000	        0.0000	        0.0000	        0.0000	  0.5499	  0.2287	  9.5615
2017	181	  23	 55	180.9965	  0.0000	 11.4899	 -999.0000	-999.0000	1774.4167	  0.0000	   0.0000	   0.0000	   0.0000	-450.0000	-450.0000	-450.0000	-730.2395	 27.7094	2175.3333	   4.0000	   1.0000	   1.6000	  0.3000	  0.2000	  0.1000	  0.1200	  0.1800	   0.0000	   0.0000	   0.0000	   0.0000	   0.0000	   0.0000	   0.0000	   0.0000	   0.0000	  0.2412	  0.0000	        0.0000	        0.0000	        0.0000	        0.0000	        0.0000	        0.0000	        0.0000	  0.5499	  0.2287	  9.5615
2017	183	  23	 55	182.9965	  0.0000	  8.9243	 -999.0000	-999.0000	1774.4167	  0.0000	   0.0000	   0.0000	   0.0000	-450.0000	-450.0000	-450.0000	-730.2395	 27.7094	2211.0000	   4.0000	   1.0000	   1.6000	  0.3000	  0.2000	  0.1000	  0.1200	  0.1800	   0.0000	   0.0000	   0.0000	   0.0000	   0.0000	   0.0000	   0.0000	   0.0000	   0.0000	  0.2412	  0.0000	        0.0000	        0.0000	        0.0000	        0.0000	        0.0000	        0.0000	        0.0000	  0.5499	  0.2287	  9.5615
2017	185	  23	 55	184.9965	  3.5896	  8.9661	 -999.0000	-999.0000	1784.4167	  0.0000	   0.0000	   0.0000	   0.0000	-450.0000	-450.0000	-450.0000	-730.2395	 27.7094	2245.7500	   4.0000	   1.0000	   1.6000	  0.3000	  0.2000	  0.1000	  0.1200	  0.1800	   0.0000	   0.0000	   0.0000	   0.0000	   0.0000	   0.0000	   0.0000	   0.0000	   0.0000	  0.2412	  0.0000	        0.0000	        0.0000	        0.0000	        0.0000	        0.0000	        0.0000	        0.0000	  0.5499	  0.2287	  9.5615
2017	187	  23	 55	186.9965	  5.1352	 17.4565	 -999.0000	-999.0000	1795.9167	  0.0000	   0.0000	   0.0000	   0.0000	-450.0000	-450.0000	-450.0000	-730.2395	 27.7094	2280.5000	   4.0000	   1.0000	   1.6000	  0.3000	  0.2000	  0.1000	  0.1200	  0.1800	   0.0000	   0.0000	   0.0000	   0.0000	   0.0000	   0.0000	   0.0000	   0.0000	   0.0000	  0.2412	  0.0000	        0.0000	        0.0000	        0.0000	        0.0000	        0.0000	        0.0000	        0.0000	  0.5499	  0.2287	  9.5615
2017	189	  23	 55	188.9965	  0.0001	  8.8522	 -999.0000	-999.0000	1798.0167	  0.0000	   0.0000	   0.0000	   0.0000	-450.0000	-450.0000	-450.0000	-730.2395	 27.7094	2314.0000	   4.0000	   1.0000	   1.6000	  0.3000	  0.2000	  0.1000	  0.1200	  0.1800	   0.0000	   0.0000	   0.0000	   0.0000	   0.0000	   0.0000	   0.0000	   0.0000	   0.0000	  0.2412	  0.0000	        0.0000	        0.0000	        0.0000	        0.0000	        0.0000	        0.0000	        0.0000	  0.5499	  0.2287	  9.5615
2017	191	  23	 55	190.9965	  8.9275	  8.9979	 -999.0000	-999.0000	1815.5167	  0.0000	   0.0000	   0.0000	   0.0000	-450.0000	-450.0000	-450.0000	-730.2395	 27.7094	2347.7500	   4.0000	   1.0000	   1.6000	  0.3000	  0.2000	  0.1000	  0.1200	  0.1800	   0.0000	   0.0000	   0.0000	   0.0000	   0.0000	   0.0000	   0.0000	   0.0000	   0.0000	  0.2412	  0.0000	        0.0000	        0.0000	        0.0000	        0.0000	        0.0000	        0.0000	        0.0000	  0.5499	  0.2287	  9.5615
2017	193	  23	 55	192.9965	-999.0000	-999.0000	 -999.0000	-999.0000	-999.0000	-999.0000	-999.0000	-999.0000	-999.0000	-999.0000	-999.0000	-999.0000	-999.0000	-999.0000	-999.0000	-999.0000	-999.0000	-999.0000	-999.0000	-999.0000	-999.0000	-999.0000	-999.0000	-999.0000	-999.0000	-999.0000	-999.0000	-999.0000	-999.0000	-999.0000	-999.0000	-999.0000	-999.0000	-999.0000	     -999.0000	     -999.0000	     -999.0000	     -999.0000	     -999.0000	     -999.0000	     -999.0000	-999.0000	-999.0000	-999.0000
2017	195	  23	 55	194.9965	-999.0000	-999.0000	 -999.0000	-999.0000	-999.0000	-999.0000	-999.0000	-999.0000	-999.0000	-999.0000	-999.0000	-999.0000	-999.0000	-999.0000	-999.0000	-999.0000	-999.0000	-999.0000	-999.0000	-999.0000	-999.0000	-999.0000	-999.0000	-999.0000	-999.0000	-999.0000	-999.0000	-999.0000	-999.0000	-999.0000	-999.0000	-999.0000	-999.0000	-999.0000	     -999.0000	     -999.0000	     -999.0000	     -999.0000	     -999.0000	     -999.0000	     -999.0000	-999.0000	-999.0000	-999.0000
2017	197	  23	 55	196.9965	  0.0330	  9.2569	 -999.0000	-999.0000	1893.2167	  0.0000	   0.0000	   0.0000	   0.0000	-450.0000	-450.0000	-450.0000	-730.2395	 27.7094	2447.8333	   4.0000	   1.0000	   1.6000	  0.3000	  0.2000	  0.1000	  0.1200	  0.1800	   0.0000	   0.0000	   0.0000	   0.0000	   0.0000	   0.0000	   0.0000	   0.0000	   0.0000	  0.2412	  0.0000	        0.0000	        0.0000	        0.0000	        0.0000	        0.0000	        0.0000	        0.0000	  0.5499	  0.2287	  9.5615
2017	199	  23	 55	198.9965	  0.0000	 10.1449	 -999.0000	-999.0000	1893.2167	  0.0000	   0.0000	   0.0000	   0.0000	-450.0000	-450.0000	-450.0000	-730.2395	 27.7094	2482.4167	   4.0000	   1.0000	   1.6000	  0.3000	  0.2000	  0.1000	  0.1200	  0.1800	   0.0000	   0.0000	   0.0000	   0.0000	   0.0000	   0.0000	   0.0000	   0.0000	   0.0000	  0.2412	  0.0000	        0.0000	        0.0000	        0.0000	        0.0000	        0.0000	        0.0000	        0.0000	  0.5499	  0.2287	  9.5615
2017	201	  23	 55	200.9965	  0.0000	 12.8666	 -999.0000	-999.0000	1893.2167	  0.0000	   0.0000	   0.0000	   0.0000	-450.0000	-450.0000	-450.0000	-730.2395	 27.7094	2517.0833	   4.0000	   1.0000	   1.6000	  0.3000	  0.2000	  0.1000	  0.1200	  0.1800	   0.0000	   0.0000	   0.0000	   0.0000	   0.0000	   0.0000	   0.0000	   0.0000	   0.0000	  0.2412	  0.0000	        0.0000	        0.0000	        0.0000	        0.0000	        0.0000	        0.0000	        0.0000	  0.5499	  0.2287	  9.5615
2017	203	  23	 55	202.9965	-999.0000	-999.0000	 -999.0000	-999.0000	-999.0000	-999.0000	-999.0000	-999.0000	-999.0000	-999.0000	-999.0000	-999.0000	-999.0000	-999.0000	-999.0000	-999.0000	-999.0000	-999.0000	-999.0000	-999.0000	-999.0000	-999.0000	-999.0000	-999.0000	-999.0000	-999.0000	-999.0000	-999.0000	-999.0000	-999.0000	-999.0000	-999.0000	-999.0000	-999.0000	     -999.0000	     -999.0000	     -999.0000	     -999.0000	     -999.0000	     -999.0000	     -999.0000	-999.0000	-999.0000	-999.0000
2017	205	  23	 55	204.9965	 10.0381	 32.0080	 -999.0000	-999.0000	1908.3167	  0.0000	   0.0000	   0.0000	   0.0000	-450.0000	-450.0000	-450.0000	-730.2395	 27.7094	2581.4167	   4.0000	   1.0000	   1.6000	  0.3000	  0.2000	  0.1000	  0.1200	  0.1800	   0.0000	   0.0000	   0.0000	   0.0000	   0.0000	   0.0000	   0.0000	   0.0000	   0.0000	  0.2412	  0.0000	        0.0000	        0.0000	        0.0000	        0.0000	        0.0000	        0.0000	        0.0000	  0.5499	  0.2287	  9.5615
2017	207	  23	 55	206.9965	  3.8246	 11.1374	 -999.0000	-999.0000	1914.3167	  0.0000	   0.0000	   0.0000	   0.0000	-450.0000	-450.0000	-450.0000	-730.2395	 27.7094	2614.4167	   4.0000	   1.0000	   1.6000	  0.3000	  0.2000	  0.1000	  0.1200	  0.1800	   0.0000	   0.0000	   0.0000	   0.0000	   0.0000	   0.0000	   0.0000	   0.0000	   0.0000	  0.2412	  0.0000	        0.0000	        0.0000	        0.0000	        0.0000	        0.0000	        0.0000	        0.0000	  0.5499	  0.2287	  9.5615
2017	209	  23	 55	208.9965	  0.0243	 10.3128	 -999.0000	-999.0000	1937.1167	  0.0000	   0.0000	   0.0000	   0.0000	-450.0000	-450.0000	-450.0000	-730.2395	 27.7094	2646.0833	   4.0000	   1.0000	   1.6000	  0.3000	  0.2000	  0.1000	  0.1200	  0.1800	   0.0000	   0.0000	   0.0000	   0.0000	   0.0000	   0.0000	   0.0000	   0.0000	   0.0000	  0.2412	  0.0000	        0.0000	        0.0000	        0.0000	        0.0000	        0.0000	        0.0000	        0.0000	  0.5499	  0.2287	  9.5615
2017	211	  23	 55	210.9965	  0.0000	 10.3357	 -999.0000	-999.0000	1956.2167	  0.0000	   0.0000	   0.0000	   0.0000	-450.0000	-450.0000	-450.0000	-730.2395	 27.7094	2678.9167	   4.0000	   1.0000	   1.6000	  0.3000	  0.2000	  0.1000	  0.1200	  0.1800	   0.0000	   0.0000	   0.0000	   0.0000	   0.0000	   0.0000	   0.0000	   0.0000	   0.0000	  0.2412	  0.0000	        0.0000	        0.0000	        0.0000	        0.0000	        0.0000	        0.0000	        0.0000	  0.5499	  0.2287	  9.5615
2017	213	  23	 55	212.9965	  3.7332	 10.1888	 -999.0000	-999.0000	1961.7167	  0.0000	   0.0000	   0.0000	   0.0000	-450.0000	-450.0000	-450.0000	-730.2395	 27.7094	2711.2500	   4.0000	   1.0000	   1.6000	  0.3000	  0.2000	  0.1000	  0.1200	  0.1800	   0.0000	   0.0000	   0.0000	   0.0000	   0.0000	   0.0000	   0.0000	   0.0000	   0.0000	  0.2412	  0.0000	        0.0000	        0.0000	        0.0000	        0.0000	        0.0000	        0.0000	        0.0000	  0.5499	  0.2287	  9.5615
2017	215	  23	 55	214.9965	 10.7178	 17.0947	 -999.0000	-999.0000	2014.6167	  0.0000	   0.0000	   0.0000	   0.0000	-450.0000	-450.0000	-450.0000	-730.2395	 27.7094	2743.3333	   4.0000	   1.0000	   1.6000	  0.3000	  0.2000	  0.1000	  0.1200	  0.1800	   0.0000	   0.0000	   0.0000	   0.0000	   0.0000	   0.0000	   0.0000	   0.0000	   0.0000	  0.2412	  0.0000	        0.0000	        0.0000	        0.0000	        0.0000	        0.0000	        0.0000	        0.0000	  0.5499	  0.2287	  9.5615
2017	217	  23	 55	216.9965	  0.0001	 11.0769	 -999.0000	-999.0000	2019.3167	  0.0000	   0.0000	   0.0000	   0.0000	-450.0000	-450.0000	-450.0000	-730.2395	 27.7094	2774.5000	   4.0000	   1.0000	   1.6000	  0.3000	  0.2000	  0.1000	  0.1200	  0.1800	   0.0000	   0.0000	   0.0000	   0.0000	   0.0000	   0.0000	   0.0000	   0.0000	   0.0000	  0.2412	  0.0000	        0.0000	        0.0000	        0.0000	        0.0000	        0.0000	        0.0000	        0.0000	  0.5499	  0.2287	  9.5615
2017	219	  23	 55	218.9965	  0.0000	  9.9573	 -999.0000	-999.0000	2019.5167	  0.0000	   0.0000	   0.0000	   0.0000	-450.0000	-450.0000	-450.0000	-730.2395	 27.7094	2805.3333	   4.0000	   1.0000	   1.6000	  0.3000	  0.2000	  0.1000	  0.1200	  0.1800	   0.0000	   0.0000	   0.0000	   0.0000	   0.0000	   0.0000	   0.0000	   0.0000	   0.0000	  0.2412	  0.0000	        0.0000	        0.0000	        0.0000	        0.0000	        0.0000	        0.0000	        0.0000	  0.5499	  0.2287	  9.5615
2017	221	  23	 55	220.9965	  0.0000	 10.4138	 -999.0000	-999.0000	2027.8167	  0.0000	   0.0000	   0.0000	   0.0000	-450.0000	-450.0000	-450.0000	-730.2395	 27.7094	2835.1667	   4.0000	   1.0000	   1.6000	  0.3000	  0.2000	  0.1000	  0.1200	  0.1800	   0.0000	   0.0000	   0.0000	   0.0000	   0.0000	   0.0000	   0.0000	   0.0000	   0.0000	  0.2412	  0.0000	        0.0000	        0.0000	        0.0000	        0.0000	        0.0000	        0.0000	        0.0000	  0.5499	  0.2287	  9.5615
2017	223	  23	 55	222.9965	  3.1921	  9.5363	 -999.0000	-999.0000	2031.5167	  0.0000	   0.0000	   0.0000	   0.0000	-450.0000	-450.0000	-450.0000	-730.2395	 27.7094	2866.3333	   4.0000	   1.0000	   1.6000	  0.3000	  0.2000	  0.1000	  0.1200	  0.1800	   0.0000	   0.0000	   0.0000	   0.0000	   0.0000	   0.0000	   0.0000	   0.0000	   0.0000	  0.2412	  0.0000	        0.0000	        0.0000	        0.0000	        0.0000	        0.0000	        0.0000	        0.0000	  0.5499	  0.2287	  9.5615
2017	225	  23	 55	224.9965	  0.0258	  9.3864	 -999.0000	-999.0000	2056.3417	  0.0000	   0.0000	   0.0000	   0.0000	-450.0000	-450.0000	-450.0000	-730.2395	 27.7094	2894.5000	   4.0000	   1.0000	   1.6000	  0.3000	  0.2000	  0.1000	  0.1200	  0.1800	   0.0000	   0.0000	   0.0000	   0.0000	   0.0000	   0.0000	   0.0000	   0.0000	   0.0000	  0.2412	  0.0000	        0.0000	        0.0000	        0.0000	        0.0000	        0.0000	        0.0000	        0.0000	  0.5499	  0.2287	  9.5615
2017	227	  23	 55	226.9965	  0.0121	  9.9210	 -999.0000	-999.0000	2069.3083	  0.0000	   0.0000	   0.0000	   0.0000	-450.0000	-450.0000	-450.0000	-730.2395	 27.7094	2923.7500	   4.0000	   1.0000	   1.6000	  0.3000	  0.2000	  0.1000	  0.1200	  0.1800	   0.0000	   0.0000	   0.0000	   0.0000	   0.0000	   0.0000	   0.0000	   0.0000	   0.0000	  0.2412	  0.0000	        0.0000	        0.0000	        0.0000	        0.0000	        0.0000	        0.0000	        0.0000	  0.5499	  0.2287	  9.5615
2017	229	  23	 55	228.9965	  3.0358	 10.6870	 -999.0000	-999.0000	2085.4417	  0.0000	   0.0000	   0.0000	   0.0000	-450.0000	-450.0000	-450.0000	-730.2395	 27.7094	2953.1667	   4.0000	   1.0000	   1.6000	  0.3000	  0.2000	  0.1000	  0.1200	  0.1800	   0.0000	   0.0000	   0.0000	   0.0000	   0.0000	   0.0000	   0.0000	   0.0000	   0.0000	  0.2412	  0.0000	        0.0000	        0.0000	        0.0000	        0.0000	        0.0000	        0.0000	        0.0000	  0.5499	  0.2287	  9.5615
2017	231	  23	 55	230.9965	  0.0000	  9.1181	 -999.0000	-999.0000	2094.2417	  0.0000	   0.0000	   0.0000	   0.0000	-450.0000	-450.0000	-450.0000	-730.2395	 27.7094	2982.3333	   4.0000	   1.0000	   1.6000	  0.3000	  0.2000	  0.1000	  0.1200	  0.1800	   0.0000	   0.0000	   0.0000	   0.0000	   0.0000	   0.0000	   0.0000	   0.0000	   0.0000	  0.2412	  0.0000	        0.0000	        0.0000	        0.0000	        0.0000	        0.0000	        0.0000	        0.0000	  0.5499	  0.2287	  9.5615
2017	233	  23	 55	232.9965	-999.0000	-999.0000	 -999.0000	-999.0000	-999.0000	-999.0000	-999.0000	-999.0000	-999.0000	-999.0000	-999.0000	-999.0000	-999.0000	-999.0000	-999.0000	-999.0000	-999.0000	-999.0000	-999.0000	-999.0000	-999.0000	-999.0000	-999.0000	-999.0000	-999.0000	-999.0000	-999.0000	-999.0000	-999.0000	-999.0000	-999.0000	-999.0000	-999.0000	-999.0000	     -999.0000	     -999.0000	     -999.0000	     -999.0000	     -999.0000	     -999.0000	     -999.0000	-999.0000	-999.0000	-999.0000
2017	235	  23	 55	234.9965	 12.3892	  6.6044	 -999.0000	-999.0000	2170.7417	  0.0000	   0.0000	   0.0000	   0.0000	-450.0000	-450.0000	-450.0000	-730.2395	 27.7094	3040.7500	   4.0000	   1.0000	   1.6000	  0.3000	  0.2000	  0.1000	  0.1200	  0.1800	   0.0000	   0.0000	   0.0000	   0.0000	   0.0000	   0.0000	   0.0000	   0.0000	   0.0000	  0.2412	  0.0000	        0.0000	        0.0000	        0.0000	        0.0000	        0.0000	        0.0000	        0.0000	  0.5499	  0.2287	  9.5615
2017	237	  23	 55	236.9965	  0.0003	  9.7379	 -999.0000	-999.0000	2176.9417	  0.0000	   0.0000	   0.0000	   0.0000	-450.0000	-450.0000	-450.0000	-730.2395	 27.7094	3067.7500	   4.0000	   1.0000	   1.6000	  0.3000	  0.2000	  0.1000	  0.1200	  0.1800	   0.0000	   0.0000	   0.0000	   0.0000	   0.0000	   0.0000	   0.0000	   0.0000	   0.0000	  0.2412	  0.0000	        0.0000	        0.0000	        0.0000	        0.0000	        0.0000	        0.0000	        0.0000	  0.5499	  0.2287	  9.5615
2017	239	  23	 55	238.9965	  3.0072	  8.3015	 -999.0000	-999.0000	2196.7500	  0.0000	   0.0000	   0.0000	   0.0000	-450.0000	-450.0000	-450.0000	-730.2395	 27.7094	3095.0833	   4.0000	   1.0000	   1.6000	  0.3000	  0.2000	  0.1000	  0.1200	  0.1800	   0.0000	   0.0000	   0.0000	   0.0000	   0.0000	   0.0000	   0.0000	   0.0000	   0.0000	  0.2412	  0.0000	        0.0000	        0.0000	        0.0000	        0.0000	        0.0000	        0.0000	        0.0000	  0.5499	  0.2287	  9.5615
2017	241	  23	 55	240.9965	  0.0245	 12.5231	 -999.0000	-999.0000	2211.7500	  0.0000	   0.0000	   0.0000	   0.0000	-450.0000	-450.0000	-450.0000	-730.2395	 27.7094	3122.6667	   4.0000	   1.0000	   1.6000	  0.3000	  0.2000	  0.1000	  0.1200	  0.1800	   0.0000	   0.0000	   0.0000	   0.0000	   0.0000	   0.0000	   0.0000	   0.0000	   0.0000	  0.2412	  0.0000	        0.0000	        0.0000	        0.0000	        0.0000	        0.0000	        0.0000	        0.0000	  0.5499	  0.2287	  9.5615
2017	243	  23	 55	242.9965	-999.0000	-999.0000	 -999.0000	-999.0000	-999.0000	-999.0000	-999.0000	-999.0000	-999.0000	-999.0000	-999.0000	-999.0000	-999.0000	-999.0000	-999.0000	-999.0000	-999.0000	-999.0000	-999.0000	-999.0000	-999.0000	-999.0000	-999.0000	-999.0000	-999.0000	-999.0000	-999.0000	-999.0000	-999.0000	-999.0000	-999.0000	-999.0000	-999.0000	-999.0000	     -999.0000	     -999.0000	     -999.0000	     -999.0000	     -999.0000	     -999.0000	     -999.0000	-999.0000	-999.0000	-999.0000
2017	245	  23	 55	244.9965	  0.0212	  7.0358	 -999.0000	-999.0000	2228.5500	  0.0000	   0.0000	   0.0000	   0.0000	-450.0000	-450.0000	-450.0000	-730.2395	 27.7094	3177.6667	   4.0000	   1.0000	   1.6000	  0.3000	  0.2000	  0.1000	  0.1200	  0.1800	   0.0000	   0.0000	   0.0000	   0.0000	   0.0000	   0.0000	   0.0000	   0.0000	   0.0000	  0.2412	  0.0000	        0.0000	        0.0000	        0.0000	        0.0000	        0.0000	        0.0000	        0.0000	  0.5499	  0.2287	  9.5615
2017	247	  23	 55	246.9965	-999.0000	-999.0000	 -999.0000	-999.0000	-999.0000	-999.0000	-999.0000	-999.0000	-999.0000	-999.0000	-999.0000	-999.0000	-999.0000	-999.0000	-999.0000	-999.0000	-999.0000	-999.0000	-999.0000	-999.0000	-999.0000	-999.0000	-999.0000	-999.0000	-999.0000	-999.0000	-999.0000	-999.0000	-999.0000	-999.0000	-999.0000	-999.0000	-999.0000	-999.0000	     -999.0000	     -999.0000	     -999.0000	     -999.0000	     -999.0000	     -999.0000	     -999.0000	-999.0000	-999.0000	-999.0000
2017	249	  23	 55	248.9965	  0.0102	  7.2442	 -999.0000	-999.0000	2260.6500	  0.0000	   0.0000	   0.0000	   0.0000	-450.0000	-450.0000	-450.0000	-730.2395	 27.7094	3226.1667	   4.0000	   1.0000	   1.6000	  0.3000	  0.2000	  0.1000	  0.1200	  0.1800	   0.0000	   0.0000	   0.0000	   0.0000	   0.0000	   0.0000	   0.0000	   0.0000	   0.0000	  0.2412	  0.0000	        0.0000	        0.0000	        0.0000	        0.0000	        0.0000	        0.0000	        0.0000	  0.5499	  0.2287	  9.5615
2017	251	  23	 55	250.9965	  0.0123	  5.9915	 -999.0000	-999.0000	2274.1500	  0.0000	   0.0000	   0.0000	   0.0000	-450.0000	-450.0000	-450.0000	-730.2395	 27.7094	3251.4167	   4.0000	   1.0000	   1.6000	  0.3000	  0.2000	  0.1000	  0.1200	  0.1800	   0.0000	   0.0000	   0.0000	   0.0000	   0.0000	   0.0000	   0.0000	   0.0000	   0.0000	  0.2412	  0.0000	        0.0000	        0.0000	        0.0000	        0.0000	        0.0000	        0.0000	        0.0000	  0.5499	  0.2287	  9.5615
2017	253	  23	 55	252.9965	  0.0345	  7.8132	 -999.0000	-999.0000	2308.5000	  0.0000	   0.0000	   0.0000	   0.0000	-450.0000	-450.0000	-450.0000	-730.2395	 27.7094	3275.0833	   4.0000	   1.0000	   1.6000	  0.3000	  0.2000	  0.1000	  0.1200	  0.1800	   0.0000	   0.0000	   0.0000	   0.0000	   0.0000	   0.0000	   0.0000	   0.0000	   0.0000	  0.2412	  0.0000	        0.0000	        0.0000	        0.0000	        0.0000	        0.0000	        0.0000	        0.0000	  0.5499	  0.2287	  9.5615
2017	255	  23	 55	254.9965	  0.0000	  8.1618	 -999.0000	-999.0000	2323.5000	  0.0000	   0.0000	   0.0000	   0.0000	-450.0000	-450.0000	-450.0000	-730.2395	 27.7094	3300.4167	   4.0000	   1.0000	   1.6000	  0.3000	  0.2000	  0.1000	  0.1200	  0.1800	   0.0000	   0.0000	   0.0000	   0.0000	   0.0000	   0.0000	   0.0000	   0.0000	   0.0000	  0.2412	  0.0000	        0.0000	        0.0000	        0.0000	        0.0000	        0.0000	        0.0000	        0.0000	  0.5499	  0.2287	  9.5615
2017	257	  23	 55	256.9965	-999.0000	-999.0000	 -999.0000	-999.0000	-999.0000	-999.0000	-999.0000	-999.0000	-999.0000	-999.0000	-999.0000	-999.0000	-999.0000	-999.0000	-999.0000	-999.0000	-999.0000	-999.0000	-999.0000	-999.0000	-999.0000	-999.0000	-999.0000	-999.0000	-999.0000	-999.0000	-999.0000	-999.0000	-999.0000	-999.0000	-999.0000	-999.0000	-999.0000	-999.0000	     -999.0000	     -999.0000	     -999.0000	     -999.0000	     -999.0000	     -999.0000	     -999.0000	-999.0000	-999.0000	-999.0000
2017	259	  23	 55	258.9965	 12.4843	  4.4120	 -999.0000	-999.0000	2457.4917	  0.0000	   0.0000	   0.0000	   0.0000	-450.0000	-450.0000	-450.0000	-730.2395	 27.7094	3345.8333	   4.0000	   1.0000	   1.6000	  0.3000	  0.2000	  0.1000	  0.1200	  0.1800	   0.0000	   0.0000	   0.0000	   0.0000	   0.0000	   0.0000	   0.0000	   0.0000	   0.0000	  0.2412	  0.0000	        0.0000	        0.0000	        0.0000	        0.0000	        0.0000	        0.0000	        0.0000	  0.5499	  0.2287	  9.5615
2017	261	  23	 55	260.9965	  6.6115	  4.0634	 -999.0000	-999.0000	2511.0917	  0.0000	   0.0000	   0.0000	   0.0000	-450.0000	-450.0000	-450.0000	-730.2395	 27.7094	3368.0000	   4.0000	   1.0000	   1.6000	  0.3000	  0.2000	  0.1000	  0.1200	  0.1800	   0.0000	   0.0000	   0.0000	   0.0000	   0.0000	   0.0000	   0.0000	   0.0000	   0.0000	  0.2412	  0.0000	        0.0000	        0.0000	        0.0000	        0.0000	        0.0000	        0.0000	        0.0000	  0.5499	  0.2287	  9.5615
2017	263	  23	 55	262.9965	  0.0009	  3.1961	 -999.0000	-999.0000	2515.8917	  0.0000	   0.0000	   0.0000	   0.0000	-450.0000	-450.0000	-450.0000	-730.2395	 27.7094	3392.1667	   4.0000	   1.0000	   1.6000	  0.3000	  0.2000	  0.1000	  0.1200	  0.1800	   0.0000	   0.0000	   0.0000	   0.0000	   0.0000	   0.0000	   0.0000	   0.0000	   0.0000	  0.2412	  0.0000	        0.0000	        0.0000	        0.0000	        0.0000	        0.0000	        0.0000	        0.0000	  0.5499	  0.2287	  9.5615
2017	265	  23	 55	264.9965	  9.2110	  7.2382	 -999.0000	-999.0000	2535.1583	  0.0000	   0.0000	   0.0000	   0.0000	-450.0000	-450.0000	-450.0000	-730.2395	 27.7094	3413.7500	   4.0000	   1.0000	   1.6000	  0.3000	  0.2000	  0.1000	  0.1200	  0.1800	   0.0000	   0.0000	   0.0000	   0.0000	   0.0000	   0.0000	   0.0000	   0.0000	   0.0000	  0.2412	  0.0000	        0.0000	        0.0000	        0.0000	        0.0000	        0.0000	        0.0000	        0.0000	  0.5499	  0.2287	  9.5615
2017	267	  23	 55	266.9965	  3.3723	  8.0672	 -999.0000	-999.0000	2547.6583	  0.0000	   0.0000	   0.0000	   0.0000	-450.0000	-450.0000	-450.0000	-730.2395	 27.7094	3437.4167	   4.0000	   1.0000	   1.6000	  0.3000	  0.2000	  0.1000	  0.1200	  0.1800	   0.0000	   0.0000	   0.0000	   0.0000	   0.0000	   0.0000	   0.0000	   0.0000	   0.0000	  0.2412	  0.0000	        0.0000	        0.0000	        0.0000	        0.0000	        0.0000	        0.0000	        0.0000	  0.5499	  0.2287	  9.5615
2017	269	  23	 55	268.9965	  0.0000	  7.6842	 -999.0000	-999.0000	2547.6583	  0.0000	   0.0000	   0.0000	   0.0000	-450.0000	-450.0000	-450.0000	-730.2395	 27.7094	3461.0833	   4.0000	   1.0000	   1.6000	  0.3000	  0.2000	  0.1000	  0.1200	  0.1800	   0.0000	   0.0000	   0.0000	   0.0000	   0.0000	   0.0000	   0.0000	   0.0000	   0.0000	  0.2412	  0.0000	        0.0000	        0.0000	        0.0000	        0.0000	        0.0000	        0.0000	        0.0000	  0.5499	  0.2287	  9.5615
2017	271	  23	 55	270.9965	  0.0000	  6.7373	 -999.0000	-999.0000	2547.8583	  0.0000	   0.0000	   0.0000	   0.0000	-450.0000	-450.0000	-450.0000	-730.2395	 27.7094	3484.8333	   4.0000	   1.0000	   1.6000	  0.3000	  0.2000	  0.1000	  0.1200	  0.1800	   0.0000	   0.0000	   0.0000	   0.0000	   0.0000	   0.0000	   0.0000	   0.0000	   0.0000	  0.2412	  0.0000	        0.0000	        0.0000	        0.0000	        0.0000	        0.0000	        0.0000	        0.0000	  0.5499	  0.2287	  9.5615
2017	273	  23	 55	272.9965	  0.0000	  5.4273	 -999.0000	-999.0000	2547.8583	  0.0000	   0.0000	   0.0000	   0.0000	-450.0000	-450.0000	-450.0000	-730.2395	 27.7094	3507.5000	   4.0000	   1.0000	   1.6000	  0.3000	  0.2000	  0.1000	  0.1200	  0.1800	   0.0000	   0.0000	   0.0000	   0.0000	   0.0000	   0.0000	   0.0000	   0.0000	   0.0000	  0.2412	  0.0000	        0.0000	        0.0000	        0.0000	        0.0000	        0.0000	        0.0000	        0.0000	  0.5499	  0.2287	  9.5615
2017	275	  23	 55	274.9965	  0.0000	  6.0692	 -999.0000	-999.0000	2572.6583	  0.0000	   0.0000	   0.0000	   0.0000	-450.0000	-450.0000	-450.0000	-730.2395	 27.7094	3527.5000	   4.0000	   1.0000	   1.6000	  0.3000	  0.2000	  0.1000	  0.1200	  0.1800	   0.0000	   0.0000	   0.0000	   0.0000	   0.0000	   0.0000	   0.0000	   0.0000	   0.0000	  0.2412	  0.0000	        0.0000	        0.0000	        0.0000	        0.0000	        0.0000	        0.0000	        0.0000	  0.5499	  0.2287	  9.5615
2017	277	  23	 55	276.9965	  0.0000	  3.7767	 -999.0000	-999.0000	2590.5583	  0.0000	   0.0000	   0.0000	   0.0000	-450.0000	-450.0000	-450.0000	-730.2395	 27.7094	3548.6667	   4.0000	   1.0000	   1.6000	  0.3000	  0.2000	  0.1000	  0.1200	  0.1800	   0.0000	   0.0000	   0.0000	   0.0000	   0.0000	   0.0000	   0.0000	   0.0000	   0.0000	  0.2412	  0.0000	        0.0000	        0.0000	        0.0000	        0.0000	        0.0000	        0.0000	        0.0000	  0.5499	  0.2287	  9.5615
2017	279	  23	 55	278.9965	-999.0000	-999.0000	 -999.0000	-999.0000	-999.0000	-999.0000	-999.0000	-999.0000	-999.0000	-999.0000	-999.0000	-999.0000	-999.0000	-999.0000	-999.0000	-999.0000	-999.0000	-999.0000	-999.0000	-999.0000	-999.0000	-999.0000	-999.0000	-999.0000	-999.0000	-999.0000	-999.0000	-999.0000	-999.0000	-999.0000	-999.0000	-999.0000	-999.0000	-999.0000	     -999.0000	     -999.0000	     -999.0000	     -999.0000	     -999.0000	     -999.0000	     -999.0000	-999.0000	-999.0000	-999.0000
2017	281	  23	 55	280.9965	-999.0000	-999.0000	 -999.0000	-999.0000	-999.0000	-999.0000	-999.0000	-999.0000	-999.0000	-999.0000	-999.0000	-999.0000	-999.0000	-999.0000	-999.0000	-999.0000	-999.0000	-999.0000	-999.0000	-999.0000	-999.0000	-999.0000	-999.0000	-999.0000	-999.0000	-999.0000	-999.0000	-999.0000	-999.0000	-999.0000	-999.0000	-999.0000	-999.0000	-999.0000	     -999.0000	     -999.0000	     -999.0000	     -999.0000	     -999.0000	     -999.0000	     -999.0000	-999.0000	-999.0000	-999.0000
2017	283	  23	 55	282.9965	 13.6140	  1.9752	 -999.0000	-999.0000	2828.7583	  0.0000	   0.0000	   0.0000	   0.0000	-450.0000	-450.0000	-450.0000	-730.2395	 27.7094	3608.0833	   4.0000	   1.0000	   1.6000	  0.3000	  0.2000	  0.1000	  0.1200	  0.1800	   0.0000	   0.0000	   0.0000	   0.0000	   0.0000	   0.0000	   0.0000	   0.0000	   0.0000	  0.2412	  0.0000	        0.0000	        0.0000	        0.0000	        0.0000	        0.0000	        0.0000	        0.0000	  0.5499	  0.2287	  9.5615
2017	285	  23	 55	284.9965	  0.0247	  5.6029	 -999.0000	-999.0000	2867.7583	  0.0000	   0.0000	   0.0000	   0.0000	-450.0000	-450.0000	-450.0000	-730.2395	 27.7094	3626.8333	   4.0000	   1.0000	   1.6000	  0.3000	  0.2000	  0.1000	  0.1200	  0.1800	   0.0000	   0.0000	   0.0000	   0.0000	   0.0000	   0.0000	   0.0000	   0.0000	   0.0000	  0.2412	  0.0000	        0.0000	        0.0000	        0.0000	        0.0000	        0.0000	        0.0000	        0.0000	  0.5499	  0.2287	  9.5615
2017	287	  23	 55	286.9965	  0.0371	  7.1695	 -999.0000	-999.0000	2905.9583	  0.0000	   0.0000	   0.0000	   0.0000	-450.0000	-450.0000	-450.0000	-730.2395	 27.7094	3644.5000	   4.0000	   1.0000	   1.6000	  0.3000	  0.2000	  0.1000	  0.1200	  0.1800	   0.0000	   0.0000	   0.0000	   0.0000	   0.0000	   0.0000	   0.0000	   0.0000	   0.0000	  0.2412	  0.0000	        0.0000	        0.0000	        0.0000	        0.0000	        0.0000	        0.0000	        0.0000	  0.5499	  0.2287	  9.5615
2017	289	  23	 55	288.9965	  0.0000	  6.9023	 -999.0000	-999.0000	2906.2333	  0.0000	   0.0000	   0.0000	   0.0000	-450.0000	-450.0000	-450.0000	-730.2395	 27.7094	3664.3333	   4.0000	   1.0000	   1.6000	  0.3000	  0.2000	  0.1000	  0.1200	  0.1800	   0.0000	   0.0000	   0.0000	   0.0000	   0.0000	   0.0000	   0.0000	   0.0000	   0.0000	  0.2412	  0.0000	        0.0000	        0.0000	        0.0000	        0.0000	        0.0000	        0.0000	        0.0000	  0.5499	  0.2287	  9.5615
2017	291	  23	 55	290.9965	  0.6647	  2.8225	 -999.0000	-999.0000	2907.1583	  0.0000	   0.0000	   0.0000	   0.0000	-450.0000	-450.0000	-450.0000	-730.2395	 27.7094	3684.3333	   4.0000	   1.0000	   1.6000	  0.3000	  0.2000	  0.1000	  0.1200	  0.1800	   0.0000	   0.0000	   0.0000	   0.0000	   0.0000	   0.0000	   0.0000	   0.0000	   0.0000	  0.2412	  0.0000	        0.0000	        0.0000	        0.0000	        0.0000	        0.0000	        0.0000	        0.0000	  0.5499	  0.2287	  9.5615
2017	293	  23	 55	292.9965	  0.3973	  2.8186	 -999.0000	-999.0000	2908.8583	  0.0000	   0.0000	   0.0000	   0.0000	-450.0000	-450.0000	-450.0000	-730.2395	 27.7094	3702.5833	   4.0000	   1.0000	   1.6000	  0.3000	  0.2000	  0.1000	  0.1200	  0.1800	   0.0000	   0.0000	   0.0000	   0.0000	   0.0000	   0.0000	   0.0000	   0.0000	   0.0000	  0.2412	  0.0000	        0.0000	        0.0000	        0.0000	        0.0000	        0.0000	        0.0000	        0.0000	  0.5499	  0.2287	  9.5615
2017	295	  23	 55	294.9965	  0.0000	  1.6355	 -999.0000	-999.0000	2923.2583	  0.0000	   0.0000	   0.0000	   0.0000	-450.0000	-450.0000	-450.0000	-730.2395	 27.7094	3718.7500	   4.0000	   1.0000	   1.6000	  0.3000	  0.2000	  0.1000	  0.1200	  0.1800	   0.0000	   0.0000	   0.0000	   0.0000	   0.0000	   0.0000	   0.0000	   0.0000	   0.0000	  0.2412	  0.0000	        0.0000	        0.0000	        0.0000	        0.0000	        0.0000	        0.0000	        0.0000	  0.5499	  0.2287	  9.5615
2017	297	  23	 55	296.9965	  1.9238	  0.1296	 -999.0000	-999.0000	2940.6417	  0.0000	   0.0000	   0.0000	   0.0000	-450.0000	-450.0000	-450.0000	-730.2395	 27.7094	3735.7500	   4.0000	   1.0000	   1.6000	  0.3000	  0.2000	  0.1000	  0.1200	  0.1800	   0.0000	   0.0000	   0.0000	   0.0000	   0.0000	   0.0000	   0.0000	   0.0000	   0.0000	  0.2412	  0.0000	        0.0000	        0.0000	        0.0000	        0.0000	        0.0000	        0.0000	        0.0000	  0.5499	  0.2287	  9.5615
2017	299	  23	 55	298.9965	  0.8582	  4.6696	 -999.0000	-999.0000	2968.5917	  0.0000	   0.0000	   0.0000	   0.0000	-450.0000	-450.0000	-450.0000	-730.2395	 27.7094	3753.6667	   4.0000	   1.0000	   1.6000	  0.3000	  0.2000	  0.1000	  0.1200	  0.1800	   0.0000	   0.0000	   0.0000	   0.0000	   0.0000	   0.0000	   0.0000	   0.0000	   0.0000	  0.2412	  0.0000	        0.0000	        0.0000	        0.0000	        0.0000	        0.0000	        0.0000	        0.0000	  0.5499	  0.2287	  9.5615
2017	301	  23	 55	300.9965	  0.1305	  3.8680	 -999.0000	-999.0000	2970.7667	  0.0000	   0.0000	   0.0000	   0.0000	-450.0000	-450.0000	-450.0000	-730.2395	 27.7094	3771.4167	   4.0000	   1.0000	   1.6000	  0.3000	  0.2000	  0.1000	  0.1200	  0.1800	   0.0000	   0.0000	   0.0000	   0.0000	   0.0000	   0.0000	   0.0000	   0.0000	   0.0000	  0.2412	  0.0000	        0.0000	        0.0000	        0.0000	        0.0000	        0.0000	        0.0000	        0.0000	  0.5499	  0.2287	  9.5615
2017	303	  23	 55	302.9965	-999.0000	-999.0000	 -999.0000	-999.0000	-999.0000	-999.0000	-999.0000	-999.0000	-999.0000	-999.0000	-999.0000	-999.0000	-999.0000	-999.0000	-999.0000	-999.0000	-999.0000	-999.0000	-999.0000	-999.0000	-999.0000	-999.0000	-999.0000	-999.0000	-999.0000	-999.0000	-999.0000	-999.0000	-999.0000	-999.0000	-999.0000	-999.0000	-999.0000	-999.0000	     -999.0000	     -999.0000	     -999.0000	     -999.0000	     -999.0000	     -999.0000	     -999.0000	-999.0000	-999.0000	-999.0000
2017	305	  23	 55	304.9965	  0.0896	  3.9121	 -999.0000	-999.0000	3046.8917	  0.0000	   0.0000	   0.0000	   0.0000	-450.0000	-450.0000	-450.0000	-730.2395	 27.7094	3803.0000	   4.0000	   1.0000	   1.6000	  0.3000	  0.2000	  0.1000	  0.1200	  0.1800	   0.0000	   0.0000	   0.0000	   0.0000	   0.0000	   0.0000	   0.0000	   0.0000	   0.0000	  0.2412	  0.0000	        0.0000	        0.0000	        0.0000	        0.0000	        0.0000	        0.0000	        0.0000	  0.5499	  0.2287	  9.5615
2017	307	  23	 55	306.9965	 14.2033	  3.9826	 -999.0000	-999.0000	3079.6917	  0.0000	   0.0000	   0.0000	   0.0000	-450.0000	-450.0000	-450.0000	-730.2395	 27.7094	3819.9167	   4.0000	   1.0000	   1.6000	  0.3000	  0.2000	  0.1000	  0.1200	  0.1800	   0.0000	   0.0000	   0.0000	   0.0000	   0.0000	   0.0000	   0.0000	   0.0000	   0.0000	  0.2412	  0.0000	        0.0000	        0.0000	        0.0000	        0.0000	        0.0000	        0.0000	        0.0000	  0.5499	  0.2287	  9.5615
2017	309	  23	 55	308.9965	  0.2287	  1.8659	 -999.0000	-999.0000	3083.9917	  0.0000	   0.0000	   0.0000	   0.0000	-450.0000	-450.0000	-450.0000	-730.2395	 27.7094	3834.5833	   4.0000	   1.0000	   1.6000	  0.3000	  0.2000	  0.1000	  0.1200	  0.1800	   0.0000	   0.0000	   0.0000	   0.0000	   0.0000	   0.0000	   0.0000	   0.0000	   0.0000	  0.2412	  0.0000	        0.0000	        0.0000	        0.0000	        0.0000	        0.0000	        0.0000	        0.0000	  0.5499	  0.2287	  9.5615
2017	311	  23	 55	310.9965	 21.0369	  1.2709	 -999.0000	-999.0000	3141.9917	  0.0000	   0.0000	   0.0000	   0.0000	-450.0000	-450.0000	-450.0000	-730.2395	 27.7094	3852.0000	   4.0000	   1.0000	   1.6000	  0.3000	  0.2000	  0.1000	  0.1200	  0.1800	   0.0000	   0.0000	   0.0000	   0.0000	   0.0000	   0.0000	   0.0000	   0.0000	   0.0000	  0.2412	  0.0000	        0.0000	        0.0000	        0.0000	        0.0000	        0.0000	        0.0000	        0.0000	  0.5499	  0.2287	  9.5615
2017	313	  23	 55	312.9965	  0.2926	  1.0141	 -999.0000	-999.0000	3167.8833	  0.0000	   0.0000	   0.0000	   0.0000	-450.0000	-450.0000	-450.0000	-730.2395	 27.7094	3865.1667	   4.0000	   1.0000	   1.6000	  0.3000	  0.2000	  0.1000	  0.1200	  0.1800	   0.0000	   0.0000	   0.0000	   0.0000	   0.0000	   0.0000	   0.0000	   0.0000	   0.0000	  0.2412	  0.0000	        0.0000	        0.0000	        0.0000	        0.0000	        0.0000	        0.0000	        0.0000	  0.5499	  0.2287	  9.5615
2017	315	  23	 55	314.9965	-999.0000	-999.0000	 -999.0000	-999.0000	-999.0000	-999.0000	-999.0000	-999.0000	-999.0000	-999.0000	-999.0000	-999.0000	-999.0000	-999.0000	-999.0000	-999.0000	-999.0000	-999.0000	-999.0000	-999.0000	-999.0000	-999.0000	-999.0000	-999.0000	-999.0000	-999.0000	-999.0000	-999.0000	-999.0000	-999.0000	-999.0000	-999.0000	-999.0000	-999.0000	     -999.0000	     -999.0000	     -999.0000	     -999.0000	     -999.0000	     -999.0000	     -999.0000	-999.0000	-999.0000	-999.0000
2017	317	  23	 55	316.9965	 66.1231	  0.2220	 -999.0000	-999.0000	3368.2917	  0.0000	   0.0000	   0.0000	   0.0000	-450.0000	-450.0000	-450.0000	-730.2395	 27.7094	3890.3333	   4.0000	   1.0000	   1.6000	  0.3000	  0.2000	  0.1000	  0.1200	  0.1800	   0.0000	   0.0000	   0.0000	   0.0000	   0.0000	   0.0000	   0.0000	   0.0000	   0.0000	  0.2412	  0.0000	        0.0000	        0.0000	        0.0000	        0.0000	        0.0000	        0.0000	        0.0000	  0.5499	  0.2287	  9.5615
2017	319	  23	 55	318.9965	 21.9917	  0.8115	 -999.0000	-999.0000	3422.2167	  0.0000	   0.0000	   0.0000	   0.0000	-450.0000	-450.0000	-450.0000	-730.2395	 27.7094	3905.4167	   4.0000	   1.0000	   1.6000	  0.3000	  0.2000	  0.1000	  0.1200	  0.1800	   0.0000	   0.0000	   0.0000	   0.0000	   0.0000	   0.0000	   0.0000	   0.0000	   0.0000	  0.2412	  0.0000	        0.0000	        0.0000	        0.0000	        0.0000	        0.0000	        0.0000	        0.0000	  0.5499	  0.2287	  9.5615
2017	321	  23	 55	320.9965	  0.0922	  0.8088	 -999.0000	-999.0000	3443.4167	  0.0000	   0.0000	   0.0000	   0.0000	-450.0000	-450.0000	-450.0000	-730.2395	 27.7094	3919.0833	   4.0000	   1.0000	   1.6000	  0.3000	  0.2000	  0.1000	  0.1200	  0.1800	   0.0000	   0.0000	   0.0000	   0.0000	   0.0000	   0.0000	   0.0000	   0.0000	   0.0000	  0.2412	  0.0000	        0.0000	        0.0000	        0.0000	        0.0000	        0.0000	        0.0000	        0.0000	  0.5499	  0.2287	  9.5615
2017	323	  23	 55	322.9965	-999.0000	-999.0000	 -999.0000	-999.0000	-999.0000	-999.0000	-999.0000	-999.0000	-999.0000	-999.0000	-999.0000	-999.0000	-999.0000	-999.0000	-999.0000	-999.0000	-999.0000	-999.0000	-999.0000	-999.0000	-999.0000	-999.0000	-999.0000	-999.0000	-999.0000	-999.0000	-999.0000	-999.0000	-999.0000	-999.0000	-999.0000	-999.0000	-999.0000	-999.0000	     -999.0000	     -999.0000	     -999.0000	     -999.0000	     -999.0000	     -999.0000	     -999.0000	-999.0000	-999.0000	-999.0000
2017	325	  23	 55	324.9965	 11.0928	  0.0000	 -999.0000	-999.0000	3555.2167	  0.0000	   0.0000	   0.0000	   0.0000	-450.0000	-450.0000	-450.0000	-730.2395	 27.7094	3946.1667	   4.0000	   1.0000	   1.6000	  0.3000	  0.2000	  0.1000	  0.1200	  0.1800	   0.0000	   0.0000	   0.0000	   0.0000	   0.0000	   0.0000	   0.0000	   0.0000	   0.0000	  0.2412	  0.0000	        0.0000	        0.0000	        0.0000	        0.0000	        0.0000	        0.0000	        0.0000	  0.5499	  0.2287	  9.5615
2017	327	  23	 55	326.9965	  0.0193	  1.7817	 -999.0000	-999.0000	3573.1167	  0.0000	   0.0000	   0.0000	   0.0000	-450.0000	-450.0000	-450.0000	-730.2395	 27.7094	3956.5833	   4.0000	   1.0000	   1.6000	  0.3000	  0.2000	  0.1000	  0.1200	  0.1800	   0.0000	   0.0000	   0.0000	   0.0000	   0.0000	   0.0000	   0.0000	   0.0000	   0.0000	  0.2412	  0.0000	        0.0000	        0.0000	        0.0000	        0.0000	        0.0000	        0.0000	        0.0000	  0.5499	  0.2287	  9.5615
2017	329	  23	 55	328.9965	 14.9900	  0.1050	 -999.0000	-999.0000	3590.6167	  0.0000	   0.0000	   0.0000	   0.0000	-450.0000	-450.0000	-450.0000	-730.2395	 27.7094	3971.0833	   4.0000	   1.0000	   1.6000	  0.3000	  0.2000	  0.1000	  0.1200	  0.1800	   0.0000	   0.0000	   0.0000	   0.0000	   0.0000	   0.0000	   0.0000	   0.0000	   0.0000	  0.2412	  0.0000	        0.0000	        0.0000	        0.0000	        0.0000	        0.0000	        0.0000	        0.0000	  0.5499	  0.2287	  9.5615
2017	331	  23	 55	330.9965	  3.3615	  0.0000	 -999.0000	-999.0000	3609.5667	  0.0000	   0.0000	   0.0000	   0.0000	-450.0000	-450.0000	-450.0000	-730.2395	 27.7094	3983.1667	   4.0000	   1.0000	   1.6000	  0.3000	  0.2000	  0.1000	  0.1200	  0.1800	   0.0000	   0.0000	   0.0000	   0.0000	   0.0000	   0.0000	   0.0000	   0.0000	   0.0000	  0.2412	  0.0000	        0.0000	        0.0000	        0.0000	        0.0000	        0.0000	        0.0000	        0.0000	  0.5499	  0.2287	  9.5615
2017	333	  23	 55	332.9965	-999.0000	-999.0000	 -999.0000	-999.0000	-999.0000	-999.0000	-999.0000	-999.0000	-999.0000	-999.0000	-999.0000	-999.0000	-999.0000	-999.0000	-999.0000	-999.0000	-999.0000	-999.0000	-999.0000	-999.0000	-999.0000	-999.0000	-999.0000	-999.0000	-999.0000	-999.0000	-999.0000	-999.0000	-999.0000	-999.0000	-999.0000	-999.0000	-999.0000	-999.0000	     -999.0000	     -999.0000	     -999.0000	     -999.0000	     -999.0000	     -999.0000	     -999.0000	-999.0000	-999.0000	-999.0000
2017	335	  23	 55	334.9965	 13.3069	  0.0000	 -999.0000	-999.0000	3696.7667	  0.0000	   0.0000	   0.0000	   0.0000	-450.0000	-450.0000	-450.0000	-730.2395	 27.7094	4005.8333	   4.0000	   1.0000	   1.6000	  0.3000	  0.2000	  0.1000	  0.1200	  0.1800	   0.0000	   0.0000	   0.0000	   0.0000	   0.0000	   0.0000	   0.0000	   0.0000	   0.0000	  0.2412	  0.0000	        0.0000	        0.0000	        0.0000	        0.0000	        0.0000	        0.0000	        0.0000	  0.5499	  0.2287	  9.5615
2017	337	  23	 55	336.9965	-999.0000	-999.0000	 -999.0000	-999.0000	-999.0000	-999.0000	-999.0000	-999.0000	-999.0000	-999.0000	-999.0000	-999.0000	-999.0000	-999.0000	-999.0000	-999.0000	-999.0000	-999.0000	-999.0000	-999.0000	-999.0000	-999.0000	-999.0000	-999.0000	-999.0000	-999.0000	-999.0000	-999.0000	-999.0000	-999.0000	-999.0000	-999.0000	-999.0000	-999.0000	     -999.0000	     -999.0000	     -999.0000	     -999.0000	     -999.0000	     -999.0000	     -999.0000	-999.0000	-999.0000	-999.0000
2017	339	  23	 55	338.9965	  4.6488	  1.2209	 -999.0000	-999.0000	3882.1333	  0.0000	   0.0000	   0.0000	   0.0000	-450.0000	-450.0000	-450.0000	-730.2395	 27.7094	4025.2500	   4.0000	   1.0000	   1.6000	  0.3000	  0.2000	  0.1000	  0.1200	  0.1800	   0.0000	   0.0000	   0.0000	   0.0000	   0.0000	   0.0000	   0.0000	   0.0000	   0.0000	  0.2412	  0.0000	        0.0000	        0.0000	        0.0000	        0.0000	        0.0000	        0.0000	        0.0000	  0.5499	  0.2287	  9.5615
2017	341	  23	 55	340.9965	  0.0719	  0.4534	 -999.0000	-999.0000	3900.4667	  0.0000	   0.0000	   0.0000	   0.0000	-450.0000	-450.0000	-450.0000	-730.2395	 27.7094	4029.9167	   4.0000	   1.0000	   1.6000	  0.3000	  0.2000	  0.1000	  0.1200	  0.1800	   0.0000	   0.0000	   0.0000	   0.0000	   0.0000	   0.0000	   0.0000	   0.0000	   0.0000	  0.2412	  0.0000	        0.0000	        0.0000	        0.0000	        0.0000	        0.0000	        0.0000	        0.0000	  0.5499	  0.2287	  9.5615
2017	343	  23	 55	342.9965	  3.4959	  0.0000	 -999.0000	-999.0000	3901.0667	  0.0000	   0.0000	   0.0000	   0.0000	-450.0000	-450.0000	-450.0000	-730.2395	 27.7094	4043.4167	   4.0000	   1.0000	   1.6000	  0.3000	  0.2000	  0.1000	  0.1200	  0.1800	   0.0000	   0.0000	   0.0000	   0.0000	   0.0000	   0.0000	   0.0000	   0.0000	   0.0000	  0.2412	  0.0000	        0.0000	        0.0000	        0.0000	        0.0000	        0.0000	        0.0000	        0.0000	  0.5499	  0.2287	  9.5615
2017	345	  23	 55	344.9965	 11.1717	  0.0000	 -999.0000	-999.0000	3914.7000	  0.0000	   0.0000	   0.0000	   0.0000	-450.0000	-450.0000	-450.0000	-730.2395	 27.7094	4054.8333	   4.0000	   1.0000	   1.6000	  0.3000	  0.2000	  0.1000	  0.1200	  0.1800	   0.0000	   0.0000	   0.0000	   0.0000	   0.0000	   0.0000	   0.0000	   0.0000	   0.0000	  0.2412	  0.0000	        0.0000	        0.0000	        0.0000	        0.0000	        0.0000	        0.0000	        0.0000	  0.5499	  0.2287	  9.5615
2017	347	  23	 55	346.9965	  4.8840	  0.0000	 -999.0000	-999.0000	3973.2167	  0.0000	   0.0000	   0.0000	   0.0000	-450.0000	-450.0000	-450.0000	-730.2395	 27.7094	4062.0833	   4.0000	   1.0000	   1.6000	  0.3000	  0.2000	  0.1000	  0.1200	  0.1800	   0.0000	   0.0000	   0.0000	   0.0000	   0.0000	   0.0000	   0.0000	   0.0000	   0.0000	  0.2412	  0.0000	        0.0000	        0.0000	        0.0000	        0.0000	        0.0000	        0.0000	        0.0000	  0.5499	  0.2287	  9.5615
2017	349	  23	 55	348.9965	-999.0000	-999.0000	 -999.0000	-999.0000	-999.0000	-999.0000	-999.0000	-999.0000	-999.0000	-999.0000	-999.0000	-999.0000	-999.0000	-999.0000	-999.0000	-999.0000	-999.0000	-999.0000	-999.0000	-999.0000	-999.0000	-999.0000	-999.0000	-999.0000	-999.0000	-999.0000	-999.0000	-999.0000	-999.0000	-999.0000	-999.0000	-999.0000	-999.0000	-999.0000	     -999.0000	     -999.0000	     -999.0000	     -999.0000	     -999.0000	     -999.0000	     -999.0000	-999.0000	-999.0000	-999.0000
2017	351	  23	 55	350.9965	 15.2416	  0.0000	 -999.0000	-999.0000	4099.4083	  0.0000	   0.0000	   0.0000	   0.0000	-450.0000	-450.0000	-450.0000	-730.2395	 27.7094	4079.4167	   4.0000	   1.0000	   1.6000	  0.3000	  0.2000	  0.1000	  0.1200	  0.1800	   0.0000	   0.0000	   0.0000	   0.0000	   0.0000	   0.0000	   0.0000	   0.0000	   0.0000	  0.2412	  0.0000	        0.0000	        0.0000	        0.0000	        0.0000	        0.0000	        0.0000	        0.0000	  0.5499	  0.2287	  9.5615
2017	353	  23	 55	352.9965	 26.7081	  0.0000	 -999.0000	-999.0000	4149.5083	  0.0000	   0.0000	   0.0000	   0.0000	-450.0000	-450.0000	-450.0000	-730.2395	 27.7094	4089.4167	   4.0000	   1.0000	   1.6000	  0.3000	  0.2000	  0.1000	  0.1200	  0.1800	   0.0000	   0.0000	   0.0000	   0.0000	   0.0000	   0.0000	   0.0000	   0.0000	   0.0000	  0.2412	  0.0000	        0.0000	        0.0000	        0.0000	        0.0000	        0.0000	        0.0000	        0.0000	  0.5499	  0.2287	  9.5615
2017	355	  23	 55	354.9965	  8.3030	  0.0510	 -999.0000	-999.0000	4166.2083	  0.0000	   0.0000	   0.0000	   0.0000	-450.0000	-450.0000	-450.0000	-730.2395	 27.7094	4099.6667	   4.0000	   1.0000	   1.6000	  0.3000	  0.2000	  0.1000	  0.1200	  0.1800	   0.0000	   0.0000	   0.0000	   0.0000	   0.0000	   0.0000	   0.0000	   0.0000	   0.0000	  0.2412	  0.0000	        0.0000	        0.0000	        0.0000	        0.0000	        0.0000	        0.0000	        0.0000	  0.5499	  0.2287	  9.5615
2017	357	  23	 55	356.9965	  0.0737	  1.9149	 -999.0000	-999.0000	4172.1083	  0.0000	   0.0000	   0.0000	   0.0000	-450.0000	-450.0000	-450.0000	-730.2395	 27.7094	4110.9167	   4.0000	   1.0000	   1.6000	  0.3000	  0.2000	  0.1000	  0.1200	  0.1800	   0.0000	   0.0000	   0.0000	   0.0000	   0.0000	   0.0000	   0.0000	   0.0000	   0.0000	  0.2412	  0.0000	        0.0000	        0.0000	        0.0000	        0.0000	        0.0000	        0.0000	        0.0000	  0.5499	  0.2287	  9.5615
2017	359	  23	 55	358.9965	  0.5305	  0.3883	 -999.0000	-999.0000	4208.4917	  0.0000	   0.0000	   0.0000	   0.0000	-450.0000	-450.0000	-450.0000	-730.2395	 27.7094	4116.5000	   4.0000	   1.0000	   1.6000	  0.3000	  0.2000	  0.1000	  0.1200	  0.1800	   0.0000	   0.0000	   0.0000	   0.0000	   0.0000	   0.0000	   0.0000	   0.0000	   0.0000	  0.2412	  0.0000	        0.0000	        0.0000	        0.0000	        0.0000	        0.0000	        0.0000	        0.0000	  0.5499	  0.2287	  9.5615
2017	361	  23	 55	360.9965	  3.2735	  0.0000	 -999.0000	-999.0000	4218.6583	  0.0000	   0.0000	   0.0000	   0.0000	-450.0000	-450.0000	-450.0000	-730.2395	 27.7094	4122.1667	   4.0000	   1.0000	   1.6000	  0.3000	  0.2000	  0.1000	  0.1200	  0.1800	   0.0000	   0.0000	   0.0000	   0.0000	   0.0000	   0.0000	   0.0000	   0.0000	   0.0000	  0.2412	  0.0000	        0.0000	        0.0000	        0.0000	        0.0000	        0.0000	        0.0000	        0.0000	  0.5499	  0.2287	  9.5615
2017	363	  23	 55	362.9965	  4.3116	  0.0000	 -999.0000	-999.0000	4227.9083	  0.0000	   0.0000	   0.0000	   0.0000	-450.0000	-450.0000	-450.0000	-730.2395	 27.7094	4132.1667	   4.0000	   1.0000	   1.6000	  0.3000	  0.2000	  0.1000	  0.1200	  0.1800	   0.0000	   0.0000	   0.0000	   0.0000	   0.0000	   0.0000	   0.0000	   0.0000	   0.0000	  0.2412	  0.0000	        0.0000	        0.0000	        0.0000	        0.0000	        0.0000	        0.0000	        0.0000	  0.5499	  0.2287	  9.5615
2017	365	  23	 55	364.9965	  4.7160	  0.0000	 -999.0000	-999.0000	4246.2083	  0.0000	   0.0000	   0.0000	   0.0000	-450.0000	-450.0000	-450.0000	-730.2395	 27.7094	4139.0833	   4.0000	   1.0000	   1.6000	  0.3000	  0.2000	  0.1000	  0.1200	  0.1800	   0.0000	   0.0000	   0.0000	   0.0000	   0.0000	   0.0000	   0.0000	   0.0000	   0.0000	  0.2412	  0.0000	        0.0000	        0.0000	        0.0000	        0.0000	        0.0000	        0.0000	        0.0000	  0.5499	  0.2287	  9.5615
