Year	DOY	Hour	Min	 Dectime	  HDD1_h	  HDD2_c	HDD3_Tmean	HDD4_T5d	   P_day	  DaysSR	GDD_EveTr	GDD_DecTr	GDD_Grass	SDD_EveTr	SDD_DecTr	SDD_Grass	    Tmin	    Tmax	   DLHrs	LAI_EveTr	LAI_DecTr	LAI_Grass	DecidCap	Porosity	AlbEveTr	AlbDecTr	AlbGrass	WU_EveTr1	WU_EveTr2	WU_EveTr3	WU_DecTr1	WU_DecTr2	WU_DecTr3	WU_Grass1	WU_Grass2	WU_Grass3	LAIlumps	 AlbSnow	DensSnow_Paved	DensSnow_Bldgs	DensSnow_EveTr	DensSnow_DecTr	DensSnow_Grass	DensSnow_BSoil	DensSnow_Water	      a1	      a2	      a3
2017	  1	  23	 55	  0.9965	 16.9011	  0.0076	 -999.0000	-999.0000	 38.5833	  0.0000	   0.0000	   0.0000	   0.0000	-450.0000	-450.0000	-450.0000	-702.2911	  7.4477	  6.0000	   4.0000	   1.0000	   1.6000	  0.3000	  0.2000	  0.1000	  0.1200	  0.1800	   0.0000	   0.0000	   0.0000	   0.0000	   0.0000	   0.0000	   0.0000	   0.0000	   0.0000	  0.2454	  0.0000	        0.0000	        0.0000	        0.0000	        0.0000	        0.0000	        0.0000	        0.0000	  0.5571	  0.2230	  9.5414
2017	  3	  23	 55	  2.9965	 46.8725	  0.0000	 -999.0000	-999.0000	168.8833	  0.0000	   0.0000	   0.0000	   0.0000	-450.0000	-450.0000	-450.0000	-702.2911	  7.4477	 14.5000	   4.0000	   1.0000	   1.6000	  0.3000	  0.2000	  0.1000	  0.1200	  0.1800	   0.0000	   0.0000	   0.0000	   0.0000	   0.0000	   0.0000	   0.0000	   0.0000	   0.0000	  0.2454	  0.0000	        0.0000	        0.0000	        0.0000	        0.0000	        0.0000	        0.0000	        0.0000	  0.5571	  0.2230	  9.5414
2017	  5	  23	 55	  4.9965	 21.2569	  0.0000	 -999.0000	-999.0000	176.7833	  0.0000	   0.0000	   0.0000	   0.0000	-450.0000	-450.0000	-450.0000	-702.2911	  7.4477	 27.5833	   4.0000	   1.0000	   1.6000	  0.3000	  0.2000	  0.1000	  0.1200	  0.1800	   0.0000	   0.0000	   0.0000	   0.0000	   0.0000	   0.0000	   0.0000	   0.0000	   0.0000	  0.2454	  0.0000	        0.0000	        0.0000	        0.0000	        0.0000	        0.0000	        0.0000	        0.0000	  0.5571	  0.2230	  9.5414
2017	  7	  23	 55	  6.9965	 11.7628	  0.0000	 -999.0000	-999.0000	205.0833	  0.0000	   0.0000	   0.0000	   0.0000	-450.0000	-450.0000	-450.0000	-702.2911	  7.4477	 39.4167	   4.0000	   1.0000	   1.6000	  0.3000	  0.2000	  0.1000	  0.1200	  0.1800	   0.0000	   0.0000	   0.0000	   0.0000	   0.0000	   0.0000	   0.0000	   0.0000	   0.0000	  0.2454	  0.0000	        0.0000	        0.0000	        0.0000	        0.0000	        0.0000	        0.0000	        0.0000	  0.5571	  0.2230	  9.5414
2017	  9	  23	 55	  8.9965	  3.7025	  0.0000	 -999.0000	-999.0000	213.8833	  0.0000	   0.0000	   0.0000	   0.0000	-450.0000	-450.0000	-450.0000	-702.2911	  7.4477	 50.8333	   4.0000	   1.0000	   1.6000	  0.3000	  0.2000	  0.1000	  0.1200	  0.1800	   0.0000	   0.0000	   0.0000	   0.0000	   0.0000	   0.0000	   0.0000	   0.0000	   0.0000	  0.2454	  0.0000	        0.0000	        0.0000	        0.0000	        0.0000	        0.0000	        0.0000	        0.0000	  0.5571	  0.2230	  9.5414
2017	 11	  23	 55	 10.9965	  3.2561	  0.0000	 -999.0000	-999.0000	236.5833	  0.0000	   0.0000	   0.0000	   0.0000	-450.0000	-450.0000	-450.0000	-702.2911	  7.4477	 55.5000	   4.0000	   1.0000	   1.6000	  0.3000	  0.2000	  0.1000	  0.1200	  0.1800	   0.0000	   0.0000	   0.0000	   0.0000	   0.0000	   0.0000	   0.0000	   0.0000	   0.0000	  0.2454	  0.0000	        0.0000	        0.0000	        0.0000	        0.0000	        0.0000	        0.0000	        0.0000	  0.5571	  0.2230	  9.5414
2017	 13	  23	 55	 12.9965	  7.0743	  0.0000	 -999.0000	-999.0000	237.8833	  0.0000	   0.0000	   0.0000	   0.0000	-450.0000	-450.0000	-450.0000	-702.2911	  7.4477	 68.9167	   4.0000	   1.0000	   1.6000	  0.3000	  0.2000	  0.1000	  0.1200	  0.1800	   0.0000	   0.0000	   0.0000	   0.0000	   0.0000	   0.0000	   0.0000	   0.0000	   0.0000	  0.2454	  0.0000	        0.0000	        0.0000	        0.0000	        0.0000	        0.0000	        0.0000	        0.0000	  0.5571	  0.2230	  9.5414
2017	 15	  23	 55	 14.9965	 23.6644	  0.0000	 -999.0000	-999.0000	274.8833	  0.0000	   0.0000	   0.0000	   0.0000	-450.0000	-450.0000	-450.0000	-702.2911	  7.4477	 83.0000	   4.0000	   1.0000	   1.6000	  0.3000	  0.2000	  0.1000	  0.1200	  0.1800	   0.0000	   0.0000	   0.0000	   0.0000	   0.0000	   0.0000	   0.0000	   0.0000	   0.0000	  0.2454	  0.0000	        0.0000	        0.0000	        0.0000	        0.0000	        0.0000	        0.0000	        0.0000	  0.5571	  0.2230	  9.5414
2017	 17	  23	 55	 16.9965	 45.0973	  0.0000	 -999.0000	-999.0000	362.7833	  0.0000	   0.0000	   0.0000	   0.0000	-450.0000	-450.0000	-450.0000	-702.2911	  7.4477	 95.2500	   4.0000	   1.0000	   1.6000	  0.3000	  0.2000	  0.1000	  0.1200	  0.1800	   0.0000	   0.0000	   0.0000	   0.0000	   0.0000	   0.0000	   0.0000	   0.0000	   0.0000	  0.2454	  0.0000	        0.0000	        0.0000	        0.0000	        0.0000	        0.0000	        0.0000	        0.0000	  0.5571	  0.2230	  9.5414
2017	 19	  23	 55	 18.9965	  4.8894	  0.2939	 -999.0000	-999.0000	366.0833	  0.0000	   0.0000	   0.0000	   0.0000	-450.0000	-450.0000	-450.0000	-781.3437	  9.0695	106.7500	   4.0000	   1.0000	   1.6000	  0.3000	  0.2000	  0.1000	  0.1200	  0.1800	   0.0000	   0.0000	   0.0000	   0.0000	   0.0000	   0.0000	   0.0000	   0.0000	   0.0000	  0.2454	  0.0000	        0.0000	        0.0000	        0.0000	        0.0000	        0.0000	        0.0000	        0.0000	  0.5571	  0.2230	  9.5414
2017	 21	  23	 55	 20.9965	 24.3287	  0.1748	 -999.0000	-999.0000	418.5833	  0.0000	   0.0000	   0.0000	   0.0000	-450.0000	-450.0000	-450.0000	-781.3437	  9.0695	121.7500	   4.0000	   1.0000	   1.6000	  0.3000	  0.2000	  0.1000	  0.1200	  0.1800	   0.0000	   0.0000	   0.0000	   0.0000	   0.0000	   0.0000	   0.0000	   0.0000	   0.0000	  0.2454	  0.0000	        0.0000	        0.0000	        0.0000	        0.0000	        0.0000	        0.0000	        0.0000	  0.5571	  0.2230	  9.5414
2017	 23	  23	 55	 22.9965	  4.6099	  0.0000	 -999.0000	-999.0000	418.8833	  0.0000	   0.0000	   0.0000	   0.0000	-450.0000	-450.0000	-450.0000	-781.3437	  9.0695	135.0000	   4.0000	   1.0000	   1.6000	  0.3000	  0.2000	  0.1000	  0.1200	  0.1800	   0.0000	   0.0000	   0.0000	   0.0000	   0.0000	   0.0000	   0.0000	   0.0000	   0.0000	  0.2454	  0.0000	        0.0000	        0.0000	        0.0000	        0.0000	        0.0000	        0.0000	        0.0000	  0.5571	  0.2230	  9.5414
2017	 25	  23	 55	 24.9965	  4.1764	  0.0000	 -999.0000	-999.0000	418.8833	  0.0000	   0.0000	   0.0000	   0.0000	-450.0000	-450.0000	-450.0000	-781.3437	  9.0695	148.5000	   4.0000	   1.0000	   1.6000	  0.3000	  0.2000	  0.1000	  0.1200	  0.1800	   0.0000	   0.0000	   0.0000	   0.0000	   0.0000	   0.0000	   0.0000	   0.0000	   0.0000	  0.2454	  0.0000	        0.0000	        0.0000	        0.0000	        0.0000	        0.0000	        0.0000	        0.0000	  0.5571	  0.2230	  9.5414
2017	 27	  23	 55	 26.9965	 12.4190	  0.0000	 -999.0000	-999.0000	423.8833	  0.0000	   0.0000	   0.0000	   0.0000	-450.0000	-450.0000	-450.0000	-781.3437	  9.0695	162.9167	   4.0000	   1.0000	   1.6000	  0.3000	  0.2000	  0.1000	  0.1200	  0.1800	   0.0000	   0.0000	   0.0000	   0.0000	   0.0000	   0.0000	   0.0000	   0.0000	   0.0000	  0.2454	  0.0000	        0.0000	        0.0000	        0.0000	        0.0000	        0.0000	        0.0000	        0.0000	  0.5571	  0.2230	  9.5414
2017	 29	  23	 55	 28.9965	  7.5342	  0.0000	 -999.0000	-999.0000	424.4833	  0.0000	   0.0000	   0.0000	   0.0000	-450.0000	-450.0000	-450.0000	-781.3437	  9.0695	175.4167	   4.0000	   1.0000	   1.6000	  0.3000	  0.2000	  0.1000	  0.1200	  0.1800	   0.0000	   0.0000	   0.0000	   0.0000	   0.0000	   0.0000	   0.0000	   0.0000	   0.0000	  0.2454	  0.0000	        0.0000	        0.0000	        0.0000	        0.0000	        0.0000	        0.0000	        0.0000	  0.5571	  0.2230	  9.5414
2017	 31	  23	 55	 30.9965	 11.8409	  0.0000	 -999.0000	-999.0000	429.9833	  0.0000	   0.0000	   0.0000	   0.0000	-450.0000	-450.0000	-450.0000	-781.3437	  9.0695	190.1667	   4.0000	   1.0000	   1.6000	  0.3000	  0.2000	  0.1000	  0.1200	  0.1800	   0.0000	   0.0000	   0.0000	   0.0000	   0.0000	   0.0000	   0.0000	   0.0000	   0.0000	  0.2454	  0.0000	        0.0000	        0.0000	        0.0000	        0.0000	        0.0000	        0.0000	        0.0000	  0.5571	  0.2230	  9.5414
2017	 33	  23	 55	 32.9965	  7.9690	  0.0000	 -999.0000	-999.0000	429.9833	  0.0000	   0.0000	   0.0000	   0.0000	-450.0000	-450.0000	-450.0000	-781.3437	  9.0695	203.1667	   4.0000	   1.0000	   1.6000	  0.3000	  0.2000	  0.1000	  0.1200	  0.1800	   0.0000	   0.0000	   0.0000	   0.0000	   0.0000	   0.0000	   0.0000	   0.0000	   0.0000	  0.2454	  0.0000	        0.0000	        0.0000	        0.0000	        0.0000	        0.0000	        0.0000	        0.0000	  0.5571	  0.2230	  9.5414
2017	 35	  23	 55	 34.9965	  7.9507	  0.0000	 -999.0000	-999.0000	431.0833	  0.0000	   0.0000	   0.0000	   0.0000	-450.0000	-450.0000	-450.0000	-781.3437	  9.0695	216.0833	   4.0000	   1.0000	   1.6000	  0.3000	  0.2000	  0.1000	  0.1200	  0.1800	   0.0000	   0.0000	   0.0000	   0.0000	   0.0000	   0.0000	   0.0000	   0.0000	   0.0000	  0.2454	  0.0000	        0.0000	        0.0000	        0.0000	        0.0000	        0.0000	        0.0000	        0.0000	  0.5571	  0.2230	  9.5414
2017	 37	  23	 55	 36.9965	  8.5721	  0.0000	 -999.0000	-999.0000	432.5833	  0.0000	   0.0000	   0.0000	   0.0000	-450.0000	-450.0000	-450.0000	-781.3437	  9.0695	231.2500	   4.0000	   1.0000	   1.6000	  0.3000	  0.2000	  0.1000	  0.1200	  0.1800	   0.0000	   0.0000	   0.0000	   0.0000	   0.0000	   0.0000	   0.0000	   0.0000	   0.0000	  0.2454	  0.0000	        0.0000	        0.0000	        0.0000	        0.0000	        0.0000	        0.0000	        0.0000	  0.5571	  0.2230	  9.5414
2017	 39	  23	 55	 38.9965	 11.3929	  0.0000	 -999.0000	-999.0000	433.0667	  0.0000	   0.0000	   0.0000	   0.0000	-450.0000	-450.0000	-450.0000	-781.3437	  9.0695	248.4167	   4.0000	   1.0000	   1.6000	  0.3000	  0.2000	  0.1000	  0.1200	  0.1800	   0.0000	   0.0000	   0.0000	   0.0000	   0.0000	   0.0000	   0.0000	   0.0000	   0.0000	  0.2454	  0.0000	        0.0000	        0.0000	        0.0000	        0.0000	        0.0000	        0.0000	        0.0000	  0.5571	  0.2230	  9.5414
2017	 41	  23	 55	 40.9965	  9.9437	  0.0000	 -999.0000	-999.0000	436.1833	  0.0000	   0.0000	   0.0000	   0.0000	-450.0000	-450.0000	-450.0000	-781.3437	  9.0695	265.2500	   4.0000	   1.0000	   1.6000	  0.3000	  0.2000	  0.1000	  0.1200	  0.1800	   0.0000	   0.0000	   0.0000	   0.0000	   0.0000	   0.0000	   0.0000	   0.0000	   0.0000	  0.2454	  0.0000	        0.0000	        0.0000	        0.0000	        0.0000	        0.0000	        0.0000	        0.0000	  0.5571	  0.2230	  9.5414
2017	 43	  23	 55	 42.9965	 14.2913	  0.0000	 -999.0000	-999.0000	441.6833	  0.0000	   0.0000	   0.0000	   0.0000	-450.0000	-450.0000	-450.0000	-781.3437	  9.0695	282.3333	   4.0000	   1.0000	   1.6000	  0.3000	  0.2000	  0.1000	  0.1200	  0.1800	   0.0000	   0.0000	   0.0000	   0.0000	   0.0000	   0.0000	   0.0000	   0.0000	   0.0000	  0.2454	  0.0000	        0.0000	        0.0000	        0.0000	        0.0000	        0.0000	        0.0000	        0.0000	  0.5571	  0.2230	  9.5414
2017	 45	  23	 55	 44.9965	 53.9851	  0.0000	 -999.0000	-999.0000	546.6833	  0.0000	   0.0000	   0.0000	   0.0000	-450.0000	-450.0000	-450.0000	-781.3437	  9.0695	294.4167	   4.0000	   1.0000	   1.6000	  0.3000	  0.2000	  0.1000	  0.1200	  0.1800	   0.0000	   0.0000	   0.0000	   0.0000	   0.0000	   0.0000	   0.0000	   0.0000	   0.0000	  0.2454	  0.0000	        0.0000	        0.0000	        0.0000	        0.0000	        0.0000	        0.0000	        0.0000	  0.5571	  0.2230	  9.5414
2017	 47	  23	 55	 46.9965	 11.2383	  0.0000	 -999.0000	-999.0000	571.4583	  0.0000	   0.0000	   0.0000	   0.0000	-450.0000	-450.0000	-450.0000	-781.3437	  9.0695	312.5000	   4.0000	   1.0000	   1.6000	  0.3000	  0.2000	  0.1000	  0.1200	  0.1800	   0.0000	   0.0000	   0.0000	   0.0000	   0.0000	   0.0000	   0.0000	   0.0000	   0.0000	  0.2454	  0.0000	        0.0000	        0.0000	        0.0000	        0.0000	        0.0000	        0.0000	        0.0000	  0.5571	  0.2230	  9.5414
2017	 49	  23	 55	 48.9965	  9.8032	  0.0000	 -999.0000	-999.0000	578.6750	  0.0000	   0.0000	   0.0000	   0.0000	-450.0000	-450.0000	-450.0000	-781.3437	  9.0695	330.5000	   4.0000	   1.0000	   1.6000	  0.3000	  0.2000	  0.1000	  0.1200	  0.1800	   0.0000	   0.0000	   0.0000	   0.0000	   0.0000	   0.0000	   0.0000	   0.0000	   0.0000	  0.2454	  0.0000	        0.0000	        0.0000	        0.0000	        0.0000	        0.0000	        0.0000	        0.0000	  0.5571	  0.2230	  9.5414
2017	 51	  23	 55	 50.9965	  1.7281	  0.0000	 -999.0000	-999.0000	592.1750	  0.0000	   0.0000	   0.0000	   0.0000	-450.0000	-450.0000	-450.0000	-781.3437	  9.0695	347.2500	   4.0000	   1.0000	   1.6000	  0.3000	  0.2000	  0.1000	  0.1200	  0.1800	   0.0000	   0.0000	   0.0000	   0.0000	   0.0000	   0.0000	   0.0000	   0.0000	   0.0000	  0.2454	  0.0000	        0.0000	        0.0000	        0.0000	        0.0000	        0.0000	        0.0000	        0.0000	  0.5571	  0.2230	  9.5414
2017	 53	  23	 55	 52.9965	  1.9328	  0.0705	 -999.0000	-999.0000	607.3750	  0.0000	   0.0000	   0.0000	   0.0000	-450.0000	-450.0000	-450.0000	-781.3437	  9.0695	367.1667	   4.0000	   1.0000	   1.6000	  0.3000	  0.2000	  0.1000	  0.1200	  0.1800	   0.0000	   0.0000	   0.0000	   0.0000	   0.0000	   0.0000	   0.0000	   0.0000	   0.0000	  0.2454	  0.0000	        0.0000	        0.0000	        0.0000	        0.0000	        0.0000	        0.0000	        0.0000	  0.5571	  0.2230	  9.5414
2017	 55	  23	 55	 54.9965	-999.0000	-999.0000	 -999.0000	-999.0000	-999.0000	-999.0000	-999.0000	-999.0000	-999.0000	-999.0000	-999.0000	-999.0000	-999.0000	-999.0000	-999.0000	-999.0000	-999.0000	-999.0000	-999.0000	-999.0000	-999.0000	-999.0000	-999.0000	-999.0000	-999.0000	-999.0000	-999.0000	-999.0000	-999.0000	-999.0000	-999.0000	-999.0000	-999.0000	-999.0000	     -999.0000	     -999.0000	     -999.0000	     -999.0000	     -999.0000	     -999.0000	     -999.0000	-999.0000	-999.0000	-999.0000
2017	 57	  23	 55	 56.9965	  5.2396	  0.0000	 -999.0000	-999.0000	708.3500	  0.0000	   0.0000	   0.0000	   0.0000	-450.0000	-450.0000	-450.0000	-781.3437	  9.0695	402.6667	   4.0000	   1.0000	   1.6000	  0.3000	  0.2000	  0.1000	  0.1200	  0.1800	   0.0000	   0.0000	   0.0000	   0.0000	   0.0000	   0.0000	   0.0000	   0.0000	   0.0000	  0.2454	  0.0000	        0.0000	        0.0000	        0.0000	        0.0000	        0.0000	        0.0000	        0.0000	  0.5571	  0.2230	  9.5414
2017	 59	  23	 55	 58.9965	  2.2342	  0.0002	 -999.0000	-999.0000	726.1667	  0.0000	   0.0000	   0.0000	   0.0000	-450.0000	-450.0000	-450.0000	-781.3437	  9.0695	420.5000	   4.0000	   1.0000	   1.6000	  0.3000	  0.2000	  0.1000	  0.1200	  0.1800	   0.0000	   0.0000	   0.0000	   0.0000	   0.0000	   0.0000	   0.0000	   0.0000	   0.0000	  0.2454	  0.0000	        0.0000	        0.0000	        0.0000	        0.0000	        0.0000	        0.0000	        0.0000	  0.5571	  0.2230	  9.5414
2017	 61	  23	 55	 60.9965	  4.4324	  0.0000	 -999.0000	-999.0000	733.5750	  0.0000	   0.0000	   0.0000	   0.0000	-450.0000	-450.0000	-450.0000	-781.3437	  9.0695	440.5833	   4.0000	   1.0000	   1.6000	  0.3000	  0.2000	  0.1000	  0.1200	  0.1800	   0.0000	   0.0000	   0.0000	   0.0000	   0.0000	   0.0000	   0.0000	   0.0000	   0.0000	  0.2454	  0.0000	        0.0000	        0.0000	        0.0000	        0.0000	        0.0000	        0.0000	        0.0000	  0.5571	  0.2230	  9.5414
2017	 63	  23	 55	 62.9965	  3.1899	  0.0343	 -999.0000	-999.0000	740.0750	  0.0000	   0.0000	   0.0000	   0.0000	-450.0000	-450.0000	-450.0000	-781.3437	  9.0695	461.0000	   4.0000	   1.0000	   1.6000	  0.3000	  0.2000	  0.1000	  0.1200	  0.1800	   0.0000	   0.0000	   0.0000	   0.0000	   0.0000	   0.0000	   0.0000	   0.0000	   0.0000	  0.2454	  0.0000	        0.0000	        0.0000	        0.0000	        0.0000	        0.0000	        0.0000	        0.0000	  0.5571	  0.2230	  9.5414
2017	 65	  23	 55	 64.9965	  8.5502	  0.0000	 -999.0000	-999.0000	750.5750	  0.0000	   0.0000	   0.0000	   0.0000	-450.0000	-450.0000	-450.0000	-781.3437	  9.0695	481.0000	   4.0000	   1.0000	   1.6000	  0.3000	  0.2000	  0.1000	  0.1200	  0.1800	   0.0000	   0.0000	   0.0000	   0.0000	   0.0000	   0.0000	   0.0000	   0.0000	   0.0000	  0.2454	  0.0000	        0.0000	        0.0000	        0.0000	        0.0000	        0.0000	        0.0000	        0.0000	  0.5571	  0.2230	  9.5414
2017	 67	  23	 55	 66.9965	 15.7294	  0.0000	 -999.0000	-999.0000	782.3750	  0.0000	   0.0000	   0.0000	   0.0000	-450.0000	-450.0000	-450.0000	-781.3437	  9.0695	502.4167	   4.0000	   1.0000	   1.6000	  0.3000	  0.2000	  0.1000	  0.1200	  0.1800	   0.0000	   0.0000	   0.0000	   0.0000	   0.0000	   0.0000	   0.0000	   0.0000	   0.0000	  0.2454	  0.0000	        0.0000	        0.0000	        0.0000	        0.0000	        0.0000	        0.0000	        0.0000	  0.5571	  0.2230	  9.5414
2017	 69	  23	 55	 68.9965	-999.0000	-999.0000	 -999.0000	-999.0000	-999.0000	-999.0000	-999.0000	-999.0000	-999.0000	-999.0000	-999.0000	-999.0000	-999.0000	-999.0000	-999.0000	-999.0000	-999.0000	-999.0000	-999.0000	-999.0000	-999.0000	-999.0000	-999.0000	-999.0000	-999.0000	-999.0000	-999.0000	-999.0000	-999.0000	-999.0000	-999.0000	-999.0000	-999.0000	-999.0000	     -999.0000	     -999.0000	     -999.0000	     -999.0000	     -999.0000	     -999.0000	     -999.0000	-999.0000	-999.0000	-999.0000
2017	 71	  23	 55	 70.9965	  9.4051	  0.0239	 -999.0000	-999.0000	845.8750	  0.0000	   0.0000	   0.0000	   0.0000	-450.0000	-450.0000	-450.0000	-781.3437	  9.0695	546.7500	   4.0000	   1.0000	   1.6000	  0.3000	  0.2000	  0.1000	  0.1200	  0.1800	   0.0000	   0.0000	   0.0000	   0.0000	   0.0000	   0.0000	   0.0000	   0.0000	   0.0000	  0.2454	  0.0000	        0.0000	        0.0000	        0.0000	        0.0000	        0.0000	        0.0000	        0.0000	  0.5571	  0.2230	  9.5414
2017	 73	  23	 55	 72.9965	  2.1241	  0.0186	 -999.0000	-999.0000	846.8750	  0.0000	   0.0000	   0.0000	   0.0000	-450.0000	-450.0000	-450.0000	-781.3437	  9.0695	569.0000	   4.0000	   1.0000	   1.6000	  0.3000	  0.2000	  0.1000	  0.1200	  0.1800	   0.0000	   0.0000	   0.0000	   0.0000	   0.0000	   0.0000	   0.0000	   0.0000	   0.0000	  0.2454	  0.0000	        0.0000	        0.0000	        0.0000	        0.0000	        0.0000	        0.0000	        0.0000	  0.5571	  0.2230	  9.5414
2017	 75	  23	 55	 74.9965	  1.2032	  0.4982	 -999.0000	-999.0000	847.8750	  0.0000	   0.0000	   0.0000	   0.0000	-450.0000	-450.0000	-450.0000	-781.3437	 10.4322	592.1667	   4.0000	   1.0000	   1.6000	  0.3000	  0.2000	  0.1000	  0.1200	  0.1800	   0.0000	   0.0000	   0.0000	   0.0000	   0.0000	   0.0000	   0.0000	   0.0000	   0.0000	  0.2454	  0.0000	        0.0000	        0.0000	        0.0000	        0.0000	        0.0000	        0.0000	        0.0000	  0.5571	  0.2230	  9.5414
2017	 77	  23	 55	 76.9965	-999.0000	-999.0000	 -999.0000	-999.0000	-999.0000	-999.0000	-999.0000	-999.0000	-999.0000	-999.0000	-999.0000	-999.0000	-999.0000	-999.0000	-999.0000	-999.0000	-999.0000	-999.0000	-999.0000	-999.0000	-999.0000	-999.0000	-999.0000	-999.0000	-999.0000	-999.0000	-999.0000	-999.0000	-999.0000	-999.0000	-999.0000	-999.0000	-999.0000	-999.0000	     -999.0000	     -999.0000	     -999.0000	     -999.0000	     -999.0000	     -999.0000	     -999.0000	-999.0000	-999.0000	-999.0000
2017	 79	  23	 55	 78.9965	  3.2733	  0.0110	 -999.0000	-999.0000	921.9583	  0.0000	   0.0000	   0.0000	   0.0000	-450.0000	-450.0000	-450.0000	-864.6660	 10.4322	637.8333	   4.0000	   1.0000	   1.6000	  0.3000	  0.2000	  0.1000	  0.1200	  0.1800	   0.0000	   0.0000	   0.0000	   0.0000	   0.0000	   0.0000	   0.0000	   0.0000	   0.0000	  0.2454	  0.0000	        0.0000	        0.0000	        0.0000	        0.0000	        0.0000	        0.0000	        0.0000	  0.5571	  0.2230	  9.5414
2017	 81	  23	 55	 80.9965	  2.3159	  0.0874	 -999.0000	-999.0000	928.1750	  0.0000	   0.0000	   0.0000	   0.0000	-450.0000	-450.0000	-450.0000	-864.6660	 10.4322	660.9167	   4.0000	   1.0000	   1.6000	  0.3000	  0.2000	  0.1000	  0.1200	  0.1800	   0.0000	   0.0000	   0.0000	   0.0000	   0.0000	   0.0000	   0.0000	   0.0000	   0.0000	  0.2454	  0.0000	        0.0000	        0.0000	        0.0000	        0.0000	        0.0000	        0.0000	        0.0000	  0.5571	  0.2230	  9.5414
2017	 83	  23	 55	 82.9965	 36.3317	  0.6695	 -999.0000	-999.0000	1035.1750	  0.0000	   0.0000	   0.0000	   0.0000	-450.0000	-450.0000	-450.0000	-864.6660	 10.4322	679.2500	   4.0000	   1.0000	   1.6000	  0.3000	  0.2000	  0.1000	  0.1200	  0.1800	   0.0000	   0.0000	   0.0000	   0.0000	   0.0000	   0.0000	   0.0000	   0.0000	   0.0000	  0.2454	  0.0000	        0.0000	        0.0000	        0.0000	        0.0000	        0.0000	        0.0000	        0.0000	  0.5571	  0.2230	  9.5414
2017	 85	  23	 55	 84.9965	 16.7876	  1.2171	 -999.0000	-999.0000	1068.6750	  0.0000	   0.0000	   0.0000	   0.0000	-450.0000	-450.0000	-450.0000	-864.6660	 11.6449	704.3333	   4.0000	   1.0000	   1.6000	  0.3000	  0.2000	  0.1000	  0.1200	  0.1800	   0.0000	   0.0000	   0.0000	   0.0000	   0.0000	   0.0000	   0.0000	   0.0000	   0.0000	  0.2454	  0.0000	        0.0000	        0.0000	        0.0000	        0.0000	        0.0000	        0.0000	        0.0000	  0.5571	  0.2230	  9.5414
2017	 87	  23	 55	 86.9965	 12.7922	  0.0925	 -999.0000	-999.0000	1102.4083	  0.0000	   0.0000	   0.0000	   0.0000	-450.0000	-450.0000	-450.0000	-864.6660	 11.6449	728.4167	   4.0000	   1.0000	   1.6000	  0.3000	  0.2000	  0.1000	  0.1200	  0.1800	   0.0000	   0.0000	   0.0000	   0.0000	   0.0000	   0.0000	   0.0000	   0.0000	   0.0000	  0.2454	  0.0000	        0.0000	        0.0000	        0.0000	        0.0000	        0.0000	        0.0000	        0.0000	  0.5571	  0.2230	  9.5414
2017	 89	  23	 55	 88.9965	 17.6925	  0.2460	 -999.0000	-999.0000	1149.5167	  0.0000	   0.0000	   0.0000	   0.0000	-450.0000	-450.0000	-450.0000	-864.6660	 11.6449	752.0000	   4.0000	   1.0000	   1.6000	  0.3000	  0.2000	  0.1000	  0.1200	  0.1800	   0.0000	   0.0000	   0.0000	   0.0000	   0.0000	   0.0000	   0.0000	   0.0000	   0.0000	  0.2454	  0.0000	        0.0000	        0.0000	        0.0000	        0.0000	        0.0000	        0.0000	        0.0000	  0.5571	  0.2230	  9.5414
2017	 91	  23	 55	 90.9965	  3.0542	  1.7228	 -999.0000	-999.0000	1160.6000	  0.0000	   0.0000	   0.0000	   0.0000	-450.0000	-450.0000	-450.0000	-864.6660	 14.5362	776.0000	   4.0000	   1.0000	   1.6000	  0.3000	  0.2000	  0.1000	  0.1200	  0.1800	   0.0000	   0.0000	   0.0000	   0.0000	   0.0000	   0.0000	   0.0000	   0.0000	   0.0000	  0.2454	  0.0000	        0.0000	        0.0000	        0.0000	        0.0000	        0.0000	        0.0000	        0.0000	  0.5571	  0.2230	  9.5414
2017	 93	  23	 55	 92.9965	  5.0575	  1.5505	 -999.0000	-999.0000	1163.8000	  0.0000	   0.0000	   0.0000	   0.0000	-450.0000	-450.0000	-450.0000	-864.6660	 14.5362	801.7500	   4.0000	   1.0000	   1.6000	  0.3000	  0.2000	  0.1000	  0.1200	  0.1800	   0.0000	   0.0000	   0.0000	   0.0000	   0.0000	   0.0000	   0.0000	   0.0000	   0.0000	  0.2454	  0.0000	        0.0000	        0.0000	        0.0000	        0.0000	        0.0000	        0.0000	        0.0000	  0.5571	  0.2230	  9.5414
2017	 95	  23	 55	 94.9965	  1.1927	  1.3682	 -999.0000	-999.0000	1163.9000	  0.0000	   0.0000	   0.0000	   0.0000	-450.0000	-450.0000	-450.0000	-864.6660	 14.5362	828.0833	   4.0000	   1.0000	   1.6000	  0.3000	  0.2000	  0.1000	  0.1200	  0.1800	   0.0000	   0.0000	   0.0000	   0.0000	   0.0000	   0.0000	   0.0000	   0.0000	   0.0000	  0.2454	  0.0000	        0.0000	        0.0000	        0.0000	        0.0000	        0.0000	        0.0000	        0.0000	  0.5571	  0.2230	  9.5414
2017	 97	  23	 55	 96.9965	-999.0000	-999.0000	 -999.0000	-999.0000	-999.0000	-999.0000	-999.0000	-999.0000	-999.0000	-999.0000	-999.0000	-999.0000	-999.0000	-999.0000	-999.0000	-999.0000	-999.0000	-999.0000	-999.0000	-999.0000	-999.0000	-999.0000	-999.0000	-999.0000	-999.0000	-999.0000	-999.0000	-999.0000	-999.0000	-999.0000	-999.0000	-999.0000	-999.0000	-999.0000	     -999.0000	     -999.0000	     -999.0000	     -999.0000	     -999.0000	     -999.0000	     -999.0000	-999.0000	-999.0000	-999.0000
2017	 99	  23	 55	 98.9965	  0.6121	  1.6204	 -999.0000	-999.0000	1205.9000	  0.0000	   0.0000	   0.0000	   0.0000	-450.0000	-450.0000	-450.0000	-864.6660	 16.5873	880.5000	   4.0000	   1.0000	   1.6000	  0.3000	  0.2000	  0.1000	  0.1200	  0.1800	   0.0000	   0.0000	   0.0000	   0.0000	   0.0000	   0.0000	   0.0000	   0.0000	   0.0000	  0.2454	  0.0000	        0.0000	        0.0000	        0.0000	        0.0000	        0.0000	        0.0000	        0.0000	  0.5571	  0.2230	  9.5414
2017	101	  23	 55	100.9965	  1.7279	  1.1998	 -999.0000	-999.0000	1212.4750	  0.0000	   0.0000	   0.0000	   0.0000	-450.0000	-450.0000	-450.0000	-864.6660	 16.5873	907.5000	   4.0000	   1.0000	   1.6000	  0.3000	  0.2000	  0.1000	  0.1200	  0.1800	   0.0000	   0.0000	   0.0000	   0.0000	   0.0000	   0.0000	   0.0000	   0.0000	   0.0000	  0.2454	  0.0000	        0.0000	        0.0000	        0.0000	        0.0000	        0.0000	        0.0000	        0.0000	  0.5571	  0.2230	  9.5414
2017	103	  23	 55	102.9965	  1.8009	  0.1725	 -999.0000	-999.0000	1220.3000	  0.0000	   0.0000	   0.0000	   0.0000	-450.0000	-450.0000	-450.0000	-864.6660	 16.5873	934.1667	   4.0000	   1.0000	   1.6000	  0.3000	  0.2000	  0.1000	  0.1200	  0.1800	   0.0000	   0.0000	   0.0000	   0.0000	   0.0000	   0.0000	   0.0000	   0.0000	   0.0000	  0.2454	  0.0000	        0.0000	        0.0000	        0.0000	        0.0000	        0.0000	        0.0000	        0.0000	  0.5571	  0.2230	  9.5414
2017	105	  23	 55	104.9965	  5.2869	  0.1377	 -999.0000	-999.0000	1220.3000	  0.0000	   0.0000	   0.0000	   0.0000	-450.0000	-450.0000	-450.0000	-864.6660	 16.5873	962.5000	   4.0000	   1.0000	   1.6000	  0.3000	  0.2000	  0.1000	  0.1200	  0.1800	   0.0000	   0.0000	   0.0000	   0.0000	   0.0000	   0.0000	   0.0000	   0.0000	   0.0000	  0.2454	  0.0000	        0.0000	        0.0000	        0.0000	        0.0000	        0.0000	        0.0000	        0.0000	  0.5571	  0.2230	  9.5414
2017	107	  23	 55	106.9965	  4.8002	  0.0000	 -999.0000	-999.0000	1224.5000	  0.0000	   0.0000	   0.0000	   0.0000	-450.0000	-450.0000	-450.0000	-864.6660	 16.5873	990.1667	   4.0000	   1.0000	   1.6000	  0.3000	  0.2000	  0.1000	  0.1200	  0.1800	   0.0000	   0.0000	   0.0000	   0.0000	   0.0000	   0.0000	   0.0000	   0.0000	   0.0000	  0.2454	  0.0000	        0.0000	        0.0000	        0.0000	        0.0000	        0.0000	        0.0000	        0.0000	  0.5571	  0.2230	  9.5414
2017	109	  23	 55	108.9965	  8.9020	  0.3445	 -999.0000	-999.0000	1242.5000	  0.0000	   0.0000	   0.0000	   0.0000	-450.0000	-450.0000	-450.0000	-864.6660	 16.5873	1017.5000	   4.0000	   1.0000	   1.6000	  0.3000	  0.2000	  0.1000	  0.1200	  0.1800	   0.0000	   0.0000	   0.0000	   0.0000	   0.0000	   0.0000	   0.0000	   0.0000	   0.0000	  0.2454	  0.0000	        0.0000	        0.0000	        0.0000	        0.0000	        0.0000	        0.0000	        0.0000	  0.5571	  0.2230	  9.5414
2017	111	  23	 55	110.9965	  0.3044	  1.7406	 -999.0000	-999.0000	1242.5000	  0.0000	   0.0000	   0.0000	   0.0000	-450.0000	-450.0000	-450.0000	-864.6660	 16.5873	1044.6667	   4.0000	   1.0000	   1.6000	  0.3000	  0.2000	  0.1000	  0.1200	  0.1800	   0.0000	   0.0000	   0.0000	   0.0000	   0.0000	   0.0000	   0.0000	   0.0000	   0.0000	  0.2454	  0.0000	        0.0000	        0.0000	        0.0000	        0.0000	        0.0000	        0.0000	        0.0000	  0.5571	  0.2230	  9.5414
2017	113	  23	 55	112.9965	 16.9260	  3.2652	 -999.0000	-999.0000	1281.0000	  0.0000	   0.0000	   0.0000	   0.0000	-450.0000	-450.0000	-450.0000	-865.9896	 16.5873	1073.0833	   4.0000	   1.0000	   1.6000	  0.3000	  0.2000	  0.1000	  0.1200	  0.1800	   0.0000	   0.0000	   0.0000	   0.0000	   0.0000	   0.0000	   0.0000	   0.0000	   0.0000	  0.2454	  0.0000	        0.0000	        0.0000	        0.0000	        0.0000	        0.0000	        0.0000	        0.0000	  0.5571	  0.2230	  9.5414
2017	115	  23	 55	114.9965	-999.0000	-999.0000	 -999.0000	-999.0000	-999.0000	-999.0000	-999.0000	-999.0000	-999.0000	-999.0000	-999.0000	-999.0000	-999.0000	-999.0000	-999.0000	-999.0000	-999.0000	-999.0000	-999.0000	-999.0000	-999.0000	-999.0000	-999.0000	-999.0000	-999.0000	-999.0000	-999.0000	-999.0000	-999.0000	-999.0000	-999.0000	-999.0000	-999.0000	-999.0000	     -999.0000	     -999.0000	     -999.0000	     -999.0000	     -999.0000	     -999.0000	     -999.0000	-999.0000	-999.0000	-999.0000
2017	117	  23	 55	116.9965	 32.5673	  1.7076	 -999.0000	-999.0000	1359.0917	  0.0000	   0.0000	   0.0000	   0.0000	-450.0000	-450.0000	-450.0000	-865.9896	 16.5873	1129.1667	   4.0000	   1.0000	   1.6000	  0.3000	  0.2000	  0.1000	  0.1200	  0.1800	   0.0000	   0.0000	   0.0000	   0.0000	   0.0000	   0.0000	   0.0000	   0.0000	   0.0000	  0.2454	  0.0000	        0.0000	        0.0000	        0.0000	        0.0000	        0.0000	        0.0000	        0.0000	  0.5571	  0.2230	  9.5414
2017	119	  23	 55	118.9965	  7.1058	  1.4816	 -999.0000	-999.0000	1382.2000	  0.0000	   0.0000	   0.0000	   0.0000	-450.0000	-450.0000	-450.0000	-865.9896	 16.5873	1158.4167	   4.0000	   1.0000	   1.6000	  0.3000	  0.2000	  0.1000	  0.1200	  0.1800	   0.0000	   0.0000	   0.0000	   0.0000	   0.0000	   0.0000	   0.0000	   0.0000	   0.0000	  0.2454	  0.0000	        0.0000	        0.0000	        0.0000	        0.0000	        0.0000	        0.0000	        0.0000	  0.5571	  0.2230	  9.5414
2017	121	  23	 55	120.9965	  2.2268	  4.1961	 -999.0000	-999.0000	1391.2000	  0.0000	   0.0000	   0.0000	   0.0000	-450.0000	-450.0000	-450.0000	-865.9896	 17.6872	1190.2500	   4.0000	   1.0000	   1.6000	  0.3000	  0.2000	  0.1000	  0.1200	  0.1800	   0.0000	   0.0000	   0.0000	   0.0000	   0.0000	   0.0000	   0.0000	   0.0000	   0.0000	  0.2454	  0.0000	        0.0000	        0.0000	        0.0000	        0.0000	        0.0000	        0.0000	        0.0000	  0.5571	  0.2230	  9.5414
2017	123	  23	 55	122.9965	  1.2159	  5.3714	 -999.0000	-999.0000	1391.2000	  0.0000	   0.0000	   0.0000	   0.0000	-450.0000	-450.0000	-450.0000	-865.9896	 19.6600	1222.5000	   4.0000	   1.0000	   1.6000	  0.3000	  0.2000	  0.1000	  0.1200	  0.1800	   0.0000	   0.0000	   0.0000	   0.0000	   0.0000	   0.0000	   0.0000	   0.0000	   0.0000	  0.2454	  0.0000	        0.0000	        0.0000	        0.0000	        0.0000	        0.0000	        0.0000	        0.0000	  0.5571	  0.2230	  9.5414
2017	125	  23	 55	124.9965	  1.4087	  5.5403	 -999.0000	-999.0000	1391.2000	  0.0000	   0.0000	   0.0000	   0.0000	-450.0000	-450.0000	-450.0000	-865.9896	 20.4035	1255.2500	   4.0000	   1.0000	   1.6000	  0.3000	  0.2000	  0.1000	  0.1200	  0.1800	   0.0000	   0.0000	   0.0000	   0.0000	   0.0000	   0.0000	   0.0000	   0.0000	   0.0000	  0.2454	  0.0000	        0.0000	        0.0000	        0.0000	        0.0000	        0.0000	        0.0000	        0.0000	  0.5571	  0.2230	  9.5414
2017	127	  23	 55	126.9965	  0.5573	  3.7014	 -999.0000	-999.0000	1392.0000	  0.0000	   0.0000	   0.0000	   0.0000	-450.0000	-450.0000	-450.0000	-865.9896	 21.2410	1286.3333	   4.0000	   1.0000	   1.6000	  0.3000	  0.2000	  0.1000	  0.1200	  0.1800	   0.0000	   0.0000	   0.0000	   0.0000	   0.0000	   0.0000	   0.0000	   0.0000	   0.0000	  0.2454	  0.0000	        0.0000	        0.0000	        0.0000	        0.0000	        0.0000	        0.0000	        0.0000	  0.5571	  0.2230	  9.5414
2017	129	  23	 55	128.9965	 15.7349	  2.3725	 -999.0000	-999.0000	1426.0000	  0.0000	   0.0000	   0.0000	   0.0000	-450.0000	-450.0000	-450.0000	-879.9284	 21.2410	1317.8333	   4.0000	   1.0000	   1.6000	  0.3000	  0.2000	  0.1000	  0.1200	  0.1800	   0.0000	   0.0000	   0.0000	   0.0000	   0.0000	   0.0000	   0.0000	   0.0000	   0.0000	  0.2454	  0.0000	        0.0000	        0.0000	        0.0000	        0.0000	        0.0000	        0.0000	        0.0000	  0.5571	  0.2230	  9.5414
2017	131	  23	 55	130.9965	  2.5116	  0.1976	 -999.0000	-999.0000	1431.6000	  0.0000	   0.0000	   0.0000	   0.0000	-450.0000	-450.0000	-450.0000	-879.9284	 21.2410	1348.6667	   4.0000	   1.0000	   1.6000	  0.3000	  0.2000	  0.1000	  0.1200	  0.1800	   0.0000	   0.0000	   0.0000	   0.0000	   0.0000	   0.0000	   0.0000	   0.0000	   0.0000	  0.2454	  0.0000	        0.0000	        0.0000	        0.0000	        0.0000	        0.0000	        0.0000	        0.0000	  0.5571	  0.2230	  9.5414
2017	133	  23	 55	132.9965	  4.1325	  2.9888	 -999.0000	-999.0000	1437.7000	  0.0000	   0.0000	   0.0000	   0.0000	-450.0000	-450.0000	-450.0000	-879.9284	 21.2410	1380.5000	   4.0000	   1.0000	   1.6000	  0.3000	  0.2000	  0.1000	  0.1200	  0.1800	   0.0000	   0.0000	   0.0000	   0.0000	   0.0000	   0.0000	   0.0000	   0.0000	   0.0000	  0.2454	  0.0000	        0.0000	        0.0000	        0.0000	        0.0000	        0.0000	        0.0000	        0.0000	  0.5571	  0.2230	  9.5414
2017	135	  23	 55	134.9965	-999.0000	-999.0000	 -999.0000	-999.0000	-999.0000	-999.0000	-999.0000	-999.0000	-999.0000	-999.0000	-999.0000	-999.0000	-999.0000	-999.0000	-999.0000	-999.0000	-999.0000	-999.0000	-999.0000	-999.0000	-999.0000	-999.0000	-999.0000	-999.0000	-999.0000	-999.0000	-999.0000	-999.0000	-999.0000	-999.0000	-999.0000	-999.0000	-999.0000	-999.0000	     -999.0000	     -999.0000	     -999.0000	     -999.0000	     -999.0000	     -999.0000	     -999.0000	-999.0000	-999.0000	-999.0000
2017	137	  23	 55	136.9965	  4.9366	  6.0425	 -999.0000	-999.0000	1500.2000	  0.0000	   0.0000	   0.0000	   0.0000	-450.0000	-450.0000	-450.0000	-879.9284	 21.2410	1440.9167	   4.0000	   1.0000	   1.6000	  0.3000	  0.2000	  0.1000	  0.1200	  0.1800	   0.0000	   0.0000	   0.0000	   0.0000	   0.0000	   0.0000	   0.0000	   0.0000	   0.0000	  0.2454	  0.0000	        0.0000	        0.0000	        0.0000	        0.0000	        0.0000	        0.0000	        0.0000	  0.5571	  0.2230	  9.5414
2017	139	  23	 55	138.9965	  9.2085	  9.1354	 -999.0000	-999.0000	1513.2000	  0.0000	   0.0000	   0.0000	   0.0000	-450.0000	-450.0000	-450.0000	-879.9284	 27.8247	1472.9167	   4.0000	   1.0000	   1.6000	  0.3000	  0.2000	  0.1000	  0.1200	  0.1800	   0.0000	   0.0000	   0.0000	   0.0000	   0.0000	   0.0000	   0.0000	   0.0000	   0.0000	  0.2454	  0.0000	        0.0000	        0.0000	        0.0000	        0.0000	        0.0000	        0.0000	        0.0000	  0.5571	  0.2230	  9.5414
2017	141	  23	 55	140.9965	  0.0001	  5.6923	 -999.0000	-999.0000	1513.2000	  0.0000	   0.0000	   0.0000	   0.0000	-436.0518	-436.0518	-436.0518	-879.9284	 27.8247	1506.4167	   4.0000	   1.0000	   1.6000	  0.3000	  0.2000	  0.1000	  0.1200	  0.1800	   0.0000	   0.0000	   0.0000	   0.0000	   0.0000	   0.0000	   0.0000	   0.0000	   0.0000	  0.2454	  0.0000	        0.0000	        0.0000	        0.0000	        0.0000	        0.0000	        0.0000	        0.0000	  0.5571	  0.2230	  9.5414
2017	143	  23	 55	142.9965	-999.0000	-999.0000	 -999.0000	-999.0000	-999.0000	-999.0000	-999.0000	-999.0000	-999.0000	-999.0000	-999.0000	-999.0000	-999.0000	-999.0000	-999.0000	-999.0000	-999.0000	-999.0000	-999.0000	-999.0000	-999.0000	-999.0000	-999.0000	-999.0000	-999.0000	-999.0000	-999.0000	-999.0000	-999.0000	-999.0000	-999.0000	-999.0000	-999.0000	-999.0000	     -999.0000	     -999.0000	     -999.0000	     -999.0000	     -999.0000	     -999.0000	     -999.0000	-999.0000	-999.0000	-999.0000
2017	145	  23	 55	144.9965	-999.0000	-999.0000	 -999.0000	-999.0000	-999.0000	-999.0000	-999.0000	-999.0000	-999.0000	-999.0000	-999.0000	-999.0000	-999.0000	-999.0000	-999.0000	-999.0000	-999.0000	-999.0000	-999.0000	-999.0000	-999.0000	-999.0000	-999.0000	-999.0000	-999.0000	-999.0000	-999.0000	-999.0000	-999.0000	-999.0000	-999.0000	-999.0000	-999.0000	-999.0000	     -999.0000	     -999.0000	     -999.0000	     -999.0000	     -999.0000	     -999.0000	     -999.0000	-999.0000	-999.0000	-999.0000
2017	147	  23	 55	146.9965	  0.0920	 11.1346	 -999.0000	-999.0000	1618.6167	  0.0000	   0.0000	   0.0000	   0.0000	-450.0000	-450.0000	-450.0000	-879.9284	 27.8247	1602.5833	   4.0000	   1.0000	   1.6000	  0.3000	  0.2000	  0.1000	  0.1200	  0.1800	   0.0000	   0.0000	   0.0000	   0.0000	   0.0000	   0.0000	   0.0000	   0.0000	   0.0000	  0.2454	  0.0000	        0.0000	        0.0000	        0.0000	        0.0000	        0.0000	        0.0000	        0.0000	  0.5571	  0.2230	  9.5414
2017	149	  23	 55	148.9965	  0.0000	  6.1312	 -999.0000	-999.0000	1621.1167	  0.0000	   0.0000	   0.0000	   0.0000	-450.0000	-450.0000	-450.0000	-879.9284	 27.8247	1634.0833	   4.0000	   1.0000	   1.6000	  0.3000	  0.2000	  0.1000	  0.1200	  0.1800	   0.0000	   0.0000	   0.0000	   0.0000	   0.0000	   0.0000	   0.0000	   0.0000	   0.0000	  0.2454	  0.0000	        0.0000	        0.0000	        0.0000	        0.0000	        0.0000	        0.0000	        0.0000	  0.5571	  0.2230	  9.5414
2017	151	  23	 55	150.9965	  0.0000	  7.2937	 -999.0000	-999.0000	1645.8167	  0.0000	   0.0000	   0.0000	   0.0000	-450.0000	-450.0000	-450.0000	-879.9284	 27.8247	1664.7500	   4.0000	   1.0000	   1.6000	  0.3000	  0.2000	  0.1000	  0.1200	  0.1800	   0.0000	   0.0000	   0.0000	   0.0000	   0.0000	   0.0000	   0.0000	   0.0000	   0.0000	  0.2454	  0.0000	        0.0000	        0.0000	        0.0000	        0.0000	        0.0000	        0.0000	        0.0000	  0.5571	  0.2230	  9.5414
2017	153	  23	 55	152.9965	  4.5376	  5.2695	 -999.0000	-999.0000	1651.8167	  0.0000	   0.0000	   0.0000	   0.0000	-450.0000	-450.0000	-450.0000	-879.9284	 27.8247	1698.3333	   4.0000	   1.0000	   1.6000	  0.3000	  0.2000	  0.1000	  0.1200	  0.1800	   0.0000	   0.0000	   0.0000	   0.0000	   0.0000	   0.0000	   0.0000	   0.0000	   0.0000	  0.2454	  0.0000	        0.0000	        0.0000	        0.0000	        0.0000	        0.0000	        0.0000	        0.0000	  0.5571	  0.2230	  9.5414
2017	155	  23	 55	154.9965	  0.0001	  5.8117	 -999.0000	-999.0000	1664.6167	  0.0000	   0.0000	   0.0000	   0.0000	-450.0000	-450.0000	-450.0000	-879.9284	 27.8247	1730.5000	   4.0000	   1.0000	   1.6000	  0.3000	  0.2000	  0.1000	  0.1200	  0.1800	   0.0000	   0.0000	   0.0000	   0.0000	   0.0000	   0.0000	   0.0000	   0.0000	   0.0000	  0.2454	  0.0000	        0.0000	        0.0000	        0.0000	        0.0000	        0.0000	        0.0000	        0.0000	  0.5571	  0.2230	  9.5414
2017	157	  23	 55	156.9965	  0.0000	 11.4858	 -999.0000	-999.0000	1665.5167	  0.0000	   0.0000	   0.0000	   0.0000	-450.0000	-450.0000	-450.0000	-879.9284	 27.8247	1764.9167	   4.0000	   1.0000	   1.6000	  0.3000	  0.2000	  0.1000	  0.1200	  0.1800	   0.0000	   0.0000	   0.0000	   0.0000	   0.0000	   0.0000	   0.0000	   0.0000	   0.0000	  0.2454	  0.0000	        0.0000	        0.0000	        0.0000	        0.0000	        0.0000	        0.0000	        0.0000	  0.5571	  0.2230	  9.5414
2017	159	  23	 55	158.9965	  0.0000	  6.6831	 -999.0000	-999.0000	1708.8250	  0.0000	   0.0000	   0.0000	   0.0000	-450.0000	-450.0000	-450.0000	-879.9284	 27.8247	1796.5833	   4.0000	   1.0000	   1.6000	  0.3000	  0.2000	  0.1000	  0.1200	  0.1800	   0.0000	   0.0000	   0.0000	   0.0000	   0.0000	   0.0000	   0.0000	   0.0000	   0.0000	  0.2454	  0.0000	        0.0000	        0.0000	        0.0000	        0.0000	        0.0000	        0.0000	        0.0000	  0.5571	  0.2230	  9.5414
2017	161	  23	 55	160.9965	  0.0000	  8.3846	 -999.0000	-999.0000	1714.3167	  0.0000	   0.0000	   0.0000	   0.0000	-450.0000	-450.0000	-450.0000	-879.9284	 27.8247	1829.5833	   4.0000	   1.0000	   1.6000	  0.3000	  0.2000	  0.1000	  0.1200	  0.1800	   0.0000	   0.0000	   0.0000	   0.0000	   0.0000	   0.0000	   0.0000	   0.0000	   0.0000	  0.2454	  0.0000	        0.0000	        0.0000	        0.0000	        0.0000	        0.0000	        0.0000	        0.0000	  0.5571	  0.2230	  9.5414
2017	163	  23	 55	162.9965	  0.0000	  8.0625	 -999.0000	-999.0000	1723.5167	  0.0000	   0.0000	   0.0000	   0.0000	-450.0000	-450.0000	-450.0000	-879.9284	 27.8247	1863.7500	   4.0000	   1.0000	   1.6000	  0.3000	  0.2000	  0.1000	  0.1200	  0.1800	   0.0000	   0.0000	   0.0000	   0.0000	   0.0000	   0.0000	   0.0000	   0.0000	   0.0000	  0.2454	  0.0000	        0.0000	        0.0000	        0.0000	        0.0000	        0.0000	        0.0000	        0.0000	  0.5571	  0.2230	  9.5414
2017	165	  23	 55	164.9965	  0.0000	  9.3236	 -999.0000	-999.0000	1723.5167	  0.0000	   0.0000	   0.0000	   0.0000	-450.0000	-450.0000	-450.0000	-879.9284	 27.8247	1899.5833	   4.0000	   1.0000	   1.6000	  0.3000	  0.2000	  0.1000	  0.1200	  0.1800	   0.0000	   0.0000	   0.0000	   0.0000	   0.0000	   0.0000	   0.0000	   0.0000	   0.0000	  0.2454	  0.0000	        0.0000	        0.0000	        0.0000	        0.0000	        0.0000	        0.0000	        0.0000	  0.5571	  0.2230	  9.5414
2017	167	  23	 55	166.9965	  0.0000	  9.0863	 -999.0000	-999.0000	1742.0167	  0.0000	   0.0000	   0.0000	   0.0000	-450.0000	-450.0000	-450.0000	-879.9284	 27.8247	1933.0833	   4.0000	   1.0000	   1.6000	  0.3000	  0.2000	  0.1000	  0.1200	  0.1800	   0.0000	   0.0000	   0.0000	   0.0000	   0.0000	   0.0000	   0.0000	   0.0000	   0.0000	  0.2454	  0.0000	        0.0000	        0.0000	        0.0000	        0.0000	        0.0000	        0.0000	        0.0000	  0.5571	  0.2230	  9.5414
2017	169	  23	 55	168.9965	  0.0138	 12.0228	 -999.0000	-999.0000	1749.0167	  0.0000	   0.0000	   0.0000	   0.0000	-450.0000	-450.0000	-450.0000	-879.9284	 27.8247	1967.3333	   4.0000	   1.0000	   1.6000	  0.3000	  0.2000	  0.1000	  0.1200	  0.1800	   0.0000	   0.0000	   0.0000	   0.0000	   0.0000	   0.0000	   0.0000	   0.0000	   0.0000	  0.2454	  0.0000	        0.0000	        0.0000	        0.0000	        0.0000	        0.0000	        0.0000	        0.0000	  0.5571	  0.2230	  9.5414
2017	171	  23	 55	170.9965	  0.0000	 10.1625	 -999.0000	-999.0000	1749.0167	  0.0000	   0.0000	   0.0000	   0.0000	-450.0000	-450.0000	-450.0000	-879.9284	 27.8247	2002.6667	   4.0000	   1.0000	   1.6000	  0.3000	  0.2000	  0.1000	  0.1200	  0.1800	   0.0000	   0.0000	   0.0000	   0.0000	   0.0000	   0.0000	   0.0000	   0.0000	   0.0000	  0.2454	  0.0000	        0.0000	        0.0000	        0.0000	        0.0000	        0.0000	        0.0000	        0.0000	  0.5571	  0.2230	  9.5414
2017	173	  23	 55	172.9965	  0.0000	  7.0315	 -999.0000	-999.0000	1749.2167	  0.0000	   0.0000	   0.0000	   0.0000	-450.0000	-450.0000	-450.0000	-879.9284	 27.8247	2038.0000	   4.0000	   1.0000	   1.6000	  0.3000	  0.2000	  0.1000	  0.1200	  0.1800	   0.0000	   0.0000	   0.0000	   0.0000	   0.0000	   0.0000	   0.0000	   0.0000	   0.0000	  0.2454	  0.0000	        0.0000	        0.0000	        0.0000	        0.0000	        0.0000	        0.0000	        0.0000	  0.5571	  0.2230	  9.5414
2017	175	  23	 55	174.9965	  0.0000	  9.5458	 -999.0000	-999.0000	1754.7167	  0.0000	   0.0000	   0.0000	   0.0000	-450.0000	-450.0000	-450.0000	-879.9284	 27.8247	2072.1667	   4.0000	   1.0000	   1.6000	  0.3000	  0.2000	  0.1000	  0.1200	  0.1800	   0.0000	   0.0000	   0.0000	   0.0000	   0.0000	   0.0000	   0.0000	   0.0000	   0.0000	  0.2454	  0.0000	        0.0000	        0.0000	        0.0000	        0.0000	        0.0000	        0.0000	        0.0000	  0.5571	  0.2230	  9.5414
2017	177	  23	 55	176.9965	  0.0000	  8.5418	 -999.0000	-999.0000	1771.4167	  0.0000	   0.0000	   0.0000	   0.0000	-450.0000	-450.0000	-450.0000	-879.9284	 27.8247	2105.1667	   4.0000	   1.0000	   1.6000	  0.3000	  0.2000	  0.1000	  0.1200	  0.1800	   0.0000	   0.0000	   0.0000	   0.0000	   0.0000	   0.0000	   0.0000	   0.0000	   0.0000	  0.2454	  0.0000	        0.0000	        0.0000	        0.0000	        0.0000	        0.0000	        0.0000	        0.0000	  0.5571	  0.2230	  9.5414
2017	179	  23	 55	178.9965	  3.7118	  9.8293	 -999.0000	-999.0000	1774.4167	  0.0000	   0.0000	   0.0000	   0.0000	-450.0000	-450.0000	-450.0000	-879.9284	 27.8247	2140.2500	   4.0000	   1.0000	   1.6000	  0.3000	  0.2000	  0.1000	  0.1200	  0.1800	   0.0000	   0.0000	   0.0000	   0.0000	   0.0000	   0.0000	   0.0000	   0.0000	   0.0000	  0.2454	  0.0000	        0.0000	        0.0000	        0.0000	        0.0000	        0.0000	        0.0000	        0.0000	  0.5571	  0.2230	  9.5414
2017	181	  23	 55	180.9965	  0.0000	 11.2583	 -999.0000	-999.0000	1774.4167	  0.0000	   0.0000	   0.0000	   0.0000	-450.0000	-450.0000	-450.0000	-879.9284	 27.8247	2175.3333	   4.0000	   1.0000	   1.6000	  0.3000	  0.2000	  0.1000	  0.1200	  0.1800	   0.0000	   0.0000	   0.0000	   0.0000	   0.0000	   0.0000	   0.0000	   0.0000	   0.0000	  0.2454	  0.0000	        0.0000	        0.0000	        0.0000	        0.0000	        0.0000	        0.0000	        0.0000	  0.5571	  0.2230	  9.5414
2017	183	  23	 55	182.9965	  0.0000	  8.9383	 -999.0000	-999.0000	1774.4167	  0.0000	   0.0000	   0.0000	   0.0000	-450.0000	-450.0000	-450.0000	-879.9284	 27.8247	2211.0000	   4.0000	   1.0000	   1.6000	  0.3000	  0.2000	  0.1000	  0.1200	  0.1800	   0.0000	   0.0000	   0.0000	   0.0000	   0.0000	   0.0000	   0.0000	   0.0000	   0.0000	  0.2454	  0.0000	        0.0000	        0.0000	        0.0000	        0.0000	        0.0000	        0.0000	        0.0000	  0.5571	  0.2230	  9.5414
2017	185	  23	 55	184.9965	  4.2354	  8.6392	 -999.0000	-999.0000	1784.4167	  0.0000	   0.0000	   0.0000	   0.0000	-450.0000	-450.0000	-450.0000	-879.9284	 27.8247	2245.7500	   4.0000	   1.0000	   1.6000	  0.3000	  0.2000	  0.1000	  0.1200	  0.1800	   0.0000	   0.0000	   0.0000	   0.0000	   0.0000	   0.0000	   0.0000	   0.0000	   0.0000	  0.2454	  0.0000	        0.0000	        0.0000	        0.0000	        0.0000	        0.0000	        0.0000	        0.0000	  0.5571	  0.2230	  9.5414
2017	187	  23	 55	186.9965	  5.9768	 16.9359	 -999.0000	-999.0000	1795.9167	  0.0000	   0.0000	   0.0000	   0.0000	-450.0000	-450.0000	-450.0000	-879.9284	 27.8247	2280.5000	   4.0000	   1.0000	   1.6000	  0.3000	  0.2000	  0.1000	  0.1200	  0.1800	   0.0000	   0.0000	   0.0000	   0.0000	   0.0000	   0.0000	   0.0000	   0.0000	   0.0000	  0.2454	  0.0000	        0.0000	        0.0000	        0.0000	        0.0000	        0.0000	        0.0000	        0.0000	  0.5571	  0.2230	  9.5414
2017	189	  23	 55	188.9965	  0.0001	  8.5126	 -999.0000	-999.0000	1798.0167	  0.0000	   0.0000	   0.0000	   0.0000	-450.0000	-450.0000	-450.0000	-879.9284	 27.8247	2314.0000	   4.0000	   1.0000	   1.6000	  0.3000	  0.2000	  0.1000	  0.1200	  0.1800	   0.0000	   0.0000	   0.0000	   0.0000	   0.0000	   0.0000	   0.0000	   0.0000	   0.0000	  0.2454	  0.0000	        0.0000	        0.0000	        0.0000	        0.0000	        0.0000	        0.0000	        0.0000	  0.5571	  0.2230	  9.5414
2017	191	  23	 55	190.9965	 10.4290	  8.7184	 -999.0000	-999.0000	1815.5167	  0.0000	   0.0000	   0.0000	   0.0000	-450.0000	-450.0000	-450.0000	-879.9284	 27.8247	2347.7500	   4.0000	   1.0000	   1.6000	  0.3000	  0.2000	  0.1000	  0.1200	  0.1800	   0.0000	   0.0000	   0.0000	   0.0000	   0.0000	   0.0000	   0.0000	   0.0000	   0.0000	  0.2454	  0.0000	        0.0000	        0.0000	        0.0000	        0.0000	        0.0000	        0.0000	        0.0000	  0.5571	  0.2230	  9.5414
2017	193	  23	 55	192.9965	-999.0000	-999.0000	 -999.0000	-999.0000	-999.0000	-999.0000	-999.0000	-999.0000	-999.0000	-999.0000	-999.0000	-999.0000	-999.0000	-999.0000	-999.0000	-999.0000	-999.0000	-999.0000	-999.0000	-999.0000	-999.0000	-999.0000	-999.0000	-999.0000	-999.0000	-999.0000	-999.0000	-999.0000	-999.0000	-999.0000	-999.0000	-999.0000	-999.0000	-999.0000	     -999.0000	     -999.0000	     -999.0000	     -999.0000	     -999.0000	     -999.0000	     -999.0000	-999.0000	-999.0000	-999.0000
2017	195	  23	 55	194.9965	-999.0000	-999.0000	 -999.0000	-999.0000	-999.0000	-999.0000	-999.0000	-999.0000	-999.0000	-999.0000	-999.0000	-999.0000	-999.0000	-999.0000	-999.0000	-999.0000	-999.0000	-999.0000	-999.0000	-999.0000	-999.0000	-999.0000	-999.0000	-999.0000	-999.0000	-999.0000	-999.0000	-999.0000	-999.0000	-999.0000	-999.0000	-999.0000	-999.0000	-999.0000	     -999.0000	     -999.0000	     -999.0000	     -999.0000	     -999.0000	     -999.0000	     -999.0000	-999.0000	-999.0000	-999.0000
2017	197	  23	 55	196.9965	  0.0384	  9.1084	 -999.0000	-999.0000	1893.2167	  0.0000	   0.0000	   0.0000	   0.0000	-450.0000	-450.0000	-450.0000	-879.9284	 27.8247	2447.8333	   4.0000	   1.0000	   1.6000	  0.3000	  0.2000	  0.1000	  0.1200	  0.1800	   0.0000	   0.0000	   0.0000	   0.0000	   0.0000	   0.0000	   0.0000	   0.0000	   0.0000	  0.2454	  0.0000	        0.0000	        0.0000	        0.0000	        0.0000	        0.0000	        0.0000	        0.0000	  0.5571	  0.2230	  9.5414
2017	199	  23	 55	198.9965	  0.0000	  9.7803	 -999.0000	-999.0000	1893.2167	  0.0000	   0.0000	   0.0000	   0.0000	-450.0000	-450.0000	-450.0000	-879.9284	 27.8247	2482.4167	   4.0000	   1.0000	   1.6000	  0.3000	  0.2000	  0.1000	  0.1200	  0.1800	   0.0000	   0.0000	   0.0000	   0.0000	   0.0000	   0.0000	   0.0000	   0.0000	   0.0000	  0.2454	  0.0000	        0.0000	        0.0000	        0.0000	        0.0000	        0.0000	        0.0000	        0.0000	  0.5571	  0.2230	  9.5414
2017	201	  23	 55	200.9965	  0.0000	 12.5220	 -999.0000	-999.0000	1893.2167	  0.0000	   0.0000	   0.0000	   0.0000	-450.0000	-450.0000	-450.0000	-879.9284	 27.8247	2517.0833	   4.0000	   1.0000	   1.6000	  0.3000	  0.2000	  0.1000	  0.1200	  0.1800	   0.0000	   0.0000	   0.0000	   0.0000	   0.0000	   0.0000	   0.0000	   0.0000	   0.0000	  0.2454	  0.0000	        0.0000	        0.0000	        0.0000	        0.0000	        0.0000	        0.0000	        0.0000	  0.5571	  0.2230	  9.5414
2017	203	  23	 55	202.9965	-999.0000	-999.0000	 -999.0000	-999.0000	-999.0000	-999.0000	-999.0000	-999.0000	-999.0000	-999.0000	-999.0000	-999.0000	-999.0000	-999.0000	-999.0000	-999.0000	-999.0000	-999.0000	-999.0000	-999.0000	-999.0000	-999.0000	-999.0000	-999.0000	-999.0000	-999.0000	-999.0000	-999.0000	-999.0000	-999.0000	-999.0000	-999.0000	-999.0000	-999.0000	     -999.0000	     -999.0000	     -999.0000	     -999.0000	     -999.0000	     -999.0000	     -999.0000	-999.0000	-999.0000	-999.0000
2017	205	  23	 55	204.9965	 11.8439	 30.8270	 -999.0000	-999.0000	1908.3167	  0.0000	   0.0000	   0.0000	   0.0000	-450.0000	-450.0000	-450.0000	-879.9284	 27.8247	2581.4167	   4.0000	   1.0000	   1.6000	  0.3000	  0.2000	  0.1000	  0.1200	  0.1800	   0.0000	   0.0000	   0.0000	   0.0000	   0.0000	   0.0000	   0.0000	   0.0000	   0.0000	  0.2454	  0.0000	        0.0000	        0.0000	        0.0000	        0.0000	        0.0000	        0.0000	        0.0000	  0.5571	  0.2230	  9.5414
2017	207	  23	 55	206.9965	  4.4985	 10.8457	 -999.0000	-999.0000	1914.3167	  0.0000	   0.0000	   0.0000	   0.0000	-450.0000	-450.0000	-450.0000	-879.9284	 27.8247	2614.4167	   4.0000	   1.0000	   1.6000	  0.3000	  0.2000	  0.1000	  0.1200	  0.1800	   0.0000	   0.0000	   0.0000	   0.0000	   0.0000	   0.0000	   0.0000	   0.0000	   0.0000	  0.2454	  0.0000	        0.0000	        0.0000	        0.0000	        0.0000	        0.0000	        0.0000	        0.0000	  0.5571	  0.2230	  9.5414
2017	209	  23	 55	208.9965	  0.0288	  9.9906	 -999.0000	-999.0000	1937.1167	  0.0000	   0.0000	   0.0000	   0.0000	-450.0000	-450.0000	-450.0000	-879.9284	 27.8247	2646.0833	   4.0000	   1.0000	   1.6000	  0.3000	  0.2000	  0.1000	  0.1200	  0.1800	   0.0000	   0.0000	   0.0000	   0.0000	   0.0000	   0.0000	   0.0000	   0.0000	   0.0000	  0.2454	  0.0000	        0.0000	        0.0000	        0.0000	        0.0000	        0.0000	        0.0000	        0.0000	  0.5571	  0.2230	  9.5414
2017	211	  23	 55	210.9965	  0.0000	 10.0718	 -999.0000	-999.0000	1956.2167	  0.0000	   0.0000	   0.0000	   0.0000	-450.0000	-450.0000	-450.0000	-879.9284	 27.8247	2678.9167	   4.0000	   1.0000	   1.6000	  0.3000	  0.2000	  0.1000	  0.1200	  0.1800	   0.0000	   0.0000	   0.0000	   0.0000	   0.0000	   0.0000	   0.0000	   0.0000	   0.0000	  0.2454	  0.0000	        0.0000	        0.0000	        0.0000	        0.0000	        0.0000	        0.0000	        0.0000	  0.5571	  0.2230	  9.5414
2017	213	  23	 55	212.9965	  4.3956	  9.8774	 -999.0000	-999.0000	1961.7167	  0.0000	   0.0000	   0.0000	   0.0000	-450.0000	-450.0000	-450.0000	-879.9284	 27.8247	2711.2500	   4.0000	   1.0000	   1.6000	  0.3000	  0.2000	  0.1000	  0.1200	  0.1800	   0.0000	   0.0000	   0.0000	   0.0000	   0.0000	   0.0000	   0.0000	   0.0000	   0.0000	  0.2454	  0.0000	        0.0000	        0.0000	        0.0000	        0.0000	        0.0000	        0.0000	        0.0000	  0.5571	  0.2230	  9.5414
2017	215	  23	 55	214.9965	 12.4111	 16.6425	 -999.0000	-999.0000	2014.6167	  0.0000	   0.0000	   0.0000	   0.0000	-450.0000	-450.0000	-450.0000	-879.9284	 27.8247	2743.3333	   4.0000	   1.0000	   1.6000	  0.3000	  0.2000	  0.1000	  0.1200	  0.1800	   0.0000	   0.0000	   0.0000	   0.0000	   0.0000	   0.0000	   0.0000	   0.0000	   0.0000	  0.2454	  0.0000	        0.0000	        0.0000	        0.0000	        0.0000	        0.0000	        0.0000	        0.0000	  0.5571	  0.2230	  9.5414
2017	217	  23	 55	216.9965	  0.0002	 11.0591	 -999.0000	-999.0000	2019.3167	  0.0000	   0.0000	   0.0000	   0.0000	-450.0000	-450.0000	-450.0000	-879.9284	 27.8247	2774.5000	   4.0000	   1.0000	   1.6000	  0.3000	  0.2000	  0.1000	  0.1200	  0.1800	   0.0000	   0.0000	   0.0000	   0.0000	   0.0000	   0.0000	   0.0000	   0.0000	   0.0000	  0.2454	  0.0000	        0.0000	        0.0000	        0.0000	        0.0000	        0.0000	        0.0000	        0.0000	  0.5571	  0.2230	  9.5414
2017	219	  23	 55	218.9965	  0.0000	  9.6793	 -999.0000	-999.0000	2019.5167	  0.0000	   0.0000	   0.0000	   0.0000	-450.0000	-450.0000	-450.0000	-879.9284	 27.8247	2805.3333	   4.0000	   1.0000	   1.6000	  0.3000	  0.2000	  0.1000	  0.1200	  0.1800	   0.0000	   0.0000	   0.0000	   0.0000	   0.0000	   0.0000	   0.0000	   0.0000	   0.0000	  0.2454	  0.0000	        0.0000	        0.0000	        0.0000	        0.0000	        0.0000	        0.0000	        0.0000	  0.5571	  0.2230	  9.5414
2017	221	  23	 55	220.9965	  0.0000	 10.1081	 -999.0000	-999.0000	2027.8167	  0.0000	   0.0000	   0.0000	   0.0000	-450.0000	-450.0000	-450.0000	-879.9284	 27.8247	2835.1667	   4.0000	   1.0000	   1.6000	  0.3000	  0.2000	  0.1000	  0.1200	  0.1800	   0.0000	   0.0000	   0.0000	   0.0000	   0.0000	   0.0000	   0.0000	   0.0000	   0.0000	  0.2454	  0.0000	        0.0000	        0.0000	        0.0000	        0.0000	        0.0000	        0.0000	        0.0000	  0.5571	  0.2230	  9.5414
2017	223	  23	 55	222.9965	  3.7873	  9.2399	 -999.0000	-999.0000	2031.5167	  0.0000	   0.0000	   0.0000	   0.0000	-450.0000	-450.0000	-450.0000	-879.9284	 27.8247	2866.3333	   4.0000	   1.0000	   1.6000	  0.3000	  0.2000	  0.1000	  0.1200	  0.1800	   0.0000	   0.0000	   0.0000	   0.0000	   0.0000	   0.0000	   0.0000	   0.0000	   0.0000	  0.2454	  0.0000	        0.0000	        0.0000	        0.0000	        0.0000	        0.0000	        0.0000	        0.0000	  0.5571	  0.2230	  9.5414
2017	225	  23	 55	224.9965	  0.0305	  8.9822	 -999.0000	-999.0000	2056.3417	  0.0000	   0.0000	   0.0000	   0.0000	-450.0000	-450.0000	-450.0000	-879.9284	 27.8247	2894.5000	   4.0000	   1.0000	   1.6000	  0.3000	  0.2000	  0.1000	  0.1200	  0.1800	   0.0000	   0.0000	   0.0000	   0.0000	   0.0000	   0.0000	   0.0000	   0.0000	   0.0000	  0.2454	  0.0000	        0.0000	        0.0000	        0.0000	        0.0000	        0.0000	        0.0000	        0.0000	  0.5571	  0.2230	  9.5414
2017	227	  23	 55	226.9965	  0.0142	  9.4419	 -999.0000	-999.0000	2069.3083	  0.0000	   0.0000	   0.0000	   0.0000	-450.0000	-450.0000	-450.0000	-879.9284	 27.8247	2923.7500	   4.0000	   1.0000	   1.6000	  0.3000	  0.2000	  0.1000	  0.1200	  0.1800	   0.0000	   0.0000	   0.0000	   0.0000	   0.0000	   0.0000	   0.0000	   0.0000	   0.0000	  0.2454	  0.0000	        0.0000	        0.0000	        0.0000	        0.0000	        0.0000	        0.0000	        0.0000	  0.5571	  0.2230	  9.5414
2017	229	  23	 55	228.9965	  3.6391	 10.3465	 -999.0000	-999.0000	2085.4417	  0.0000	   0.0000	   0.0000	   0.0000	-450.0000	-450.0000	-450.0000	-879.9284	 27.8247	2953.1667	   4.0000	   1.0000	   1.6000	  0.3000	  0.2000	  0.1000	  0.1200	  0.1800	   0.0000	   0.0000	   0.0000	   0.0000	   0.0000	   0.0000	   0.0000	   0.0000	   0.0000	  0.2454	  0.0000	        0.0000	        0.0000	        0.0000	        0.0000	        0.0000	        0.0000	        0.0000	  0.5571	  0.2230	  9.5414
2017	231	  23	 55	230.9965	  0.0000	  8.8194	 -999.0000	-999.0000	2094.2417	  0.0000	   0.0000	   0.0000	   0.0000	-450.0000	-450.0000	-450.0000	-879.9284	 27.8247	2982.3333	   4.0000	   1.0000	   1.6000	  0.3000	  0.2000	  0.1000	  0.1200	  0.1800	   0.0000	   0.0000	   0.0000	   0.0000	   0.0000	   0.0000	   0.0000	   0.0000	   0.0000	  0.2454	  0.0000	        0.0000	        0.0000	        0.0000	        0.0000	        0.0000	        0.0000	        0.0000	  0.5571	  0.2230	  9.5414
2017	233	  23	 55	232.9965	-999.0000	-999.0000	 -999.0000	-999.0000	-999.0000	-999.0000	-999.0000	-999.0000	-999.0000	-999.0000	-999.0000	-999.0000	-999.0000	-999.0000	-999.0000	-999.0000	-999.0000	-999.0000	-999.0000	-999.0000	-999.0000	-999.0000	-999.0000	-999.0000	-999.0000	-999.0000	-999.0000	-999.0000	-999.0000	-999.0000	-999.0000	-999.0000	-999.0000	-999.0000	     -999.0000	     -999.0000	     -999.0000	     -999.0000	     -999.0000	     -999.0000	     -999.0000	-999.0000	-999.0000	-999.0000
2017	235	  23	 55	234.9965	 14.4712	  6.4020	 -999.0000	-999.0000	2170.7417	  0.0000	   0.0000	   0.0000	   0.0000	-450.0000	-450.0000	-450.0000	-879.9284	 27.8247	3040.7500	   4.0000	   1.0000	   1.6000	  0.3000	  0.2000	  0.1000	  0.1200	  0.1800	   0.0000	   0.0000	   0.0000	   0.0000	   0.0000	   0.0000	   0.0000	   0.0000	   0.0000	  0.2454	  0.0000	        0.0000	        0.0000	        0.0000	        0.0000	        0.0000	        0.0000	        0.0000	  0.5571	  0.2230	  9.5414
2017	237	  23	 55	236.9965	  0.0007	  9.3993	 -999.0000	-999.0000	2176.9417	  0.0000	   0.0000	   0.0000	   0.0000	-450.0000	-450.0000	-450.0000	-879.9284	 27.8247	3067.7500	   4.0000	   1.0000	   1.6000	  0.3000	  0.2000	  0.1000	  0.1200	  0.1800	   0.0000	   0.0000	   0.0000	   0.0000	   0.0000	   0.0000	   0.0000	   0.0000	   0.0000	  0.2454	  0.0000	        0.0000	        0.0000	        0.0000	        0.0000	        0.0000	        0.0000	        0.0000	  0.5571	  0.2230	  9.5414
2017	239	  23	 55	238.9965	  3.5319	  7.9998	 -999.0000	-999.0000	2196.7500	  0.0000	   0.0000	   0.0000	   0.0000	-450.0000	-450.0000	-450.0000	-879.9284	 27.8247	3095.0833	   4.0000	   1.0000	   1.6000	  0.3000	  0.2000	  0.1000	  0.1200	  0.1800	   0.0000	   0.0000	   0.0000	   0.0000	   0.0000	   0.0000	   0.0000	   0.0000	   0.0000	  0.2454	  0.0000	        0.0000	        0.0000	        0.0000	        0.0000	        0.0000	        0.0000	        0.0000	  0.5571	  0.2230	  9.5414
2017	241	  23	 55	240.9965	  0.0288	 12.2298	 -999.0000	-999.0000	2211.7500	  0.0000	   0.0000	   0.0000	   0.0000	-450.0000	-450.0000	-450.0000	-879.9284	 27.8247	3122.6667	   4.0000	   1.0000	   1.6000	  0.3000	  0.2000	  0.1000	  0.1200	  0.1800	   0.0000	   0.0000	   0.0000	   0.0000	   0.0000	   0.0000	   0.0000	   0.0000	   0.0000	  0.2454	  0.0000	        0.0000	        0.0000	        0.0000	        0.0000	        0.0000	        0.0000	        0.0000	  0.5571	  0.2230	  9.5414
2017	243	  23	 55	242.9965	-999.0000	-999.0000	 -999.0000	-999.0000	-999.0000	-999.0000	-999.0000	-999.0000	-999.0000	-999.0000	-999.0000	-999.0000	-999.0000	-999.0000	-999.0000	-999.0000	-999.0000	-999.0000	-999.0000	-999.0000	-999.0000	-999.0000	-999.0000	-999.0000	-999.0000	-999.0000	-999.0000	-999.0000	-999.0000	-999.0000	-999.0000	-999.0000	-999.0000	-999.0000	     -999.0000	     -999.0000	     -999.0000	     -999.0000	     -999.0000	     -999.0000	     -999.0000	-999.0000	-999.0000	-999.0000
2017	245	  23	 55	244.9965	  0.0446	  6.6854	 -999.0000	-999.0000	2228.5500	  0.0000	   0.0000	   0.0000	   0.0000	-450.0000	-450.0000	-450.0000	-879.9284	 27.8247	3177.6667	   4.0000	   1.0000	   1.6000	  0.3000	  0.2000	  0.1000	  0.1200	  0.1800	   0.0000	   0.0000	   0.0000	   0.0000	   0.0000	   0.0000	   0.0000	   0.0000	   0.0000	  0.2454	  0.0000	        0.0000	        0.0000	        0.0000	        0.0000	        0.0000	        0.0000	        0.0000	  0.5571	  0.2230	  9.5414
2017	247	  23	 55	246.9965	-999.0000	-999.0000	 -999.0000	-999.0000	-999.0000	-999.0000	-999.0000	-999.0000	-999.0000	-999.0000	-999.0000	-999.0000	-999.0000	-999.0000	-999.0000	-999.0000	-999.0000	-999.0000	-999.0000	-999.0000	-999.0000	-999.0000	-999.0000	-999.0000	-999.0000	-999.0000	-999.0000	-999.0000	-999.0000	-999.0000	-999.0000	-999.0000	-999.0000	-999.0000	     -999.0000	     -999.0000	     -999.0000	     -999.0000	     -999.0000	     -999.0000	     -999.0000	-999.0000	-999.0000	-999.0000
2017	249	  23	 55	248.9965	  0.0122	  6.8598	 -999.0000	-999.0000	2260.6500	  0.0000	   0.0000	   0.0000	   0.0000	-450.0000	-450.0000	-450.0000	-879.9284	 27.8247	3226.1667	   4.0000	   1.0000	   1.6000	  0.3000	  0.2000	  0.1000	  0.1200	  0.1800	   0.0000	   0.0000	   0.0000	   0.0000	   0.0000	   0.0000	   0.0000	   0.0000	   0.0000	  0.2454	  0.0000	        0.0000	        0.0000	        0.0000	        0.0000	        0.0000	        0.0000	        0.0000	  0.5571	  0.2230	  9.5414
2017	251	  23	 55	250.9965	  0.0145	  5.6762	 -999.0000	-999.0000	2274.1500	  0.0000	   0.0000	   0.0000	   0.0000	-450.0000	-450.0000	-450.0000	-879.9284	 27.8247	3251.4167	   4.0000	   1.0000	   1.6000	  0.3000	  0.2000	  0.1000	  0.1200	  0.1800	   0.0000	   0.0000	   0.0000	   0.0000	   0.0000	   0.0000	   0.0000	   0.0000	   0.0000	  0.2454	  0.0000	        0.0000	        0.0000	        0.0000	        0.0000	        0.0000	        0.0000	        0.0000	  0.5571	  0.2230	  9.5414
2017	253	  23	 55	252.9965	  0.0402	  7.5337	 -999.0000	-999.0000	2308.5000	  0.0000	   0.0000	   0.0000	   0.0000	-450.0000	-450.0000	-450.0000	-879.9284	 27.8247	3275.0833	   4.0000	   1.0000	   1.6000	  0.3000	  0.2000	  0.1000	  0.1200	  0.1800	   0.0000	   0.0000	   0.0000	   0.0000	   0.0000	   0.0000	   0.0000	   0.0000	   0.0000	  0.2454	  0.0000	        0.0000	        0.0000	        0.0000	        0.0000	        0.0000	        0.0000	        0.0000	  0.5571	  0.2230	  9.5414
2017	255	  23	 55	254.9965	  0.0000	  7.7874	 -999.0000	-999.0000	2323.5000	  0.0000	   0.0000	   0.0000	   0.0000	-450.0000	-450.0000	-450.0000	-879.9284	 27.8247	3300.4167	   4.0000	   1.0000	   1.6000	  0.3000	  0.2000	  0.1000	  0.1200	  0.1800	   0.0000	   0.0000	   0.0000	   0.0000	   0.0000	   0.0000	   0.0000	   0.0000	   0.0000	  0.2454	  0.0000	        0.0000	        0.0000	        0.0000	        0.0000	        0.0000	        0.0000	        0.0000	  0.5571	  0.2230	  9.5414
2017	257	  23	 55	256.9965	-999.0000	-999.0000	 -999.0000	-999.0000	-999.0000	-999.0000	-999.0000	-999.0000	-999.0000	-999.0000	-999.0000	-999.0000	-999.0000	-999.0000	-999.0000	-999.0000	-999.0000	-999.0000	-999.0000	-999.0000	-999.0000	-999.0000	-999.0000	-999.0000	-999.0000	-999.0000	-999.0000	-999.0000	-999.0000	-999.0000	-999.0000	-999.0000	-999.0000	-999.0000	     -999.0000	     -999.0000	     -999.0000	     -999.0000	     -999.0000	     -999.0000	     -999.0000	-999.0000	-999.0000	-999.0000
2017	259	  23	 55	258.9965	 14.6950	  4.2361	 -999.0000	-999.0000	2457.4917	  0.0000	   0.0000	   0.0000	   0.0000	-450.0000	-450.0000	-450.0000	-879.9284	 27.8247	3345.8333	   4.0000	   1.0000	   1.6000	  0.3000	  0.2000	  0.1000	  0.1200	  0.1800	   0.0000	   0.0000	   0.0000	   0.0000	   0.0000	   0.0000	   0.0000	   0.0000	   0.0000	  0.2454	  0.0000	        0.0000	        0.0000	        0.0000	        0.0000	        0.0000	        0.0000	        0.0000	  0.5571	  0.2230	  9.5414
2017	261	  23	 55	260.9965	  7.7224	  3.8530	 -999.0000	-999.0000	2511.0917	  0.0000	   0.0000	   0.0000	   0.0000	-450.0000	-450.0000	-450.0000	-879.9284	 27.8247	3368.0000	   4.0000	   1.0000	   1.6000	  0.3000	  0.2000	  0.1000	  0.1200	  0.1800	   0.0000	   0.0000	   0.0000	   0.0000	   0.0000	   0.0000	   0.0000	   0.0000	   0.0000	  0.2454	  0.0000	        0.0000	        0.0000	        0.0000	        0.0000	        0.0000	        0.0000	        0.0000	  0.5571	  0.2230	  9.5414
2017	263	  23	 55	262.9965	  0.0757	  2.8155	 -999.0000	-999.0000	2515.8917	  0.0000	   0.0000	   0.0000	   0.0000	-450.0000	-450.0000	-450.0000	-879.9284	 27.8247	3392.1667	   4.0000	   1.0000	   1.6000	  0.3000	  0.2000	  0.1000	  0.1200	  0.1800	   0.0000	   0.0000	   0.0000	   0.0000	   0.0000	   0.0000	   0.0000	   0.0000	   0.0000	  0.2454	  0.0000	        0.0000	        0.0000	        0.0000	        0.0000	        0.0000	        0.0000	        0.0000	  0.5571	  0.2230	  9.5414
2017	265	  23	 55	264.9965	 11.0020	  6.4338	 -999.0000	-999.0000	2535.1583	  0.0000	   0.0000	   0.0000	   0.0000	-450.0000	-450.0000	-450.0000	-879.9284	 27.8247	3413.7500	   4.0000	   1.0000	   1.6000	  0.3000	  0.2000	  0.1000	  0.1200	  0.1800	   0.0000	   0.0000	   0.0000	   0.0000	   0.0000	   0.0000	   0.0000	   0.0000	   0.0000	  0.2454	  0.0000	        0.0000	        0.0000	        0.0000	        0.0000	        0.0000	        0.0000	        0.0000	  0.5571	  0.2230	  9.5414
2017	267	  23	 55	266.9965	  3.9674	  7.6902	 -999.0000	-999.0000	2547.6583	  0.0000	   0.0000	   0.0000	   0.0000	-450.0000	-450.0000	-450.0000	-879.9284	 27.8247	3437.4167	   4.0000	   1.0000	   1.6000	  0.3000	  0.2000	  0.1000	  0.1200	  0.1800	   0.0000	   0.0000	   0.0000	   0.0000	   0.0000	   0.0000	   0.0000	   0.0000	   0.0000	  0.2454	  0.0000	        0.0000	        0.0000	        0.0000	        0.0000	        0.0000	        0.0000	        0.0000	  0.5571	  0.2230	  9.5414
2017	269	  23	 55	268.9965	  0.0000	  7.1009	 -999.0000	-999.0000	2547.6583	  0.0000	   0.0000	   0.0000	   0.0000	-450.0000	-450.0000	-450.0000	-879.9284	 27.8247	3461.0833	   4.0000	   1.0000	   1.6000	  0.3000	  0.2000	  0.1000	  0.1200	  0.1800	   0.0000	   0.0000	   0.0000	   0.0000	   0.0000	   0.0000	   0.0000	   0.0000	   0.0000	  0.2454	  0.0000	        0.0000	        0.0000	        0.0000	        0.0000	        0.0000	        0.0000	        0.0000	  0.5571	  0.2230	  9.5414
2017	271	  23	 55	270.9965	  0.0000	  6.1192	 -999.0000	-999.0000	2547.8583	  0.0000	   0.0000	   0.0000	   0.0000	-450.0000	-450.0000	-450.0000	-879.9284	 27.8247	3484.8333	   4.0000	   1.0000	   1.6000	  0.3000	  0.2000	  0.1000	  0.1200	  0.1800	   0.0000	   0.0000	   0.0000	   0.0000	   0.0000	   0.0000	   0.0000	   0.0000	   0.0000	  0.2454	  0.0000	        0.0000	        0.0000	        0.0000	        0.0000	        0.0000	        0.0000	        0.0000	  0.5571	  0.2230	  9.5414
2017	273	  23	 55	272.9965	  0.0033	  4.9039	 -999.0000	-999.0000	2547.8583	  0.0000	   0.0000	   0.0000	   0.0000	-450.0000	-450.0000	-450.0000	-879.9284	 27.8247	3507.5000	   4.0000	   1.0000	   1.6000	  0.3000	  0.2000	  0.1000	  0.1200	  0.1800	   0.0000	   0.0000	   0.0000	   0.0000	   0.0000	   0.0000	   0.0000	   0.0000	   0.0000	  0.2454	  0.0000	        0.0000	        0.0000	        0.0000	        0.0000	        0.0000	        0.0000	        0.0000	  0.5571	  0.2230	  9.5414
2017	275	  23	 55	274.9965	  0.0000	  5.8307	 -999.0000	-999.0000	2572.6583	  0.0000	   0.0000	   0.0000	   0.0000	-450.0000	-450.0000	-450.0000	-879.9284	 27.8247	3527.5000	   4.0000	   1.0000	   1.6000	  0.3000	  0.2000	  0.1000	  0.1200	  0.1800	   0.0000	   0.0000	   0.0000	   0.0000	   0.0000	   0.0000	   0.0000	   0.0000	   0.0000	  0.2454	  0.0000	        0.0000	        0.0000	        0.0000	        0.0000	        0.0000	        0.0000	        0.0000	  0.5571	  0.2230	  9.5414
2017	277	  23	 55	276.9965	  0.0068	  3.5033	 -999.0000	-999.0000	2590.5583	  0.0000	   0.0000	   0.0000	   0.0000	-450.0000	-450.0000	-450.0000	-879.9284	 27.8247	3548.6667	   4.0000	   1.0000	   1.6000	  0.3000	  0.2000	  0.1000	  0.1200	  0.1800	   0.0000	   0.0000	   0.0000	   0.0000	   0.0000	   0.0000	   0.0000	   0.0000	   0.0000	  0.2454	  0.0000	        0.0000	        0.0000	        0.0000	        0.0000	        0.0000	        0.0000	        0.0000	  0.5571	  0.2230	  9.5414
2017	279	  23	 55	278.9965	-999.0000	-999.0000	 -999.0000	-999.0000	-999.0000	-999.0000	-999.0000	-999.0000	-999.0000	-999.0000	-999.0000	-999.0000	-999.0000	-999.0000	-999.0000	-999.0000	-999.0000	-999.0000	-999.0000	-999.0000	-999.0000	-999.0000	-999.0000	-999.0000	-999.0000	-999.0000	-999.0000	-999.0000	-999.0000	-999.0000	-999.0000	-999.0000	-999.0000	-999.0000	     -999.0000	     -999.0000	     -999.0000	     -999.0000	     -999.0000	     -999.0000	     -999.0000	-999.0000	-999.0000	-999.0000
2017	281	  23	 55	280.9965	-999.0000	-999.0000	 -999.0000	-999.0000	-999.0000	-999.0000	-999.0000	-999.0000	-999.0000	-999.0000	-999.0000	-999.0000	-999.0000	-999.0000	-999.0000	-999.0000	-999.0000	-999.0000	-999.0000	-999.0000	-999.0000	-999.0000	-999.0000	-999.0000	-999.0000	-999.0000	-999.0000	-999.0000	-999.0000	-999.0000	-999.0000	-999.0000	-999.0000	-999.0000	     -999.0000	     -999.0000	     -999.0000	     -999.0000	     -999.0000	     -999.0000	     -999.0000	-999.0000	-999.0000	-999.0000
2017	283	  23	 55	282.9965	 15.7345	  1.8116	 -999.0000	-999.0000	2828.7583	  0.0000	   0.0000	   0.0000	   0.0000	-450.0000	-450.0000	-450.0000	-879.9284	 27.8247	3608.0833	   4.0000	   1.0000	   1.6000	  0.3000	  0.2000	  0.1000	  0.1200	  0.1800	   0.0000	   0.0000	   0.0000	   0.0000	   0.0000	   0.0000	   0.0000	   0.0000	   0.0000	  0.2454	  0.0000	        0.0000	        0.0000	        0.0000	        0.0000	        0.0000	        0.0000	        0.0000	  0.5571	  0.2230	  9.5414
2017	285	  23	 55	284.9965	  0.0295	  5.4456	 -999.0000	-999.0000	2867.7583	  0.0000	   0.0000	   0.0000	   0.0000	-450.0000	-450.0000	-450.0000	-879.9284	 27.8247	3626.8333	   4.0000	   1.0000	   1.6000	  0.3000	  0.2000	  0.1000	  0.1200	  0.1800	   0.0000	   0.0000	   0.0000	   0.0000	   0.0000	   0.0000	   0.0000	   0.0000	   0.0000	  0.2454	  0.0000	        0.0000	        0.0000	        0.0000	        0.0000	        0.0000	        0.0000	        0.0000	  0.5571	  0.2230	  9.5414
2017	287	  23	 55	286.9965	  0.0425	  7.0344	 -999.0000	-999.0000	2905.9583	  0.0000	   0.0000	   0.0000	   0.0000	-450.0000	-450.0000	-450.0000	-879.9284	 27.8247	3644.5000	   4.0000	   1.0000	   1.6000	  0.3000	  0.2000	  0.1000	  0.1200	  0.1800	   0.0000	   0.0000	   0.0000	   0.0000	   0.0000	   0.0000	   0.0000	   0.0000	   0.0000	  0.2454	  0.0000	        0.0000	        0.0000	        0.0000	        0.0000	        0.0000	        0.0000	        0.0000	  0.5571	  0.2230	  9.5414
2017	289	  23	 55	288.9965	  0.0000	  6.3856	 -999.0000	-999.0000	2906.2333	  0.0000	   0.0000	   0.0000	   0.0000	-450.0000	-450.0000	-450.0000	-879.9284	 27.8247	3664.3333	   4.0000	   1.0000	   1.6000	  0.3000	  0.2000	  0.1000	  0.1200	  0.1800	   0.0000	   0.0000	   0.0000	   0.0000	   0.0000	   0.0000	   0.0000	   0.0000	   0.0000	  0.2454	  0.0000	        0.0000	        0.0000	        0.0000	        0.0000	        0.0000	        0.0000	        0.0000	  0.5571	  0.2230	  9.5414
2017	291	  23	 55	290.9965	  0.9916	  2.6240	 -999.0000	-999.0000	2907.1583	  0.0000	   0.0000	   0.0000	   0.0000	-450.0000	-450.0000	-450.0000	-879.9284	 27.8247	3684.3333	   4.0000	   1.0000	   1.6000	  0.3000	  0.2000	  0.1000	  0.1200	  0.1800	   0.0000	   0.0000	   0.0000	   0.0000	   0.0000	   0.0000	   0.0000	   0.0000	   0.0000	  0.2454	  0.0000	        0.0000	        0.0000	        0.0000	        0.0000	        0.0000	        0.0000	        0.0000	  0.5571	  0.2230	  9.5414
2017	293	  23	 55	292.9965	  0.5801	  2.3719	 -999.0000	-999.0000	2908.8583	  0.0000	   0.0000	   0.0000	   0.0000	-450.0000	-450.0000	-450.0000	-879.9284	 27.8247	3702.5833	   4.0000	   1.0000	   1.6000	  0.3000	  0.2000	  0.1000	  0.1200	  0.1800	   0.0000	   0.0000	   0.0000	   0.0000	   0.0000	   0.0000	   0.0000	   0.0000	   0.0000	  0.2454	  0.0000	        0.0000	        0.0000	        0.0000	        0.0000	        0.0000	        0.0000	        0.0000	  0.5571	  0.2230	  9.5414
2017	295	  23	 55	294.9965	  0.0974	  1.0826	 -999.0000	-999.0000	2923.2583	  0.0000	   0.0000	   0.0000	   0.0000	-450.0000	-450.0000	-450.0000	-879.9284	 27.8247	3718.7500	   4.0000	   1.0000	   1.6000	  0.3000	  0.2000	  0.1000	  0.1200	  0.1800	   0.0000	   0.0000	   0.0000	   0.0000	   0.0000	   0.0000	   0.0000	   0.0000	   0.0000	  0.2454	  0.0000	        0.0000	        0.0000	        0.0000	        0.0000	        0.0000	        0.0000	        0.0000	  0.5571	  0.2230	  9.5414
2017	297	  23	 55	296.9965	  2.2924	  0.0818	 -999.0000	-999.0000	2940.6417	  0.0000	   0.0000	   0.0000	   0.0000	-450.0000	-450.0000	-450.0000	-879.9284	 27.8247	3735.7500	   4.0000	   1.0000	   1.6000	  0.3000	  0.2000	  0.1000	  0.1200	  0.1800	   0.0000	   0.0000	   0.0000	   0.0000	   0.0000	   0.0000	   0.0000	   0.0000	   0.0000	  0.2454	  0.0000	        0.0000	        0.0000	        0.0000	        0.0000	        0.0000	        0.0000	        0.0000	  0.5571	  0.2230	  9.5414
2017	299	  23	 55	298.9965	  0.9657	  4.4004	 -999.0000	-999.0000	2968.5917	  0.0000	   0.0000	   0.0000	   0.0000	-450.0000	-450.0000	-450.0000	-879.9284	 27.8247	3753.6667	   4.0000	   1.0000	   1.6000	  0.3000	  0.2000	  0.1000	  0.1200	  0.1800	   0.0000	   0.0000	   0.0000	   0.0000	   0.0000	   0.0000	   0.0000	   0.0000	   0.0000	  0.2454	  0.0000	        0.0000	        0.0000	        0.0000	        0.0000	        0.0000	        0.0000	        0.0000	  0.5571	  0.2230	  9.5414
2017	301	  23	 55	300.9965	  0.3222	  3.6667	 -999.0000	-999.0000	2970.7667	  0.0000	   0.0000	   0.0000	   0.0000	-450.0000	-450.0000	-450.0000	-879.9284	 27.8247	3771.4167	   4.0000	   1.0000	   1.6000	  0.3000	  0.2000	  0.1000	  0.1200	  0.1800	   0.0000	   0.0000	   0.0000	   0.0000	   0.0000	   0.0000	   0.0000	   0.0000	   0.0000	  0.2454	  0.0000	        0.0000	        0.0000	        0.0000	        0.0000	        0.0000	        0.0000	        0.0000	  0.5571	  0.2230	  9.5414
2017	303	  23	 55	302.9965	-999.0000	-999.0000	 -999.0000	-999.0000	-999.0000	-999.0000	-999.0000	-999.0000	-999.0000	-999.0000	-999.0000	-999.0000	-999.0000	-999.0000	-999.0000	-999.0000	-999.0000	-999.0000	-999.0000	-999.0000	-999.0000	-999.0000	-999.0000	-999.0000	-999.0000	-999.0000	-999.0000	-999.0000	-999.0000	-999.0000	-999.0000	-999.0000	-999.0000	-999.0000	     -999.0000	     -999.0000	     -999.0000	     -999.0000	     -999.0000	     -999.0000	     -999.0000	-999.0000	-999.0000	-999.0000
2017	305	  23	 55	304.9965	  0.1029	  3.4885	 -999.0000	-999.0000	3046.8917	  0.0000	   0.0000	   0.0000	   0.0000	-450.0000	-450.0000	-450.0000	-879.9284	 27.8247	3803.0000	   4.0000	   1.0000	   1.6000	  0.3000	  0.2000	  0.1000	  0.1200	  0.1800	   0.0000	   0.0000	   0.0000	   0.0000	   0.0000	   0.0000	   0.0000	   0.0000	   0.0000	  0.2454	  0.0000	        0.0000	        0.0000	        0.0000	        0.0000	        0.0000	        0.0000	        0.0000	  0.5571	  0.2230	  9.5414
2017	307	  23	 55	306.9965	 16.5909	  3.3488	 -999.0000	-999.0000	3079.6917	  0.0000	   0.0000	   0.0000	   0.0000	-450.0000	-450.0000	-450.0000	-879.9284	 27.8247	3819.9167	   4.0000	   1.0000	   1.6000	  0.3000	  0.2000	  0.1000	  0.1200	  0.1800	   0.0000	   0.0000	   0.0000	   0.0000	   0.0000	   0.0000	   0.0000	   0.0000	   0.0000	  0.2454	  0.0000	        0.0000	        0.0000	        0.0000	        0.0000	        0.0000	        0.0000	        0.0000	  0.5571	  0.2230	  9.5414
2017	309	  23	 55	308.9965	  0.5369	  1.4550	 -999.0000	-999.0000	3083.9917	  0.0000	   0.0000	   0.0000	   0.0000	-450.0000	-450.0000	-450.0000	-879.9284	 27.8247	3834.5833	   4.0000	   1.0000	   1.6000	  0.3000	  0.2000	  0.1000	  0.1200	  0.1800	   0.0000	   0.0000	   0.0000	   0.0000	   0.0000	   0.0000	   0.0000	   0.0000	   0.0000	  0.2454	  0.0000	        0.0000	        0.0000	        0.0000	        0.0000	        0.0000	        0.0000	        0.0000	  0.5571	  0.2230	  9.5414
2017	311	  23	 55	310.9965	 24.2652	  1.1682	 -999.0000	-999.0000	3141.9917	  0.0000	   0.0000	   0.0000	   0.0000	-450.0000	-450.0000	-450.0000	-879.9284	 27.8247	3852.0000	   4.0000	   1.0000	   1.6000	  0.3000	  0.2000	  0.1000	  0.1200	  0.1800	   0.0000	   0.0000	   0.0000	   0.0000	   0.0000	   0.0000	   0.0000	   0.0000	   0.0000	  0.2454	  0.0000	        0.0000	        0.0000	        0.0000	        0.0000	        0.0000	        0.0000	        0.0000	  0.5571	  0.2230	  9.5414
2017	313	  23	 55	312.9965	  0.5521	  0.7817	 -999.0000	-999.0000	3167.8833	  0.0000	   0.0000	   0.0000	   0.0000	-450.0000	-450.0000	-450.0000	-879.9284	 27.8247	3865.1667	   4.0000	   1.0000	   1.6000	  0.3000	  0.2000	  0.1000	  0.1200	  0.1800	   0.0000	   0.0000	   0.0000	   0.0000	   0.0000	   0.0000	   0.0000	   0.0000	   0.0000	  0.2454	  0.0000	        0.0000	        0.0000	        0.0000	        0.0000	        0.0000	        0.0000	        0.0000	  0.5571	  0.2230	  9.5414
2017	315	  23	 55	314.9965	-999.0000	-999.0000	 -999.0000	-999.0000	-999.0000	-999.0000	-999.0000	-999.0000	-999.0000	-999.0000	-999.0000	-999.0000	-999.0000	-999.0000	-999.0000	-999.0000	-999.0000	-999.0000	-999.0000	-999.0000	-999.0000	-999.0000	-999.0000	-999.0000	-999.0000	-999.0000	-999.0000	-999.0000	-999.0000	-999.0000	-999.0000	-999.0000	-999.0000	-999.0000	     -999.0000	     -999.0000	     -999.0000	     -999.0000	     -999.0000	     -999.0000	     -999.0000	-999.0000	-999.0000	-999.0000
2017	317	  23	 55	316.9965	 76.0509	  0.2316	 -999.0000	-999.0000	3368.2917	  0.0000	   0.0000	   0.0000	   0.0000	-450.0000	-450.0000	-450.0000	-879.9284	 27.8247	3890.3333	   4.0000	   1.0000	   1.6000	  0.3000	  0.2000	  0.1000	  0.1200	  0.1800	   0.0000	   0.0000	   0.0000	   0.0000	   0.0000	   0.0000	   0.0000	   0.0000	   0.0000	  0.2454	  0.0000	        0.0000	        0.0000	        0.0000	        0.0000	        0.0000	        0.0000	        0.0000	  0.5571	  0.2230	  9.5414
2017	319	  23	 55	318.9965	 26.2833	  0.7907	 -999.0000	-999.0000	3422.2167	  0.0000	   0.0000	   0.0000	   0.0000	-450.0000	-450.0000	-450.0000	-879.9284	 27.8247	3905.4167	   4.0000	   1.0000	   1.6000	  0.3000	  0.2000	  0.1000	  0.1200	  0.1800	   0.0000	   0.0000	   0.0000	   0.0000	   0.0000	   0.0000	   0.0000	   0.0000	   0.0000	  0.2454	  0.0000	        0.0000	        0.0000	        0.0000	        0.0000	        0.0000	        0.0000	        0.0000	  0.5571	  0.2230	  9.5414
2017	321	  23	 55	320.9965	  0.2586	  0.7107	 -999.0000	-999.0000	3443.4167	  0.0000	   0.0000	   0.0000	   0.0000	-450.0000	-450.0000	-450.0000	-879.9284	 27.8247	3919.0833	   4.0000	   1.0000	   1.6000	  0.3000	  0.2000	  0.1000	  0.1200	  0.1800	   0.0000	   0.0000	   0.0000	   0.0000	   0.0000	   0.0000	   0.0000	   0.0000	   0.0000	  0.2454	  0.0000	        0.0000	        0.0000	        0.0000	        0.0000	        0.0000	        0.0000	        0.0000	  0.5571	  0.2230	  9.5414
2017	323	  23	 55	322.9965	-999.0000	-999.0000	 -999.0000	-999.0000	-999.0000	-999.0000	-999.0000	-999.0000	-999.0000	-999.0000	-999.0000	-999.0000	-999.0000	-999.0000	-999.0000	-999.0000	-999.0000	-999.0000	-999.0000	-999.0000	-999.0000	-999.0000	-999.0000	-999.0000	-999.0000	-999.0000	-999.0000	-999.0000	-999.0000	-999.0000	-999.0000	-999.0000	-999.0000	-999.0000	     -999.0000	     -999.0000	     -999.0000	     -999.0000	     -999.0000	     -999.0000	     -999.0000	-999.0000	-999.0000	-999.0000
2017	325	  23	 55	324.9965	 11.7374	  0.0000	 -999.0000	-999.0000	3555.2167	  0.0000	   0.0000	   0.0000	   0.0000	-450.0000	-450.0000	-450.0000	-879.9284	 27.8247	3946.1667	   4.0000	   1.0000	   1.6000	  0.3000	  0.2000	  0.1000	  0.1200	  0.1800	   0.0000	   0.0000	   0.0000	   0.0000	   0.0000	   0.0000	   0.0000	   0.0000	   0.0000	  0.2454	  0.0000	        0.0000	        0.0000	        0.0000	        0.0000	        0.0000	        0.0000	        0.0000	  0.5571	  0.2230	  9.5414
2017	327	  23	 55	326.9965	  0.0868	  1.5280	 -999.0000	-999.0000	3573.1167	  0.0000	   0.0000	   0.0000	   0.0000	-450.0000	-450.0000	-450.0000	-879.9284	 27.8247	3956.5833	   4.0000	   1.0000	   1.6000	  0.3000	  0.2000	  0.1000	  0.1200	  0.1800	   0.0000	   0.0000	   0.0000	   0.0000	   0.0000	   0.0000	   0.0000	   0.0000	   0.0000	  0.2454	  0.0000	        0.0000	        0.0000	        0.0000	        0.0000	        0.0000	        0.0000	        0.0000	  0.5571	  0.2230	  9.5414
2017	329	  23	 55	328.9965	 17.7344	  0.0798	 -999.0000	-999.0000	3590.6167	  0.0000	   0.0000	   0.0000	   0.0000	-450.0000	-450.0000	-450.0000	-879.9284	 27.8247	3971.0833	   4.0000	   1.0000	   1.6000	  0.3000	  0.2000	  0.1000	  0.1200	  0.1800	   0.0000	   0.0000	   0.0000	   0.0000	   0.0000	   0.0000	   0.0000	   0.0000	   0.0000	  0.2454	  0.0000	        0.0000	        0.0000	        0.0000	        0.0000	        0.0000	        0.0000	        0.0000	  0.5571	  0.2230	  9.5414
2017	331	  23	 55	330.9965	  3.8663	  0.0000	 -999.0000	-999.0000	3609.5667	  0.0000	   0.0000	   0.0000	   0.0000	-450.0000	-450.0000	-450.0000	-879.9284	 27.8247	3983.1667	   4.0000	   1.0000	   1.6000	  0.3000	  0.2000	  0.1000	  0.1200	  0.1800	   0.0000	   0.0000	   0.0000	   0.0000	   0.0000	   0.0000	   0.0000	   0.0000	   0.0000	  0.2454	  0.0000	        0.0000	        0.0000	        0.0000	        0.0000	        0.0000	        0.0000	        0.0000	  0.5571	  0.2230	  9.5414
2017	333	  23	 55	332.9965	-999.0000	-999.0000	 -999.0000	-999.0000	-999.0000	-999.0000	-999.0000	-999.0000	-999.0000	-999.0000	-999.0000	-999.0000	-999.0000	-999.0000	-999.0000	-999.0000	-999.0000	-999.0000	-999.0000	-999.0000	-999.0000	-999.0000	-999.0000	-999.0000	-999.0000	-999.0000	-999.0000	-999.0000	-999.0000	-999.0000	-999.0000	-999.0000	-999.0000	-999.0000	     -999.0000	     -999.0000	     -999.0000	     -999.0000	     -999.0000	     -999.0000	     -999.0000	-999.0000	-999.0000	-999.0000
2017	335	  23	 55	334.9965	 14.9871	  0.0000	 -999.0000	-999.0000	3696.7667	  0.0000	   0.0000	   0.0000	   0.0000	-450.0000	-450.0000	-450.0000	-879.9284	 27.8247	4005.8333	   4.0000	   1.0000	   1.6000	  0.3000	  0.2000	  0.1000	  0.1200	  0.1800	   0.0000	   0.0000	   0.0000	   0.0000	   0.0000	   0.0000	   0.0000	   0.0000	   0.0000	  0.2454	  0.0000	        0.0000	        0.0000	        0.0000	        0.0000	        0.0000	        0.0000	        0.0000	  0.5571	  0.2230	  9.5414
2017	337	  23	 55	336.9965	-999.0000	-999.0000	 -999.0000	-999.0000	-999.0000	-999.0000	-999.0000	-999.0000	-999.0000	-999.0000	-999.0000	-999.0000	-999.0000	-999.0000	-999.0000	-999.0000	-999.0000	-999.0000	-999.0000	-999.0000	-999.0000	-999.0000	-999.0000	-999.0000	-999.0000	-999.0000	-999.0000	-999.0000	-999.0000	-999.0000	-999.0000	-999.0000	-999.0000	-999.0000	     -999.0000	     -999.0000	     -999.0000	     -999.0000	     -999.0000	     -999.0000	     -999.0000	-999.0000	-999.0000	-999.0000
2017	339	  23	 55	338.9965	  5.5396	  1.1211	 -999.0000	-999.0000	3882.1333	  0.0000	   0.0000	   0.0000	   0.0000	-450.0000	-450.0000	-450.0000	-879.9284	 27.8247	4025.2500	   4.0000	   1.0000	   1.6000	  0.3000	  0.2000	  0.1000	  0.1200	  0.1800	   0.0000	   0.0000	   0.0000	   0.0000	   0.0000	   0.0000	   0.0000	   0.0000	   0.0000	  0.2454	  0.0000	        0.0000	        0.0000	        0.0000	        0.0000	        0.0000	        0.0000	        0.0000	  0.5571	  0.2230	  9.5414
2017	341	  23	 55	340.9965	  0.1541	  0.3452	 -999.0000	-999.0000	3900.4667	  0.0000	   0.0000	   0.0000	   0.0000	-450.0000	-450.0000	-450.0000	-879.9284	 27.8247	4029.9167	   4.0000	   1.0000	   1.6000	  0.3000	  0.2000	  0.1000	  0.1200	  0.1800	   0.0000	   0.0000	   0.0000	   0.0000	   0.0000	   0.0000	   0.0000	   0.0000	   0.0000	  0.2454	  0.0000	        0.0000	        0.0000	        0.0000	        0.0000	        0.0000	        0.0000	        0.0000	  0.5571	  0.2230	  9.5414
2017	343	  23	 55	342.9965	  4.5134	  0.0000	 -999.0000	-999.0000	3901.0667	  0.0000	   0.0000	   0.0000	   0.0000	-450.0000	-450.0000	-450.0000	-879.9284	 27.8247	4043.4167	   4.0000	   1.0000	   1.6000	  0.3000	  0.2000	  0.1000	  0.1200	  0.1800	   0.0000	   0.0000	   0.0000	   0.0000	   0.0000	   0.0000	   0.0000	   0.0000	   0.0000	  0.2454	  0.0000	        0.0000	        0.0000	        0.0000	        0.0000	        0.0000	        0.0000	        0.0000	  0.5571	  0.2230	  9.5414
2017	345	  23	 55	344.9965	 12.3647	  0.0000	 -999.0000	-999.0000	3914.7000	  0.0000	   0.0000	   0.0000	   0.0000	-450.0000	-450.0000	-450.0000	-879.9284	 27.8247	4054.8333	   4.0000	   1.0000	   1.6000	  0.3000	  0.2000	  0.1000	  0.1200	  0.1800	   0.0000	   0.0000	   0.0000	   0.0000	   0.0000	   0.0000	   0.0000	   0.0000	   0.0000	  0.2454	  0.0000	        0.0000	        0.0000	        0.0000	        0.0000	        0.0000	        0.0000	        0.0000	  0.5571	  0.2230	  9.5414
2017	347	  23	 55	346.9965	  5.4163	  0.0000	 -999.0000	-999.0000	3973.2167	  0.0000	   0.0000	   0.0000	   0.0000	-450.0000	-450.0000	-450.0000	-879.9284	 27.8247	4062.0833	   4.0000	   1.0000	   1.6000	  0.3000	  0.2000	  0.1000	  0.1200	  0.1800	   0.0000	   0.0000	   0.0000	   0.0000	   0.0000	   0.0000	   0.0000	   0.0000	   0.0000	  0.2454	  0.0000	        0.0000	        0.0000	        0.0000	        0.0000	        0.0000	        0.0000	        0.0000	  0.5571	  0.2230	  9.5414
2017	349	  23	 55	348.9965	-999.0000	-999.0000	 -999.0000	-999.0000	-999.0000	-999.0000	-999.0000	-999.0000	-999.0000	-999.0000	-999.0000	-999.0000	-999.0000	-999.0000	-999.0000	-999.0000	-999.0000	-999.0000	-999.0000	-999.0000	-999.0000	-999.0000	-999.0000	-999.0000	-999.0000	-999.0000	-999.0000	-999.0000	-999.0000	-999.0000	-999.0000	-999.0000	-999.0000	-999.0000	     -999.0000	     -999.0000	     -999.0000	     -999.0000	     -999.0000	     -999.0000	     -999.0000	-999.0000	-999.0000	-999.0000
2017	351	  23	 55	350.9965	 16.9701	  0.0000	 -999.0000	-999.0000	4099.4083	  0.0000	   0.0000	   0.0000	   0.0000	-450.0000	-450.0000	-450.0000	-879.9284	 27.8247	4079.4167	   4.0000	   1.0000	   1.6000	  0.3000	  0.2000	  0.1000	  0.1200	  0.1800	   0.0000	   0.0000	   0.0000	   0.0000	   0.0000	   0.0000	   0.0000	   0.0000	   0.0000	  0.2454	  0.0000	        0.0000	        0.0000	        0.0000	        0.0000	        0.0000	        0.0000	        0.0000	  0.5571	  0.2230	  9.5414
2017	353	  23	 55	352.9965	 30.9894	  0.0000	 -999.0000	-999.0000	4149.5083	  0.0000	   0.0000	   0.0000	   0.0000	-450.0000	-450.0000	-450.0000	-879.9284	 27.8247	4089.4167	   4.0000	   1.0000	   1.6000	  0.3000	  0.2000	  0.1000	  0.1200	  0.1800	   0.0000	   0.0000	   0.0000	   0.0000	   0.0000	   0.0000	   0.0000	   0.0000	   0.0000	  0.2454	  0.0000	        0.0000	        0.0000	        0.0000	        0.0000	        0.0000	        0.0000	        0.0000	  0.5571	  0.2230	  9.5414
2017	355	  23	 55	354.9965	 10.0259	  0.0420	 -999.0000	-999.0000	4166.2083	  0.0000	   0.0000	   0.0000	   0.0000	-450.0000	-450.0000	-450.0000	-879.9284	 27.8247	4099.6667	   4.0000	   1.0000	   1.6000	  0.3000	  0.2000	  0.1000	  0.1200	  0.1800	   0.0000	   0.0000	   0.0000	   0.0000	   0.0000	   0.0000	   0.0000	   0.0000	   0.0000	  0.2454	  0.0000	        0.0000	        0.0000	        0.0000	        0.0000	        0.0000	        0.0000	        0.0000	  0.5571	  0.2230	  9.5414
2017	357	  23	 55	356.9965	  0.0898	  1.8114	 -999.0000	-999.0000	4172.1083	  0.0000	   0.0000	   0.0000	   0.0000	-450.0000	-450.0000	-450.0000	-879.9284	 27.8247	4110.9167	   4.0000	   1.0000	   1.6000	  0.3000	  0.2000	  0.1000	  0.1200	  0.1800	   0.0000	   0.0000	   0.0000	   0.0000	   0.0000	   0.0000	   0.0000	   0.0000	   0.0000	  0.2454	  0.0000	        0.0000	        0.0000	        0.0000	        0.0000	        0.0000	        0.0000	        0.0000	  0.5571	  0.2230	  9.5414
2017	359	  23	 55	358.9965	  0.7115	  0.2856	 -999.0000	-999.0000	4208.4917	  0.0000	   0.0000	   0.0000	   0.0000	-450.0000	-450.0000	-450.0000	-879.9284	 27.8247	4116.5000	   4.0000	   1.0000	   1.6000	  0.3000	  0.2000	  0.1000	  0.1200	  0.1800	   0.0000	   0.0000	   0.0000	   0.0000	   0.0000	   0.0000	   0.0000	   0.0000	   0.0000	  0.2454	  0.0000	        0.0000	        0.0000	        0.0000	        0.0000	        0.0000	        0.0000	        0.0000	  0.5571	  0.2230	  9.5414
2017	361	  23	 55	360.9965	  4.0357	  0.0000	 -999.0000	-999.0000	4218.6583	  0.0000	   0.0000	   0.0000	   0.0000	-450.0000	-450.0000	-450.0000	-879.9284	 27.8247	4122.1667	   4.0000	   1.0000	   1.6000	  0.3000	  0.2000	  0.1000	  0.1200	  0.1800	   0.0000	   0.0000	   0.0000	   0.0000	   0.0000	   0.0000	   0.0000	   0.0000	   0.0000	  0.2454	  0.0000	        0.0000	        0.0000	        0.0000	        0.0000	        0.0000	        0.0000	        0.0000	  0.5571	  0.2230	  9.5414
2017	363	  23	 55	362.9965	  5.1094	  0.0000	 -999.0000	-999.0000	4227.9083	  0.0000	   0.0000	   0.0000	   0.0000	-450.0000	-450.0000	-450.0000	-879.9284	 27.8247	4132.1667	   4.0000	   1.0000	   1.6000	  0.3000	  0.2000	  0.1000	  0.1200	  0.1800	   0.0000	   0.0000	   0.0000	   0.0000	   0.0000	   0.0000	   0.0000	   0.0000	   0.0000	  0.2454	  0.0000	        0.0000	        0.0000	        0.0000	        0.0000	        0.0000	        0.0000	        0.0000	  0.5571	  0.2230	  9.5414
2017	365	  23	 55	364.9965	  5.3731	  0.0000	 -999.0000	-999.0000	4246.2083	  0.0000	   0.0000	   0.0000	   0.0000	-450.0000	-450.0000	-450.0000	-879.9284	 27.8247	4139.0833	   4.0000	   1.0000	   1.6000	  0.3000	  0.2000	  0.1000	  0.1200	  0.1800	   0.0000	   0.0000	   0.0000	   0.0000	   0.0000	   0.0000	   0.0000	   0.0000	   0.0000	  0.2454	  0.0000	        0.0000	        0.0000	        0.0000	        0.0000	        0.0000	        0.0000	        0.0000	  0.5571	  0.2230	  9.5414
