Year	DOY	Hour	Min	 Dectime	  HDD1_h	  HDD2_c	HDD3_Tmean	HDD4_T5d	   P_day	  DaysSR	GDD_EveTr	GDD_DecTr	GDD_Grass	SDD_EveTr	SDD_DecTr	SDD_Grass	    Tmin	    Tmax	   DLHrs	LAI_EveTr	LAI_DecTr	LAI_Grass	DecidCap	Porosity	AlbEveTr	AlbDecTr	AlbGrass	WU_EveTr1	WU_EveTr2	WU_EveTr3	WU_DecTr1	WU_DecTr2	WU_DecTr3	WU_Grass1	WU_Grass2	WU_Grass3	LAIlumps	 AlbSnow	DensSnow_Paved	DensSnow_Bldgs	DensSnow_EveTr	DensSnow_DecTr	DensSnow_Grass	DensSnow_BSoil	DensSnow_Water	      a1	      a2	      a3
2017	  1	  23	 55	  0.9965	 17.8732	  0.0359	 -999.0000	-999.0000	 38.5833	  0.0000	   0.0000	   0.0000	   0.0000	-450.0000	-450.0000	-450.0000	-848.6265	  7.8896	  6.0000	   4.0000	   1.0000	   1.6000	  0.3000	  0.2000	  0.1000	  0.1200	  0.1800	   0.0000	   0.0000	   0.0000	   0.0000	   0.0000	   0.0000	   0.0000	   0.0000	   0.0000	  0.2540	  0.0000	        0.0000	        0.0000	        0.0000	        0.0000	        0.0000	        0.0000	        0.0000	  0.4459	  0.2528	  8.3197
2017	  3	  23	 55	  2.9965	 50.0967	  0.0042	 -999.0000	-999.0000	168.8833	  0.0000	   0.0000	   0.0000	   0.0000	-450.0000	-450.0000	-450.0000	-848.6265	  7.8896	 14.5000	   4.0000	   1.0000	   1.6000	  0.3000	  0.2000	  0.1000	  0.1200	  0.1800	   0.0000	   0.0000	   0.0000	   0.0000	   0.0000	   0.0000	   0.0000	   0.0000	   0.0000	  0.2540	  0.0000	        0.0000	        0.0000	        0.0000	        0.0000	        0.0000	        0.0000	        0.0000	  0.4459	  0.2528	  8.3197
2017	  5	  23	 55	  4.9965	 20.3496	  0.0000	 -999.0000	-999.0000	176.7833	  0.0000	   0.0000	   0.0000	   0.0000	-450.0000	-450.0000	-450.0000	-848.6265	  7.8896	 27.5833	   4.0000	   1.0000	   1.6000	  0.3000	  0.2000	  0.1000	  0.1200	  0.1800	   0.0000	   0.0000	   0.0000	   0.0000	   0.0000	   0.0000	   0.0000	   0.0000	   0.0000	  0.2540	  0.0000	        0.0000	        0.0000	        0.0000	        0.0000	        0.0000	        0.0000	        0.0000	  0.4459	  0.2528	  8.3197
2017	  7	  23	 55	  6.9965	 10.9253	  0.0000	 -999.0000	-999.0000	205.0833	  0.0000	   0.0000	   0.0000	   0.0000	-450.0000	-450.0000	-450.0000	-848.6265	  7.8896	 39.4167	   4.0000	   1.0000	   1.6000	  0.3000	  0.2000	  0.1000	  0.1200	  0.1800	   0.0000	   0.0000	   0.0000	   0.0000	   0.0000	   0.0000	   0.0000	   0.0000	   0.0000	  0.2540	  0.0000	        0.0000	        0.0000	        0.0000	        0.0000	        0.0000	        0.0000	        0.0000	  0.4459	  0.2528	  8.3197
2017	  9	  23	 55	  8.9965	  2.5808	  0.0000	 -999.0000	-999.0000	213.8833	  0.0000	   0.0000	   0.0000	   0.0000	-450.0000	-450.0000	-450.0000	-848.6265	  7.8896	 50.8333	   4.0000	   1.0000	   1.6000	  0.3000	  0.2000	  0.1000	  0.1200	  0.1800	   0.0000	   0.0000	   0.0000	   0.0000	   0.0000	   0.0000	   0.0000	   0.0000	   0.0000	  0.2540	  0.0000	        0.0000	        0.0000	        0.0000	        0.0000	        0.0000	        0.0000	        0.0000	  0.4459	  0.2528	  8.3197
2017	 11	  23	 55	 10.9965	  2.9116	  0.0000	 -999.0000	-999.0000	236.5833	  0.0000	   0.0000	   0.0000	   0.0000	-450.0000	-450.0000	-450.0000	-848.6265	  7.8896	 55.5000	   4.0000	   1.0000	   1.6000	  0.3000	  0.2000	  0.1000	  0.1200	  0.1800	   0.0000	   0.0000	   0.0000	   0.0000	   0.0000	   0.0000	   0.0000	   0.0000	   0.0000	  0.2540	  0.0000	        0.0000	        0.0000	        0.0000	        0.0000	        0.0000	        0.0000	        0.0000	  0.4459	  0.2528	  8.3197
2017	 13	  23	 55	 12.9965	  5.2034	  0.0000	 -999.0000	-999.0000	237.8833	  0.0000	   0.0000	   0.0000	   0.0000	-450.0000	-450.0000	-450.0000	-848.6265	  7.8896	 68.9167	   4.0000	   1.0000	   1.6000	  0.3000	  0.2000	  0.1000	  0.1200	  0.1800	   0.0000	   0.0000	   0.0000	   0.0000	   0.0000	   0.0000	   0.0000	   0.0000	   0.0000	  0.2540	  0.0000	        0.0000	        0.0000	        0.0000	        0.0000	        0.0000	        0.0000	        0.0000	  0.4459	  0.2528	  8.3197
2017	 15	  23	 55	 14.9965	 24.7343	  0.0000	 -999.0000	-999.0000	274.8833	  0.0000	   0.0000	   0.0000	   0.0000	-450.0000	-450.0000	-450.0000	-848.6265	  7.8896	 83.0000	   4.0000	   1.0000	   1.6000	  0.3000	  0.2000	  0.1000	  0.1200	  0.1800	   0.0000	   0.0000	   0.0000	   0.0000	   0.0000	   0.0000	   0.0000	   0.0000	   0.0000	  0.2540	  0.0000	        0.0000	        0.0000	        0.0000	        0.0000	        0.0000	        0.0000	        0.0000	  0.4459	  0.2528	  8.3197
2017	 17	  23	 55	 16.9965	 43.0596	  0.0000	 -999.0000	-999.0000	362.7833	  0.0000	   0.0000	   0.0000	   0.0000	-450.0000	-450.0000	-450.0000	-848.6265	  7.8896	 95.2500	   4.0000	   1.0000	   1.6000	  0.3000	  0.2000	  0.1000	  0.1200	  0.1800	   0.0000	   0.0000	   0.0000	   0.0000	   0.0000	   0.0000	   0.0000	   0.0000	   0.0000	  0.2540	  0.0000	        0.0000	        0.0000	        0.0000	        0.0000	        0.0000	        0.0000	        0.0000	  0.4459	  0.2528	  8.3197
2017	 19	  23	 55	 18.9965	  4.2605	  0.5760	 -999.0000	-999.0000	366.0833	  0.0000	   0.0000	   0.0000	   0.0000	-450.0000	-450.0000	-450.0000	-942.4453	  9.5383	106.7500	   4.0000	   1.0000	   1.6000	  0.3000	  0.2000	  0.1000	  0.1200	  0.1800	   0.0000	   0.0000	   0.0000	   0.0000	   0.0000	   0.0000	   0.0000	   0.0000	   0.0000	  0.2540	  0.0000	        0.0000	        0.0000	        0.0000	        0.0000	        0.0000	        0.0000	        0.0000	  0.4459	  0.2528	  8.3197
2017	 21	  23	 55	 20.9965	 25.0216	  0.3003	 -999.0000	-999.0000	418.5833	  0.0000	   0.0000	   0.0000	   0.0000	-450.0000	-450.0000	-450.0000	-942.4453	  9.5383	121.7500	   4.0000	   1.0000	   1.6000	  0.3000	  0.2000	  0.1000	  0.1200	  0.1800	   0.0000	   0.0000	   0.0000	   0.0000	   0.0000	   0.0000	   0.0000	   0.0000	   0.0000	  0.2540	  0.0000	        0.0000	        0.0000	        0.0000	        0.0000	        0.0000	        0.0000	        0.0000	  0.4459	  0.2528	  8.3197
2017	 23	  23	 55	 22.9965	  3.0316	  0.0000	 -999.0000	-999.0000	418.8833	  0.0000	   0.0000	   0.0000	   0.0000	-450.0000	-450.0000	-450.0000	-942.4453	  9.5383	135.0000	   4.0000	   1.0000	   1.6000	  0.3000	  0.2000	  0.1000	  0.1200	  0.1800	   0.0000	   0.0000	   0.0000	   0.0000	   0.0000	   0.0000	   0.0000	   0.0000	   0.0000	  0.2540	  0.0000	        0.0000	        0.0000	        0.0000	        0.0000	        0.0000	        0.0000	        0.0000	  0.4459	  0.2528	  8.3197
2017	 25	  23	 55	 24.9965	  2.4338	  0.0000	 -999.0000	-999.0000	418.8833	  0.0000	   0.0000	   0.0000	   0.0000	-450.0000	-450.0000	-450.0000	-942.4453	  9.5383	148.5000	   4.0000	   1.0000	   1.6000	  0.3000	  0.2000	  0.1000	  0.1200	  0.1800	   0.0000	   0.0000	   0.0000	   0.0000	   0.0000	   0.0000	   0.0000	   0.0000	   0.0000	  0.2540	  0.0000	        0.0000	        0.0000	        0.0000	        0.0000	        0.0000	        0.0000	        0.0000	  0.4459	  0.2528	  8.3197
2017	 27	  23	 55	 26.9965	 11.2158	  0.0000	 -999.0000	-999.0000	423.8833	  0.0000	   0.0000	   0.0000	   0.0000	-450.0000	-450.0000	-450.0000	-942.4453	  9.5383	162.9167	   4.0000	   1.0000	   1.6000	  0.3000	  0.2000	  0.1000	  0.1200	  0.1800	   0.0000	   0.0000	   0.0000	   0.0000	   0.0000	   0.0000	   0.0000	   0.0000	   0.0000	  0.2540	  0.0000	        0.0000	        0.0000	        0.0000	        0.0000	        0.0000	        0.0000	        0.0000	  0.4459	  0.2528	  8.3197
2017	 29	  23	 55	 28.9965	  6.0998	  0.0000	 -999.0000	-999.0000	424.4833	  0.0000	   0.0000	   0.0000	   0.0000	-450.0000	-450.0000	-450.0000	-942.4453	  9.5383	175.4167	   4.0000	   1.0000	   1.6000	  0.3000	  0.2000	  0.1000	  0.1200	  0.1800	   0.0000	   0.0000	   0.0000	   0.0000	   0.0000	   0.0000	   0.0000	   0.0000	   0.0000	  0.2540	  0.0000	        0.0000	        0.0000	        0.0000	        0.0000	        0.0000	        0.0000	        0.0000	  0.4459	  0.2528	  8.3197
2017	 31	  23	 55	 30.9965	 10.5249	  0.0000	 -999.0000	-999.0000	429.9833	  0.0000	   0.0000	   0.0000	   0.0000	-450.0000	-450.0000	-450.0000	-942.4453	  9.5383	190.1667	   4.0000	   1.0000	   1.6000	  0.3000	  0.2000	  0.1000	  0.1200	  0.1800	   0.0000	   0.0000	   0.0000	   0.0000	   0.0000	   0.0000	   0.0000	   0.0000	   0.0000	  0.2540	  0.0000	        0.0000	        0.0000	        0.0000	        0.0000	        0.0000	        0.0000	        0.0000	  0.4459	  0.2528	  8.3197
2017	 33	  23	 55	 32.9965	  5.4795	  0.0000	 -999.0000	-999.0000	429.9833	  0.0000	   0.0000	   0.0000	   0.0000	-450.0000	-450.0000	-450.0000	-942.4453	  9.5383	203.1667	   4.0000	   1.0000	   1.6000	  0.3000	  0.2000	  0.1000	  0.1200	  0.1800	   0.0000	   0.0000	   0.0000	   0.0000	   0.0000	   0.0000	   0.0000	   0.0000	   0.0000	  0.2540	  0.0000	        0.0000	        0.0000	        0.0000	        0.0000	        0.0000	        0.0000	        0.0000	  0.4459	  0.2528	  8.3197
2017	 35	  23	 55	 34.9965	  5.9852	  0.0000	 -999.0000	-999.0000	431.0833	  0.0000	   0.0000	   0.0000	   0.0000	-450.0000	-450.0000	-450.0000	-942.4453	  9.5383	216.0833	   4.0000	   1.0000	   1.6000	  0.3000	  0.2000	  0.1000	  0.1200	  0.1800	   0.0000	   0.0000	   0.0000	   0.0000	   0.0000	   0.0000	   0.0000	   0.0000	   0.0000	  0.2540	  0.0000	        0.0000	        0.0000	        0.0000	        0.0000	        0.0000	        0.0000	        0.0000	  0.4459	  0.2528	  8.3197
2017	 37	  23	 55	 36.9965	  6.5355	  0.0000	 -999.0000	-999.0000	432.5833	  0.0000	   0.0000	   0.0000	   0.0000	-450.0000	-450.0000	-450.0000	-942.4453	  9.5383	231.2500	   4.0000	   1.0000	   1.6000	  0.3000	  0.2000	  0.1000	  0.1200	  0.1800	   0.0000	   0.0000	   0.0000	   0.0000	   0.0000	   0.0000	   0.0000	   0.0000	   0.0000	  0.2540	  0.0000	        0.0000	        0.0000	        0.0000	        0.0000	        0.0000	        0.0000	        0.0000	  0.4459	  0.2528	  8.3197
2017	 39	  23	 55	 38.9965	  9.3275	  0.0000	 -999.0000	-999.0000	433.0667	  0.0000	   0.0000	   0.0000	   0.0000	-450.0000	-450.0000	-450.0000	-942.4453	  9.5383	248.4167	   4.0000	   1.0000	   1.6000	  0.3000	  0.2000	  0.1000	  0.1200	  0.1800	   0.0000	   0.0000	   0.0000	   0.0000	   0.0000	   0.0000	   0.0000	   0.0000	   0.0000	  0.2540	  0.0000	        0.0000	        0.0000	        0.0000	        0.0000	        0.0000	        0.0000	        0.0000	  0.4459	  0.2528	  8.3197
2017	 41	  23	 55	 40.9965	  7.8800	  0.0000	 -999.0000	-999.0000	436.1833	  0.0000	   0.0000	   0.0000	   0.0000	-450.0000	-450.0000	-450.0000	-942.4453	  9.5383	265.2500	   4.0000	   1.0000	   1.6000	  0.3000	  0.2000	  0.1000	  0.1200	  0.1800	   0.0000	   0.0000	   0.0000	   0.0000	   0.0000	   0.0000	   0.0000	   0.0000	   0.0000	  0.2540	  0.0000	        0.0000	        0.0000	        0.0000	        0.0000	        0.0000	        0.0000	        0.0000	  0.4459	  0.2528	  8.3197
2017	 43	  23	 55	 42.9965	 12.7082	  0.0000	 -999.0000	-999.0000	441.6833	  0.0000	   0.0000	   0.0000	   0.0000	-450.0000	-450.0000	-450.0000	-942.4453	  9.5383	282.3333	   4.0000	   1.0000	   1.6000	  0.3000	  0.2000	  0.1000	  0.1200	  0.1800	   0.0000	   0.0000	   0.0000	   0.0000	   0.0000	   0.0000	   0.0000	   0.0000	   0.0000	  0.2540	  0.0000	        0.0000	        0.0000	        0.0000	        0.0000	        0.0000	        0.0000	        0.0000	  0.4459	  0.2528	  8.3197
2017	 45	  23	 55	 44.9965	 53.6086	  0.0000	 -999.0000	-999.0000	546.6833	  0.0000	   0.0000	   0.0000	   0.0000	-450.0000	-450.0000	-450.0000	-942.4453	  9.5383	294.4167	   4.0000	   1.0000	   1.6000	  0.3000	  0.2000	  0.1000	  0.1200	  0.1800	   0.0000	   0.0000	   0.0000	   0.0000	   0.0000	   0.0000	   0.0000	   0.0000	   0.0000	  0.2540	  0.0000	        0.0000	        0.0000	        0.0000	        0.0000	        0.0000	        0.0000	        0.0000	  0.4459	  0.2528	  8.3197
2017	 47	  23	 55	 46.9965	  9.6784	  0.0002	 -999.0000	-999.0000	571.4583	  0.0000	   0.0000	   0.0000	   0.0000	-450.0000	-450.0000	-450.0000	-942.4453	  9.5383	312.5000	   4.0000	   1.0000	   1.6000	  0.3000	  0.2000	  0.1000	  0.1200	  0.1800	   0.0000	   0.0000	   0.0000	   0.0000	   0.0000	   0.0000	   0.0000	   0.0000	   0.0000	  0.2540	  0.0000	        0.0000	        0.0000	        0.0000	        0.0000	        0.0000	        0.0000	        0.0000	  0.4459	  0.2528	  8.3197
2017	 49	  23	 55	 48.9965	  9.4681	  0.0000	 -999.0000	-999.0000	578.6750	  0.0000	   0.0000	   0.0000	   0.0000	-450.0000	-450.0000	-450.0000	-942.4453	  9.5383	330.5000	   4.0000	   1.0000	   1.6000	  0.3000	  0.2000	  0.1000	  0.1200	  0.1800	   0.0000	   0.0000	   0.0000	   0.0000	   0.0000	   0.0000	   0.0000	   0.0000	   0.0000	  0.2540	  0.0000	        0.0000	        0.0000	        0.0000	        0.0000	        0.0000	        0.0000	        0.0000	  0.4459	  0.2528	  8.3197
2017	 51	  23	 55	 50.9965	  1.2530	  0.0000	 -999.0000	-999.0000	592.1750	  0.0000	   0.0000	   0.0000	   0.0000	-450.0000	-450.0000	-450.0000	-942.4453	  9.5383	347.2500	   4.0000	   1.0000	   1.6000	  0.3000	  0.2000	  0.1000	  0.1200	  0.1800	   0.0000	   0.0000	   0.0000	   0.0000	   0.0000	   0.0000	   0.0000	   0.0000	   0.0000	  0.2540	  0.0000	        0.0000	        0.0000	        0.0000	        0.0000	        0.0000	        0.0000	        0.0000	  0.4459	  0.2528	  8.3197
2017	 53	  23	 55	 52.9965	  1.6211	  0.0586	 -999.0000	-999.0000	607.3750	  0.0000	   0.0000	   0.0000	   0.0000	-450.0000	-450.0000	-450.0000	-942.4453	  9.5383	367.1667	   4.0000	   1.0000	   1.6000	  0.3000	  0.2000	  0.1000	  0.1200	  0.1800	   0.0000	   0.0000	   0.0000	   0.0000	   0.0000	   0.0000	   0.0000	   0.0000	   0.0000	  0.2540	  0.0000	        0.0000	        0.0000	        0.0000	        0.0000	        0.0000	        0.0000	        0.0000	  0.4459	  0.2528	  8.3197
2017	 55	  23	 55	 54.9965	-999.0000	-999.0000	 -999.0000	-999.0000	-999.0000	-999.0000	-999.0000	-999.0000	-999.0000	-999.0000	-999.0000	-999.0000	-999.0000	-999.0000	-999.0000	-999.0000	-999.0000	-999.0000	-999.0000	-999.0000	-999.0000	-999.0000	-999.0000	-999.0000	-999.0000	-999.0000	-999.0000	-999.0000	-999.0000	-999.0000	-999.0000	-999.0000	-999.0000	-999.0000	     -999.0000	     -999.0000	     -999.0000	     -999.0000	     -999.0000	     -999.0000	     -999.0000	-999.0000	-999.0000	-999.0000
2017	 57	  23	 55	 56.9965	  4.2323	  0.0000	 -999.0000	-999.0000	708.3500	  0.0000	   0.0000	   0.0000	   0.0000	-450.0000	-450.0000	-450.0000	-942.4453	  9.5383	402.6667	   4.0000	   1.0000	   1.6000	  0.3000	  0.2000	  0.1000	  0.1200	  0.1800	   0.0000	   0.0000	   0.0000	   0.0000	   0.0000	   0.0000	   0.0000	   0.0000	   0.0000	  0.2540	  0.0000	        0.0000	        0.0000	        0.0000	        0.0000	        0.0000	        0.0000	        0.0000	  0.4459	  0.2528	  8.3197
2017	 59	  23	 55	 58.9965	  1.5877	  0.0014	 -999.0000	-999.0000	726.1667	  0.0000	   0.0000	   0.0000	   0.0000	-450.0000	-450.0000	-450.0000	-942.4453	  9.5383	420.5000	   4.0000	   1.0000	   1.6000	  0.3000	  0.2000	  0.1000	  0.1200	  0.1800	   0.0000	   0.0000	   0.0000	   0.0000	   0.0000	   0.0000	   0.0000	   0.0000	   0.0000	  0.2540	  0.0000	        0.0000	        0.0000	        0.0000	        0.0000	        0.0000	        0.0000	        0.0000	  0.4459	  0.2528	  8.3197
2017	 61	  23	 55	 60.9965	  3.0083	  0.0000	 -999.0000	-999.0000	733.5750	  0.0000	   0.0000	   0.0000	   0.0000	-450.0000	-450.0000	-450.0000	-942.4453	  9.5383	440.5833	   4.0000	   1.0000	   1.6000	  0.3000	  0.2000	  0.1000	  0.1200	  0.1800	   0.0000	   0.0000	   0.0000	   0.0000	   0.0000	   0.0000	   0.0000	   0.0000	   0.0000	  0.2540	  0.0000	        0.0000	        0.0000	        0.0000	        0.0000	        0.0000	        0.0000	        0.0000	  0.4459	  0.2528	  8.3197
2017	 63	  23	 55	 62.9965	  2.0090	  0.1636	 -999.0000	-999.0000	740.0750	  0.0000	   0.0000	   0.0000	   0.0000	-450.0000	-450.0000	-450.0000	-942.4453	  9.5383	461.0000	   4.0000	   1.0000	   1.6000	  0.3000	  0.2000	  0.1000	  0.1200	  0.1800	   0.0000	   0.0000	   0.0000	   0.0000	   0.0000	   0.0000	   0.0000	   0.0000	   0.0000	  0.2540	  0.0000	        0.0000	        0.0000	        0.0000	        0.0000	        0.0000	        0.0000	        0.0000	  0.4459	  0.2528	  8.3197
2017	 65	  23	 55	 64.9965	  7.8620	  0.0000	 -999.0000	-999.0000	750.5750	  0.0000	   0.0000	   0.0000	   0.0000	-450.0000	-450.0000	-450.0000	-942.4453	  9.5383	481.0000	   4.0000	   1.0000	   1.6000	  0.3000	  0.2000	  0.1000	  0.1200	  0.1800	   0.0000	   0.0000	   0.0000	   0.0000	   0.0000	   0.0000	   0.0000	   0.0000	   0.0000	  0.2540	  0.0000	        0.0000	        0.0000	        0.0000	        0.0000	        0.0000	        0.0000	        0.0000	  0.4459	  0.2528	  8.3197
2017	 67	  23	 55	 66.9965	 16.6821	  0.0000	 -999.0000	-999.0000	782.3750	  0.0000	   0.0000	   0.0000	   0.0000	-450.0000	-450.0000	-450.0000	-942.4453	  9.5383	502.4167	   4.0000	   1.0000	   1.6000	  0.3000	  0.2000	  0.1000	  0.1200	  0.1800	   0.0000	   0.0000	   0.0000	   0.0000	   0.0000	   0.0000	   0.0000	   0.0000	   0.0000	  0.2540	  0.0000	        0.0000	        0.0000	        0.0000	        0.0000	        0.0000	        0.0000	        0.0000	  0.4459	  0.2528	  8.3197
2017	 69	  23	 55	 68.9965	-999.0000	-999.0000	 -999.0000	-999.0000	-999.0000	-999.0000	-999.0000	-999.0000	-999.0000	-999.0000	-999.0000	-999.0000	-999.0000	-999.0000	-999.0000	-999.0000	-999.0000	-999.0000	-999.0000	-999.0000	-999.0000	-999.0000	-999.0000	-999.0000	-999.0000	-999.0000	-999.0000	-999.0000	-999.0000	-999.0000	-999.0000	-999.0000	-999.0000	-999.0000	     -999.0000	     -999.0000	     -999.0000	     -999.0000	     -999.0000	     -999.0000	     -999.0000	-999.0000	-999.0000	-999.0000
2017	 71	  23	 55	 70.9965	  7.6772	  0.1636	 -999.0000	-999.0000	845.8750	  0.0000	   0.0000	   0.0000	   0.0000	-450.0000	-450.0000	-450.0000	-942.4453	  9.5519	546.7500	   4.0000	   1.0000	   1.6000	  0.3000	  0.2000	  0.1000	  0.1200	  0.1800	   0.0000	   0.0000	   0.0000	   0.0000	   0.0000	   0.0000	   0.0000	   0.0000	   0.0000	  0.2540	  0.0000	        0.0000	        0.0000	        0.0000	        0.0000	        0.0000	        0.0000	        0.0000	  0.4459	  0.2528	  8.3197
2017	 73	  23	 55	 72.9965	  1.0773	  0.0933	 -999.0000	-999.0000	846.8750	  0.0000	   0.0000	   0.0000	   0.0000	-450.0000	-450.0000	-450.0000	-942.4453	  9.5519	569.0000	   4.0000	   1.0000	   1.6000	  0.3000	  0.2000	  0.1000	  0.1200	  0.1800	   0.0000	   0.0000	   0.0000	   0.0000	   0.0000	   0.0000	   0.0000	   0.0000	   0.0000	  0.2540	  0.0000	        0.0000	        0.0000	        0.0000	        0.0000	        0.0000	        0.0000	        0.0000	  0.4459	  0.2528	  8.3197
2017	 75	  23	 55	 74.9965	  0.8048	  0.7927	 -999.0000	-999.0000	847.8750	  0.0000	   0.0000	   0.0000	   0.0000	-450.0000	-450.0000	-450.0000	-942.4453	 10.6258	592.1667	   4.0000	   1.0000	   1.6000	  0.3000	  0.2000	  0.1000	  0.1200	  0.1800	   0.0000	   0.0000	   0.0000	   0.0000	   0.0000	   0.0000	   0.0000	   0.0000	   0.0000	  0.2540	  0.0000	        0.0000	        0.0000	        0.0000	        0.0000	        0.0000	        0.0000	        0.0000	  0.4459	  0.2528	  8.3197
2017	 77	  23	 55	 76.9965	-999.0000	-999.0000	 -999.0000	-999.0000	-999.0000	-999.0000	-999.0000	-999.0000	-999.0000	-999.0000	-999.0000	-999.0000	-999.0000	-999.0000	-999.0000	-999.0000	-999.0000	-999.0000	-999.0000	-999.0000	-999.0000	-999.0000	-999.0000	-999.0000	-999.0000	-999.0000	-999.0000	-999.0000	-999.0000	-999.0000	-999.0000	-999.0000	-999.0000	-999.0000	     -999.0000	     -999.0000	     -999.0000	     -999.0000	     -999.0000	     -999.0000	     -999.0000	-999.0000	-999.0000	-999.0000
2017	 79	  23	 55	 78.9965	  2.0423	  0.1550	 -999.0000	-999.0000	921.9583	  0.0000	   0.0000	   0.0000	   0.0000	-450.0000	-450.0000	-450.0000	-969.1668	 10.6258	637.8333	   4.0000	   1.0000	   1.6000	  0.3000	  0.2000	  0.1000	  0.1200	  0.1800	   0.0000	   0.0000	   0.0000	   0.0000	   0.0000	   0.0000	   0.0000	   0.0000	   0.0000	  0.2540	  0.0000	        0.0000	        0.0000	        0.0000	        0.0000	        0.0000	        0.0000	        0.0000	  0.4459	  0.2528	  8.3197
2017	 81	  23	 55	 80.9965	  1.5436	  0.1840	 -999.0000	-999.0000	928.1750	  0.0000	   0.0000	   0.0000	   0.0000	-450.0000	-450.0000	-450.0000	-969.1668	 10.6258	660.9167	   4.0000	   1.0000	   1.6000	  0.3000	  0.2000	  0.1000	  0.1200	  0.1800	   0.0000	   0.0000	   0.0000	   0.0000	   0.0000	   0.0000	   0.0000	   0.0000	   0.0000	  0.2540	  0.0000	        0.0000	        0.0000	        0.0000	        0.0000	        0.0000	        0.0000	        0.0000	  0.4459	  0.2528	  8.3197
2017	 83	  23	 55	 82.9965	 41.8903	  1.1904	 -999.0000	-999.0000	1035.1750	  0.0000	   0.0000	   0.0000	   0.0000	-450.0000	-450.0000	-450.0000	-969.1668	 10.6258	679.2500	   4.0000	   1.0000	   1.6000	  0.3000	  0.2000	  0.1000	  0.1200	  0.1800	   0.0000	   0.0000	   0.0000	   0.0000	   0.0000	   0.0000	   0.0000	   0.0000	   0.0000	  0.2540	  0.0000	        0.0000	        0.0000	        0.0000	        0.0000	        0.0000	        0.0000	        0.0000	  0.4459	  0.2528	  8.3197
2017	 85	  23	 55	 84.9965	 15.2264	  2.0949	 -999.0000	-999.0000	1068.6750	  0.0000	   0.0000	   0.0000	   0.0000	-450.0000	-450.0000	-450.0000	-969.1668	 12.8828	704.3333	   4.0000	   1.0000	   1.6000	  0.3000	  0.2000	  0.1000	  0.1200	  0.1800	   0.0000	   0.0000	   0.0000	   0.0000	   0.0000	   0.0000	   0.0000	   0.0000	   0.0000	  0.2540	  0.0000	        0.0000	        0.0000	        0.0000	        0.0000	        0.0000	        0.0000	        0.0000	  0.4459	  0.2528	  8.3197
2017	 87	  23	 55	 86.9965	 12.8994	  0.1627	 -999.0000	-999.0000	1102.4083	  0.0000	   0.0000	   0.0000	   0.0000	-450.0000	-450.0000	-450.0000	-969.1668	 12.8828	728.4167	   4.0000	   1.0000	   1.6000	  0.3000	  0.2000	  0.1000	  0.1200	  0.1800	   0.0000	   0.0000	   0.0000	   0.0000	   0.0000	   0.0000	   0.0000	   0.0000	   0.0000	  0.2540	  0.0000	        0.0000	        0.0000	        0.0000	        0.0000	        0.0000	        0.0000	        0.0000	  0.4459	  0.2528	  8.3197
2017	 89	  23	 55	 88.9965	 17.8415	  0.5026	 -999.0000	-999.0000	1149.5167	  0.0000	   0.0000	   0.0000	   0.0000	-450.0000	-450.0000	-450.0000	-969.1668	 12.8828	752.0000	   4.0000	   1.0000	   1.6000	  0.3000	  0.2000	  0.1000	  0.1200	  0.1800	   0.0000	   0.0000	   0.0000	   0.0000	   0.0000	   0.0000	   0.0000	   0.0000	   0.0000	  0.2540	  0.0000	        0.0000	        0.0000	        0.0000	        0.0000	        0.0000	        0.0000	        0.0000	  0.4459	  0.2528	  8.3197
2017	 91	  23	 55	 90.9965	  3.4242	  2.5441	 -999.0000	-999.0000	1160.6000	  0.0000	   0.0000	   0.0000	   0.0000	-450.0000	-450.0000	-450.0000	-969.1668	 15.0794	776.0000	   4.0000	   1.0000	   1.6000	  0.3000	  0.2000	  0.1000	  0.1200	  0.1800	   0.0000	   0.0000	   0.0000	   0.0000	   0.0000	   0.0000	   0.0000	   0.0000	   0.0000	  0.2540	  0.0000	        0.0000	        0.0000	        0.0000	        0.0000	        0.0000	        0.0000	        0.0000	  0.4459	  0.2528	  8.3197
2017	 93	  23	 55	 92.9965	  4.6862	  2.0623	 -999.0000	-999.0000	1163.8000	  0.0000	   0.0000	   0.0000	   0.0000	-450.0000	-450.0000	-450.0000	-969.1668	 15.0794	801.7500	   4.0000	   1.0000	   1.6000	  0.3000	  0.2000	  0.1000	  0.1200	  0.1800	   0.0000	   0.0000	   0.0000	   0.0000	   0.0000	   0.0000	   0.0000	   0.0000	   0.0000	  0.2540	  0.0000	        0.0000	        0.0000	        0.0000	        0.0000	        0.0000	        0.0000	        0.0000	  0.4459	  0.2528	  8.3197
2017	 95	  23	 55	 94.9965	  0.4141	  1.5123	 -999.0000	-999.0000	1163.9000	  0.0000	   0.0000	   0.0000	   0.0000	-450.0000	-450.0000	-450.0000	-969.1668	 15.0794	828.0833	   4.0000	   1.0000	   1.6000	  0.3000	  0.2000	  0.1000	  0.1200	  0.1800	   0.0000	   0.0000	   0.0000	   0.0000	   0.0000	   0.0000	   0.0000	   0.0000	   0.0000	  0.2540	  0.0000	        0.0000	        0.0000	        0.0000	        0.0000	        0.0000	        0.0000	        0.0000	  0.4459	  0.2528	  8.3197
2017	 97	  23	 55	 96.9965	-999.0000	-999.0000	 -999.0000	-999.0000	-999.0000	-999.0000	-999.0000	-999.0000	-999.0000	-999.0000	-999.0000	-999.0000	-999.0000	-999.0000	-999.0000	-999.0000	-999.0000	-999.0000	-999.0000	-999.0000	-999.0000	-999.0000	-999.0000	-999.0000	-999.0000	-999.0000	-999.0000	-999.0000	-999.0000	-999.0000	-999.0000	-999.0000	-999.0000	-999.0000	     -999.0000	     -999.0000	     -999.0000	     -999.0000	     -999.0000	     -999.0000	     -999.0000	-999.0000	-999.0000	-999.0000
2017	 99	  23	 55	 98.9965	  0.1355	  2.4766	 -999.0000	-999.0000	1205.9000	  0.0000	   0.0000	   0.0000	   0.0000	-450.0000	-450.0000	-450.0000	-986.8658	 17.7845	880.5000	   4.0000	   1.0000	   1.6000	  0.3000	  0.2000	  0.1000	  0.1200	  0.1800	   0.0000	   0.0000	   0.0000	   0.0000	   0.0000	   0.0000	   0.0000	   0.0000	   0.0000	  0.2540	  0.0000	        0.0000	        0.0000	        0.0000	        0.0000	        0.0000	        0.0000	        0.0000	  0.4459	  0.2528	  8.3197
2017	101	  23	 55	100.9965	  0.9587	  1.6772	 -999.0000	-999.0000	1212.4750	  0.0000	   0.0000	   0.0000	   0.0000	-450.0000	-450.0000	-450.0000	-986.8658	 17.7845	907.5000	   4.0000	   1.0000	   1.6000	  0.3000	  0.2000	  0.1000	  0.1200	  0.1800	   0.0000	   0.0000	   0.0000	   0.0000	   0.0000	   0.0000	   0.0000	   0.0000	   0.0000	  0.2540	  0.0000	        0.0000	        0.0000	        0.0000	        0.0000	        0.0000	        0.0000	        0.0000	  0.4459	  0.2528	  8.3197
2017	103	  23	 55	102.9965	  0.7888	  0.4132	 -999.0000	-999.0000	1220.3000	  0.0000	   0.0000	   0.0000	   0.0000	-450.0000	-450.0000	-450.0000	-986.8658	 17.7845	934.1667	   4.0000	   1.0000	   1.6000	  0.3000	  0.2000	  0.1000	  0.1200	  0.1800	   0.0000	   0.0000	   0.0000	   0.0000	   0.0000	   0.0000	   0.0000	   0.0000	   0.0000	  0.2540	  0.0000	        0.0000	        0.0000	        0.0000	        0.0000	        0.0000	        0.0000	        0.0000	  0.4459	  0.2528	  8.3197
2017	105	  23	 55	104.9965	  3.9417	  0.3778	 -999.0000	-999.0000	1220.3000	  0.0000	   0.0000	   0.0000	   0.0000	-450.0000	-450.0000	-450.0000	-986.8658	 17.7845	962.5000	   4.0000	   1.0000	   1.6000	  0.3000	  0.2000	  0.1000	  0.1200	  0.1800	   0.0000	   0.0000	   0.0000	   0.0000	   0.0000	   0.0000	   0.0000	   0.0000	   0.0000	  0.2540	  0.0000	        0.0000	        0.0000	        0.0000	        0.0000	        0.0000	        0.0000	        0.0000	  0.4459	  0.2528	  8.3197
2017	107	  23	 55	106.9965	  2.9518	  0.0676	 -999.0000	-999.0000	1224.5000	  0.0000	   0.0000	   0.0000	   0.0000	-450.0000	-450.0000	-450.0000	-986.8658	 17.7845	990.1667	   4.0000	   1.0000	   1.6000	  0.3000	  0.2000	  0.1000	  0.1200	  0.1800	   0.0000	   0.0000	   0.0000	   0.0000	   0.0000	   0.0000	   0.0000	   0.0000	   0.0000	  0.2540	  0.0000	        0.0000	        0.0000	        0.0000	        0.0000	        0.0000	        0.0000	        0.0000	  0.4459	  0.2528	  8.3197
2017	109	  23	 55	108.9965	  8.1698	  0.6846	 -999.0000	-999.0000	1242.5000	  0.0000	   0.0000	   0.0000	   0.0000	-450.0000	-450.0000	-450.0000	-986.8658	 17.7845	1017.5000	   4.0000	   1.0000	   1.6000	  0.3000	  0.2000	  0.1000	  0.1200	  0.1800	   0.0000	   0.0000	   0.0000	   0.0000	   0.0000	   0.0000	   0.0000	   0.0000	   0.0000	  0.2540	  0.0000	        0.0000	        0.0000	        0.0000	        0.0000	        0.0000	        0.0000	        0.0000	  0.4459	  0.2528	  8.3197
2017	111	  23	 55	110.9965	  0.1610	  1.8473	 -999.0000	-999.0000	1242.5000	  0.0000	   0.0000	   0.0000	   0.0000	-450.0000	-450.0000	-450.0000	-986.8658	 17.7845	1044.6667	   4.0000	   1.0000	   1.6000	  0.3000	  0.2000	  0.1000	  0.1200	  0.1800	   0.0000	   0.0000	   0.0000	   0.0000	   0.0000	   0.0000	   0.0000	   0.0000	   0.0000	  0.2540	  0.0000	        0.0000	        0.0000	        0.0000	        0.0000	        0.0000	        0.0000	        0.0000	  0.4459	  0.2528	  8.3197
2017	113	  23	 55	112.9965	 17.7583	  3.9691	 -999.0000	-999.0000	1281.0000	  0.0000	   0.0000	   0.0000	   0.0000	-450.0000	-450.0000	-450.0000	-986.8658	 17.7845	1073.0833	   4.0000	   1.0000	   1.6000	  0.3000	  0.2000	  0.1000	  0.1200	  0.1800	   0.0000	   0.0000	   0.0000	   0.0000	   0.0000	   0.0000	   0.0000	   0.0000	   0.0000	  0.2540	  0.0000	        0.0000	        0.0000	        0.0000	        0.0000	        0.0000	        0.0000	        0.0000	  0.4459	  0.2528	  8.3197
2017	115	  23	 55	114.9965	-999.0000	-999.0000	 -999.0000	-999.0000	-999.0000	-999.0000	-999.0000	-999.0000	-999.0000	-999.0000	-999.0000	-999.0000	-999.0000	-999.0000	-999.0000	-999.0000	-999.0000	-999.0000	-999.0000	-999.0000	-999.0000	-999.0000	-999.0000	-999.0000	-999.0000	-999.0000	-999.0000	-999.0000	-999.0000	-999.0000	-999.0000	-999.0000	-999.0000	-999.0000	     -999.0000	     -999.0000	     -999.0000	     -999.0000	     -999.0000	     -999.0000	     -999.0000	-999.0000	-999.0000	-999.0000
2017	117	  23	 55	116.9965	 32.8906	  2.8528	 -999.0000	-999.0000	1359.0917	  0.0000	   0.0000	   0.0000	   0.0000	-450.0000	-450.0000	-450.0000	-986.8658	 17.7845	1129.1667	   4.0000	   1.0000	   1.6000	  0.3000	  0.2000	  0.1000	  0.1200	  0.1800	   0.0000	   0.0000	   0.0000	   0.0000	   0.0000	   0.0000	   0.0000	   0.0000	   0.0000	  0.2540	  0.0000	        0.0000	        0.0000	        0.0000	        0.0000	        0.0000	        0.0000	        0.0000	  0.4459	  0.2528	  8.3197
2017	119	  23	 55	118.9965	  7.0985	  2.1114	 -999.0000	-999.0000	1382.2000	  0.0000	   0.0000	   0.0000	   0.0000	-450.0000	-450.0000	-450.0000	-986.8658	 17.7845	1158.4167	   4.0000	   1.0000	   1.6000	  0.3000	  0.2000	  0.1000	  0.1200	  0.1800	   0.0000	   0.0000	   0.0000	   0.0000	   0.0000	   0.0000	   0.0000	   0.0000	   0.0000	  0.2540	  0.0000	        0.0000	        0.0000	        0.0000	        0.0000	        0.0000	        0.0000	        0.0000	  0.4459	  0.2528	  8.3197
2017	121	  23	 55	120.9965	  1.7370	  5.5951	 -999.0000	-999.0000	1391.2000	  0.0000	   0.0000	   0.0000	   0.0000	-450.0000	-450.0000	-450.0000	-986.8658	 19.0310	1190.2500	   4.0000	   1.0000	   1.6000	  0.3000	  0.2000	  0.1000	  0.1200	  0.1800	   0.0000	   0.0000	   0.0000	   0.0000	   0.0000	   0.0000	   0.0000	   0.0000	   0.0000	  0.2540	  0.0000	        0.0000	        0.0000	        0.0000	        0.0000	        0.0000	        0.0000	        0.0000	  0.4459	  0.2528	  8.3197
2017	123	  23	 55	122.9965	  0.8818	  6.5019	 -999.0000	-999.0000	1391.2000	  0.0000	   0.0000	   0.0000	   0.0000	-450.0000	-450.0000	-450.0000	-986.8658	 21.0127	1222.5000	   4.0000	   1.0000	   1.6000	  0.3000	  0.2000	  0.1000	  0.1200	  0.1800	   0.0000	   0.0000	   0.0000	   0.0000	   0.0000	   0.0000	   0.0000	   0.0000	   0.0000	  0.2540	  0.0000	        0.0000	        0.0000	        0.0000	        0.0000	        0.0000	        0.0000	        0.0000	  0.4459	  0.2528	  8.3197
2017	125	  23	 55	124.9965	  1.0102	  7.0050	 -999.0000	-999.0000	1391.2000	  0.0000	   0.0000	   0.0000	   0.0000	-450.0000	-450.0000	-450.0000	-986.8658	 21.9050	1255.2500	   4.0000	   1.0000	   1.6000	  0.3000	  0.2000	  0.1000	  0.1200	  0.1800	   0.0000	   0.0000	   0.0000	   0.0000	   0.0000	   0.0000	   0.0000	   0.0000	   0.0000	  0.2540	  0.0000	        0.0000	        0.0000	        0.0000	        0.0000	        0.0000	        0.0000	        0.0000	  0.4459	  0.2528	  8.3197
2017	127	  23	 55	126.9965	  0.1742	  4.3577	 -999.0000	-999.0000	1392.0000	  0.0000	   0.0000	   0.0000	   0.0000	-450.0000	-450.0000	-450.0000	-986.8658	 22.3409	1286.3333	   4.0000	   1.0000	   1.6000	  0.3000	  0.2000	  0.1000	  0.1200	  0.1800	   0.0000	   0.0000	   0.0000	   0.0000	   0.0000	   0.0000	   0.0000	   0.0000	   0.0000	  0.2540	  0.0000	        0.0000	        0.0000	        0.0000	        0.0000	        0.0000	        0.0000	        0.0000	  0.4459	  0.2528	  8.3197
2017	129	  23	 55	128.9965	 16.0375	  3.6555	 -999.0000	-999.0000	1426.0000	  0.0000	   0.0000	   0.0000	   0.0000	-450.0000	-450.0000	-450.0000	-1003.0591	 22.3409	1317.8333	   4.0000	   1.0000	   1.6000	  0.3000	  0.2000	  0.1000	  0.1200	  0.1800	   0.0000	   0.0000	   0.0000	   0.0000	   0.0000	   0.0000	   0.0000	   0.0000	   0.0000	  0.2540	  0.0000	        0.0000	        0.0000	        0.0000	        0.0000	        0.0000	        0.0000	        0.0000	  0.4459	  0.2528	  8.3197
2017	131	  23	 55	130.9965	  1.7164	  0.4715	 -999.0000	-999.0000	1431.6000	  0.0000	   0.0000	   0.0000	   0.0000	-450.0000	-450.0000	-450.0000	-1003.0591	 22.3409	1348.6667	   4.0000	   1.0000	   1.6000	  0.3000	  0.2000	  0.1000	  0.1200	  0.1800	   0.0000	   0.0000	   0.0000	   0.0000	   0.0000	   0.0000	   0.0000	   0.0000	   0.0000	  0.2540	  0.0000	        0.0000	        0.0000	        0.0000	        0.0000	        0.0000	        0.0000	        0.0000	  0.4459	  0.2528	  8.3197
2017	133	  23	 55	132.9965	  4.1093	  3.8526	 -999.0000	-999.0000	1437.7000	  0.0000	   0.0000	   0.0000	   0.0000	-450.0000	-450.0000	-450.0000	-1003.0591	 22.3409	1380.5000	   4.0000	   1.0000	   1.6000	  0.3000	  0.2000	  0.1000	  0.1200	  0.1800	   0.0000	   0.0000	   0.0000	   0.0000	   0.0000	   0.0000	   0.0000	   0.0000	   0.0000	  0.2540	  0.0000	        0.0000	        0.0000	        0.0000	        0.0000	        0.0000	        0.0000	        0.0000	  0.4459	  0.2528	  8.3197
2017	135	  23	 55	134.9965	-999.0000	-999.0000	 -999.0000	-999.0000	-999.0000	-999.0000	-999.0000	-999.0000	-999.0000	-999.0000	-999.0000	-999.0000	-999.0000	-999.0000	-999.0000	-999.0000	-999.0000	-999.0000	-999.0000	-999.0000	-999.0000	-999.0000	-999.0000	-999.0000	-999.0000	-999.0000	-999.0000	-999.0000	-999.0000	-999.0000	-999.0000	-999.0000	-999.0000	-999.0000	     -999.0000	     -999.0000	     -999.0000	     -999.0000	     -999.0000	     -999.0000	     -999.0000	-999.0000	-999.0000	-999.0000
2017	137	  23	 55	136.9965	  4.8557	  6.5510	 -999.0000	-999.0000	1500.2000	  0.0000	   0.0000	   0.0000	   0.0000	-450.0000	-450.0000	-450.0000	-1003.0591	 22.3409	1440.9167	   4.0000	   1.0000	   1.6000	  0.3000	  0.2000	  0.1000	  0.1200	  0.1800	   0.0000	   0.0000	   0.0000	   0.0000	   0.0000	   0.0000	   0.0000	   0.0000	   0.0000	  0.2540	  0.0000	        0.0000	        0.0000	        0.0000	        0.0000	        0.0000	        0.0000	        0.0000	  0.4459	  0.2528	  8.3197
2017	139	  23	 55	138.9965	 10.6081	 10.0055	 -999.0000	-999.0000	1513.2000	  0.0000	   0.0000	   0.0000	   0.0000	-450.0000	-450.0000	-450.0000	-1003.0591	 28.5017	1472.9167	   4.0000	   1.0000	   1.6000	  0.3000	  0.2000	  0.1000	  0.1200	  0.1800	   0.0000	   0.0000	   0.0000	   0.0000	   0.0000	   0.0000	   0.0000	   0.0000	   0.0000	  0.2540	  0.0000	        0.0000	        0.0000	        0.0000	        0.0000	        0.0000	        0.0000	        0.0000	  0.4459	  0.2528	  8.3197
2017	141	  23	 55	140.9965	  0.0001	  7.2636	 -999.0000	-999.0000	1513.2000	  0.0000	   0.0000	   0.0000	   0.0000	-450.0000	-450.0000	-450.0000	-1003.0591	 28.5017	1506.4167	   4.0000	   1.0000	   1.6000	  0.3000	  0.2000	  0.1000	  0.1200	  0.1800	   0.0000	   0.0000	   0.0000	   0.0000	   0.0000	   0.0000	   0.0000	   0.0000	   0.0000	  0.2540	  0.0000	        0.0000	        0.0000	        0.0000	        0.0000	        0.0000	        0.0000	        0.0000	  0.4459	  0.2528	  8.3197
2017	143	  23	 55	142.9965	-999.0000	-999.0000	 -999.0000	-999.0000	-999.0000	-999.0000	-999.0000	-999.0000	-999.0000	-999.0000	-999.0000	-999.0000	-999.0000	-999.0000	-999.0000	-999.0000	-999.0000	-999.0000	-999.0000	-999.0000	-999.0000	-999.0000	-999.0000	-999.0000	-999.0000	-999.0000	-999.0000	-999.0000	-999.0000	-999.0000	-999.0000	-999.0000	-999.0000	-999.0000	     -999.0000	     -999.0000	     -999.0000	     -999.0000	     -999.0000	     -999.0000	     -999.0000	-999.0000	-999.0000	-999.0000
2017	145	  23	 55	144.9965	-999.0000	-999.0000	 -999.0000	-999.0000	-999.0000	-999.0000	-999.0000	-999.0000	-999.0000	-999.0000	-999.0000	-999.0000	-999.0000	-999.0000	-999.0000	-999.0000	-999.0000	-999.0000	-999.0000	-999.0000	-999.0000	-999.0000	-999.0000	-999.0000	-999.0000	-999.0000	-999.0000	-999.0000	-999.0000	-999.0000	-999.0000	-999.0000	-999.0000	-999.0000	     -999.0000	     -999.0000	     -999.0000	     -999.0000	     -999.0000	     -999.0000	     -999.0000	-999.0000	-999.0000	-999.0000
2017	147	  23	 55	146.9965	  0.0979	 12.7045	 -999.0000	-999.0000	1618.6167	  0.0000	   0.0000	   0.0000	   0.0000	-450.0000	-450.0000	-450.0000	-1003.0591	 28.5017	1602.5833	   4.0000	   1.0000	   1.6000	  0.3000	  0.2000	  0.1000	  0.1200	  0.1800	   0.0000	   0.0000	   0.0000	   0.0000	   0.0000	   0.0000	   0.0000	   0.0000	   0.0000	  0.2540	  0.0000	        0.0000	        0.0000	        0.0000	        0.0000	        0.0000	        0.0000	        0.0000	  0.4459	  0.2528	  8.3197
2017	149	  23	 55	148.9965	  0.0000	  7.0180	 -999.0000	-999.0000	1621.1167	  0.0000	   0.0000	   0.0000	   0.0000	-450.0000	-450.0000	-450.0000	-1003.0591	 28.5017	1634.0833	   4.0000	   1.0000	   1.6000	  0.3000	  0.2000	  0.1000	  0.1200	  0.1800	   0.0000	   0.0000	   0.0000	   0.0000	   0.0000	   0.0000	   0.0000	   0.0000	   0.0000	  0.2540	  0.0000	        0.0000	        0.0000	        0.0000	        0.0000	        0.0000	        0.0000	        0.0000	  0.4459	  0.2528	  8.3197
2017	151	  23	 55	150.9965	  0.0000	  7.9028	 -999.0000	-999.0000	1645.8167	  0.0000	   0.0000	   0.0000	   0.0000	-450.0000	-450.0000	-450.0000	-1003.0591	 28.5017	1664.7500	   4.0000	   1.0000	   1.6000	  0.3000	  0.2000	  0.1000	  0.1200	  0.1800	   0.0000	   0.0000	   0.0000	   0.0000	   0.0000	   0.0000	   0.0000	   0.0000	   0.0000	  0.2540	  0.0000	        0.0000	        0.0000	        0.0000	        0.0000	        0.0000	        0.0000	        0.0000	  0.4459	  0.2528	  8.3197
2017	153	  23	 55	152.9965	  5.2430	  6.3716	 -999.0000	-999.0000	1651.8167	  0.0000	   0.0000	   0.0000	   0.0000	-450.0000	-450.0000	-450.0000	-1003.0591	 28.5017	1698.3333	   4.0000	   1.0000	   1.6000	  0.3000	  0.2000	  0.1000	  0.1200	  0.1800	   0.0000	   0.0000	   0.0000	   0.0000	   0.0000	   0.0000	   0.0000	   0.0000	   0.0000	  0.2540	  0.0000	        0.0000	        0.0000	        0.0000	        0.0000	        0.0000	        0.0000	        0.0000	  0.4459	  0.2528	  8.3197
2017	155	  23	 55	154.9965	  0.0001	  6.3356	 -999.0000	-999.0000	1664.6167	  0.0000	   0.0000	   0.0000	   0.0000	-450.0000	-450.0000	-450.0000	-1003.0591	 28.5017	1730.5000	   4.0000	   1.0000	   1.6000	  0.3000	  0.2000	  0.1000	  0.1200	  0.1800	   0.0000	   0.0000	   0.0000	   0.0000	   0.0000	   0.0000	   0.0000	   0.0000	   0.0000	  0.2540	  0.0000	        0.0000	        0.0000	        0.0000	        0.0000	        0.0000	        0.0000	        0.0000	  0.4459	  0.2528	  8.3197
2017	157	  23	 55	156.9965	  0.0000	 12.5122	 -999.0000	-999.0000	1665.5167	  0.0000	   0.0000	   0.0000	   0.0000	-450.0000	-450.0000	-450.0000	-1003.0591	 28.5017	1764.9167	   4.0000	   1.0000	   1.6000	  0.3000	  0.2000	  0.1000	  0.1200	  0.1800	   0.0000	   0.0000	   0.0000	   0.0000	   0.0000	   0.0000	   0.0000	   0.0000	   0.0000	  0.2540	  0.0000	        0.0000	        0.0000	        0.0000	        0.0000	        0.0000	        0.0000	        0.0000	  0.4459	  0.2528	  8.3197
2017	159	  23	 55	158.9965	  0.0000	  7.4903	 -999.0000	-999.0000	1708.8250	  0.0000	   0.0000	   0.0000	   0.0000	-450.0000	-450.0000	-450.0000	-1003.0591	 28.5017	1796.5833	   4.0000	   1.0000	   1.6000	  0.3000	  0.2000	  0.1000	  0.1200	  0.1800	   0.0000	   0.0000	   0.0000	   0.0000	   0.0000	   0.0000	   0.0000	   0.0000	   0.0000	  0.2540	  0.0000	        0.0000	        0.0000	        0.0000	        0.0000	        0.0000	        0.0000	        0.0000	  0.4459	  0.2528	  8.3197
2017	161	  23	 55	160.9965	  0.0000	  9.6540	 -999.0000	-999.0000	1714.3167	  0.0000	   0.0000	   0.0000	   0.0000	-450.0000	-450.0000	-450.0000	-1003.0591	 28.5017	1829.5833	   4.0000	   1.0000	   1.6000	  0.3000	  0.2000	  0.1000	  0.1200	  0.1800	   0.0000	   0.0000	   0.0000	   0.0000	   0.0000	   0.0000	   0.0000	   0.0000	   0.0000	  0.2540	  0.0000	        0.0000	        0.0000	        0.0000	        0.0000	        0.0000	        0.0000	        0.0000	  0.4459	  0.2528	  8.3197
2017	163	  23	 55	162.9965	  0.0000	  8.3292	 -999.0000	-999.0000	1723.5167	  0.0000	   0.0000	   0.0000	   0.0000	-450.0000	-450.0000	-450.0000	-1003.0591	 28.5017	1863.7500	   4.0000	   1.0000	   1.6000	  0.3000	  0.2000	  0.1000	  0.1200	  0.1800	   0.0000	   0.0000	   0.0000	   0.0000	   0.0000	   0.0000	   0.0000	   0.0000	   0.0000	  0.2540	  0.0000	        0.0000	        0.0000	        0.0000	        0.0000	        0.0000	        0.0000	        0.0000	  0.4459	  0.2528	  8.3197
2017	165	  23	 55	164.9965	  0.0000	 10.8538	 -999.0000	-999.0000	1723.5167	  0.0000	   0.0000	   0.0000	   0.0000	-450.0000	-450.0000	-450.0000	-1003.0591	 28.5017	1899.5833	   4.0000	   1.0000	   1.6000	  0.3000	  0.2000	  0.1000	  0.1200	  0.1800	   0.0000	   0.0000	   0.0000	   0.0000	   0.0000	   0.0000	   0.0000	   0.0000	   0.0000	  0.2540	  0.0000	        0.0000	        0.0000	        0.0000	        0.0000	        0.0000	        0.0000	        0.0000	  0.4459	  0.2528	  8.3197
2017	167	  23	 55	166.9965	  0.0000	  9.8862	 -999.0000	-999.0000	1742.0167	  0.0000	   0.0000	   0.0000	   0.0000	-450.0000	-450.0000	-450.0000	-1003.0591	 28.5017	1933.0833	   4.0000	   1.0000	   1.6000	  0.3000	  0.2000	  0.1000	  0.1200	  0.1800	   0.0000	   0.0000	   0.0000	   0.0000	   0.0000	   0.0000	   0.0000	   0.0000	   0.0000	  0.2540	  0.0000	        0.0000	        0.0000	        0.0000	        0.0000	        0.0000	        0.0000	        0.0000	  0.4459	  0.2528	  8.3197
2017	169	  23	 55	168.9965	  0.0133	 13.3349	 -999.0000	-999.0000	1749.0167	  0.0000	   0.0000	   0.0000	   0.0000	-450.0000	-450.0000	-450.0000	-1003.0591	 28.5017	1967.3333	   4.0000	   1.0000	   1.6000	  0.3000	  0.2000	  0.1000	  0.1200	  0.1800	   0.0000	   0.0000	   0.0000	   0.0000	   0.0000	   0.0000	   0.0000	   0.0000	   0.0000	  0.2540	  0.0000	        0.0000	        0.0000	        0.0000	        0.0000	        0.0000	        0.0000	        0.0000	  0.4459	  0.2528	  8.3197
2017	171	  23	 55	170.9965	  0.0000	 11.0699	 -999.0000	-999.0000	1749.0167	  0.0000	   0.0000	   0.0000	   0.0000	-450.0000	-450.0000	-450.0000	-1003.0591	 28.5017	2002.6667	   4.0000	   1.0000	   1.6000	  0.3000	  0.2000	  0.1000	  0.1200	  0.1800	   0.0000	   0.0000	   0.0000	   0.0000	   0.0000	   0.0000	   0.0000	   0.0000	   0.0000	  0.2540	  0.0000	        0.0000	        0.0000	        0.0000	        0.0000	        0.0000	        0.0000	        0.0000	  0.4459	  0.2528	  8.3197
2017	173	  23	 55	172.9965	  0.0000	  8.3171	 -999.0000	-999.0000	1749.2167	  0.0000	   0.0000	   0.0000	   0.0000	-450.0000	-450.0000	-450.0000	-1003.0591	 28.5017	2038.0000	   4.0000	   1.0000	   1.6000	  0.3000	  0.2000	  0.1000	  0.1200	  0.1800	   0.0000	   0.0000	   0.0000	   0.0000	   0.0000	   0.0000	   0.0000	   0.0000	   0.0000	  0.2540	  0.0000	        0.0000	        0.0000	        0.0000	        0.0000	        0.0000	        0.0000	        0.0000	  0.4459	  0.2528	  8.3197
2017	175	  23	 55	174.9965	  0.0000	  9.9840	 -999.0000	-999.0000	1754.7167	  0.0000	   0.0000	   0.0000	   0.0000	-450.0000	-450.0000	-450.0000	-1003.0591	 28.5017	2072.1667	   4.0000	   1.0000	   1.6000	  0.3000	  0.2000	  0.1000	  0.1200	  0.1800	   0.0000	   0.0000	   0.0000	   0.0000	   0.0000	   0.0000	   0.0000	   0.0000	   0.0000	  0.2540	  0.0000	        0.0000	        0.0000	        0.0000	        0.0000	        0.0000	        0.0000	        0.0000	  0.4459	  0.2528	  8.3197
2017	177	  23	 55	176.9965	  0.0000	  8.9922	 -999.0000	-999.0000	1771.4167	  0.0000	   0.0000	   0.0000	   0.0000	-450.0000	-450.0000	-450.0000	-1003.0591	 28.5017	2105.1667	   4.0000	   1.0000	   1.6000	  0.3000	  0.2000	  0.1000	  0.1200	  0.1800	   0.0000	   0.0000	   0.0000	   0.0000	   0.0000	   0.0000	   0.0000	   0.0000	   0.0000	  0.2540	  0.0000	        0.0000	        0.0000	        0.0000	        0.0000	        0.0000	        0.0000	        0.0000	  0.4459	  0.2528	  8.3197
2017	179	  23	 55	178.9965	  4.2813	 11.5362	 -999.0000	-999.0000	1774.4167	  0.0000	   0.0000	   0.0000	   0.0000	-450.0000	-450.0000	-450.0000	-1003.0591	 28.5017	2140.2500	   4.0000	   1.0000	   1.6000	  0.3000	  0.2000	  0.1000	  0.1200	  0.1800	   0.0000	   0.0000	   0.0000	   0.0000	   0.0000	   0.0000	   0.0000	   0.0000	   0.0000	  0.2540	  0.0000	        0.0000	        0.0000	        0.0000	        0.0000	        0.0000	        0.0000	        0.0000	  0.4459	  0.2528	  8.3197
2017	181	  23	 55	180.9965	  0.0001	 12.3183	 -999.0000	-999.0000	1774.4167	  0.0000	   0.0000	   0.0000	   0.0000	-450.0000	-450.0000	-450.0000	-1003.0591	 28.5017	2175.3333	   4.0000	   1.0000	   1.6000	  0.3000	  0.2000	  0.1000	  0.1200	  0.1800	   0.0000	   0.0000	   0.0000	   0.0000	   0.0000	   0.0000	   0.0000	   0.0000	   0.0000	  0.2540	  0.0000	        0.0000	        0.0000	        0.0000	        0.0000	        0.0000	        0.0000	        0.0000	  0.4459	  0.2528	  8.3197
2017	183	  23	 55	182.9965	  0.0000	  9.2913	 -999.0000	-999.0000	1774.4167	  0.0000	   0.0000	   0.0000	   0.0000	-450.0000	-450.0000	-450.0000	-1003.0591	 28.5017	2211.0000	   4.0000	   1.0000	   1.6000	  0.3000	  0.2000	  0.1000	  0.1200	  0.1800	   0.0000	   0.0000	   0.0000	   0.0000	   0.0000	   0.0000	   0.0000	   0.0000	   0.0000	  0.2540	  0.0000	        0.0000	        0.0000	        0.0000	        0.0000	        0.0000	        0.0000	        0.0000	  0.4459	  0.2528	  8.3197
2017	185	  23	 55	184.9965	  4.8686	  9.9567	 -999.0000	-999.0000	1784.4167	  0.0000	   0.0000	   0.0000	   0.0000	-450.0000	-450.0000	-450.0000	-1003.0591	 28.5017	2245.7500	   4.0000	   1.0000	   1.6000	  0.3000	  0.2000	  0.1000	  0.1200	  0.1800	   0.0000	   0.0000	   0.0000	   0.0000	   0.0000	   0.0000	   0.0000	   0.0000	   0.0000	  0.2540	  0.0000	        0.0000	        0.0000	        0.0000	        0.0000	        0.0000	        0.0000	        0.0000	  0.4459	  0.2528	  8.3197
2017	187	  23	 55	186.9965	  6.8084	 19.4585	 -999.0000	-999.0000	1795.9167	  0.0000	   0.0000	   0.0000	   0.0000	-450.0000	-450.0000	-450.0000	-1003.0591	 28.5017	2280.5000	   4.0000	   1.0000	   1.6000	  0.3000	  0.2000	  0.1000	  0.1200	  0.1800	   0.0000	   0.0000	   0.0000	   0.0000	   0.0000	   0.0000	   0.0000	   0.0000	   0.0000	  0.2540	  0.0000	        0.0000	        0.0000	        0.0000	        0.0000	        0.0000	        0.0000	        0.0000	  0.4459	  0.2528	  8.3197
2017	189	  23	 55	188.9965	  0.0001	  9.5034	 -999.0000	-999.0000	1798.0167	  0.0000	   0.0000	   0.0000	   0.0000	-450.0000	-450.0000	-450.0000	-1003.0591	 28.5017	2314.0000	   4.0000	   1.0000	   1.6000	  0.3000	  0.2000	  0.1000	  0.1200	  0.1800	   0.0000	   0.0000	   0.0000	   0.0000	   0.0000	   0.0000	   0.0000	   0.0000	   0.0000	  0.2540	  0.0000	        0.0000	        0.0000	        0.0000	        0.0000	        0.0000	        0.0000	        0.0000	  0.4459	  0.2528	  8.3197
2017	191	  23	 55	190.9965	 12.0572	  9.6777	 -999.0000	-999.0000	1815.5167	  0.0000	   0.0000	   0.0000	   0.0000	-450.0000	-450.0000	-450.0000	-1003.0591	 28.5017	2347.7500	   4.0000	   1.0000	   1.6000	  0.3000	  0.2000	  0.1000	  0.1200	  0.1800	   0.0000	   0.0000	   0.0000	   0.0000	   0.0000	   0.0000	   0.0000	   0.0000	   0.0000	  0.2540	  0.0000	        0.0000	        0.0000	        0.0000	        0.0000	        0.0000	        0.0000	        0.0000	  0.4459	  0.2528	  8.3197
2017	193	  23	 55	192.9965	-999.0000	-999.0000	 -999.0000	-999.0000	-999.0000	-999.0000	-999.0000	-999.0000	-999.0000	-999.0000	-999.0000	-999.0000	-999.0000	-999.0000	-999.0000	-999.0000	-999.0000	-999.0000	-999.0000	-999.0000	-999.0000	-999.0000	-999.0000	-999.0000	-999.0000	-999.0000	-999.0000	-999.0000	-999.0000	-999.0000	-999.0000	-999.0000	-999.0000	-999.0000	     -999.0000	     -999.0000	     -999.0000	     -999.0000	     -999.0000	     -999.0000	     -999.0000	-999.0000	-999.0000	-999.0000
2017	195	  23	 55	194.9965	-999.0000	-999.0000	 -999.0000	-999.0000	-999.0000	-999.0000	-999.0000	-999.0000	-999.0000	-999.0000	-999.0000	-999.0000	-999.0000	-999.0000	-999.0000	-999.0000	-999.0000	-999.0000	-999.0000	-999.0000	-999.0000	-999.0000	-999.0000	-999.0000	-999.0000	-999.0000	-999.0000	-999.0000	-999.0000	-999.0000	-999.0000	-999.0000	-999.0000	-999.0000	     -999.0000	     -999.0000	     -999.0000	     -999.0000	     -999.0000	     -999.0000	     -999.0000	-999.0000	-999.0000	-999.0000
2017	197	  23	 55	196.9965	  0.0409	  9.8482	 -999.0000	-999.0000	1893.2167	  0.0000	   0.0000	   0.0000	   0.0000	-450.0000	-450.0000	-450.0000	-1003.0591	 28.5017	2447.8333	   4.0000	   1.0000	   1.6000	  0.3000	  0.2000	  0.1000	  0.1200	  0.1800	   0.0000	   0.0000	   0.0000	   0.0000	   0.0000	   0.0000	   0.0000	   0.0000	   0.0000	  0.2540	  0.0000	        0.0000	        0.0000	        0.0000	        0.0000	        0.0000	        0.0000	        0.0000	  0.4459	  0.2528	  8.3197
2017	199	  23	 55	198.9965	  0.0000	 11.1861	 -999.0000	-999.0000	1893.2167	  0.0000	   0.0000	   0.0000	   0.0000	-450.0000	-450.0000	-450.0000	-1003.0591	 28.5017	2482.4167	   4.0000	   1.0000	   1.6000	  0.3000	  0.2000	  0.1000	  0.1200	  0.1800	   0.0000	   0.0000	   0.0000	   0.0000	   0.0000	   0.0000	   0.0000	   0.0000	   0.0000	  0.2540	  0.0000	        0.0000	        0.0000	        0.0000	        0.0000	        0.0000	        0.0000	        0.0000	  0.4459	  0.2528	  8.3197
2017	201	  23	 55	200.9965	  0.0000	 14.1049	 -999.0000	-999.0000	1893.2167	  0.0000	   0.0000	   0.0000	   0.0000	-450.0000	-450.0000	-450.0000	-1003.0591	 28.5017	2517.0833	   4.0000	   1.0000	   1.6000	  0.3000	  0.2000	  0.1000	  0.1200	  0.1800	   0.0000	   0.0000	   0.0000	   0.0000	   0.0000	   0.0000	   0.0000	   0.0000	   0.0000	  0.2540	  0.0000	        0.0000	        0.0000	        0.0000	        0.0000	        0.0000	        0.0000	        0.0000	  0.4459	  0.2528	  8.3197
2017	203	  23	 55	202.9965	-999.0000	-999.0000	 -999.0000	-999.0000	-999.0000	-999.0000	-999.0000	-999.0000	-999.0000	-999.0000	-999.0000	-999.0000	-999.0000	-999.0000	-999.0000	-999.0000	-999.0000	-999.0000	-999.0000	-999.0000	-999.0000	-999.0000	-999.0000	-999.0000	-999.0000	-999.0000	-999.0000	-999.0000	-999.0000	-999.0000	-999.0000	-999.0000	-999.0000	-999.0000	     -999.0000	     -999.0000	     -999.0000	     -999.0000	     -999.0000	     -999.0000	     -999.0000	-999.0000	-999.0000	-999.0000
2017	205	  23	 55	204.9965	 13.7498	 34.1429	 -999.0000	-999.0000	1908.3167	  0.0000	   0.0000	   0.0000	   0.0000	-450.0000	-450.0000	-450.0000	-1003.0591	 28.5017	2581.4167	   4.0000	   1.0000	   1.6000	  0.3000	  0.2000	  0.1000	  0.1200	  0.1800	   0.0000	   0.0000	   0.0000	   0.0000	   0.0000	   0.0000	   0.0000	   0.0000	   0.0000	  0.2540	  0.0000	        0.0000	        0.0000	        0.0000	        0.0000	        0.0000	        0.0000	        0.0000	  0.4459	  0.2528	  8.3197
2017	207	  23	 55	206.9965	  5.1800	 11.8026	 -999.0000	-999.0000	1914.3167	  0.0000	   0.0000	   0.0000	   0.0000	-450.0000	-450.0000	-450.0000	-1003.0591	 28.5017	2614.4167	   4.0000	   1.0000	   1.6000	  0.3000	  0.2000	  0.1000	  0.1200	  0.1800	   0.0000	   0.0000	   0.0000	   0.0000	   0.0000	   0.0000	   0.0000	   0.0000	   0.0000	  0.2540	  0.0000	        0.0000	        0.0000	        0.0000	        0.0000	        0.0000	        0.0000	        0.0000	  0.4459	  0.2528	  8.3197
2017	209	  23	 55	208.9965	  0.0282	 11.4396	 -999.0000	-999.0000	1937.1167	  0.0000	   0.0000	   0.0000	   0.0000	-450.0000	-450.0000	-450.0000	-1003.0591	 28.5017	2646.0833	   4.0000	   1.0000	   1.6000	  0.3000	  0.2000	  0.1000	  0.1200	  0.1800	   0.0000	   0.0000	   0.0000	   0.0000	   0.0000	   0.0000	   0.0000	   0.0000	   0.0000	  0.2540	  0.0000	        0.0000	        0.0000	        0.0000	        0.0000	        0.0000	        0.0000	        0.0000	  0.4459	  0.2528	  8.3197
2017	211	  23	 55	210.9965	  0.0000	 10.8910	 -999.0000	-999.0000	1956.2167	  0.0000	   0.0000	   0.0000	   0.0000	-450.0000	-450.0000	-450.0000	-1003.0591	 28.5017	2678.9167	   4.0000	   1.0000	   1.6000	  0.3000	  0.2000	  0.1000	  0.1200	  0.1800	   0.0000	   0.0000	   0.0000	   0.0000	   0.0000	   0.0000	   0.0000	   0.0000	   0.0000	  0.2540	  0.0000	        0.0000	        0.0000	        0.0000	        0.0000	        0.0000	        0.0000	        0.0000	  0.4459	  0.2528	  8.3197
2017	213	  23	 55	212.9965	  5.0699	 11.2596	 -999.0000	-999.0000	1961.7167	  0.0000	   0.0000	   0.0000	   0.0000	-450.0000	-450.0000	-450.0000	-1003.0591	 28.5017	2711.2500	   4.0000	   1.0000	   1.6000	  0.3000	  0.2000	  0.1000	  0.1200	  0.1800	   0.0000	   0.0000	   0.0000	   0.0000	   0.0000	   0.0000	   0.0000	   0.0000	   0.0000	  0.2540	  0.0000	        0.0000	        0.0000	        0.0000	        0.0000	        0.0000	        0.0000	        0.0000	  0.4459	  0.2528	  8.3197
2017	215	  23	 55	214.9965	 13.2494	 18.0378	 -999.0000	-999.0000	2014.6167	  0.0000	   0.0000	   0.0000	   0.0000	-450.0000	-450.0000	-450.0000	-1003.0591	 28.5017	2743.3333	   4.0000	   1.0000	   1.6000	  0.3000	  0.2000	  0.1000	  0.1200	  0.1800	   0.0000	   0.0000	   0.0000	   0.0000	   0.0000	   0.0000	   0.0000	   0.0000	   0.0000	  0.2540	  0.0000	        0.0000	        0.0000	        0.0000	        0.0000	        0.0000	        0.0000	        0.0000	  0.4459	  0.2528	  8.3197
2017	217	  23	 55	216.9965	  0.0002	 11.4403	 -999.0000	-999.0000	2019.3167	  0.0000	   0.0000	   0.0000	   0.0000	-450.0000	-450.0000	-450.0000	-1003.0591	 28.5017	2774.5000	   4.0000	   1.0000	   1.6000	  0.3000	  0.2000	  0.1000	  0.1200	  0.1800	   0.0000	   0.0000	   0.0000	   0.0000	   0.0000	   0.0000	   0.0000	   0.0000	   0.0000	  0.2540	  0.0000	        0.0000	        0.0000	        0.0000	        0.0000	        0.0000	        0.0000	        0.0000	  0.4459	  0.2528	  8.3197
2017	219	  23	 55	218.9965	  0.0000	 10.7777	 -999.0000	-999.0000	2019.5167	  0.0000	   0.0000	   0.0000	   0.0000	-450.0000	-450.0000	-450.0000	-1003.0591	 28.5017	2805.3333	   4.0000	   1.0000	   1.6000	  0.3000	  0.2000	  0.1000	  0.1200	  0.1800	   0.0000	   0.0000	   0.0000	   0.0000	   0.0000	   0.0000	   0.0000	   0.0000	   0.0000	  0.2540	  0.0000	        0.0000	        0.0000	        0.0000	        0.0000	        0.0000	        0.0000	        0.0000	  0.4459	  0.2528	  8.3197
2017	221	  23	 55	220.9965	  0.0000	 11.2246	 -999.0000	-999.0000	2027.8167	  0.0000	   0.0000	   0.0000	   0.0000	-450.0000	-450.0000	-450.0000	-1003.0591	 28.5017	2835.1667	   4.0000	   1.0000	   1.6000	  0.3000	  0.2000	  0.1000	  0.1200	  0.1800	   0.0000	   0.0000	   0.0000	   0.0000	   0.0000	   0.0000	   0.0000	   0.0000	   0.0000	  0.2540	  0.0000	        0.0000	        0.0000	        0.0000	        0.0000	        0.0000	        0.0000	        0.0000	  0.4459	  0.2528	  8.3197
2017	223	  23	 55	222.9965	  4.3206	 10.5324	 -999.0000	-999.0000	2031.5167	  0.0000	   0.0000	   0.0000	   0.0000	-450.0000	-450.0000	-450.0000	-1003.0591	 28.5017	2866.3333	   4.0000	   1.0000	   1.6000	  0.3000	  0.2000	  0.1000	  0.1200	  0.1800	   0.0000	   0.0000	   0.0000	   0.0000	   0.0000	   0.0000	   0.0000	   0.0000	   0.0000	  0.2540	  0.0000	        0.0000	        0.0000	        0.0000	        0.0000	        0.0000	        0.0000	        0.0000	  0.4459	  0.2528	  8.3197
2017	225	  23	 55	224.9965	  0.0301	 10.0623	 -999.0000	-999.0000	2056.3417	  0.0000	   0.0000	   0.0000	   0.0000	-450.0000	-450.0000	-450.0000	-1003.0591	 28.5017	2894.5000	   4.0000	   1.0000	   1.6000	  0.3000	  0.2000	  0.1000	  0.1200	  0.1800	   0.0000	   0.0000	   0.0000	   0.0000	   0.0000	   0.0000	   0.0000	   0.0000	   0.0000	  0.2540	  0.0000	        0.0000	        0.0000	        0.0000	        0.0000	        0.0000	        0.0000	        0.0000	  0.4459	  0.2528	  8.3197
2017	227	  23	 55	226.9965	  0.0163	 10.8189	 -999.0000	-999.0000	2069.3083	  0.0000	   0.0000	   0.0000	   0.0000	-450.0000	-450.0000	-450.0000	-1003.0591	 28.5017	2923.7500	   4.0000	   1.0000	   1.6000	  0.3000	  0.2000	  0.1000	  0.1200	  0.1800	   0.0000	   0.0000	   0.0000	   0.0000	   0.0000	   0.0000	   0.0000	   0.0000	   0.0000	  0.2540	  0.0000	        0.0000	        0.0000	        0.0000	        0.0000	        0.0000	        0.0000	        0.0000	  0.4459	  0.2528	  8.3197
2017	229	  23	 55	228.9965	  3.3824	 11.3400	 -999.0000	-999.0000	2085.4417	  0.0000	   0.0000	   0.0000	   0.0000	-450.0000	-450.0000	-450.0000	-1003.0591	 28.5017	2953.1667	   4.0000	   1.0000	   1.6000	  0.3000	  0.2000	  0.1000	  0.1200	  0.1800	   0.0000	   0.0000	   0.0000	   0.0000	   0.0000	   0.0000	   0.0000	   0.0000	   0.0000	  0.2540	  0.0000	        0.0000	        0.0000	        0.0000	        0.0000	        0.0000	        0.0000	        0.0000	  0.4459	  0.2528	  8.3197
2017	231	  23	 55	230.9965	  0.0000	  9.7853	 -999.0000	-999.0000	2094.2417	  0.0000	   0.0000	   0.0000	   0.0000	-450.0000	-450.0000	-450.0000	-1003.0591	 28.5017	2982.3333	   4.0000	   1.0000	   1.6000	  0.3000	  0.2000	  0.1000	  0.1200	  0.1800	   0.0000	   0.0000	   0.0000	   0.0000	   0.0000	   0.0000	   0.0000	   0.0000	   0.0000	  0.2540	  0.0000	        0.0000	        0.0000	        0.0000	        0.0000	        0.0000	        0.0000	        0.0000	  0.4459	  0.2528	  8.3197
2017	233	  23	 55	232.9965	-999.0000	-999.0000	 -999.0000	-999.0000	-999.0000	-999.0000	-999.0000	-999.0000	-999.0000	-999.0000	-999.0000	-999.0000	-999.0000	-999.0000	-999.0000	-999.0000	-999.0000	-999.0000	-999.0000	-999.0000	-999.0000	-999.0000	-999.0000	-999.0000	-999.0000	-999.0000	-999.0000	-999.0000	-999.0000	-999.0000	-999.0000	-999.0000	-999.0000	-999.0000	     -999.0000	     -999.0000	     -999.0000	     -999.0000	     -999.0000	     -999.0000	     -999.0000	-999.0000	-999.0000	-999.0000
2017	235	  23	 55	234.9965	 14.7384	  7.1754	 -999.0000	-999.0000	2170.7417	  0.0000	   0.0000	   0.0000	   0.0000	-450.0000	-450.0000	-450.0000	-1003.0591	 28.5017	3040.7500	   4.0000	   1.0000	   1.6000	  0.3000	  0.2000	  0.1000	  0.1200	  0.1800	   0.0000	   0.0000	   0.0000	   0.0000	   0.0000	   0.0000	   0.0000	   0.0000	   0.0000	  0.2540	  0.0000	        0.0000	        0.0000	        0.0000	        0.0000	        0.0000	        0.0000	        0.0000	  0.4459	  0.2528	  8.3197
2017	237	  23	 55	236.9965	  0.0002	 10.2865	 -999.0000	-999.0000	2176.9417	  0.0000	   0.0000	   0.0000	   0.0000	-450.0000	-450.0000	-450.0000	-1003.0591	 28.5017	3067.7500	   4.0000	   1.0000	   1.6000	  0.3000	  0.2000	  0.1000	  0.1200	  0.1800	   0.0000	   0.0000	   0.0000	   0.0000	   0.0000	   0.0000	   0.0000	   0.0000	   0.0000	  0.2540	  0.0000	        0.0000	        0.0000	        0.0000	        0.0000	        0.0000	        0.0000	        0.0000	  0.4459	  0.2528	  8.3197
2017	239	  23	 55	238.9965	  3.5647	  8.8895	 -999.0000	-999.0000	2196.7500	  0.0000	   0.0000	   0.0000	   0.0000	-450.0000	-450.0000	-450.0000	-1003.0591	 28.5017	3095.0833	   4.0000	   1.0000	   1.6000	  0.3000	  0.2000	  0.1000	  0.1200	  0.1800	   0.0000	   0.0000	   0.0000	   0.0000	   0.0000	   0.0000	   0.0000	   0.0000	   0.0000	  0.2540	  0.0000	        0.0000	        0.0000	        0.0000	        0.0000	        0.0000	        0.0000	        0.0000	  0.4459	  0.2528	  8.3197
2017	241	  23	 55	240.9965	  0.0310	 13.2738	 -999.0000	-999.0000	2211.7500	  0.0000	   0.0000	   0.0000	   0.0000	-450.0000	-450.0000	-450.0000	-1003.0591	 28.5017	3122.6667	   4.0000	   1.0000	   1.6000	  0.3000	  0.2000	  0.1000	  0.1200	  0.1800	   0.0000	   0.0000	   0.0000	   0.0000	   0.0000	   0.0000	   0.0000	   0.0000	   0.0000	  0.2540	  0.0000	        0.0000	        0.0000	        0.0000	        0.0000	        0.0000	        0.0000	        0.0000	  0.4459	  0.2528	  8.3197
2017	243	  23	 55	242.9965	-999.0000	-999.0000	 -999.0000	-999.0000	-999.0000	-999.0000	-999.0000	-999.0000	-999.0000	-999.0000	-999.0000	-999.0000	-999.0000	-999.0000	-999.0000	-999.0000	-999.0000	-999.0000	-999.0000	-999.0000	-999.0000	-999.0000	-999.0000	-999.0000	-999.0000	-999.0000	-999.0000	-999.0000	-999.0000	-999.0000	-999.0000	-999.0000	-999.0000	-999.0000	     -999.0000	     -999.0000	     -999.0000	     -999.0000	     -999.0000	     -999.0000	     -999.0000	-999.0000	-999.0000	-999.0000
2017	245	  23	 55	244.9965	  0.0263	  7.8220	 -999.0000	-999.0000	2228.5500	  0.0000	   0.0000	   0.0000	   0.0000	-450.0000	-450.0000	-450.0000	-1003.0591	 28.5017	3177.6667	   4.0000	   1.0000	   1.6000	  0.3000	  0.2000	  0.1000	  0.1200	  0.1800	   0.0000	   0.0000	   0.0000	   0.0000	   0.0000	   0.0000	   0.0000	   0.0000	   0.0000	  0.2540	  0.0000	        0.0000	        0.0000	        0.0000	        0.0000	        0.0000	        0.0000	        0.0000	  0.4459	  0.2528	  8.3197
2017	247	  23	 55	246.9965	-999.0000	-999.0000	 -999.0000	-999.0000	-999.0000	-999.0000	-999.0000	-999.0000	-999.0000	-999.0000	-999.0000	-999.0000	-999.0000	-999.0000	-999.0000	-999.0000	-999.0000	-999.0000	-999.0000	-999.0000	-999.0000	-999.0000	-999.0000	-999.0000	-999.0000	-999.0000	-999.0000	-999.0000	-999.0000	-999.0000	-999.0000	-999.0000	-999.0000	-999.0000	     -999.0000	     -999.0000	     -999.0000	     -999.0000	     -999.0000	     -999.0000	     -999.0000	-999.0000	-999.0000	-999.0000
2017	249	  23	 55	248.9965	  0.0138	  7.8670	 -999.0000	-999.0000	2260.6500	  0.0000	   0.0000	   0.0000	   0.0000	-450.0000	-450.0000	-450.0000	-1003.0591	 28.5017	3226.1667	   4.0000	   1.0000	   1.6000	  0.3000	  0.2000	  0.1000	  0.1200	  0.1800	   0.0000	   0.0000	   0.0000	   0.0000	   0.0000	   0.0000	   0.0000	   0.0000	   0.0000	  0.2540	  0.0000	        0.0000	        0.0000	        0.0000	        0.0000	        0.0000	        0.0000	        0.0000	  0.4459	  0.2528	  8.3197
2017	251	  23	 55	250.9965	  0.0166	  6.6663	 -999.0000	-999.0000	2274.1500	  0.0000	   0.0000	   0.0000	   0.0000	-450.0000	-450.0000	-450.0000	-1003.0591	 28.5017	3251.4167	   4.0000	   1.0000	   1.6000	  0.3000	  0.2000	  0.1000	  0.1200	  0.1800	   0.0000	   0.0000	   0.0000	   0.0000	   0.0000	   0.0000	   0.0000	   0.0000	   0.0000	  0.2540	  0.0000	        0.0000	        0.0000	        0.0000	        0.0000	        0.0000	        0.0000	        0.0000	  0.4459	  0.2528	  8.3197
2017	253	  23	 55	252.9965	  0.0422	  8.5592	 -999.0000	-999.0000	2308.5000	  0.0000	   0.0000	   0.0000	   0.0000	-450.0000	-450.0000	-450.0000	-1003.0591	 28.5017	3275.0833	   4.0000	   1.0000	   1.6000	  0.3000	  0.2000	  0.1000	  0.1200	  0.1800	   0.0000	   0.0000	   0.0000	   0.0000	   0.0000	   0.0000	   0.0000	   0.0000	   0.0000	  0.2540	  0.0000	        0.0000	        0.0000	        0.0000	        0.0000	        0.0000	        0.0000	        0.0000	  0.4459	  0.2528	  8.3197
2017	255	  23	 55	254.9965	  0.0000	  8.6540	 -999.0000	-999.0000	2323.5000	  0.0000	   0.0000	   0.0000	   0.0000	-450.0000	-450.0000	-450.0000	-1003.0591	 28.5017	3300.4167	   4.0000	   1.0000	   1.6000	  0.3000	  0.2000	  0.1000	  0.1200	  0.1800	   0.0000	   0.0000	   0.0000	   0.0000	   0.0000	   0.0000	   0.0000	   0.0000	   0.0000	  0.2540	  0.0000	        0.0000	        0.0000	        0.0000	        0.0000	        0.0000	        0.0000	        0.0000	  0.4459	  0.2528	  8.3197
2017	257	  23	 55	256.9965	-999.0000	-999.0000	 -999.0000	-999.0000	-999.0000	-999.0000	-999.0000	-999.0000	-999.0000	-999.0000	-999.0000	-999.0000	-999.0000	-999.0000	-999.0000	-999.0000	-999.0000	-999.0000	-999.0000	-999.0000	-999.0000	-999.0000	-999.0000	-999.0000	-999.0000	-999.0000	-999.0000	-999.0000	-999.0000	-999.0000	-999.0000	-999.0000	-999.0000	-999.0000	     -999.0000	     -999.0000	     -999.0000	     -999.0000	     -999.0000	     -999.0000	     -999.0000	-999.0000	-999.0000	-999.0000
2017	259	  23	 55	258.9965	 15.0907	  4.8541	 -999.0000	-999.0000	2457.4917	  0.0000	   0.0000	   0.0000	   0.0000	-450.0000	-450.0000	-450.0000	-1003.0591	 28.5017	3345.8333	   4.0000	   1.0000	   1.6000	  0.3000	  0.2000	  0.1000	  0.1200	  0.1800	   0.0000	   0.0000	   0.0000	   0.0000	   0.0000	   0.0000	   0.0000	   0.0000	   0.0000	  0.2540	  0.0000	        0.0000	        0.0000	        0.0000	        0.0000	        0.0000	        0.0000	        0.0000	  0.4459	  0.2528	  8.3197
2017	261	  23	 55	260.9965	  8.4277	  4.6678	 -999.0000	-999.0000	2511.0917	  0.0000	   0.0000	   0.0000	   0.0000	-450.0000	-450.0000	-450.0000	-1003.0591	 28.5017	3368.0000	   4.0000	   1.0000	   1.6000	  0.3000	  0.2000	  0.1000	  0.1200	  0.1800	   0.0000	   0.0000	   0.0000	   0.0000	   0.0000	   0.0000	   0.0000	   0.0000	   0.0000	  0.2540	  0.0000	        0.0000	        0.0000	        0.0000	        0.0000	        0.0000	        0.0000	        0.0000	  0.4459	  0.2528	  8.3197
2017	263	  23	 55	262.9965	  0.0001	  4.1579	 -999.0000	-999.0000	2515.8917	  0.0000	   0.0000	   0.0000	   0.0000	-450.0000	-450.0000	-450.0000	-1003.0591	 28.5017	3392.1667	   4.0000	   1.0000	   1.6000	  0.3000	  0.2000	  0.1000	  0.1200	  0.1800	   0.0000	   0.0000	   0.0000	   0.0000	   0.0000	   0.0000	   0.0000	   0.0000	   0.0000	  0.2540	  0.0000	        0.0000	        0.0000	        0.0000	        0.0000	        0.0000	        0.0000	        0.0000	  0.4459	  0.2528	  8.3197
2017	265	  23	 55	264.9965	 11.3074	  8.7488	 -999.0000	-999.0000	2535.1583	  0.0000	   0.0000	   0.0000	   0.0000	-450.0000	-450.0000	-450.0000	-1003.0591	 28.5017	3413.7500	   4.0000	   1.0000	   1.6000	  0.3000	  0.2000	  0.1000	  0.1200	  0.1800	   0.0000	   0.0000	   0.0000	   0.0000	   0.0000	   0.0000	   0.0000	   0.0000	   0.0000	  0.2540	  0.0000	        0.0000	        0.0000	        0.0000	        0.0000	        0.0000	        0.0000	        0.0000	  0.4459	  0.2528	  8.3197
2017	267	  23	 55	266.9965	  4.5240	  8.6815	 -999.0000	-999.0000	2547.6583	  0.0000	   0.0000	   0.0000	   0.0000	-450.0000	-450.0000	-450.0000	-1003.0591	 28.5017	3437.4167	   4.0000	   1.0000	   1.6000	  0.3000	  0.2000	  0.1000	  0.1200	  0.1800	   0.0000	   0.0000	   0.0000	   0.0000	   0.0000	   0.0000	   0.0000	   0.0000	   0.0000	  0.2540	  0.0000	        0.0000	        0.0000	        0.0000	        0.0000	        0.0000	        0.0000	        0.0000	  0.4459	  0.2528	  8.3197
2017	269	  23	 55	268.9965	  0.0001	  8.8823	 -999.0000	-999.0000	2547.6583	  0.0000	   0.0000	   0.0000	   0.0000	-450.0000	-450.0000	-450.0000	-1003.0591	 28.5017	3461.0833	   4.0000	   1.0000	   1.6000	  0.3000	  0.2000	  0.1000	  0.1200	  0.1800	   0.0000	   0.0000	   0.0000	   0.0000	   0.0000	   0.0000	   0.0000	   0.0000	   0.0000	  0.2540	  0.0000	        0.0000	        0.0000	        0.0000	        0.0000	        0.0000	        0.0000	        0.0000	  0.4459	  0.2528	  8.3197
2017	271	  23	 55	270.9965	  0.0000	  7.9899	 -999.0000	-999.0000	2547.8583	  0.0000	   0.0000	   0.0000	   0.0000	-450.0000	-450.0000	-450.0000	-1003.0591	 28.5017	3484.8333	   4.0000	   1.0000	   1.6000	  0.3000	  0.2000	  0.1000	  0.1200	  0.1800	   0.0000	   0.0000	   0.0000	   0.0000	   0.0000	   0.0000	   0.0000	   0.0000	   0.0000	  0.2540	  0.0000	        0.0000	        0.0000	        0.0000	        0.0000	        0.0000	        0.0000	        0.0000	  0.4459	  0.2528	  8.3197
2017	273	  23	 55	272.9965	  0.0000	  6.5291	 -999.0000	-999.0000	2547.8583	  0.0000	   0.0000	   0.0000	   0.0000	-450.0000	-450.0000	-450.0000	-1003.0591	 28.5017	3507.5000	   4.0000	   1.0000	   1.6000	  0.3000	  0.2000	  0.1000	  0.1200	  0.1800	   0.0000	   0.0000	   0.0000	   0.0000	   0.0000	   0.0000	   0.0000	   0.0000	   0.0000	  0.2540	  0.0000	        0.0000	        0.0000	        0.0000	        0.0000	        0.0000	        0.0000	        0.0000	  0.4459	  0.2528	  8.3197
2017	275	  23	 55	274.9965	  0.0000	  6.2751	 -999.0000	-999.0000	2572.6583	  0.0000	   0.0000	   0.0000	   0.0000	-450.0000	-450.0000	-450.0000	-1003.0591	 28.5017	3527.5000	   4.0000	   1.0000	   1.6000	  0.3000	  0.2000	  0.1000	  0.1200	  0.1800	   0.0000	   0.0000	   0.0000	   0.0000	   0.0000	   0.0000	   0.0000	   0.0000	   0.0000	  0.2540	  0.0000	        0.0000	        0.0000	        0.0000	        0.0000	        0.0000	        0.0000	        0.0000	  0.4459	  0.2528	  8.3197
2017	277	  23	 55	276.9965	  0.0000	  3.9592	 -999.0000	-999.0000	2590.5583	  0.0000	   0.0000	   0.0000	   0.0000	-450.0000	-450.0000	-450.0000	-1003.0591	 28.5017	3548.6667	   4.0000	   1.0000	   1.6000	  0.3000	  0.2000	  0.1000	  0.1200	  0.1800	   0.0000	   0.0000	   0.0000	   0.0000	   0.0000	   0.0000	   0.0000	   0.0000	   0.0000	  0.2540	  0.0000	        0.0000	        0.0000	        0.0000	        0.0000	        0.0000	        0.0000	        0.0000	  0.4459	  0.2528	  8.3197
2017	279	  23	 55	278.9965	-999.0000	-999.0000	 -999.0000	-999.0000	-999.0000	-999.0000	-999.0000	-999.0000	-999.0000	-999.0000	-999.0000	-999.0000	-999.0000	-999.0000	-999.0000	-999.0000	-999.0000	-999.0000	-999.0000	-999.0000	-999.0000	-999.0000	-999.0000	-999.0000	-999.0000	-999.0000	-999.0000	-999.0000	-999.0000	-999.0000	-999.0000	-999.0000	-999.0000	-999.0000	     -999.0000	     -999.0000	     -999.0000	     -999.0000	     -999.0000	     -999.0000	     -999.0000	-999.0000	-999.0000	-999.0000
2017	281	  23	 55	280.9965	-999.0000	-999.0000	 -999.0000	-999.0000	-999.0000	-999.0000	-999.0000	-999.0000	-999.0000	-999.0000	-999.0000	-999.0000	-999.0000	-999.0000	-999.0000	-999.0000	-999.0000	-999.0000	-999.0000	-999.0000	-999.0000	-999.0000	-999.0000	-999.0000	-999.0000	-999.0000	-999.0000	-999.0000	-999.0000	-999.0000	-999.0000	-999.0000	-999.0000	-999.0000	     -999.0000	     -999.0000	     -999.0000	     -999.0000	     -999.0000	     -999.0000	     -999.0000	-999.0000	-999.0000	-999.0000
2017	283	  23	 55	282.9965	 16.1003	  2.1977	 -999.0000	-999.0000	2828.7583	  0.0000	   0.0000	   0.0000	   0.0000	-450.0000	-450.0000	-450.0000	-1003.0591	 28.5017	3608.0833	   4.0000	   1.0000	   1.6000	  0.3000	  0.2000	  0.1000	  0.1200	  0.1800	   0.0000	   0.0000	   0.0000	   0.0000	   0.0000	   0.0000	   0.0000	   0.0000	   0.0000	  0.2540	  0.0000	        0.0000	        0.0000	        0.0000	        0.0000	        0.0000	        0.0000	        0.0000	  0.4459	  0.2528	  8.3197
2017	285	  23	 55	284.9965	  0.0274	  5.8844	 -999.0000	-999.0000	2867.7583	  0.0000	   0.0000	   0.0000	   0.0000	-450.0000	-450.0000	-450.0000	-1003.0591	 28.5017	3626.8333	   4.0000	   1.0000	   1.6000	  0.3000	  0.2000	  0.1000	  0.1200	  0.1800	   0.0000	   0.0000	   0.0000	   0.0000	   0.0000	   0.0000	   0.0000	   0.0000	   0.0000	  0.2540	  0.0000	        0.0000	        0.0000	        0.0000	        0.0000	        0.0000	        0.0000	        0.0000	  0.4459	  0.2528	  8.3197
2017	287	  23	 55	286.9965	  0.0499	  7.5636	 -999.0000	-999.0000	2905.9583	  0.0000	   0.0000	   0.0000	   0.0000	-450.0000	-450.0000	-450.0000	-1003.0591	 28.5017	3644.5000	   4.0000	   1.0000	   1.6000	  0.3000	  0.2000	  0.1000	  0.1200	  0.1800	   0.0000	   0.0000	   0.0000	   0.0000	   0.0000	   0.0000	   0.0000	   0.0000	   0.0000	  0.2540	  0.0000	        0.0000	        0.0000	        0.0000	        0.0000	        0.0000	        0.0000	        0.0000	  0.4459	  0.2528	  8.3197
2017	289	  23	 55	288.9965	  0.0000	  7.5429	 -999.0000	-999.0000	2906.2333	  0.0000	   0.0000	   0.0000	   0.0000	-450.0000	-450.0000	-450.0000	-1003.0591	 28.5017	3664.3333	   4.0000	   1.0000	   1.6000	  0.3000	  0.2000	  0.1000	  0.1200	  0.1800	   0.0000	   0.0000	   0.0000	   0.0000	   0.0000	   0.0000	   0.0000	   0.0000	   0.0000	  0.2540	  0.0000	        0.0000	        0.0000	        0.0000	        0.0000	        0.0000	        0.0000	        0.0000	  0.4459	  0.2528	  8.3197
2017	291	  23	 55	290.9965	  0.2497	  3.3096	 -999.0000	-999.0000	2907.1583	  0.0000	   0.0000	   0.0000	   0.0000	-450.0000	-450.0000	-450.0000	-1003.0591	 28.5017	3684.3333	   4.0000	   1.0000	   1.6000	  0.3000	  0.2000	  0.1000	  0.1200	  0.1800	   0.0000	   0.0000	   0.0000	   0.0000	   0.0000	   0.0000	   0.0000	   0.0000	   0.0000	  0.2540	  0.0000	        0.0000	        0.0000	        0.0000	        0.0000	        0.0000	        0.0000	        0.0000	  0.4459	  0.2528	  8.3197
2017	293	  23	 55	292.9965	  0.3106	  3.4077	 -999.0000	-999.0000	2908.8583	  0.0000	   0.0000	   0.0000	   0.0000	-450.0000	-450.0000	-450.0000	-1003.0591	 28.5017	3702.5833	   4.0000	   1.0000	   1.6000	  0.3000	  0.2000	  0.1000	  0.1200	  0.1800	   0.0000	   0.0000	   0.0000	   0.0000	   0.0000	   0.0000	   0.0000	   0.0000	   0.0000	  0.2540	  0.0000	        0.0000	        0.0000	        0.0000	        0.0000	        0.0000	        0.0000	        0.0000	  0.4459	  0.2528	  8.3197
2017	295	  23	 55	294.9965	  0.0000	  2.0713	 -999.0000	-999.0000	2923.2583	  0.0000	   0.0000	   0.0000	   0.0000	-450.0000	-450.0000	-450.0000	-1003.0591	 28.5017	3718.7500	   4.0000	   1.0000	   1.6000	  0.3000	  0.2000	  0.1000	  0.1200	  0.1800	   0.0000	   0.0000	   0.0000	   0.0000	   0.0000	   0.0000	   0.0000	   0.0000	   0.0000	  0.2540	  0.0000	        0.0000	        0.0000	        0.0000	        0.0000	        0.0000	        0.0000	        0.0000	  0.4459	  0.2528	  8.3197
2017	297	  23	 55	296.9965	  1.3243	  0.2109	 -999.0000	-999.0000	2940.6417	  0.0000	   0.0000	   0.0000	   0.0000	-450.0000	-450.0000	-450.0000	-1003.0591	 28.5017	3735.7500	   4.0000	   1.0000	   1.6000	  0.3000	  0.2000	  0.1000	  0.1200	  0.1800	   0.0000	   0.0000	   0.0000	   0.0000	   0.0000	   0.0000	   0.0000	   0.0000	   0.0000	  0.2540	  0.0000	        0.0000	        0.0000	        0.0000	        0.0000	        0.0000	        0.0000	        0.0000	  0.4459	  0.2528	  8.3197
2017	299	  23	 55	298.9965	  1.1514	  5.1922	 -999.0000	-999.0000	2968.5917	  0.0000	   0.0000	   0.0000	   0.0000	-450.0000	-450.0000	-450.0000	-1003.0591	 28.5017	3753.6667	   4.0000	   1.0000	   1.6000	  0.3000	  0.2000	  0.1000	  0.1200	  0.1800	   0.0000	   0.0000	   0.0000	   0.0000	   0.0000	   0.0000	   0.0000	   0.0000	   0.0000	  0.2540	  0.0000	        0.0000	        0.0000	        0.0000	        0.0000	        0.0000	        0.0000	        0.0000	  0.4459	  0.2528	  8.3197
2017	301	  23	 55	300.9965	  0.0424	  4.7303	 -999.0000	-999.0000	2970.7667	  0.0000	   0.0000	   0.0000	   0.0000	-450.0000	-450.0000	-450.0000	-1003.0591	 28.5017	3771.4167	   4.0000	   1.0000	   1.6000	  0.3000	  0.2000	  0.1000	  0.1200	  0.1800	   0.0000	   0.0000	   0.0000	   0.0000	   0.0000	   0.0000	   0.0000	   0.0000	   0.0000	  0.2540	  0.0000	        0.0000	        0.0000	        0.0000	        0.0000	        0.0000	        0.0000	        0.0000	  0.4459	  0.2528	  8.3197
2017	303	  23	 55	302.9965	-999.0000	-999.0000	 -999.0000	-999.0000	-999.0000	-999.0000	-999.0000	-999.0000	-999.0000	-999.0000	-999.0000	-999.0000	-999.0000	-999.0000	-999.0000	-999.0000	-999.0000	-999.0000	-999.0000	-999.0000	-999.0000	-999.0000	-999.0000	-999.0000	-999.0000	-999.0000	-999.0000	-999.0000	-999.0000	-999.0000	-999.0000	-999.0000	-999.0000	-999.0000	     -999.0000	     -999.0000	     -999.0000	     -999.0000	     -999.0000	     -999.0000	     -999.0000	-999.0000	-999.0000	-999.0000
2017	305	  23	 55	304.9965	  0.1086	  4.7508	 -999.0000	-999.0000	3046.8917	  0.0000	   0.0000	   0.0000	   0.0000	-450.0000	-450.0000	-450.0000	-1003.0591	 28.5017	3803.0000	   4.0000	   1.0000	   1.6000	  0.3000	  0.2000	  0.1000	  0.1200	  0.1800	   0.0000	   0.0000	   0.0000	   0.0000	   0.0000	   0.0000	   0.0000	   0.0000	   0.0000	  0.2540	  0.0000	        0.0000	        0.0000	        0.0000	        0.0000	        0.0000	        0.0000	        0.0000	  0.4459	  0.2528	  8.3197
2017	307	  23	 55	306.9965	 17.2239	  5.1103	 -999.0000	-999.0000	3079.6917	  0.0000	   0.0000	   0.0000	   0.0000	-450.0000	-450.0000	-450.0000	-1003.0591	 28.5017	3819.9167	   4.0000	   1.0000	   1.6000	  0.3000	  0.2000	  0.1000	  0.1200	  0.1800	   0.0000	   0.0000	   0.0000	   0.0000	   0.0000	   0.0000	   0.0000	   0.0000	   0.0000	  0.2540	  0.0000	        0.0000	        0.0000	        0.0000	        0.0000	        0.0000	        0.0000	        0.0000	  0.4459	  0.2528	  8.3197
2017	309	  23	 55	308.9965	  0.0546	  2.6739	 -999.0000	-999.0000	3083.9917	  0.0000	   0.0000	   0.0000	   0.0000	-450.0000	-450.0000	-450.0000	-1003.0591	 28.5017	3834.5833	   4.0000	   1.0000	   1.6000	  0.3000	  0.2000	  0.1000	  0.1200	  0.1800	   0.0000	   0.0000	   0.0000	   0.0000	   0.0000	   0.0000	   0.0000	   0.0000	   0.0000	  0.2540	  0.0000	        0.0000	        0.0000	        0.0000	        0.0000	        0.0000	        0.0000	        0.0000	  0.4459	  0.2528	  8.3197
2017	311	  23	 55	310.9965	 25.8781	  1.6974	 -999.0000	-999.0000	3141.9917	  0.0000	   0.0000	   0.0000	   0.0000	-450.0000	-450.0000	-450.0000	-1003.0591	 28.5017	3852.0000	   4.0000	   1.0000	   1.6000	  0.3000	  0.2000	  0.1000	  0.1200	  0.1800	   0.0000	   0.0000	   0.0000	   0.0000	   0.0000	   0.0000	   0.0000	   0.0000	   0.0000	  0.2540	  0.0000	        0.0000	        0.0000	        0.0000	        0.0000	        0.0000	        0.0000	        0.0000	  0.4459	  0.2528	  8.3197
2017	313	  23	 55	312.9965	  0.0607	  1.3586	 -999.0000	-999.0000	3167.8833	  0.0000	   0.0000	   0.0000	   0.0000	-450.0000	-450.0000	-450.0000	-1003.0591	 28.5017	3865.1667	   4.0000	   1.0000	   1.6000	  0.3000	  0.2000	  0.1000	  0.1200	  0.1800	   0.0000	   0.0000	   0.0000	   0.0000	   0.0000	   0.0000	   0.0000	   0.0000	   0.0000	  0.2540	  0.0000	        0.0000	        0.0000	        0.0000	        0.0000	        0.0000	        0.0000	        0.0000	  0.4459	  0.2528	  8.3197
2017	315	  23	 55	314.9965	-999.0000	-999.0000	 -999.0000	-999.0000	-999.0000	-999.0000	-999.0000	-999.0000	-999.0000	-999.0000	-999.0000	-999.0000	-999.0000	-999.0000	-999.0000	-999.0000	-999.0000	-999.0000	-999.0000	-999.0000	-999.0000	-999.0000	-999.0000	-999.0000	-999.0000	-999.0000	-999.0000	-999.0000	-999.0000	-999.0000	-999.0000	-999.0000	-999.0000	-999.0000	     -999.0000	     -999.0000	     -999.0000	     -999.0000	     -999.0000	     -999.0000	     -999.0000	-999.0000	-999.0000	-999.0000
2017	317	  23	 55	316.9965	 80.8662	  0.3908	 -999.0000	-999.0000	3368.2917	  0.0000	   0.0000	   0.0000	   0.0000	-450.0000	-450.0000	-450.0000	-1003.0591	 28.5017	3890.3333	   4.0000	   1.0000	   1.6000	  0.3000	  0.2000	  0.1000	  0.1200	  0.1800	   0.0000	   0.0000	   0.0000	   0.0000	   0.0000	   0.0000	   0.0000	   0.0000	   0.0000	  0.2540	  0.0000	        0.0000	        0.0000	        0.0000	        0.0000	        0.0000	        0.0000	        0.0000	  0.4459	  0.2528	  8.3197
2017	319	  23	 55	318.9965	 19.2589	  1.1574	 -999.0000	-999.0000	3422.2167	  0.0000	   0.0000	   0.0000	   0.0000	-450.0000	-450.0000	-450.0000	-1003.0591	 28.5017	3905.4167	   4.0000	   1.0000	   1.6000	  0.3000	  0.2000	  0.1000	  0.1200	  0.1800	   0.0000	   0.0000	   0.0000	   0.0000	   0.0000	   0.0000	   0.0000	   0.0000	   0.0000	  0.2540	  0.0000	        0.0000	        0.0000	        0.0000	        0.0000	        0.0000	        0.0000	        0.0000	  0.4459	  0.2528	  8.3197
2017	321	  23	 55	320.9965	  0.0899	  1.2023	 -999.0000	-999.0000	3443.4167	  0.0000	   0.0000	   0.0000	   0.0000	-450.0000	-450.0000	-450.0000	-1003.0591	 28.5017	3919.0833	   4.0000	   1.0000	   1.6000	  0.3000	  0.2000	  0.1000	  0.1200	  0.1800	   0.0000	   0.0000	   0.0000	   0.0000	   0.0000	   0.0000	   0.0000	   0.0000	   0.0000	  0.2540	  0.0000	        0.0000	        0.0000	        0.0000	        0.0000	        0.0000	        0.0000	        0.0000	  0.4459	  0.2528	  8.3197
2017	323	  23	 55	322.9965	-999.0000	-999.0000	 -999.0000	-999.0000	-999.0000	-999.0000	-999.0000	-999.0000	-999.0000	-999.0000	-999.0000	-999.0000	-999.0000	-999.0000	-999.0000	-999.0000	-999.0000	-999.0000	-999.0000	-999.0000	-999.0000	-999.0000	-999.0000	-999.0000	-999.0000	-999.0000	-999.0000	-999.0000	-999.0000	-999.0000	-999.0000	-999.0000	-999.0000	-999.0000	     -999.0000	     -999.0000	     -999.0000	     -999.0000	     -999.0000	     -999.0000	     -999.0000	-999.0000	-999.0000	-999.0000
2017	325	  23	 55	324.9965	 10.0124	  0.0000	 -999.0000	-999.0000	3555.2167	  0.0000	   0.0000	   0.0000	   0.0000	-450.0000	-450.0000	-450.0000	-1003.0591	 28.5017	3946.1667	   4.0000	   1.0000	   1.6000	  0.3000	  0.2000	  0.1000	  0.1200	  0.1800	   0.0000	   0.0000	   0.0000	   0.0000	   0.0000	   0.0000	   0.0000	   0.0000	   0.0000	  0.2540	  0.0000	        0.0000	        0.0000	        0.0000	        0.0000	        0.0000	        0.0000	        0.0000	  0.4459	  0.2528	  8.3197
2017	327	  23	 55	326.9965	  0.0160	  1.9962	 -999.0000	-999.0000	3573.1167	  0.0000	   0.0000	   0.0000	   0.0000	-450.0000	-450.0000	-450.0000	-1003.0591	 28.5017	3956.5833	   4.0000	   1.0000	   1.6000	  0.3000	  0.2000	  0.1000	  0.1200	  0.1800	   0.0000	   0.0000	   0.0000	   0.0000	   0.0000	   0.0000	   0.0000	   0.0000	   0.0000	  0.2540	  0.0000	        0.0000	        0.0000	        0.0000	        0.0000	        0.0000	        0.0000	        0.0000	  0.4459	  0.2528	  8.3197
2017	329	  23	 55	328.9965	 15.5265	  0.2349	 -999.0000	-999.0000	3590.6167	  0.0000	   0.0000	   0.0000	   0.0000	-450.0000	-450.0000	-450.0000	-1003.0591	 28.5017	3971.0833	   4.0000	   1.0000	   1.6000	  0.3000	  0.2000	  0.1000	  0.1200	  0.1800	   0.0000	   0.0000	   0.0000	   0.0000	   0.0000	   0.0000	   0.0000	   0.0000	   0.0000	  0.2540	  0.0000	        0.0000	        0.0000	        0.0000	        0.0000	        0.0000	        0.0000	        0.0000	  0.4459	  0.2528	  8.3197
2017	331	  23	 55	330.9965	  2.9163	  0.0001	 -999.0000	-999.0000	3609.5667	  0.0000	   0.0000	   0.0000	   0.0000	-450.0000	-450.0000	-450.0000	-1003.0591	 28.5017	3983.1667	   4.0000	   1.0000	   1.6000	  0.3000	  0.2000	  0.1000	  0.1200	  0.1800	   0.0000	   0.0000	   0.0000	   0.0000	   0.0000	   0.0000	   0.0000	   0.0000	   0.0000	  0.2540	  0.0000	        0.0000	        0.0000	        0.0000	        0.0000	        0.0000	        0.0000	        0.0000	  0.4459	  0.2528	  8.3197
2017	333	  23	 55	332.9965	-999.0000	-999.0000	 -999.0000	-999.0000	-999.0000	-999.0000	-999.0000	-999.0000	-999.0000	-999.0000	-999.0000	-999.0000	-999.0000	-999.0000	-999.0000	-999.0000	-999.0000	-999.0000	-999.0000	-999.0000	-999.0000	-999.0000	-999.0000	-999.0000	-999.0000	-999.0000	-999.0000	-999.0000	-999.0000	-999.0000	-999.0000	-999.0000	-999.0000	-999.0000	     -999.0000	     -999.0000	     -999.0000	     -999.0000	     -999.0000	     -999.0000	     -999.0000	-999.0000	-999.0000	-999.0000
2017	335	  23	 55	334.9965	 14.3224	  0.0000	 -999.0000	-999.0000	3696.7667	  0.0000	   0.0000	   0.0000	   0.0000	-450.0000	-450.0000	-450.0000	-1003.0591	 28.5017	4005.8333	   4.0000	   1.0000	   1.6000	  0.3000	  0.2000	  0.1000	  0.1200	  0.1800	   0.0000	   0.0000	   0.0000	   0.0000	   0.0000	   0.0000	   0.0000	   0.0000	   0.0000	  0.2540	  0.0000	        0.0000	        0.0000	        0.0000	        0.0000	        0.0000	        0.0000	        0.0000	  0.4459	  0.2528	  8.3197
2017	337	  23	 55	336.9965	-999.0000	-999.0000	 -999.0000	-999.0000	-999.0000	-999.0000	-999.0000	-999.0000	-999.0000	-999.0000	-999.0000	-999.0000	-999.0000	-999.0000	-999.0000	-999.0000	-999.0000	-999.0000	-999.0000	-999.0000	-999.0000	-999.0000	-999.0000	-999.0000	-999.0000	-999.0000	-999.0000	-999.0000	-999.0000	-999.0000	-999.0000	-999.0000	-999.0000	-999.0000	     -999.0000	     -999.0000	     -999.0000	     -999.0000	     -999.0000	     -999.0000	     -999.0000	-999.0000	-999.0000	-999.0000
2017	339	  23	 55	338.9965	  4.4729	  1.7252	 -999.0000	-999.0000	3882.1333	  0.0000	   0.0000	   0.0000	   0.0000	-450.0000	-450.0000	-450.0000	-1003.0591	 28.5017	4025.2500	   4.0000	   1.0000	   1.6000	  0.3000	  0.2000	  0.1000	  0.1200	  0.1800	   0.0000	   0.0000	   0.0000	   0.0000	   0.0000	   0.0000	   0.0000	   0.0000	   0.0000	  0.2540	  0.0000	        0.0000	        0.0000	        0.0000	        0.0000	        0.0000	        0.0000	        0.0000	  0.4459	  0.2528	  8.3197
2017	341	  23	 55	340.9965	  0.0331	  0.6167	 -999.0000	-999.0000	3900.4667	  0.0000	   0.0000	   0.0000	   0.0000	-450.0000	-450.0000	-450.0000	-1003.0591	 28.5017	4029.9167	   4.0000	   1.0000	   1.6000	  0.3000	  0.2000	  0.1000	  0.1200	  0.1800	   0.0000	   0.0000	   0.0000	   0.0000	   0.0000	   0.0000	   0.0000	   0.0000	   0.0000	  0.2540	  0.0000	        0.0000	        0.0000	        0.0000	        0.0000	        0.0000	        0.0000	        0.0000	  0.4459	  0.2528	  8.3197
2017	343	  23	 55	342.9965	  1.9225	  0.0000	 -999.0000	-999.0000	3901.0667	  0.0000	   0.0000	   0.0000	   0.0000	-450.0000	-450.0000	-450.0000	-1003.0591	 28.5017	4043.4167	   4.0000	   1.0000	   1.6000	  0.3000	  0.2000	  0.1000	  0.1200	  0.1800	   0.0000	   0.0000	   0.0000	   0.0000	   0.0000	   0.0000	   0.0000	   0.0000	   0.0000	  0.2540	  0.0000	        0.0000	        0.0000	        0.0000	        0.0000	        0.0000	        0.0000	        0.0000	  0.4459	  0.2528	  8.3197
2017	345	  23	 55	344.9965	 10.8823	  0.0000	 -999.0000	-999.0000	3914.7000	  0.0000	   0.0000	   0.0000	   0.0000	-450.0000	-450.0000	-450.0000	-1003.0591	 28.5017	4054.8333	   4.0000	   1.0000	   1.6000	  0.3000	  0.2000	  0.1000	  0.1200	  0.1800	   0.0000	   0.0000	   0.0000	   0.0000	   0.0000	   0.0000	   0.0000	   0.0000	   0.0000	  0.2540	  0.0000	        0.0000	        0.0000	        0.0000	        0.0000	        0.0000	        0.0000	        0.0000	  0.4459	  0.2528	  8.3197
2017	347	  23	 55	346.9965	  4.2761	  0.0000	 -999.0000	-999.0000	3973.2167	  0.0000	   0.0000	   0.0000	   0.0000	-450.0000	-450.0000	-450.0000	-1003.0591	 28.5017	4062.0833	   4.0000	   1.0000	   1.6000	  0.3000	  0.2000	  0.1000	  0.1200	  0.1800	   0.0000	   0.0000	   0.0000	   0.0000	   0.0000	   0.0000	   0.0000	   0.0000	   0.0000	  0.2540	  0.0000	        0.0000	        0.0000	        0.0000	        0.0000	        0.0000	        0.0000	        0.0000	  0.4459	  0.2528	  8.3197
2017	349	  23	 55	348.9965	-999.0000	-999.0000	 -999.0000	-999.0000	-999.0000	-999.0000	-999.0000	-999.0000	-999.0000	-999.0000	-999.0000	-999.0000	-999.0000	-999.0000	-999.0000	-999.0000	-999.0000	-999.0000	-999.0000	-999.0000	-999.0000	-999.0000	-999.0000	-999.0000	-999.0000	-999.0000	-999.0000	-999.0000	-999.0000	-999.0000	-999.0000	-999.0000	-999.0000	-999.0000	     -999.0000	     -999.0000	     -999.0000	     -999.0000	     -999.0000	     -999.0000	     -999.0000	-999.0000	-999.0000	-999.0000
2017	351	  23	 55	350.9965	 15.3605	  0.0000	 -999.0000	-999.0000	4099.4083	  0.0000	   0.0000	   0.0000	   0.0000	-450.0000	-450.0000	-450.0000	-1003.0591	 28.5017	4079.4167	   4.0000	   1.0000	   1.6000	  0.3000	  0.2000	  0.1000	  0.1200	  0.1800	   0.0000	   0.0000	   0.0000	   0.0000	   0.0000	   0.0000	   0.0000	   0.0000	   0.0000	  0.2540	  0.0000	        0.0000	        0.0000	        0.0000	        0.0000	        0.0000	        0.0000	        0.0000	  0.4459	  0.2528	  8.3197
2017	353	  23	 55	352.9965	 28.5874	  0.0000	 -999.0000	-999.0000	4149.5083	  0.0000	   0.0000	   0.0000	   0.0000	-450.0000	-450.0000	-450.0000	-1003.0591	 28.5017	4089.4167	   4.0000	   1.0000	   1.6000	  0.3000	  0.2000	  0.1000	  0.1200	  0.1800	   0.0000	   0.0000	   0.0000	   0.0000	   0.0000	   0.0000	   0.0000	   0.0000	   0.0000	  0.2540	  0.0000	        0.0000	        0.0000	        0.0000	        0.0000	        0.0000	        0.0000	        0.0000	  0.4459	  0.2528	  8.3197
2017	355	  23	 55	354.9965	  8.2917	  0.0942	 -999.0000	-999.0000	4166.2083	  0.0000	   0.0000	   0.0000	   0.0000	-450.0000	-450.0000	-450.0000	-1003.0591	 28.5017	4099.6667	   4.0000	   1.0000	   1.6000	  0.3000	  0.2000	  0.1000	  0.1200	  0.1800	   0.0000	   0.0000	   0.0000	   0.0000	   0.0000	   0.0000	   0.0000	   0.0000	   0.0000	  0.2540	  0.0000	        0.0000	        0.0000	        0.0000	        0.0000	        0.0000	        0.0000	        0.0000	  0.4459	  0.2528	  8.3197
2017	357	  23	 55	356.9965	  0.0599	  2.0640	 -999.0000	-999.0000	4172.1083	  0.0000	   0.0000	   0.0000	   0.0000	-450.0000	-450.0000	-450.0000	-1003.0591	 28.5017	4110.9167	   4.0000	   1.0000	   1.6000	  0.3000	  0.2000	  0.1000	  0.1200	  0.1800	   0.0000	   0.0000	   0.0000	   0.0000	   0.0000	   0.0000	   0.0000	   0.0000	   0.0000	  0.2540	  0.0000	        0.0000	        0.0000	        0.0000	        0.0000	        0.0000	        0.0000	        0.0000	  0.4459	  0.2528	  8.3197
2017	359	  23	 55	358.9965	  0.2271	  0.6105	 -999.0000	-999.0000	4208.4917	  0.0000	   0.0000	   0.0000	   0.0000	-450.0000	-450.0000	-450.0000	-1003.0591	 28.5017	4116.5000	   4.0000	   1.0000	   1.6000	  0.3000	  0.2000	  0.1000	  0.1200	  0.1800	   0.0000	   0.0000	   0.0000	   0.0000	   0.0000	   0.0000	   0.0000	   0.0000	   0.0000	  0.2540	  0.0000	        0.0000	        0.0000	        0.0000	        0.0000	        0.0000	        0.0000	        0.0000	  0.4459	  0.2528	  8.3197
2017	361	  23	 55	360.9965	  2.5966	  0.0000	 -999.0000	-999.0000	4218.6583	  0.0000	   0.0000	   0.0000	   0.0000	-450.0000	-450.0000	-450.0000	-1003.0591	 28.5017	4122.1667	   4.0000	   1.0000	   1.6000	  0.3000	  0.2000	  0.1000	  0.1200	  0.1800	   0.0000	   0.0000	   0.0000	   0.0000	   0.0000	   0.0000	   0.0000	   0.0000	   0.0000	  0.2540	  0.0000	        0.0000	        0.0000	        0.0000	        0.0000	        0.0000	        0.0000	        0.0000	  0.4459	  0.2528	  8.3197
2017	363	  23	 55	362.9965	  3.3362	  0.0000	 -999.0000	-999.0000	4227.9083	  0.0000	   0.0000	   0.0000	   0.0000	-450.0000	-450.0000	-450.0000	-1003.0591	 28.5017	4132.1667	   4.0000	   1.0000	   1.6000	  0.3000	  0.2000	  0.1000	  0.1200	  0.1800	   0.0000	   0.0000	   0.0000	   0.0000	   0.0000	   0.0000	   0.0000	   0.0000	   0.0000	  0.2540	  0.0000	        0.0000	        0.0000	        0.0000	        0.0000	        0.0000	        0.0000	        0.0000	  0.4459	  0.2528	  8.3197
2017	365	  23	 55	364.9965	  3.9121	  0.0000	 -999.0000	-999.0000	4246.2083	  0.0000	   0.0000	   0.0000	   0.0000	-450.0000	-450.0000	-450.0000	-1003.0591	 28.5017	4139.0833	   4.0000	   1.0000	   1.6000	  0.3000	  0.2000	  0.1000	  0.1200	  0.1800	   0.0000	   0.0000	   0.0000	   0.0000	   0.0000	   0.0000	   0.0000	   0.0000	   0.0000	  0.2540	  0.0000	        0.0000	        0.0000	        0.0000	        0.0000	        0.0000	        0.0000	        0.0000	  0.4459	  0.2528	  8.3197
