Year	DOY	Hour	Min	 Dectime	  HDD1_h	  HDD2_c	HDD3_Tmean	HDD4_T5d	   P_day	  DaysSR	GDD_EveTr	GDD_DecTr	GDD_Grass	SDD_EveTr	SDD_DecTr	SDD_Grass	    Tmin	    Tmax	   DLHrs	LAI_EveTr	LAI_DecTr	LAI_Grass	DecidCap	Porosity	AlbEveTr	AlbDecTr	AlbGrass	WU_EveTr1	WU_EveTr2	WU_EveTr3	WU_DecTr1	WU_DecTr2	WU_DecTr3	WU_Grass1	WU_Grass2	WU_Grass3	LAIlumps	 AlbSnow	DensSnow_Paved	DensSnow_Bldgs	DensSnow_EveTr	DensSnow_DecTr	DensSnow_Grass	DensSnow_BSoil	DensSnow_Water	      a1	      a2	      a3
2017	  1	  23	 55	  0.9965	 19.9917	  0.0255	 -999.0000	-999.0000	 38.5833	  0.0000	   0.0000	   0.0000	   0.0000	-450.0000	-450.0000	-450.0000	-953.8596	  7.7524	  6.0000	   4.0000	   1.0000	   1.6000	  0.3000	  0.2000	  0.1000	  0.1200	  0.1800	   0.0000	   0.0000	   0.0000	   0.0000	   0.0000	   0.0000	   0.0000	   0.0000	   0.0000	  0.2642	  0.0000	        0.0000	        0.0000	        0.0000	        0.0000	        0.0000	        0.0000	        0.0000	  0.4141	  0.2447	  7.8177
2017	  3	  23	 55	  2.9965	 56.1588	  0.0001	 -999.0000	-999.0000	168.8833	  0.0000	   0.0000	   0.0000	   0.0000	-450.0000	-450.0000	-450.0000	-953.8596	  7.7524	 14.5000	   4.0000	   1.0000	   1.6000	  0.3000	  0.2000	  0.1000	  0.1200	  0.1800	   0.0000	   0.0000	   0.0000	   0.0000	   0.0000	   0.0000	   0.0000	   0.0000	   0.0000	  0.2642	  0.0000	        0.0000	        0.0000	        0.0000	        0.0000	        0.0000	        0.0000	        0.0000	  0.4141	  0.2447	  7.8177
2017	  5	  23	 55	  4.9965	 22.3906	  0.0000	 -999.0000	-999.0000	176.7833	  0.0000	   0.0000	   0.0000	   0.0000	-450.0000	-450.0000	-450.0000	-953.8596	  7.7524	 27.5833	   4.0000	   1.0000	   1.6000	  0.3000	  0.2000	  0.1000	  0.1200	  0.1800	   0.0000	   0.0000	   0.0000	   0.0000	   0.0000	   0.0000	   0.0000	   0.0000	   0.0000	  0.2642	  0.0000	        0.0000	        0.0000	        0.0000	        0.0000	        0.0000	        0.0000	        0.0000	  0.4141	  0.2447	  7.8177
2017	  7	  23	 55	  6.9965	 11.8381	  0.0000	 -999.0000	-999.0000	205.0833	  0.0000	   0.0000	   0.0000	   0.0000	-450.0000	-450.0000	-450.0000	-953.8596	  7.7524	 39.4167	   4.0000	   1.0000	   1.6000	  0.3000	  0.2000	  0.1000	  0.1200	  0.1800	   0.0000	   0.0000	   0.0000	   0.0000	   0.0000	   0.0000	   0.0000	   0.0000	   0.0000	  0.2642	  0.0000	        0.0000	        0.0000	        0.0000	        0.0000	        0.0000	        0.0000	        0.0000	  0.4141	  0.2447	  7.8177
2017	  9	  23	 55	  8.9965	  3.0258	  0.0000	 -999.0000	-999.0000	213.8833	  0.0000	   0.0000	   0.0000	   0.0000	-450.0000	-450.0000	-450.0000	-953.8596	  7.7524	 50.8333	   4.0000	   1.0000	   1.6000	  0.3000	  0.2000	  0.1000	  0.1200	  0.1800	   0.0000	   0.0000	   0.0000	   0.0000	   0.0000	   0.0000	   0.0000	   0.0000	   0.0000	  0.2642	  0.0000	        0.0000	        0.0000	        0.0000	        0.0000	        0.0000	        0.0000	        0.0000	  0.4141	  0.2447	  7.8177
2017	 11	  23	 55	 10.9965	  3.0772	  0.0000	 -999.0000	-999.0000	236.5833	  0.0000	   0.0000	   0.0000	   0.0000	-450.0000	-450.0000	-450.0000	-953.8596	  7.7524	 55.5000	   4.0000	   1.0000	   1.6000	  0.3000	  0.2000	  0.1000	  0.1200	  0.1800	   0.0000	   0.0000	   0.0000	   0.0000	   0.0000	   0.0000	   0.0000	   0.0000	   0.0000	  0.2642	  0.0000	        0.0000	        0.0000	        0.0000	        0.0000	        0.0000	        0.0000	        0.0000	  0.4141	  0.2447	  7.8177
2017	 13	  23	 55	 12.9965	  6.2373	  0.0000	 -999.0000	-999.0000	237.8833	  0.0000	   0.0000	   0.0000	   0.0000	-450.0000	-450.0000	-450.0000	-953.8596	  7.7524	 68.9167	   4.0000	   1.0000	   1.6000	  0.3000	  0.2000	  0.1000	  0.1200	  0.1800	   0.0000	   0.0000	   0.0000	   0.0000	   0.0000	   0.0000	   0.0000	   0.0000	   0.0000	  0.2642	  0.0000	        0.0000	        0.0000	        0.0000	        0.0000	        0.0000	        0.0000	        0.0000	  0.4141	  0.2447	  7.8177
2017	 15	  23	 55	 14.9965	 27.5720	  0.0000	 -999.0000	-999.0000	274.8833	  0.0000	   0.0000	   0.0000	   0.0000	-450.0000	-450.0000	-450.0000	-953.8596	  7.7524	 83.0000	   4.0000	   1.0000	   1.6000	  0.3000	  0.2000	  0.1000	  0.1200	  0.1800	   0.0000	   0.0000	   0.0000	   0.0000	   0.0000	   0.0000	   0.0000	   0.0000	   0.0000	  0.2642	  0.0000	        0.0000	        0.0000	        0.0000	        0.0000	        0.0000	        0.0000	        0.0000	  0.4141	  0.2447	  7.8177
2017	 17	  23	 55	 16.9965	 49.0112	  0.0000	 -999.0000	-999.0000	362.7833	  0.0000	   0.0000	   0.0000	   0.0000	-450.0000	-450.0000	-450.0000	-953.8596	  7.7524	 95.2500	   4.0000	   1.0000	   1.6000	  0.3000	  0.2000	  0.1000	  0.1200	  0.1800	   0.0000	   0.0000	   0.0000	   0.0000	   0.0000	   0.0000	   0.0000	   0.0000	   0.0000	  0.2642	  0.0000	        0.0000	        0.0000	        0.0000	        0.0000	        0.0000	        0.0000	        0.0000	  0.4141	  0.2447	  7.8177
2017	 19	  23	 55	 18.9965	  5.6147	  0.4464	 -999.0000	-999.0000	366.0833	  0.0000	   0.0000	   0.0000	   0.0000	-450.0000	-450.0000	-450.0000	-1211.2484	  9.2263	106.7500	   4.0000	   1.0000	   1.6000	  0.3000	  0.2000	  0.1000	  0.1200	  0.1800	   0.0000	   0.0000	   0.0000	   0.0000	   0.0000	   0.0000	   0.0000	   0.0000	   0.0000	  0.2642	  0.0000	        0.0000	        0.0000	        0.0000	        0.0000	        0.0000	        0.0000	        0.0000	  0.4141	  0.2447	  7.8177
2017	 21	  23	 55	 20.9965	 27.9864	  0.2316	 -999.0000	-999.0000	418.5833	  0.0000	   0.0000	   0.0000	   0.0000	-450.0000	-450.0000	-450.0000	-1211.2484	  9.2263	121.7500	   4.0000	   1.0000	   1.6000	  0.3000	  0.2000	  0.1000	  0.1200	  0.1800	   0.0000	   0.0000	   0.0000	   0.0000	   0.0000	   0.0000	   0.0000	   0.0000	   0.0000	  0.2642	  0.0000	        0.0000	        0.0000	        0.0000	        0.0000	        0.0000	        0.0000	        0.0000	  0.4141	  0.2447	  7.8177
2017	 23	  23	 55	 22.9965	  3.5469	  0.0000	 -999.0000	-999.0000	418.8833	  0.0000	   0.0000	   0.0000	   0.0000	-450.0000	-450.0000	-450.0000	-1211.2484	  9.2263	135.0000	   4.0000	   1.0000	   1.6000	  0.3000	  0.2000	  0.1000	  0.1200	  0.1800	   0.0000	   0.0000	   0.0000	   0.0000	   0.0000	   0.0000	   0.0000	   0.0000	   0.0000	  0.2642	  0.0000	        0.0000	        0.0000	        0.0000	        0.0000	        0.0000	        0.0000	        0.0000	  0.4141	  0.2447	  7.8177
2017	 25	  23	 55	 24.9965	  2.9092	  0.0000	 -999.0000	-999.0000	418.8833	  0.0000	   0.0000	   0.0000	   0.0000	-450.0000	-450.0000	-450.0000	-1211.2484	  9.2263	148.5000	   4.0000	   1.0000	   1.6000	  0.3000	  0.2000	  0.1000	  0.1200	  0.1800	   0.0000	   0.0000	   0.0000	   0.0000	   0.0000	   0.0000	   0.0000	   0.0000	   0.0000	  0.2642	  0.0000	        0.0000	        0.0000	        0.0000	        0.0000	        0.0000	        0.0000	        0.0000	  0.4141	  0.2447	  7.8177
2017	 27	  23	 55	 26.9965	 13.3903	  0.0000	 -999.0000	-999.0000	423.8833	  0.0000	   0.0000	   0.0000	   0.0000	-450.0000	-450.0000	-450.0000	-1211.2484	  9.2263	162.9167	   4.0000	   1.0000	   1.6000	  0.3000	  0.2000	  0.1000	  0.1200	  0.1800	   0.0000	   0.0000	   0.0000	   0.0000	   0.0000	   0.0000	   0.0000	   0.0000	   0.0000	  0.2642	  0.0000	        0.0000	        0.0000	        0.0000	        0.0000	        0.0000	        0.0000	        0.0000	  0.4141	  0.2447	  7.8177
2017	 29	  23	 55	 28.9965	  7.0109	  0.0000	 -999.0000	-999.0000	424.4833	  0.0000	   0.0000	   0.0000	   0.0000	-450.0000	-450.0000	-450.0000	-1211.2484	  9.2263	175.4167	   4.0000	   1.0000	   1.6000	  0.3000	  0.2000	  0.1000	  0.1200	  0.1800	   0.0000	   0.0000	   0.0000	   0.0000	   0.0000	   0.0000	   0.0000	   0.0000	   0.0000	  0.2642	  0.0000	        0.0000	        0.0000	        0.0000	        0.0000	        0.0000	        0.0000	        0.0000	  0.4141	  0.2447	  7.8177
2017	 31	  23	 55	 30.9965	 12.2526	  0.0000	 -999.0000	-999.0000	429.9833	  0.0000	   0.0000	   0.0000	   0.0000	-450.0000	-450.0000	-450.0000	-1211.2484	  9.2263	190.1667	   4.0000	   1.0000	   1.6000	  0.3000	  0.2000	  0.1000	  0.1200	  0.1800	   0.0000	   0.0000	   0.0000	   0.0000	   0.0000	   0.0000	   0.0000	   0.0000	   0.0000	  0.2642	  0.0000	        0.0000	        0.0000	        0.0000	        0.0000	        0.0000	        0.0000	        0.0000	  0.4141	  0.2447	  7.8177
2017	 33	  23	 55	 32.9965	  6.3764	  0.0000	 -999.0000	-999.0000	429.9833	  0.0000	   0.0000	   0.0000	   0.0000	-450.0000	-450.0000	-450.0000	-1211.2484	  9.2263	203.1667	   4.0000	   1.0000	   1.6000	  0.3000	  0.2000	  0.1000	  0.1200	  0.1800	   0.0000	   0.0000	   0.0000	   0.0000	   0.0000	   0.0000	   0.0000	   0.0000	   0.0000	  0.2642	  0.0000	        0.0000	        0.0000	        0.0000	        0.0000	        0.0000	        0.0000	        0.0000	  0.4141	  0.2447	  7.8177
2017	 35	  23	 55	 34.9965	  7.1512	  0.0000	 -999.0000	-999.0000	431.0833	  0.0000	   0.0000	   0.0000	   0.0000	-450.0000	-450.0000	-450.0000	-1211.2484	  9.2263	216.0833	   4.0000	   1.0000	   1.6000	  0.3000	  0.2000	  0.1000	  0.1200	  0.1800	   0.0000	   0.0000	   0.0000	   0.0000	   0.0000	   0.0000	   0.0000	   0.0000	   0.0000	  0.2642	  0.0000	        0.0000	        0.0000	        0.0000	        0.0000	        0.0000	        0.0000	        0.0000	  0.4141	  0.2447	  7.8177
2017	 37	  23	 55	 36.9965	  7.3247	  0.0000	 -999.0000	-999.0000	432.5833	  0.0000	   0.0000	   0.0000	   0.0000	-450.0000	-450.0000	-450.0000	-1211.2484	  9.2263	231.2500	   4.0000	   1.0000	   1.6000	  0.3000	  0.2000	  0.1000	  0.1200	  0.1800	   0.0000	   0.0000	   0.0000	   0.0000	   0.0000	   0.0000	   0.0000	   0.0000	   0.0000	  0.2642	  0.0000	        0.0000	        0.0000	        0.0000	        0.0000	        0.0000	        0.0000	        0.0000	  0.4141	  0.2447	  7.8177
2017	 39	  23	 55	 38.9965	 10.2951	  0.0000	 -999.0000	-999.0000	433.0667	  0.0000	   0.0000	   0.0000	   0.0000	-450.0000	-450.0000	-450.0000	-1211.2484	  9.2263	248.4167	   4.0000	   1.0000	   1.6000	  0.3000	  0.2000	  0.1000	  0.1200	  0.1800	   0.0000	   0.0000	   0.0000	   0.0000	   0.0000	   0.0000	   0.0000	   0.0000	   0.0000	  0.2642	  0.0000	        0.0000	        0.0000	        0.0000	        0.0000	        0.0000	        0.0000	        0.0000	  0.4141	  0.2447	  7.8177
2017	 41	  23	 55	 40.9965	  8.8267	  0.0000	 -999.0000	-999.0000	436.1833	  0.0000	   0.0000	   0.0000	   0.0000	-450.0000	-450.0000	-450.0000	-1211.2484	  9.2263	265.2500	   4.0000	   1.0000	   1.6000	  0.3000	  0.2000	  0.1000	  0.1200	  0.1800	   0.0000	   0.0000	   0.0000	   0.0000	   0.0000	   0.0000	   0.0000	   0.0000	   0.0000	  0.2642	  0.0000	        0.0000	        0.0000	        0.0000	        0.0000	        0.0000	        0.0000	        0.0000	  0.4141	  0.2447	  7.8177
2017	 43	  23	 55	 42.9965	 15.0630	  0.0000	 -999.0000	-999.0000	441.6833	  0.0000	   0.0000	   0.0000	   0.0000	-450.0000	-450.0000	-450.0000	-1211.2484	  9.2263	282.3333	   4.0000	   1.0000	   1.6000	  0.3000	  0.2000	  0.1000	  0.1200	  0.1800	   0.0000	   0.0000	   0.0000	   0.0000	   0.0000	   0.0000	   0.0000	   0.0000	   0.0000	  0.2642	  0.0000	        0.0000	        0.0000	        0.0000	        0.0000	        0.0000	        0.0000	        0.0000	  0.4141	  0.2447	  7.8177
2017	 45	  23	 55	 44.9965	 60.5628	  0.0000	 -999.0000	-999.0000	546.6833	  0.0000	   0.0000	   0.0000	   0.0000	-450.0000	-450.0000	-450.0000	-1211.2484	  9.2263	294.4167	   4.0000	   1.0000	   1.6000	  0.3000	  0.2000	  0.1000	  0.1200	  0.1800	   0.0000	   0.0000	   0.0000	   0.0000	   0.0000	   0.0000	   0.0000	   0.0000	   0.0000	  0.2642	  0.0000	        0.0000	        0.0000	        0.0000	        0.0000	        0.0000	        0.0000	        0.0000	  0.4141	  0.2447	  7.8177
2017	 47	  23	 55	 46.9965	 11.1304	  0.0002	 -999.0000	-999.0000	571.4583	  0.0000	   0.0000	   0.0000	   0.0000	-450.0000	-450.0000	-450.0000	-1211.2484	  9.2263	312.5000	   4.0000	   1.0000	   1.6000	  0.3000	  0.2000	  0.1000	  0.1200	  0.1800	   0.0000	   0.0000	   0.0000	   0.0000	   0.0000	   0.0000	   0.0000	   0.0000	   0.0000	  0.2642	  0.0000	        0.0000	        0.0000	        0.0000	        0.0000	        0.0000	        0.0000	        0.0000	  0.4141	  0.2447	  7.8177
2017	 49	  23	 55	 48.9965	 10.2836	  0.0000	 -999.0000	-999.0000	578.6750	  0.0000	   0.0000	   0.0000	   0.0000	-450.0000	-450.0000	-450.0000	-1211.2484	  9.2263	330.5000	   4.0000	   1.0000	   1.6000	  0.3000	  0.2000	  0.1000	  0.1200	  0.1800	   0.0000	   0.0000	   0.0000	   0.0000	   0.0000	   0.0000	   0.0000	   0.0000	   0.0000	  0.2642	  0.0000	        0.0000	        0.0000	        0.0000	        0.0000	        0.0000	        0.0000	        0.0000	  0.4141	  0.2447	  7.8177
2017	 51	  23	 55	 50.9965	  1.4393	  0.0000	 -999.0000	-999.0000	592.1750	  0.0000	   0.0000	   0.0000	   0.0000	-450.0000	-450.0000	-450.0000	-1211.2484	  9.2263	347.2500	   4.0000	   1.0000	   1.6000	  0.3000	  0.2000	  0.1000	  0.1200	  0.1800	   0.0000	   0.0000	   0.0000	   0.0000	   0.0000	   0.0000	   0.0000	   0.0000	   0.0000	  0.2642	  0.0000	        0.0000	        0.0000	        0.0000	        0.0000	        0.0000	        0.0000	        0.0000	  0.4141	  0.2447	  7.8177
2017	 53	  23	 55	 52.9965	  1.7583	  0.0318	 -999.0000	-999.0000	607.3750	  0.0000	   0.0000	   0.0000	   0.0000	-450.0000	-450.0000	-450.0000	-1211.2484	  9.2263	367.1667	   4.0000	   1.0000	   1.6000	  0.3000	  0.2000	  0.1000	  0.1200	  0.1800	   0.0000	   0.0000	   0.0000	   0.0000	   0.0000	   0.0000	   0.0000	   0.0000	   0.0000	  0.2642	  0.0000	        0.0000	        0.0000	        0.0000	        0.0000	        0.0000	        0.0000	        0.0000	  0.4141	  0.2447	  7.8177
2017	 55	  23	 55	 54.9965	-999.0000	-999.0000	 -999.0000	-999.0000	-999.0000	-999.0000	-999.0000	-999.0000	-999.0000	-999.0000	-999.0000	-999.0000	-999.0000	-999.0000	-999.0000	-999.0000	-999.0000	-999.0000	-999.0000	-999.0000	-999.0000	-999.0000	-999.0000	-999.0000	-999.0000	-999.0000	-999.0000	-999.0000	-999.0000	-999.0000	-999.0000	-999.0000	-999.0000	-999.0000	     -999.0000	     -999.0000	     -999.0000	     -999.0000	     -999.0000	     -999.0000	     -999.0000	-999.0000	-999.0000	-999.0000
2017	 57	  23	 55	 56.9965	  5.0846	  0.0000	 -999.0000	-999.0000	708.3500	  0.0000	   0.0000	   0.0000	   0.0000	-450.0000	-450.0000	-450.0000	-1211.2484	  9.2263	402.6667	   4.0000	   1.0000	   1.6000	  0.3000	  0.2000	  0.1000	  0.1200	  0.1800	   0.0000	   0.0000	   0.0000	   0.0000	   0.0000	   0.0000	   0.0000	   0.0000	   0.0000	  0.2642	  0.0000	        0.0000	        0.0000	        0.0000	        0.0000	        0.0000	        0.0000	        0.0000	  0.4141	  0.2447	  7.8177
2017	 59	  23	 55	 58.9965	  1.8320	  0.0003	 -999.0000	-999.0000	726.1667	  0.0000	   0.0000	   0.0000	   0.0000	-450.0000	-450.0000	-450.0000	-1211.2484	  9.2263	420.5000	   4.0000	   1.0000	   1.6000	  0.3000	  0.2000	  0.1000	  0.1200	  0.1800	   0.0000	   0.0000	   0.0000	   0.0000	   0.0000	   0.0000	   0.0000	   0.0000	   0.0000	  0.2642	  0.0000	        0.0000	        0.0000	        0.0000	        0.0000	        0.0000	        0.0000	        0.0000	  0.4141	  0.2447	  7.8177
2017	 61	  23	 55	 60.9965	  3.6333	  0.0000	 -999.0000	-999.0000	733.5750	  0.0000	   0.0000	   0.0000	   0.0000	-450.0000	-450.0000	-450.0000	-1211.2484	  9.2263	440.5833	   4.0000	   1.0000	   1.6000	  0.3000	  0.2000	  0.1000	  0.1200	  0.1800	   0.0000	   0.0000	   0.0000	   0.0000	   0.0000	   0.0000	   0.0000	   0.0000	   0.0000	  0.2642	  0.0000	        0.0000	        0.0000	        0.0000	        0.0000	        0.0000	        0.0000	        0.0000	  0.4141	  0.2447	  7.8177
2017	 63	  23	 55	 62.9965	  2.5080	  0.1014	 -999.0000	-999.0000	740.0750	  0.0000	   0.0000	   0.0000	   0.0000	-450.0000	-450.0000	-450.0000	-1211.2484	  9.2263	461.0000	   4.0000	   1.0000	   1.6000	  0.3000	  0.2000	  0.1000	  0.1200	  0.1800	   0.0000	   0.0000	   0.0000	   0.0000	   0.0000	   0.0000	   0.0000	   0.0000	   0.0000	  0.2642	  0.0000	        0.0000	        0.0000	        0.0000	        0.0000	        0.0000	        0.0000	        0.0000	  0.4141	  0.2447	  7.8177
2017	 65	  23	 55	 64.9965	  8.1321	  0.0000	 -999.0000	-999.0000	750.5750	  0.0000	   0.0000	   0.0000	   0.0000	-450.0000	-450.0000	-450.0000	-1211.2484	  9.2263	481.0000	   4.0000	   1.0000	   1.6000	  0.3000	  0.2000	  0.1000	  0.1200	  0.1800	   0.0000	   0.0000	   0.0000	   0.0000	   0.0000	   0.0000	   0.0000	   0.0000	   0.0000	  0.2642	  0.0000	        0.0000	        0.0000	        0.0000	        0.0000	        0.0000	        0.0000	        0.0000	  0.4141	  0.2447	  7.8177
2017	 67	  23	 55	 66.9965	 18.6340	  0.0000	 -999.0000	-999.0000	782.3750	  0.0000	   0.0000	   0.0000	   0.0000	-450.0000	-450.0000	-450.0000	-1211.2484	  9.2263	502.4167	   4.0000	   1.0000	   1.6000	  0.3000	  0.2000	  0.1000	  0.1200	  0.1800	   0.0000	   0.0000	   0.0000	   0.0000	   0.0000	   0.0000	   0.0000	   0.0000	   0.0000	  0.2642	  0.0000	        0.0000	        0.0000	        0.0000	        0.0000	        0.0000	        0.0000	        0.0000	  0.4141	  0.2447	  7.8177
2017	 69	  23	 55	 68.9965	-999.0000	-999.0000	 -999.0000	-999.0000	-999.0000	-999.0000	-999.0000	-999.0000	-999.0000	-999.0000	-999.0000	-999.0000	-999.0000	-999.0000	-999.0000	-999.0000	-999.0000	-999.0000	-999.0000	-999.0000	-999.0000	-999.0000	-999.0000	-999.0000	-999.0000	-999.0000	-999.0000	-999.0000	-999.0000	-999.0000	-999.0000	-999.0000	-999.0000	-999.0000	     -999.0000	     -999.0000	     -999.0000	     -999.0000	     -999.0000	     -999.0000	     -999.0000	-999.0000	-999.0000	-999.0000
2017	 71	  23	 55	 70.9965	  9.1195	  0.1301	 -999.0000	-999.0000	845.8750	  0.0000	   0.0000	   0.0000	   0.0000	-450.0000	-450.0000	-450.0000	-1211.2484	  9.4412	546.7500	   4.0000	   1.0000	   1.6000	  0.3000	  0.2000	  0.1000	  0.1200	  0.1800	   0.0000	   0.0000	   0.0000	   0.0000	   0.0000	   0.0000	   0.0000	   0.0000	   0.0000	  0.2642	  0.0000	        0.0000	        0.0000	        0.0000	        0.0000	        0.0000	        0.0000	        0.0000	  0.4141	  0.2447	  7.8177
2017	 73	  23	 55	 72.9965	  1.5357	  0.0462	 -999.0000	-999.0000	846.8750	  0.0000	   0.0000	   0.0000	   0.0000	-450.0000	-450.0000	-450.0000	-1211.2484	  9.4412	569.0000	   4.0000	   1.0000	   1.6000	  0.3000	  0.2000	  0.1000	  0.1200	  0.1800	   0.0000	   0.0000	   0.0000	   0.0000	   0.0000	   0.0000	   0.0000	   0.0000	   0.0000	  0.2642	  0.0000	        0.0000	        0.0000	        0.0000	        0.0000	        0.0000	        0.0000	        0.0000	  0.4141	  0.2447	  7.8177
2017	 75	  23	 55	 74.9965	  1.0203	  0.6796	 -999.0000	-999.0000	847.8750	  0.0000	   0.0000	   0.0000	   0.0000	-450.0000	-450.0000	-450.0000	-1211.2484	 10.5108	592.1667	   4.0000	   1.0000	   1.6000	  0.3000	  0.2000	  0.1000	  0.1200	  0.1800	   0.0000	   0.0000	   0.0000	   0.0000	   0.0000	   0.0000	   0.0000	   0.0000	   0.0000	  0.2642	  0.0000	        0.0000	        0.0000	        0.0000	        0.0000	        0.0000	        0.0000	        0.0000	  0.4141	  0.2447	  7.8177
2017	 77	  23	 55	 76.9965	-999.0000	-999.0000	 -999.0000	-999.0000	-999.0000	-999.0000	-999.0000	-999.0000	-999.0000	-999.0000	-999.0000	-999.0000	-999.0000	-999.0000	-999.0000	-999.0000	-999.0000	-999.0000	-999.0000	-999.0000	-999.0000	-999.0000	-999.0000	-999.0000	-999.0000	-999.0000	-999.0000	-999.0000	-999.0000	-999.0000	-999.0000	-999.0000	-999.0000	-999.0000	     -999.0000	     -999.0000	     -999.0000	     -999.0000	     -999.0000	     -999.0000	     -999.0000	-999.0000	-999.0000	-999.0000
2017	 79	  23	 55	 78.9965	  2.4834	  0.1003	 -999.0000	-999.0000	921.9583	  0.0000	   0.0000	   0.0000	   0.0000	-450.0000	-450.0000	-450.0000	-1266.1730	 10.5108	637.8333	   4.0000	   1.0000	   1.6000	  0.3000	  0.2000	  0.1000	  0.1200	  0.1800	   0.0000	   0.0000	   0.0000	   0.0000	   0.0000	   0.0000	   0.0000	   0.0000	   0.0000	  0.2642	  0.0000	        0.0000	        0.0000	        0.0000	        0.0000	        0.0000	        0.0000	        0.0000	  0.4141	  0.2447	  7.8177
2017	 81	  23	 55	 80.9965	  1.8642	  0.1198	 -999.0000	-999.0000	928.1750	  0.0000	   0.0000	   0.0000	   0.0000	-450.0000	-450.0000	-450.0000	-1266.1730	 10.5108	660.9167	   4.0000	   1.0000	   1.6000	  0.3000	  0.2000	  0.1000	  0.1200	  0.1800	   0.0000	   0.0000	   0.0000	   0.0000	   0.0000	   0.0000	   0.0000	   0.0000	   0.0000	  0.2642	  0.0000	        0.0000	        0.0000	        0.0000	        0.0000	        0.0000	        0.0000	        0.0000	  0.4141	  0.2447	  7.8177
2017	 83	  23	 55	 82.9965	 47.1244	  1.1138	 -999.0000	-999.0000	1035.1750	  0.0000	   0.0000	   0.0000	   0.0000	-450.0000	-450.0000	-450.0000	-1266.1730	 10.5108	679.2500	   4.0000	   1.0000	   1.6000	  0.3000	  0.2000	  0.1000	  0.1200	  0.1800	   0.0000	   0.0000	   0.0000	   0.0000	   0.0000	   0.0000	   0.0000	   0.0000	   0.0000	  0.2642	  0.0000	        0.0000	        0.0000	        0.0000	        0.0000	        0.0000	        0.0000	        0.0000	  0.4141	  0.2447	  7.8177
2017	 85	  23	 55	 84.9965	 18.6593	  1.9842	 -999.0000	-999.0000	1068.6750	  0.0000	   0.0000	   0.0000	   0.0000	-450.0000	-450.0000	-450.0000	-1266.1730	 12.7745	704.3333	   4.0000	   1.0000	   1.6000	  0.3000	  0.2000	  0.1000	  0.1200	  0.1800	   0.0000	   0.0000	   0.0000	   0.0000	   0.0000	   0.0000	   0.0000	   0.0000	   0.0000	  0.2642	  0.0000	        0.0000	        0.0000	        0.0000	        0.0000	        0.0000	        0.0000	        0.0000	  0.4141	  0.2447	  7.8177
2017	 87	  23	 55	 86.9965	 15.3246	  0.1392	 -999.0000	-999.0000	1102.4083	  0.0000	   0.0000	   0.0000	   0.0000	-450.0000	-450.0000	-450.0000	-1266.1730	 12.7745	728.4167	   4.0000	   1.0000	   1.6000	  0.3000	  0.2000	  0.1000	  0.1200	  0.1800	   0.0000	   0.0000	   0.0000	   0.0000	   0.0000	   0.0000	   0.0000	   0.0000	   0.0000	  0.2642	  0.0000	        0.0000	        0.0000	        0.0000	        0.0000	        0.0000	        0.0000	        0.0000	  0.4141	  0.2447	  7.8177
2017	 89	  23	 55	 88.9965	 20.5955	  0.4055	 -999.0000	-999.0000	1149.5167	  0.0000	   0.0000	   0.0000	   0.0000	-450.0000	-450.0000	-450.0000	-1266.1730	 12.7745	752.0000	   4.0000	   1.0000	   1.6000	  0.3000	  0.2000	  0.1000	  0.1200	  0.1800	   0.0000	   0.0000	   0.0000	   0.0000	   0.0000	   0.0000	   0.0000	   0.0000	   0.0000	  0.2642	  0.0000	        0.0000	        0.0000	        0.0000	        0.0000	        0.0000	        0.0000	        0.0000	  0.4141	  0.2447	  7.8177
2017	 91	  23	 55	 90.9965	  4.1965	  2.1182	 -999.0000	-999.0000	1160.6000	  0.0000	   0.0000	   0.0000	   0.0000	-450.0000	-450.0000	-450.0000	-1266.1730	 14.9895	776.0000	   4.0000	   1.0000	   1.6000	  0.3000	  0.2000	  0.1000	  0.1200	  0.1800	   0.0000	   0.0000	   0.0000	   0.0000	   0.0000	   0.0000	   0.0000	   0.0000	   0.0000	  0.2642	  0.0000	        0.0000	        0.0000	        0.0000	        0.0000	        0.0000	        0.0000	        0.0000	  0.4141	  0.2447	  7.8177
2017	 93	  23	 55	 92.9965	  6.2734	  2.0006	 -999.0000	-999.0000	1163.8000	  0.0000	   0.0000	   0.0000	   0.0000	-450.0000	-450.0000	-450.0000	-1266.1730	 14.9895	801.7500	   4.0000	   1.0000	   1.6000	  0.3000	  0.2000	  0.1000	  0.1200	  0.1800	   0.0000	   0.0000	   0.0000	   0.0000	   0.0000	   0.0000	   0.0000	   0.0000	   0.0000	  0.2642	  0.0000	        0.0000	        0.0000	        0.0000	        0.0000	        0.0000	        0.0000	        0.0000	  0.4141	  0.2447	  7.8177
2017	 95	  23	 55	 94.9965	  0.9477	  1.4170	 -999.0000	-999.0000	1163.9000	  0.0000	   0.0000	   0.0000	   0.0000	-450.0000	-450.0000	-450.0000	-1266.1730	 14.9895	828.0833	   4.0000	   1.0000	   1.6000	  0.3000	  0.2000	  0.1000	  0.1200	  0.1800	   0.0000	   0.0000	   0.0000	   0.0000	   0.0000	   0.0000	   0.0000	   0.0000	   0.0000	  0.2642	  0.0000	        0.0000	        0.0000	        0.0000	        0.0000	        0.0000	        0.0000	        0.0000	  0.4141	  0.2447	  7.8177
2017	 97	  23	 55	 96.9965	-999.0000	-999.0000	 -999.0000	-999.0000	-999.0000	-999.0000	-999.0000	-999.0000	-999.0000	-999.0000	-999.0000	-999.0000	-999.0000	-999.0000	-999.0000	-999.0000	-999.0000	-999.0000	-999.0000	-999.0000	-999.0000	-999.0000	-999.0000	-999.0000	-999.0000	-999.0000	-999.0000	-999.0000	-999.0000	-999.0000	-999.0000	-999.0000	-999.0000	-999.0000	     -999.0000	     -999.0000	     -999.0000	     -999.0000	     -999.0000	     -999.0000	     -999.0000	-999.0000	-999.0000	-999.0000
2017	 99	  23	 55	 98.9965	  0.2030	  2.2995	 -999.0000	-999.0000	1205.9000	  0.0000	   0.0000	   0.0000	   0.0000	-450.0000	-450.0000	-450.0000	-1275.2871	 17.5936	880.5000	   4.0000	   1.0000	   1.6000	  0.3000	  0.2000	  0.1000	  0.1200	  0.1800	   0.0000	   0.0000	   0.0000	   0.0000	   0.0000	   0.0000	   0.0000	   0.0000	   0.0000	  0.2642	  0.0000	        0.0000	        0.0000	        0.0000	        0.0000	        0.0000	        0.0000	        0.0000	  0.4141	  0.2447	  7.8177
2017	101	  23	 55	100.9965	  1.3871	  1.5899	 -999.0000	-999.0000	1212.4750	  0.0000	   0.0000	   0.0000	   0.0000	-450.0000	-450.0000	-450.0000	-1275.2871	 17.5936	907.5000	   4.0000	   1.0000	   1.6000	  0.3000	  0.2000	  0.1000	  0.1200	  0.1800	   0.0000	   0.0000	   0.0000	   0.0000	   0.0000	   0.0000	   0.0000	   0.0000	   0.0000	  0.2642	  0.0000	        0.0000	        0.0000	        0.0000	        0.0000	        0.0000	        0.0000	        0.0000	  0.4141	  0.2447	  7.8177
2017	103	  23	 55	102.9965	  1.2891	  0.3515	 -999.0000	-999.0000	1220.3000	  0.0000	   0.0000	   0.0000	   0.0000	-450.0000	-450.0000	-450.0000	-1275.2871	 17.5936	934.1667	   4.0000	   1.0000	   1.6000	  0.3000	  0.2000	  0.1000	  0.1200	  0.1800	   0.0000	   0.0000	   0.0000	   0.0000	   0.0000	   0.0000	   0.0000	   0.0000	   0.0000	  0.2642	  0.0000	        0.0000	        0.0000	        0.0000	        0.0000	        0.0000	        0.0000	        0.0000	  0.4141	  0.2447	  7.8177
2017	105	  23	 55	104.9965	  5.0896	  0.3501	 -999.0000	-999.0000	1220.3000	  0.0000	   0.0000	   0.0000	   0.0000	-450.0000	-450.0000	-450.0000	-1275.2871	 17.5936	962.5000	   4.0000	   1.0000	   1.6000	  0.3000	  0.2000	  0.1000	  0.1200	  0.1800	   0.0000	   0.0000	   0.0000	   0.0000	   0.0000	   0.0000	   0.0000	   0.0000	   0.0000	  0.2642	  0.0000	        0.0000	        0.0000	        0.0000	        0.0000	        0.0000	        0.0000	        0.0000	  0.4141	  0.2447	  7.8177
2017	107	  23	 55	106.9965	  4.0827	  0.0333	 -999.0000	-999.0000	1224.5000	  0.0000	   0.0000	   0.0000	   0.0000	-450.0000	-450.0000	-450.0000	-1275.2871	 17.5936	990.1667	   4.0000	   1.0000	   1.6000	  0.3000	  0.2000	  0.1000	  0.1200	  0.1800	   0.0000	   0.0000	   0.0000	   0.0000	   0.0000	   0.0000	   0.0000	   0.0000	   0.0000	  0.2642	  0.0000	        0.0000	        0.0000	        0.0000	        0.0000	        0.0000	        0.0000	        0.0000	  0.4141	  0.2447	  7.8177
2017	109	  23	 55	108.9965	  9.3673	  0.6296	 -999.0000	-999.0000	1242.5000	  0.0000	   0.0000	   0.0000	   0.0000	-450.0000	-450.0000	-450.0000	-1275.2871	 17.5936	1017.5000	   4.0000	   1.0000	   1.6000	  0.3000	  0.2000	  0.1000	  0.1200	  0.1800	   0.0000	   0.0000	   0.0000	   0.0000	   0.0000	   0.0000	   0.0000	   0.0000	   0.0000	  0.2642	  0.0000	        0.0000	        0.0000	        0.0000	        0.0000	        0.0000	        0.0000	        0.0000	  0.4141	  0.2447	  7.8177
2017	111	  23	 55	110.9965	  0.2019	  1.7538	 -999.0000	-999.0000	1242.5000	  0.0000	   0.0000	   0.0000	   0.0000	-450.0000	-450.0000	-450.0000	-1275.2871	 17.5936	1044.6667	   4.0000	   1.0000	   1.6000	  0.3000	  0.2000	  0.1000	  0.1200	  0.1800	   0.0000	   0.0000	   0.0000	   0.0000	   0.0000	   0.0000	   0.0000	   0.0000	   0.0000	  0.2642	  0.0000	        0.0000	        0.0000	        0.0000	        0.0000	        0.0000	        0.0000	        0.0000	  0.4141	  0.2447	  7.8177
2017	113	  23	 55	112.9965	 20.6729	  3.8220	 -999.0000	-999.0000	1281.0000	  0.0000	   0.0000	   0.0000	   0.0000	-450.0000	-450.0000	-450.0000	-1275.2871	 17.5936	1073.0833	   4.0000	   1.0000	   1.6000	  0.3000	  0.2000	  0.1000	  0.1200	  0.1800	   0.0000	   0.0000	   0.0000	   0.0000	   0.0000	   0.0000	   0.0000	   0.0000	   0.0000	  0.2642	  0.0000	        0.0000	        0.0000	        0.0000	        0.0000	        0.0000	        0.0000	        0.0000	  0.4141	  0.2447	  7.8177
2017	115	  23	 55	114.9965	-999.0000	-999.0000	 -999.0000	-999.0000	-999.0000	-999.0000	-999.0000	-999.0000	-999.0000	-999.0000	-999.0000	-999.0000	-999.0000	-999.0000	-999.0000	-999.0000	-999.0000	-999.0000	-999.0000	-999.0000	-999.0000	-999.0000	-999.0000	-999.0000	-999.0000	-999.0000	-999.0000	-999.0000	-999.0000	-999.0000	-999.0000	-999.0000	-999.0000	-999.0000	     -999.0000	     -999.0000	     -999.0000	     -999.0000	     -999.0000	     -999.0000	     -999.0000	-999.0000	-999.0000	-999.0000
2017	117	  23	 55	116.9965	 38.3290	  2.7018	 -999.0000	-999.0000	1359.0917	  0.0000	   0.0000	   0.0000	   0.0000	-450.0000	-450.0000	-450.0000	-1275.2871	 17.5936	1129.1667	   4.0000	   1.0000	   1.6000	  0.3000	  0.2000	  0.1000	  0.1200	  0.1800	   0.0000	   0.0000	   0.0000	   0.0000	   0.0000	   0.0000	   0.0000	   0.0000	   0.0000	  0.2642	  0.0000	        0.0000	        0.0000	        0.0000	        0.0000	        0.0000	        0.0000	        0.0000	  0.4141	  0.2447	  7.8177
2017	119	  23	 55	118.9965	  8.7263	  1.9698	 -999.0000	-999.0000	1382.2000	  0.0000	   0.0000	   0.0000	   0.0000	-450.0000	-450.0000	-450.0000	-1275.2871	 17.5936	1158.4167	   4.0000	   1.0000	   1.6000	  0.3000	  0.2000	  0.1000	  0.1200	  0.1800	   0.0000	   0.0000	   0.0000	   0.0000	   0.0000	   0.0000	   0.0000	   0.0000	   0.0000	  0.2642	  0.0000	        0.0000	        0.0000	        0.0000	        0.0000	        0.0000	        0.0000	        0.0000	  0.4141	  0.2447	  7.8177
2017	121	  23	 55	120.9965	  2.4250	  4.9642	 -999.0000	-999.0000	1391.2000	  0.0000	   0.0000	   0.0000	   0.0000	-450.0000	-450.0000	-450.0000	-1275.2871	 18.8971	1190.2500	   4.0000	   1.0000	   1.6000	  0.3000	  0.2000	  0.1000	  0.1200	  0.1800	   0.0000	   0.0000	   0.0000	   0.0000	   0.0000	   0.0000	   0.0000	   0.0000	   0.0000	  0.2642	  0.0000	        0.0000	        0.0000	        0.0000	        0.0000	        0.0000	        0.0000	        0.0000	  0.4141	  0.2447	  7.8177
2017	123	  23	 55	122.9965	  1.4501	  5.8501	 -999.0000	-999.0000	1391.2000	  0.0000	   0.0000	   0.0000	   0.0000	-450.0000	-450.0000	-450.0000	-1275.2871	 20.8985	1222.5000	   4.0000	   1.0000	   1.6000	  0.3000	  0.2000	  0.1000	  0.1200	  0.1800	   0.0000	   0.0000	   0.0000	   0.0000	   0.0000	   0.0000	   0.0000	   0.0000	   0.0000	  0.2642	  0.0000	        0.0000	        0.0000	        0.0000	        0.0000	        0.0000	        0.0000	        0.0000	  0.4141	  0.2447	  7.8177
2017	125	  23	 55	124.9965	  1.6162	  6.3525	 -999.0000	-999.0000	1391.2000	  0.0000	   0.0000	   0.0000	   0.0000	-450.0000	-450.0000	-450.0000	-1275.2871	 21.7889	1255.2500	   4.0000	   1.0000	   1.6000	  0.3000	  0.2000	  0.1000	  0.1200	  0.1800	   0.0000	   0.0000	   0.0000	   0.0000	   0.0000	   0.0000	   0.0000	   0.0000	   0.0000	  0.2642	  0.0000	        0.0000	        0.0000	        0.0000	        0.0000	        0.0000	        0.0000	        0.0000	  0.4141	  0.2447	  7.8177
2017	127	  23	 55	126.9965	  0.5152	  4.1195	 -999.0000	-999.0000	1392.0000	  0.0000	   0.0000	   0.0000	   0.0000	-450.0000	-450.0000	-450.0000	-1275.2871	 22.2882	1286.3333	   4.0000	   1.0000	   1.6000	  0.3000	  0.2000	  0.1000	  0.1200	  0.1800	   0.0000	   0.0000	   0.0000	   0.0000	   0.0000	   0.0000	   0.0000	   0.0000	   0.0000	  0.2642	  0.0000	        0.0000	        0.0000	        0.0000	        0.0000	        0.0000	        0.0000	        0.0000	  0.4141	  0.2447	  7.8177
2017	129	  23	 55	128.9965	 19.6904	  3.4502	 -999.0000	-999.0000	1426.0000	  0.0000	   0.0000	   0.0000	   0.0000	-450.0000	-450.0000	-450.0000	-1291.9847	 22.2882	1317.8333	   4.0000	   1.0000	   1.6000	  0.3000	  0.2000	  0.1000	  0.1200	  0.1800	   0.0000	   0.0000	   0.0000	   0.0000	   0.0000	   0.0000	   0.0000	   0.0000	   0.0000	  0.2642	  0.0000	        0.0000	        0.0000	        0.0000	        0.0000	        0.0000	        0.0000	        0.0000	  0.4141	  0.2447	  7.8177
2017	131	  23	 55	130.9965	  1.8486	  0.3594	 -999.0000	-999.0000	1431.6000	  0.0000	   0.0000	   0.0000	   0.0000	-450.0000	-450.0000	-450.0000	-1291.9847	 22.2882	1348.6667	   4.0000	   1.0000	   1.6000	  0.3000	  0.2000	  0.1000	  0.1200	  0.1800	   0.0000	   0.0000	   0.0000	   0.0000	   0.0000	   0.0000	   0.0000	   0.0000	   0.0000	  0.2642	  0.0000	        0.0000	        0.0000	        0.0000	        0.0000	        0.0000	        0.0000	        0.0000	  0.4141	  0.2447	  7.8177
2017	133	  23	 55	132.9965	  4.7290	  3.4284	 -999.0000	-999.0000	1437.7000	  0.0000	   0.0000	   0.0000	   0.0000	-450.0000	-450.0000	-450.0000	-1291.9847	 22.2882	1380.5000	   4.0000	   1.0000	   1.6000	  0.3000	  0.2000	  0.1000	  0.1200	  0.1800	   0.0000	   0.0000	   0.0000	   0.0000	   0.0000	   0.0000	   0.0000	   0.0000	   0.0000	  0.2642	  0.0000	        0.0000	        0.0000	        0.0000	        0.0000	        0.0000	        0.0000	        0.0000	  0.4141	  0.2447	  7.8177
2017	135	  23	 55	134.9965	-999.0000	-999.0000	 -999.0000	-999.0000	-999.0000	-999.0000	-999.0000	-999.0000	-999.0000	-999.0000	-999.0000	-999.0000	-999.0000	-999.0000	-999.0000	-999.0000	-999.0000	-999.0000	-999.0000	-999.0000	-999.0000	-999.0000	-999.0000	-999.0000	-999.0000	-999.0000	-999.0000	-999.0000	-999.0000	-999.0000	-999.0000	-999.0000	-999.0000	-999.0000	     -999.0000	     -999.0000	     -999.0000	     -999.0000	     -999.0000	     -999.0000	     -999.0000	-999.0000	-999.0000	-999.0000
2017	137	  23	 55	136.9965	  5.6878	  6.4464	 -999.0000	-999.0000	1500.2000	  0.0000	   0.0000	   0.0000	   0.0000	-450.0000	-450.0000	-450.0000	-1291.9847	 22.2882	1440.9167	   4.0000	   1.0000	   1.6000	  0.3000	  0.2000	  0.1000	  0.1200	  0.1800	   0.0000	   0.0000	   0.0000	   0.0000	   0.0000	   0.0000	   0.0000	   0.0000	   0.0000	  0.2642	  0.0000	        0.0000	        0.0000	        0.0000	        0.0000	        0.0000	        0.0000	        0.0000	  0.4141	  0.2447	  7.8177
2017	139	  23	 55	138.9965	 12.9736	  9.7063	 -999.0000	-999.0000	1513.2000	  0.0000	   0.0000	   0.0000	   0.0000	-450.0000	-450.0000	-450.0000	-1291.9847	 28.4462	1472.9167	   4.0000	   1.0000	   1.6000	  0.3000	  0.2000	  0.1000	  0.1200	  0.1800	   0.0000	   0.0000	   0.0000	   0.0000	   0.0000	   0.0000	   0.0000	   0.0000	   0.0000	  0.2642	  0.0000	        0.0000	        0.0000	        0.0000	        0.0000	        0.0000	        0.0000	        0.0000	  0.4141	  0.2447	  7.8177
2017	141	  23	 55	140.9965	  0.0002	  7.0312	 -999.0000	-999.0000	1513.2000	  0.0000	   0.0000	   0.0000	   0.0000	-450.0000	-450.0000	-450.0000	-1291.9847	 28.4462	1506.4167	   4.0000	   1.0000	   1.6000	  0.3000	  0.2000	  0.1000	  0.1200	  0.1800	   0.0000	   0.0000	   0.0000	   0.0000	   0.0000	   0.0000	   0.0000	   0.0000	   0.0000	  0.2642	  0.0000	        0.0000	        0.0000	        0.0000	        0.0000	        0.0000	        0.0000	        0.0000	  0.4141	  0.2447	  7.8177
2017	143	  23	 55	142.9965	-999.0000	-999.0000	 -999.0000	-999.0000	-999.0000	-999.0000	-999.0000	-999.0000	-999.0000	-999.0000	-999.0000	-999.0000	-999.0000	-999.0000	-999.0000	-999.0000	-999.0000	-999.0000	-999.0000	-999.0000	-999.0000	-999.0000	-999.0000	-999.0000	-999.0000	-999.0000	-999.0000	-999.0000	-999.0000	-999.0000	-999.0000	-999.0000	-999.0000	-999.0000	     -999.0000	     -999.0000	     -999.0000	     -999.0000	     -999.0000	     -999.0000	     -999.0000	-999.0000	-999.0000	-999.0000
2017	145	  23	 55	144.9965	-999.0000	-999.0000	 -999.0000	-999.0000	-999.0000	-999.0000	-999.0000	-999.0000	-999.0000	-999.0000	-999.0000	-999.0000	-999.0000	-999.0000	-999.0000	-999.0000	-999.0000	-999.0000	-999.0000	-999.0000	-999.0000	-999.0000	-999.0000	-999.0000	-999.0000	-999.0000	-999.0000	-999.0000	-999.0000	-999.0000	-999.0000	-999.0000	-999.0000	-999.0000	     -999.0000	     -999.0000	     -999.0000	     -999.0000	     -999.0000	     -999.0000	     -999.0000	-999.0000	-999.0000	-999.0000
2017	147	  23	 55	146.9965	  0.1186	 12.2147	 -999.0000	-999.0000	1618.6167	  0.0000	   0.0000	   0.0000	   0.0000	-450.0000	-450.0000	-450.0000	-1291.9847	 28.4462	1602.5833	   4.0000	   1.0000	   1.6000	  0.3000	  0.2000	  0.1000	  0.1200	  0.1800	   0.0000	   0.0000	   0.0000	   0.0000	   0.0000	   0.0000	   0.0000	   0.0000	   0.0000	  0.2642	  0.0000	        0.0000	        0.0000	        0.0000	        0.0000	        0.0000	        0.0000	        0.0000	  0.4141	  0.2447	  7.8177
2017	149	  23	 55	148.9965	  0.0000	  6.8278	 -999.0000	-999.0000	1621.1167	  0.0000	   0.0000	   0.0000	   0.0000	-450.0000	-450.0000	-450.0000	-1291.9847	 28.4462	1634.0833	   4.0000	   1.0000	   1.6000	  0.3000	  0.2000	  0.1000	  0.1200	  0.1800	   0.0000	   0.0000	   0.0000	   0.0000	   0.0000	   0.0000	   0.0000	   0.0000	   0.0000	  0.2642	  0.0000	        0.0000	        0.0000	        0.0000	        0.0000	        0.0000	        0.0000	        0.0000	  0.4141	  0.2447	  7.8177
2017	151	  23	 55	150.9965	  0.0000	  7.7406	 -999.0000	-999.0000	1645.8167	  0.0000	   0.0000	   0.0000	   0.0000	-450.0000	-450.0000	-450.0000	-1291.9847	 28.4462	1664.7500	   4.0000	   1.0000	   1.6000	  0.3000	  0.2000	  0.1000	  0.1200	  0.1800	   0.0000	   0.0000	   0.0000	   0.0000	   0.0000	   0.0000	   0.0000	   0.0000	   0.0000	  0.2642	  0.0000	        0.0000	        0.0000	        0.0000	        0.0000	        0.0000	        0.0000	        0.0000	  0.4141	  0.2447	  7.8177
2017	153	  23	 55	152.9965	  6.4486	  5.5299	 -999.0000	-999.0000	1651.8167	  0.0000	   0.0000	   0.0000	   0.0000	-450.0000	-450.0000	-450.0000	-1291.9847	 28.4462	1698.3333	   4.0000	   1.0000	   1.6000	  0.3000	  0.2000	  0.1000	  0.1200	  0.1800	   0.0000	   0.0000	   0.0000	   0.0000	   0.0000	   0.0000	   0.0000	   0.0000	   0.0000	  0.2642	  0.0000	        0.0000	        0.0000	        0.0000	        0.0000	        0.0000	        0.0000	        0.0000	  0.4141	  0.2447	  7.8177
2017	155	  23	 55	154.9965	  0.0001	  5.9924	 -999.0000	-999.0000	1664.6167	  0.0000	   0.0000	   0.0000	   0.0000	-450.0000	-450.0000	-450.0000	-1291.9847	 28.4462	1730.5000	   4.0000	   1.0000	   1.6000	  0.3000	  0.2000	  0.1000	  0.1200	  0.1800	   0.0000	   0.0000	   0.0000	   0.0000	   0.0000	   0.0000	   0.0000	   0.0000	   0.0000	  0.2642	  0.0000	        0.0000	        0.0000	        0.0000	        0.0000	        0.0000	        0.0000	        0.0000	  0.4141	  0.2447	  7.8177
2017	157	  23	 55	156.9965	  0.0000	 12.1455	 -999.0000	-999.0000	1665.5167	  0.0000	   0.0000	   0.0000	   0.0000	-450.0000	-450.0000	-450.0000	-1291.9847	 28.4462	1764.9167	   4.0000	   1.0000	   1.6000	  0.3000	  0.2000	  0.1000	  0.1200	  0.1800	   0.0000	   0.0000	   0.0000	   0.0000	   0.0000	   0.0000	   0.0000	   0.0000	   0.0000	  0.2642	  0.0000	        0.0000	        0.0000	        0.0000	        0.0000	        0.0000	        0.0000	        0.0000	  0.4141	  0.2447	  7.8177
2017	159	  23	 55	158.9965	  0.0000	  7.2862	 -999.0000	-999.0000	1708.8250	  0.0000	   0.0000	   0.0000	   0.0000	-450.0000	-450.0000	-450.0000	-1291.9847	 28.4462	1796.5833	   4.0000	   1.0000	   1.6000	  0.3000	  0.2000	  0.1000	  0.1200	  0.1800	   0.0000	   0.0000	   0.0000	   0.0000	   0.0000	   0.0000	   0.0000	   0.0000	   0.0000	  0.2642	  0.0000	        0.0000	        0.0000	        0.0000	        0.0000	        0.0000	        0.0000	        0.0000	  0.4141	  0.2447	  7.8177
2017	161	  23	 55	160.9965	  0.0000	  9.3289	 -999.0000	-999.0000	1714.3167	  0.0000	   0.0000	   0.0000	   0.0000	-450.0000	-450.0000	-450.0000	-1291.9847	 28.4462	1829.5833	   4.0000	   1.0000	   1.6000	  0.3000	  0.2000	  0.1000	  0.1200	  0.1800	   0.0000	   0.0000	   0.0000	   0.0000	   0.0000	   0.0000	   0.0000	   0.0000	   0.0000	  0.2642	  0.0000	        0.0000	        0.0000	        0.0000	        0.0000	        0.0000	        0.0000	        0.0000	  0.4141	  0.2447	  7.8177
2017	163	  23	 55	162.9965	  0.0000	  8.1332	 -999.0000	-999.0000	1723.5167	  0.0000	   0.0000	   0.0000	   0.0000	-450.0000	-450.0000	-450.0000	-1291.9847	 28.4462	1863.7500	   4.0000	   1.0000	   1.6000	  0.3000	  0.2000	  0.1000	  0.1200	  0.1800	   0.0000	   0.0000	   0.0000	   0.0000	   0.0000	   0.0000	   0.0000	   0.0000	   0.0000	  0.2642	  0.0000	        0.0000	        0.0000	        0.0000	        0.0000	        0.0000	        0.0000	        0.0000	  0.4141	  0.2447	  7.8177
2017	165	  23	 55	164.9965	  0.0000	 10.4658	 -999.0000	-999.0000	1723.5167	  0.0000	   0.0000	   0.0000	   0.0000	-450.0000	-450.0000	-450.0000	-1291.9847	 28.4462	1899.5833	   4.0000	   1.0000	   1.6000	  0.3000	  0.2000	  0.1000	  0.1200	  0.1800	   0.0000	   0.0000	   0.0000	   0.0000	   0.0000	   0.0000	   0.0000	   0.0000	   0.0000	  0.2642	  0.0000	        0.0000	        0.0000	        0.0000	        0.0000	        0.0000	        0.0000	        0.0000	  0.4141	  0.2447	  7.8177
2017	167	  23	 55	166.9965	  0.0000	  9.2902	 -999.0000	-999.0000	1742.0167	  0.0000	   0.0000	   0.0000	   0.0000	-450.0000	-450.0000	-450.0000	-1291.9847	 28.4462	1933.0833	   4.0000	   1.0000	   1.6000	  0.3000	  0.2000	  0.1000	  0.1200	  0.1800	   0.0000	   0.0000	   0.0000	   0.0000	   0.0000	   0.0000	   0.0000	   0.0000	   0.0000	  0.2642	  0.0000	        0.0000	        0.0000	        0.0000	        0.0000	        0.0000	        0.0000	        0.0000	  0.4141	  0.2447	  7.8177
2017	169	  23	 55	168.9965	  0.0154	 13.1720	 -999.0000	-999.0000	1749.0167	  0.0000	   0.0000	   0.0000	   0.0000	-450.0000	-450.0000	-450.0000	-1291.9847	 28.4462	1967.3333	   4.0000	   1.0000	   1.6000	  0.3000	  0.2000	  0.1000	  0.1200	  0.1800	   0.0000	   0.0000	   0.0000	   0.0000	   0.0000	   0.0000	   0.0000	   0.0000	   0.0000	  0.2642	  0.0000	        0.0000	        0.0000	        0.0000	        0.0000	        0.0000	        0.0000	        0.0000	  0.4141	  0.2447	  7.8177
2017	171	  23	 55	170.9965	  0.0000	 10.9169	 -999.0000	-999.0000	1749.0167	  0.0000	   0.0000	   0.0000	   0.0000	-450.0000	-450.0000	-450.0000	-1291.9847	 28.4462	2002.6667	   4.0000	   1.0000	   1.6000	  0.3000	  0.2000	  0.1000	  0.1200	  0.1800	   0.0000	   0.0000	   0.0000	   0.0000	   0.0000	   0.0000	   0.0000	   0.0000	   0.0000	  0.2642	  0.0000	        0.0000	        0.0000	        0.0000	        0.0000	        0.0000	        0.0000	        0.0000	  0.4141	  0.2447	  7.8177
2017	173	  23	 55	172.9965	  0.0000	  7.9807	 -999.0000	-999.0000	1749.2167	  0.0000	   0.0000	   0.0000	   0.0000	-450.0000	-450.0000	-450.0000	-1291.9847	 28.4462	2038.0000	   4.0000	   1.0000	   1.6000	  0.3000	  0.2000	  0.1000	  0.1200	  0.1800	   0.0000	   0.0000	   0.0000	   0.0000	   0.0000	   0.0000	   0.0000	   0.0000	   0.0000	  0.2642	  0.0000	        0.0000	        0.0000	        0.0000	        0.0000	        0.0000	        0.0000	        0.0000	  0.4141	  0.2447	  7.8177
2017	175	  23	 55	174.9965	  0.0000	  9.8667	 -999.0000	-999.0000	1754.7167	  0.0000	   0.0000	   0.0000	   0.0000	-450.0000	-450.0000	-450.0000	-1291.9847	 28.4462	2072.1667	   4.0000	   1.0000	   1.6000	  0.3000	  0.2000	  0.1000	  0.1200	  0.1800	   0.0000	   0.0000	   0.0000	   0.0000	   0.0000	   0.0000	   0.0000	   0.0000	   0.0000	  0.2642	  0.0000	        0.0000	        0.0000	        0.0000	        0.0000	        0.0000	        0.0000	        0.0000	  0.4141	  0.2447	  7.8177
2017	177	  23	 55	176.9965	  0.0000	  8.8749	 -999.0000	-999.0000	1771.4167	  0.0000	   0.0000	   0.0000	   0.0000	-450.0000	-450.0000	-450.0000	-1291.9847	 28.4462	2105.1667	   4.0000	   1.0000	   1.6000	  0.3000	  0.2000	  0.1000	  0.1200	  0.1800	   0.0000	   0.0000	   0.0000	   0.0000	   0.0000	   0.0000	   0.0000	   0.0000	   0.0000	  0.2642	  0.0000	        0.0000	        0.0000	        0.0000	        0.0000	        0.0000	        0.0000	        0.0000	  0.4141	  0.2447	  7.8177
2017	179	  23	 55	178.9965	  5.3402	 11.0225	 -999.0000	-999.0000	1774.4167	  0.0000	   0.0000	   0.0000	   0.0000	-450.0000	-450.0000	-450.0000	-1291.9847	 28.4462	2140.2500	   4.0000	   1.0000	   1.6000	  0.3000	  0.2000	  0.1000	  0.1200	  0.1800	   0.0000	   0.0000	   0.0000	   0.0000	   0.0000	   0.0000	   0.0000	   0.0000	   0.0000	  0.2642	  0.0000	        0.0000	        0.0000	        0.0000	        0.0000	        0.0000	        0.0000	        0.0000	  0.4141	  0.2447	  7.8177
2017	181	  23	 55	180.9965	  0.0001	 11.7580	 -999.0000	-999.0000	1774.4167	  0.0000	   0.0000	   0.0000	   0.0000	-450.0000	-450.0000	-450.0000	-1291.9847	 28.4462	2175.3333	   4.0000	   1.0000	   1.6000	  0.3000	  0.2000	  0.1000	  0.1200	  0.1800	   0.0000	   0.0000	   0.0000	   0.0000	   0.0000	   0.0000	   0.0000	   0.0000	   0.0000	  0.2642	  0.0000	        0.0000	        0.0000	        0.0000	        0.0000	        0.0000	        0.0000	        0.0000	  0.4141	  0.2447	  7.8177
2017	183	  23	 55	182.9965	  0.0000	  9.1704	 -999.0000	-999.0000	1774.4167	  0.0000	   0.0000	   0.0000	   0.0000	-450.0000	-450.0000	-450.0000	-1291.9847	 28.4462	2211.0000	   4.0000	   1.0000	   1.6000	  0.3000	  0.2000	  0.1000	  0.1200	  0.1800	   0.0000	   0.0000	   0.0000	   0.0000	   0.0000	   0.0000	   0.0000	   0.0000	   0.0000	  0.2642	  0.0000	        0.0000	        0.0000	        0.0000	        0.0000	        0.0000	        0.0000	        0.0000	  0.4141	  0.2447	  7.8177
2017	185	  23	 55	184.9965	  6.0106	  9.4450	 -999.0000	-999.0000	1784.4167	  0.0000	   0.0000	   0.0000	   0.0000	-450.0000	-450.0000	-450.0000	-1291.9847	 28.4462	2245.7500	   4.0000	   1.0000	   1.6000	  0.3000	  0.2000	  0.1000	  0.1200	  0.1800	   0.0000	   0.0000	   0.0000	   0.0000	   0.0000	   0.0000	   0.0000	   0.0000	   0.0000	  0.2642	  0.0000	        0.0000	        0.0000	        0.0000	        0.0000	        0.0000	        0.0000	        0.0000	  0.4141	  0.2447	  7.8177
2017	187	  23	 55	186.9965	  8.1845	 18.7845	 -999.0000	-999.0000	1795.9167	  0.0000	   0.0000	   0.0000	   0.0000	-450.0000	-450.0000	-450.0000	-1291.9847	 28.4462	2280.5000	   4.0000	   1.0000	   1.6000	  0.3000	  0.2000	  0.1000	  0.1200	  0.1800	   0.0000	   0.0000	   0.0000	   0.0000	   0.0000	   0.0000	   0.0000	   0.0000	   0.0000	  0.2642	  0.0000	        0.0000	        0.0000	        0.0000	        0.0000	        0.0000	        0.0000	        0.0000	  0.4141	  0.2447	  7.8177
2017	189	  23	 55	188.9965	  0.0001	  9.0771	 -999.0000	-999.0000	1798.0167	  0.0000	   0.0000	   0.0000	   0.0000	-450.0000	-450.0000	-450.0000	-1291.9847	 28.4462	2314.0000	   4.0000	   1.0000	   1.6000	  0.3000	  0.2000	  0.1000	  0.1200	  0.1800	   0.0000	   0.0000	   0.0000	   0.0000	   0.0000	   0.0000	   0.0000	   0.0000	   0.0000	  0.2642	  0.0000	        0.0000	        0.0000	        0.0000	        0.0000	        0.0000	        0.0000	        0.0000	  0.4141	  0.2447	  7.8177
2017	191	  23	 55	190.9965	 14.5525	  9.2141	 -999.0000	-999.0000	1815.5167	  0.0000	   0.0000	   0.0000	   0.0000	-450.0000	-450.0000	-450.0000	-1291.9847	 28.4462	2347.7500	   4.0000	   1.0000	   1.6000	  0.3000	  0.2000	  0.1000	  0.1200	  0.1800	   0.0000	   0.0000	   0.0000	   0.0000	   0.0000	   0.0000	   0.0000	   0.0000	   0.0000	  0.2642	  0.0000	        0.0000	        0.0000	        0.0000	        0.0000	        0.0000	        0.0000	        0.0000	  0.4141	  0.2447	  7.8177
2017	193	  23	 55	192.9965	-999.0000	-999.0000	 -999.0000	-999.0000	-999.0000	-999.0000	-999.0000	-999.0000	-999.0000	-999.0000	-999.0000	-999.0000	-999.0000	-999.0000	-999.0000	-999.0000	-999.0000	-999.0000	-999.0000	-999.0000	-999.0000	-999.0000	-999.0000	-999.0000	-999.0000	-999.0000	-999.0000	-999.0000	-999.0000	-999.0000	-999.0000	-999.0000	-999.0000	-999.0000	     -999.0000	     -999.0000	     -999.0000	     -999.0000	     -999.0000	     -999.0000	     -999.0000	-999.0000	-999.0000	-999.0000
2017	195	  23	 55	194.9965	-999.0000	-999.0000	 -999.0000	-999.0000	-999.0000	-999.0000	-999.0000	-999.0000	-999.0000	-999.0000	-999.0000	-999.0000	-999.0000	-999.0000	-999.0000	-999.0000	-999.0000	-999.0000	-999.0000	-999.0000	-999.0000	-999.0000	-999.0000	-999.0000	-999.0000	-999.0000	-999.0000	-999.0000	-999.0000	-999.0000	-999.0000	-999.0000	-999.0000	-999.0000	     -999.0000	     -999.0000	     -999.0000	     -999.0000	     -999.0000	     -999.0000	     -999.0000	-999.0000	-999.0000	-999.0000
2017	197	  23	 55	196.9965	  0.0486	  9.4310	 -999.0000	-999.0000	1893.2167	  0.0000	   0.0000	   0.0000	   0.0000	-450.0000	-450.0000	-450.0000	-1291.9847	 28.4462	2447.8333	   4.0000	   1.0000	   1.6000	  0.3000	  0.2000	  0.1000	  0.1200	  0.1800	   0.0000	   0.0000	   0.0000	   0.0000	   0.0000	   0.0000	   0.0000	   0.0000	   0.0000	  0.2642	  0.0000	        0.0000	        0.0000	        0.0000	        0.0000	        0.0000	        0.0000	        0.0000	  0.4141	  0.2447	  7.8177
2017	199	  23	 55	198.9965	  0.0000	 10.8574	 -999.0000	-999.0000	1893.2167	  0.0000	   0.0000	   0.0000	   0.0000	-450.0000	-450.0000	-450.0000	-1291.9847	 28.4462	2482.4167	   4.0000	   1.0000	   1.6000	  0.3000	  0.2000	  0.1000	  0.1200	  0.1800	   0.0000	   0.0000	   0.0000	   0.0000	   0.0000	   0.0000	   0.0000	   0.0000	   0.0000	  0.2642	  0.0000	        0.0000	        0.0000	        0.0000	        0.0000	        0.0000	        0.0000	        0.0000	  0.4141	  0.2447	  7.8177
2017	201	  23	 55	200.9965	  0.0000	 13.2545	 -999.0000	-999.0000	1893.2167	  0.0000	   0.0000	   0.0000	   0.0000	-450.0000	-450.0000	-450.0000	-1291.9847	 28.4462	2517.0833	   4.0000	   1.0000	   1.6000	  0.3000	  0.2000	  0.1000	  0.1200	  0.1800	   0.0000	   0.0000	   0.0000	   0.0000	   0.0000	   0.0000	   0.0000	   0.0000	   0.0000	  0.2642	  0.0000	        0.0000	        0.0000	        0.0000	        0.0000	        0.0000	        0.0000	        0.0000	  0.4141	  0.2447	  7.8177
2017	203	  23	 55	202.9965	-999.0000	-999.0000	 -999.0000	-999.0000	-999.0000	-999.0000	-999.0000	-999.0000	-999.0000	-999.0000	-999.0000	-999.0000	-999.0000	-999.0000	-999.0000	-999.0000	-999.0000	-999.0000	-999.0000	-999.0000	-999.0000	-999.0000	-999.0000	-999.0000	-999.0000	-999.0000	-999.0000	-999.0000	-999.0000	-999.0000	-999.0000	-999.0000	-999.0000	-999.0000	     -999.0000	     -999.0000	     -999.0000	     -999.0000	     -999.0000	     -999.0000	     -999.0000	-999.0000	-999.0000	-999.0000
2017	205	  23	 55	204.9965	 17.0943	 31.5700	 -999.0000	-999.0000	1908.3167	  0.0000	   0.0000	   0.0000	   0.0000	-450.0000	-450.0000	-450.0000	-1291.9847	 28.4462	2581.4167	   4.0000	   1.0000	   1.6000	  0.3000	  0.2000	  0.1000	  0.1200	  0.1800	   0.0000	   0.0000	   0.0000	   0.0000	   0.0000	   0.0000	   0.0000	   0.0000	   0.0000	  0.2642	  0.0000	        0.0000	        0.0000	        0.0000	        0.0000	        0.0000	        0.0000	        0.0000	  0.4141	  0.2447	  7.8177
2017	207	  23	 55	206.9965	  6.3505	 11.1657	 -999.0000	-999.0000	1914.3167	  0.0000	   0.0000	   0.0000	   0.0000	-450.0000	-450.0000	-450.0000	-1291.9847	 28.4462	2614.4167	   4.0000	   1.0000	   1.6000	  0.3000	  0.2000	  0.1000	  0.1200	  0.1800	   0.0000	   0.0000	   0.0000	   0.0000	   0.0000	   0.0000	   0.0000	   0.0000	   0.0000	  0.2642	  0.0000	        0.0000	        0.0000	        0.0000	        0.0000	        0.0000	        0.0000	        0.0000	  0.4141	  0.2447	  7.8177
2017	209	  23	 55	208.9965	  0.0328	 11.1422	 -999.0000	-999.0000	1937.1167	  0.0000	   0.0000	   0.0000	   0.0000	-450.0000	-450.0000	-450.0000	-1291.9847	 28.4462	2646.0833	   4.0000	   1.0000	   1.6000	  0.3000	  0.2000	  0.1000	  0.1200	  0.1800	   0.0000	   0.0000	   0.0000	   0.0000	   0.0000	   0.0000	   0.0000	   0.0000	   0.0000	  0.2642	  0.0000	        0.0000	        0.0000	        0.0000	        0.0000	        0.0000	        0.0000	        0.0000	  0.4141	  0.2447	  7.8177
2017	211	  23	 55	210.9965	  0.0000	 10.4006	 -999.0000	-999.0000	1956.2167	  0.0000	   0.0000	   0.0000	   0.0000	-450.0000	-450.0000	-450.0000	-1291.9847	 28.4462	2678.9167	   4.0000	   1.0000	   1.6000	  0.3000	  0.2000	  0.1000	  0.1200	  0.1800	   0.0000	   0.0000	   0.0000	   0.0000	   0.0000	   0.0000	   0.0000	   0.0000	   0.0000	  0.2642	  0.0000	        0.0000	        0.0000	        0.0000	        0.0000	        0.0000	        0.0000	        0.0000	  0.4141	  0.2447	  7.8177
2017	213	  23	 55	212.9965	  6.2248	 10.6388	 -999.0000	-999.0000	1961.7167	  0.0000	   0.0000	   0.0000	   0.0000	-450.0000	-450.0000	-450.0000	-1291.9847	 28.4462	2711.2500	   4.0000	   1.0000	   1.6000	  0.3000	  0.2000	  0.1000	  0.1200	  0.1800	   0.0000	   0.0000	   0.0000	   0.0000	   0.0000	   0.0000	   0.0000	   0.0000	   0.0000	  0.2642	  0.0000	        0.0000	        0.0000	        0.0000	        0.0000	        0.0000	        0.0000	        0.0000	  0.4141	  0.2447	  7.8177
2017	215	  23	 55	214.9965	 14.9149	 17.4113	 -999.0000	-999.0000	2014.6167	  0.0000	   0.0000	   0.0000	   0.0000	-450.0000	-450.0000	-450.0000	-1291.9847	 28.4462	2743.3333	   4.0000	   1.0000	   1.6000	  0.3000	  0.2000	  0.1000	  0.1200	  0.1800	   0.0000	   0.0000	   0.0000	   0.0000	   0.0000	   0.0000	   0.0000	   0.0000	   0.0000	  0.2642	  0.0000	        0.0000	        0.0000	        0.0000	        0.0000	        0.0000	        0.0000	        0.0000	  0.4141	  0.2447	  7.8177
2017	217	  23	 55	216.9965	  0.0002	 11.2973	 -999.0000	-999.0000	2019.3167	  0.0000	   0.0000	   0.0000	   0.0000	-450.0000	-450.0000	-450.0000	-1291.9847	 28.4462	2774.5000	   4.0000	   1.0000	   1.6000	  0.3000	  0.2000	  0.1000	  0.1200	  0.1800	   0.0000	   0.0000	   0.0000	   0.0000	   0.0000	   0.0000	   0.0000	   0.0000	   0.0000	  0.2642	  0.0000	        0.0000	        0.0000	        0.0000	        0.0000	        0.0000	        0.0000	        0.0000	  0.4141	  0.2447	  7.8177
2017	219	  23	 55	218.9965	  0.0000	 10.3828	 -999.0000	-999.0000	2019.5167	  0.0000	   0.0000	   0.0000	   0.0000	-450.0000	-450.0000	-450.0000	-1291.9847	 28.4462	2805.3333	   4.0000	   1.0000	   1.6000	  0.3000	  0.2000	  0.1000	  0.1200	  0.1800	   0.0000	   0.0000	   0.0000	   0.0000	   0.0000	   0.0000	   0.0000	   0.0000	   0.0000	  0.2642	  0.0000	        0.0000	        0.0000	        0.0000	        0.0000	        0.0000	        0.0000	        0.0000	  0.4141	  0.2447	  7.8177
2017	221	  23	 55	220.9965	  0.0000	 10.3698	 -999.0000	-999.0000	2027.8167	  0.0000	   0.0000	   0.0000	   0.0000	-450.0000	-450.0000	-450.0000	-1291.9847	 28.4462	2835.1667	   4.0000	   1.0000	   1.6000	  0.3000	  0.2000	  0.1000	  0.1200	  0.1800	   0.0000	   0.0000	   0.0000	   0.0000	   0.0000	   0.0000	   0.0000	   0.0000	   0.0000	  0.2642	  0.0000	        0.0000	        0.0000	        0.0000	        0.0000	        0.0000	        0.0000	        0.0000	  0.4141	  0.2447	  7.8177
2017	223	  23	 55	222.9965	  5.4188	  9.9654	 -999.0000	-999.0000	2031.5167	  0.0000	   0.0000	   0.0000	   0.0000	-450.0000	-450.0000	-450.0000	-1291.9847	 28.4462	2866.3333	   4.0000	   1.0000	   1.6000	  0.3000	  0.2000	  0.1000	  0.1200	  0.1800	   0.0000	   0.0000	   0.0000	   0.0000	   0.0000	   0.0000	   0.0000	   0.0000	   0.0000	  0.2642	  0.0000	        0.0000	        0.0000	        0.0000	        0.0000	        0.0000	        0.0000	        0.0000	  0.4141	  0.2447	  7.8177
2017	225	  23	 55	224.9965	  0.0347	  9.8100	 -999.0000	-999.0000	2056.3417	  0.0000	   0.0000	   0.0000	   0.0000	-450.0000	-450.0000	-450.0000	-1291.9847	 28.4462	2894.5000	   4.0000	   1.0000	   1.6000	  0.3000	  0.2000	  0.1000	  0.1200	  0.1800	   0.0000	   0.0000	   0.0000	   0.0000	   0.0000	   0.0000	   0.0000	   0.0000	   0.0000	  0.2642	  0.0000	        0.0000	        0.0000	        0.0000	        0.0000	        0.0000	        0.0000	        0.0000	  0.4141	  0.2447	  7.8177
2017	227	  23	 55	226.9965	  0.0203	 10.1239	 -999.0000	-999.0000	2069.3083	  0.0000	   0.0000	   0.0000	   0.0000	-450.0000	-450.0000	-450.0000	-1291.9847	 28.4462	2923.7500	   4.0000	   1.0000	   1.6000	  0.3000	  0.2000	  0.1000	  0.1200	  0.1800	   0.0000	   0.0000	   0.0000	   0.0000	   0.0000	   0.0000	   0.0000	   0.0000	   0.0000	  0.2642	  0.0000	        0.0000	        0.0000	        0.0000	        0.0000	        0.0000	        0.0000	        0.0000	  0.4141	  0.2447	  7.8177
2017	229	  23	 55	228.9965	  3.9972	 11.0429	 -999.0000	-999.0000	2085.4417	  0.0000	   0.0000	   0.0000	   0.0000	-450.0000	-450.0000	-450.0000	-1291.9847	 28.4462	2953.1667	   4.0000	   1.0000	   1.6000	  0.3000	  0.2000	  0.1000	  0.1200	  0.1800	   0.0000	   0.0000	   0.0000	   0.0000	   0.0000	   0.0000	   0.0000	   0.0000	   0.0000	  0.2642	  0.0000	        0.0000	        0.0000	        0.0000	        0.0000	        0.0000	        0.0000	        0.0000	  0.4141	  0.2447	  7.8177
2017	231	  23	 55	230.9965	  0.0000	  9.1685	 -999.0000	-999.0000	2094.2417	  0.0000	   0.0000	   0.0000	   0.0000	-450.0000	-450.0000	-450.0000	-1291.9847	 28.4462	2982.3333	   4.0000	   1.0000	   1.6000	  0.3000	  0.2000	  0.1000	  0.1200	  0.1800	   0.0000	   0.0000	   0.0000	   0.0000	   0.0000	   0.0000	   0.0000	   0.0000	   0.0000	  0.2642	  0.0000	        0.0000	        0.0000	        0.0000	        0.0000	        0.0000	        0.0000	        0.0000	  0.4141	  0.2447	  7.8177
2017	233	  23	 55	232.9965	-999.0000	-999.0000	 -999.0000	-999.0000	-999.0000	-999.0000	-999.0000	-999.0000	-999.0000	-999.0000	-999.0000	-999.0000	-999.0000	-999.0000	-999.0000	-999.0000	-999.0000	-999.0000	-999.0000	-999.0000	-999.0000	-999.0000	-999.0000	-999.0000	-999.0000	-999.0000	-999.0000	-999.0000	-999.0000	-999.0000	-999.0000	-999.0000	-999.0000	-999.0000	     -999.0000	     -999.0000	     -999.0000	     -999.0000	     -999.0000	     -999.0000	     -999.0000	-999.0000	-999.0000	-999.0000
2017	235	  23	 55	234.9965	 17.6445	  6.9320	 -999.0000	-999.0000	2170.7417	  0.0000	   0.0000	   0.0000	   0.0000	-450.0000	-450.0000	-450.0000	-1291.9847	 28.4462	3040.7500	   4.0000	   1.0000	   1.6000	  0.3000	  0.2000	  0.1000	  0.1200	  0.1800	   0.0000	   0.0000	   0.0000	   0.0000	   0.0000	   0.0000	   0.0000	   0.0000	   0.0000	  0.2642	  0.0000	        0.0000	        0.0000	        0.0000	        0.0000	        0.0000	        0.0000	        0.0000	  0.4141	  0.2447	  7.8177
2017	237	  23	 55	236.9965	  0.0006	 10.0679	 -999.0000	-999.0000	2176.9417	  0.0000	   0.0000	   0.0000	   0.0000	-450.0000	-450.0000	-450.0000	-1291.9847	 28.4462	3067.7500	   4.0000	   1.0000	   1.6000	  0.3000	  0.2000	  0.1000	  0.1200	  0.1800	   0.0000	   0.0000	   0.0000	   0.0000	   0.0000	   0.0000	   0.0000	   0.0000	   0.0000	  0.2642	  0.0000	        0.0000	        0.0000	        0.0000	        0.0000	        0.0000	        0.0000	        0.0000	  0.4141	  0.2447	  7.8177
2017	239	  23	 55	238.9965	  4.1035	  8.6825	 -999.0000	-999.0000	2196.7500	  0.0000	   0.0000	   0.0000	   0.0000	-450.0000	-450.0000	-450.0000	-1291.9847	 28.4462	3095.0833	   4.0000	   1.0000	   1.6000	  0.3000	  0.2000	  0.1000	  0.1200	  0.1800	   0.0000	   0.0000	   0.0000	   0.0000	   0.0000	   0.0000	   0.0000	   0.0000	   0.0000	  0.2642	  0.0000	        0.0000	        0.0000	        0.0000	        0.0000	        0.0000	        0.0000	        0.0000	  0.4141	  0.2447	  7.8177
2017	241	  23	 55	240.9965	  0.0370	 13.0370	 -999.0000	-999.0000	2211.7500	  0.0000	   0.0000	   0.0000	   0.0000	-450.0000	-450.0000	-450.0000	-1291.9847	 28.4462	3122.6667	   4.0000	   1.0000	   1.6000	  0.3000	  0.2000	  0.1000	  0.1200	  0.1800	   0.0000	   0.0000	   0.0000	   0.0000	   0.0000	   0.0000	   0.0000	   0.0000	   0.0000	  0.2642	  0.0000	        0.0000	        0.0000	        0.0000	        0.0000	        0.0000	        0.0000	        0.0000	  0.4141	  0.2447	  7.8177
2017	243	  23	 55	242.9965	-999.0000	-999.0000	 -999.0000	-999.0000	-999.0000	-999.0000	-999.0000	-999.0000	-999.0000	-999.0000	-999.0000	-999.0000	-999.0000	-999.0000	-999.0000	-999.0000	-999.0000	-999.0000	-999.0000	-999.0000	-999.0000	-999.0000	-999.0000	-999.0000	-999.0000	-999.0000	-999.0000	-999.0000	-999.0000	-999.0000	-999.0000	-999.0000	-999.0000	-999.0000	     -999.0000	     -999.0000	     -999.0000	     -999.0000	     -999.0000	     -999.0000	     -999.0000	-999.0000	-999.0000	-999.0000
2017	245	  23	 55	244.9965	  0.0361	  7.4348	 -999.0000	-999.0000	2228.5500	  0.0000	   0.0000	   0.0000	   0.0000	-450.0000	-450.0000	-450.0000	-1291.9847	 28.4462	3177.6667	   4.0000	   1.0000	   1.6000	  0.3000	  0.2000	  0.1000	  0.1200	  0.1800	   0.0000	   0.0000	   0.0000	   0.0000	   0.0000	   0.0000	   0.0000	   0.0000	   0.0000	  0.2642	  0.0000	        0.0000	        0.0000	        0.0000	        0.0000	        0.0000	        0.0000	        0.0000	  0.4141	  0.2447	  7.8177
2017	247	  23	 55	246.9965	-999.0000	-999.0000	 -999.0000	-999.0000	-999.0000	-999.0000	-999.0000	-999.0000	-999.0000	-999.0000	-999.0000	-999.0000	-999.0000	-999.0000	-999.0000	-999.0000	-999.0000	-999.0000	-999.0000	-999.0000	-999.0000	-999.0000	-999.0000	-999.0000	-999.0000	-999.0000	-999.0000	-999.0000	-999.0000	-999.0000	-999.0000	-999.0000	-999.0000	-999.0000	     -999.0000	     -999.0000	     -999.0000	     -999.0000	     -999.0000	     -999.0000	     -999.0000	-999.0000	-999.0000	-999.0000
2017	249	  23	 55	248.9965	  0.0176	  7.6447	 -999.0000	-999.0000	2260.6500	  0.0000	   0.0000	   0.0000	   0.0000	-450.0000	-450.0000	-450.0000	-1291.9847	 28.4462	3226.1667	   4.0000	   1.0000	   1.6000	  0.3000	  0.2000	  0.1000	  0.1200	  0.1800	   0.0000	   0.0000	   0.0000	   0.0000	   0.0000	   0.0000	   0.0000	   0.0000	   0.0000	  0.2642	  0.0000	        0.0000	        0.0000	        0.0000	        0.0000	        0.0000	        0.0000	        0.0000	  0.4141	  0.2447	  7.8177
2017	251	  23	 55	250.9965	  0.0206	  6.2276	 -999.0000	-999.0000	2274.1500	  0.0000	   0.0000	   0.0000	   0.0000	-450.0000	-450.0000	-450.0000	-1291.9847	 28.4462	3251.4167	   4.0000	   1.0000	   1.6000	  0.3000	  0.2000	  0.1000	  0.1200	  0.1800	   0.0000	   0.0000	   0.0000	   0.0000	   0.0000	   0.0000	   0.0000	   0.0000	   0.0000	  0.2642	  0.0000	        0.0000	        0.0000	        0.0000	        0.0000	        0.0000	        0.0000	        0.0000	  0.4141	  0.2447	  7.8177
2017	253	  23	 55	252.9965	  0.0477	  8.1160	 -999.0000	-999.0000	2308.5000	  0.0000	   0.0000	   0.0000	   0.0000	-450.0000	-450.0000	-450.0000	-1291.9847	 28.4462	3275.0833	   4.0000	   1.0000	   1.6000	  0.3000	  0.2000	  0.1000	  0.1200	  0.1800	   0.0000	   0.0000	   0.0000	   0.0000	   0.0000	   0.0000	   0.0000	   0.0000	   0.0000	  0.2642	  0.0000	        0.0000	        0.0000	        0.0000	        0.0000	        0.0000	        0.0000	        0.0000	  0.4141	  0.2447	  7.8177
2017	255	  23	 55	254.9965	  0.0000	  8.4168	 -999.0000	-999.0000	2323.5000	  0.0000	   0.0000	   0.0000	   0.0000	-450.0000	-450.0000	-450.0000	-1291.9847	 28.4462	3300.4167	   4.0000	   1.0000	   1.6000	  0.3000	  0.2000	  0.1000	  0.1200	  0.1800	   0.0000	   0.0000	   0.0000	   0.0000	   0.0000	   0.0000	   0.0000	   0.0000	   0.0000	  0.2642	  0.0000	        0.0000	        0.0000	        0.0000	        0.0000	        0.0000	        0.0000	        0.0000	  0.4141	  0.2447	  7.8177
2017	257	  23	 55	256.9965	-999.0000	-999.0000	 -999.0000	-999.0000	-999.0000	-999.0000	-999.0000	-999.0000	-999.0000	-999.0000	-999.0000	-999.0000	-999.0000	-999.0000	-999.0000	-999.0000	-999.0000	-999.0000	-999.0000	-999.0000	-999.0000	-999.0000	-999.0000	-999.0000	-999.0000	-999.0000	-999.0000	-999.0000	-999.0000	-999.0000	-999.0000	-999.0000	-999.0000	-999.0000	     -999.0000	     -999.0000	     -999.0000	     -999.0000	     -999.0000	     -999.0000	     -999.0000	-999.0000	-999.0000	-999.0000
2017	259	  23	 55	258.9965	 18.0601	  4.6488	 -999.0000	-999.0000	2457.4917	  0.0000	   0.0000	   0.0000	   0.0000	-450.0000	-450.0000	-450.0000	-1291.9847	 28.4462	3345.8333	   4.0000	   1.0000	   1.6000	  0.3000	  0.2000	  0.1000	  0.1200	  0.1800	   0.0000	   0.0000	   0.0000	   0.0000	   0.0000	   0.0000	   0.0000	   0.0000	   0.0000	  0.2642	  0.0000	        0.0000	        0.0000	        0.0000	        0.0000	        0.0000	        0.0000	        0.0000	  0.4141	  0.2447	  7.8177
2017	261	  23	 55	260.9965	 10.1366	  4.3282	 -999.0000	-999.0000	2511.0917	  0.0000	   0.0000	   0.0000	   0.0000	-450.0000	-450.0000	-450.0000	-1291.9847	 28.4462	3368.0000	   4.0000	   1.0000	   1.6000	  0.3000	  0.2000	  0.1000	  0.1200	  0.1800	   0.0000	   0.0000	   0.0000	   0.0000	   0.0000	   0.0000	   0.0000	   0.0000	   0.0000	  0.2642	  0.0000	        0.0000	        0.0000	        0.0000	        0.0000	        0.0000	        0.0000	        0.0000	  0.4141	  0.2447	  7.8177
2017	263	  23	 55	262.9965	  0.0514	  3.5595	 -999.0000	-999.0000	2515.8917	  0.0000	   0.0000	   0.0000	   0.0000	-450.0000	-450.0000	-450.0000	-1291.9847	 28.4462	3392.1667	   4.0000	   1.0000	   1.6000	  0.3000	  0.2000	  0.1000	  0.1200	  0.1800	   0.0000	   0.0000	   0.0000	   0.0000	   0.0000	   0.0000	   0.0000	   0.0000	   0.0000	  0.2642	  0.0000	        0.0000	        0.0000	        0.0000	        0.0000	        0.0000	        0.0000	        0.0000	  0.4141	  0.2447	  7.8177
2017	265	  23	 55	264.9965	 13.4521	  7.7133	 -999.0000	-999.0000	2535.1583	  0.0000	   0.0000	   0.0000	   0.0000	-450.0000	-450.0000	-450.0000	-1291.9847	 28.4462	3413.7500	   4.0000	   1.0000	   1.6000	  0.3000	  0.2000	  0.1000	  0.1200	  0.1800	   0.0000	   0.0000	   0.0000	   0.0000	   0.0000	   0.0000	   0.0000	   0.0000	   0.0000	  0.2642	  0.0000	        0.0000	        0.0000	        0.0000	        0.0000	        0.0000	        0.0000	        0.0000	  0.4141	  0.2447	  7.8177
2017	267	  23	 55	266.9965	  5.6857	  8.3211	 -999.0000	-999.0000	2547.6583	  0.0000	   0.0000	   0.0000	   0.0000	-450.0000	-450.0000	-450.0000	-1291.9847	 28.4462	3437.4167	   4.0000	   1.0000	   1.6000	  0.3000	  0.2000	  0.1000	  0.1200	  0.1800	   0.0000	   0.0000	   0.0000	   0.0000	   0.0000	   0.0000	   0.0000	   0.0000	   0.0000	  0.2642	  0.0000	        0.0000	        0.0000	        0.0000	        0.0000	        0.0000	        0.0000	        0.0000	  0.4141	  0.2447	  7.8177
2017	269	  23	 55	268.9965	  0.0001	  8.3553	 -999.0000	-999.0000	2547.6583	  0.0000	   0.0000	   0.0000	   0.0000	-450.0000	-450.0000	-450.0000	-1291.9847	 28.4462	3461.0833	   4.0000	   1.0000	   1.6000	  0.3000	  0.2000	  0.1000	  0.1200	  0.1800	   0.0000	   0.0000	   0.0000	   0.0000	   0.0000	   0.0000	   0.0000	   0.0000	   0.0000	  0.2642	  0.0000	        0.0000	        0.0000	        0.0000	        0.0000	        0.0000	        0.0000	        0.0000	  0.4141	  0.2447	  7.8177
2017	271	  23	 55	270.9965	  0.0000	  7.5361	 -999.0000	-999.0000	2547.8583	  0.0000	   0.0000	   0.0000	   0.0000	-450.0000	-450.0000	-450.0000	-1291.9847	 28.4462	3484.8333	   4.0000	   1.0000	   1.6000	  0.3000	  0.2000	  0.1000	  0.1200	  0.1800	   0.0000	   0.0000	   0.0000	   0.0000	   0.0000	   0.0000	   0.0000	   0.0000	   0.0000	  0.2642	  0.0000	        0.0000	        0.0000	        0.0000	        0.0000	        0.0000	        0.0000	        0.0000	  0.4141	  0.2447	  7.8177
2017	273	  23	 55	272.9965	  0.0441	  6.0124	 -999.0000	-999.0000	2547.8583	  0.0000	   0.0000	   0.0000	   0.0000	-450.0000	-450.0000	-450.0000	-1291.9847	 28.4462	3507.5000	   4.0000	   1.0000	   1.6000	  0.3000	  0.2000	  0.1000	  0.1200	  0.1800	   0.0000	   0.0000	   0.0000	   0.0000	   0.0000	   0.0000	   0.0000	   0.0000	   0.0000	  0.2642	  0.0000	        0.0000	        0.0000	        0.0000	        0.0000	        0.0000	        0.0000	        0.0000	  0.4141	  0.2447	  7.8177
2017	275	  23	 55	274.9965	  0.0000	  6.0780	 -999.0000	-999.0000	2572.6583	  0.0000	   0.0000	   0.0000	   0.0000	-450.0000	-450.0000	-450.0000	-1291.9847	 28.4462	3527.5000	   4.0000	   1.0000	   1.6000	  0.3000	  0.2000	  0.1000	  0.1200	  0.1800	   0.0000	   0.0000	   0.0000	   0.0000	   0.0000	   0.0000	   0.0000	   0.0000	   0.0000	  0.2642	  0.0000	        0.0000	        0.0000	        0.0000	        0.0000	        0.0000	        0.0000	        0.0000	  0.4141	  0.2447	  7.8177
2017	277	  23	 55	276.9965	  0.0013	  3.7197	 -999.0000	-999.0000	2590.5583	  0.0000	   0.0000	   0.0000	   0.0000	-450.0000	-450.0000	-450.0000	-1291.9847	 28.4462	3548.6667	   4.0000	   1.0000	   1.6000	  0.3000	  0.2000	  0.1000	  0.1200	  0.1800	   0.0000	   0.0000	   0.0000	   0.0000	   0.0000	   0.0000	   0.0000	   0.0000	   0.0000	  0.2642	  0.0000	        0.0000	        0.0000	        0.0000	        0.0000	        0.0000	        0.0000	        0.0000	  0.4141	  0.2447	  7.8177
2017	279	  23	 55	278.9965	-999.0000	-999.0000	 -999.0000	-999.0000	-999.0000	-999.0000	-999.0000	-999.0000	-999.0000	-999.0000	-999.0000	-999.0000	-999.0000	-999.0000	-999.0000	-999.0000	-999.0000	-999.0000	-999.0000	-999.0000	-999.0000	-999.0000	-999.0000	-999.0000	-999.0000	-999.0000	-999.0000	-999.0000	-999.0000	-999.0000	-999.0000	-999.0000	-999.0000	-999.0000	     -999.0000	     -999.0000	     -999.0000	     -999.0000	     -999.0000	     -999.0000	     -999.0000	-999.0000	-999.0000	-999.0000
2017	281	  23	 55	280.9965	-999.0000	-999.0000	 -999.0000	-999.0000	-999.0000	-999.0000	-999.0000	-999.0000	-999.0000	-999.0000	-999.0000	-999.0000	-999.0000	-999.0000	-999.0000	-999.0000	-999.0000	-999.0000	-999.0000	-999.0000	-999.0000	-999.0000	-999.0000	-999.0000	-999.0000	-999.0000	-999.0000	-999.0000	-999.0000	-999.0000	-999.0000	-999.0000	-999.0000	-999.0000	     -999.0000	     -999.0000	     -999.0000	     -999.0000	     -999.0000	     -999.0000	     -999.0000	-999.0000	-999.0000	-999.0000
2017	283	  23	 55	282.9965	 18.4229	  2.0527	 -999.0000	-999.0000	2828.7583	  0.0000	   0.0000	   0.0000	   0.0000	-450.0000	-450.0000	-450.0000	-1291.9847	 28.4462	3608.0833	   4.0000	   1.0000	   1.6000	  0.3000	  0.2000	  0.1000	  0.1200	  0.1800	   0.0000	   0.0000	   0.0000	   0.0000	   0.0000	   0.0000	   0.0000	   0.0000	   0.0000	  0.2642	  0.0000	        0.0000	        0.0000	        0.0000	        0.0000	        0.0000	        0.0000	        0.0000	  0.4141	  0.2447	  7.8177
2017	285	  23	 55	284.9965	  0.0327	  5.6842	 -999.0000	-999.0000	2867.7583	  0.0000	   0.0000	   0.0000	   0.0000	-450.0000	-450.0000	-450.0000	-1291.9847	 28.4462	3626.8333	   4.0000	   1.0000	   1.6000	  0.3000	  0.2000	  0.1000	  0.1200	  0.1800	   0.0000	   0.0000	   0.0000	   0.0000	   0.0000	   0.0000	   0.0000	   0.0000	   0.0000	  0.2642	  0.0000	        0.0000	        0.0000	        0.0000	        0.0000	        0.0000	        0.0000	        0.0000	  0.4141	  0.2447	  7.8177
2017	287	  23	 55	286.9965	  0.0574	  7.3278	 -999.0000	-999.0000	2905.9583	  0.0000	   0.0000	   0.0000	   0.0000	-450.0000	-450.0000	-450.0000	-1291.9847	 28.4462	3644.5000	   4.0000	   1.0000	   1.6000	  0.3000	  0.2000	  0.1000	  0.1200	  0.1800	   0.0000	   0.0000	   0.0000	   0.0000	   0.0000	   0.0000	   0.0000	   0.0000	   0.0000	  0.2642	  0.0000	        0.0000	        0.0000	        0.0000	        0.0000	        0.0000	        0.0000	        0.0000	  0.4141	  0.2447	  7.8177
2017	289	  23	 55	288.9965	  0.0000	  7.3371	 -999.0000	-999.0000	2906.2333	  0.0000	   0.0000	   0.0000	   0.0000	-450.0000	-450.0000	-450.0000	-1291.9847	 28.4462	3664.3333	   4.0000	   1.0000	   1.6000	  0.3000	  0.2000	  0.1000	  0.1200	  0.1800	   0.0000	   0.0000	   0.0000	   0.0000	   0.0000	   0.0000	   0.0000	   0.0000	   0.0000	  0.2642	  0.0000	        0.0000	        0.0000	        0.0000	        0.0000	        0.0000	        0.0000	        0.0000	  0.4141	  0.2447	  7.8177
2017	291	  23	 55	290.9965	  0.4615	  3.1272	 -999.0000	-999.0000	2907.1583	  0.0000	   0.0000	   0.0000	   0.0000	-450.0000	-450.0000	-450.0000	-1291.9847	 28.4462	3684.3333	   4.0000	   1.0000	   1.6000	  0.3000	  0.2000	  0.1000	  0.1200	  0.1800	   0.0000	   0.0000	   0.0000	   0.0000	   0.0000	   0.0000	   0.0000	   0.0000	   0.0000	  0.2642	  0.0000	        0.0000	        0.0000	        0.0000	        0.0000	        0.0000	        0.0000	        0.0000	  0.4141	  0.2447	  7.8177
2017	293	  23	 55	292.9965	  0.7465	  3.1064	 -999.0000	-999.0000	2908.8583	  0.0000	   0.0000	   0.0000	   0.0000	-450.0000	-450.0000	-450.0000	-1291.9847	 28.4462	3702.5833	   4.0000	   1.0000	   1.6000	  0.3000	  0.2000	  0.1000	  0.1200	  0.1800	   0.0000	   0.0000	   0.0000	   0.0000	   0.0000	   0.0000	   0.0000	   0.0000	   0.0000	  0.2642	  0.0000	        0.0000	        0.0000	        0.0000	        0.0000	        0.0000	        0.0000	        0.0000	  0.4141	  0.2447	  7.8177
2017	295	  23	 55	294.9965	  0.0005	  1.8549	 -999.0000	-999.0000	2923.2583	  0.0000	   0.0000	   0.0000	   0.0000	-450.0000	-450.0000	-450.0000	-1291.9847	 28.4462	3718.7500	   4.0000	   1.0000	   1.6000	  0.3000	  0.2000	  0.1000	  0.1200	  0.1800	   0.0000	   0.0000	   0.0000	   0.0000	   0.0000	   0.0000	   0.0000	   0.0000	   0.0000	  0.2642	  0.0000	        0.0000	        0.0000	        0.0000	        0.0000	        0.0000	        0.0000	        0.0000	  0.4141	  0.2447	  7.8177
2017	297	  23	 55	296.9965	  2.0715	  0.1459	 -999.0000	-999.0000	2940.6417	  0.0000	   0.0000	   0.0000	   0.0000	-450.0000	-450.0000	-450.0000	-1291.9847	 28.4462	3735.7500	   4.0000	   1.0000	   1.6000	  0.3000	  0.2000	  0.1000	  0.1200	  0.1800	   0.0000	   0.0000	   0.0000	   0.0000	   0.0000	   0.0000	   0.0000	   0.0000	   0.0000	  0.2642	  0.0000	        0.0000	        0.0000	        0.0000	        0.0000	        0.0000	        0.0000	        0.0000	  0.4141	  0.2447	  7.8177
2017	299	  23	 55	298.9965	  1.2570	  4.9086	 -999.0000	-999.0000	2968.5917	  0.0000	   0.0000	   0.0000	   0.0000	-450.0000	-450.0000	-450.0000	-1291.9847	 28.4462	3753.6667	   4.0000	   1.0000	   1.6000	  0.3000	  0.2000	  0.1000	  0.1200	  0.1800	   0.0000	   0.0000	   0.0000	   0.0000	   0.0000	   0.0000	   0.0000	   0.0000	   0.0000	  0.2642	  0.0000	        0.0000	        0.0000	        0.0000	        0.0000	        0.0000	        0.0000	        0.0000	  0.4141	  0.2447	  7.8177
2017	301	  23	 55	300.9965	  0.1796	  4.2952	 -999.0000	-999.0000	2970.7667	  0.0000	   0.0000	   0.0000	   0.0000	-450.0000	-450.0000	-450.0000	-1291.9847	 28.4462	3771.4167	   4.0000	   1.0000	   1.6000	  0.3000	  0.2000	  0.1000	  0.1200	  0.1800	   0.0000	   0.0000	   0.0000	   0.0000	   0.0000	   0.0000	   0.0000	   0.0000	   0.0000	  0.2642	  0.0000	        0.0000	        0.0000	        0.0000	        0.0000	        0.0000	        0.0000	        0.0000	  0.4141	  0.2447	  7.8177
2017	303	  23	 55	302.9965	-999.0000	-999.0000	 -999.0000	-999.0000	-999.0000	-999.0000	-999.0000	-999.0000	-999.0000	-999.0000	-999.0000	-999.0000	-999.0000	-999.0000	-999.0000	-999.0000	-999.0000	-999.0000	-999.0000	-999.0000	-999.0000	-999.0000	-999.0000	-999.0000	-999.0000	-999.0000	-999.0000	-999.0000	-999.0000	-999.0000	-999.0000	-999.0000	-999.0000	-999.0000	     -999.0000	     -999.0000	     -999.0000	     -999.0000	     -999.0000	     -999.0000	     -999.0000	-999.0000	-999.0000	-999.0000
2017	305	  23	 55	304.9965	  0.1343	  4.1843	 -999.0000	-999.0000	3046.8917	  0.0000	   0.0000	   0.0000	   0.0000	-450.0000	-450.0000	-450.0000	-1291.9847	 28.4462	3803.0000	   4.0000	   1.0000	   1.6000	  0.3000	  0.2000	  0.1000	  0.1200	  0.1800	   0.0000	   0.0000	   0.0000	   0.0000	   0.0000	   0.0000	   0.0000	   0.0000	   0.0000	  0.2642	  0.0000	        0.0000	        0.0000	        0.0000	        0.0000	        0.0000	        0.0000	        0.0000	  0.4141	  0.2447	  7.8177
2017	307	  23	 55	306.9965	 20.1209	  4.4849	 -999.0000	-999.0000	3079.6917	  0.0000	   0.0000	   0.0000	   0.0000	-450.0000	-450.0000	-450.0000	-1291.9847	 28.4462	3819.9167	   4.0000	   1.0000	   1.6000	  0.3000	  0.2000	  0.1000	  0.1200	  0.1800	   0.0000	   0.0000	   0.0000	   0.0000	   0.0000	   0.0000	   0.0000	   0.0000	   0.0000	  0.2642	  0.0000	        0.0000	        0.0000	        0.0000	        0.0000	        0.0000	        0.0000	        0.0000	  0.4141	  0.2447	  7.8177
2017	309	  23	 55	308.9965	  0.3334	  2.0878	 -999.0000	-999.0000	3083.9917	  0.0000	   0.0000	   0.0000	   0.0000	-450.0000	-450.0000	-450.0000	-1291.9847	 28.4462	3834.5833	   4.0000	   1.0000	   1.6000	  0.3000	  0.2000	  0.1000	  0.1200	  0.1800	   0.0000	   0.0000	   0.0000	   0.0000	   0.0000	   0.0000	   0.0000	   0.0000	   0.0000	  0.2642	  0.0000	        0.0000	        0.0000	        0.0000	        0.0000	        0.0000	        0.0000	        0.0000	  0.4141	  0.2447	  7.8177
2017	311	  23	 55	310.9965	 29.9066	  1.5500	 -999.0000	-999.0000	3141.9917	  0.0000	   0.0000	   0.0000	   0.0000	-450.0000	-450.0000	-450.0000	-1291.9847	 28.4462	3852.0000	   4.0000	   1.0000	   1.6000	  0.3000	  0.2000	  0.1000	  0.1200	  0.1800	   0.0000	   0.0000	   0.0000	   0.0000	   0.0000	   0.0000	   0.0000	   0.0000	   0.0000	  0.2642	  0.0000	        0.0000	        0.0000	        0.0000	        0.0000	        0.0000	        0.0000	        0.0000	  0.4141	  0.2447	  7.8177
2017	313	  23	 55	312.9965	  0.1185	  1.0437	 -999.0000	-999.0000	3167.8833	  0.0000	   0.0000	   0.0000	   0.0000	-450.0000	-450.0000	-450.0000	-1291.9847	 28.4462	3865.1667	   4.0000	   1.0000	   1.6000	  0.3000	  0.2000	  0.1000	  0.1200	  0.1800	   0.0000	   0.0000	   0.0000	   0.0000	   0.0000	   0.0000	   0.0000	   0.0000	   0.0000	  0.2642	  0.0000	        0.0000	        0.0000	        0.0000	        0.0000	        0.0000	        0.0000	        0.0000	  0.4141	  0.2447	  7.8177
2017	315	  23	 55	314.9965	-999.0000	-999.0000	 -999.0000	-999.0000	-999.0000	-999.0000	-999.0000	-999.0000	-999.0000	-999.0000	-999.0000	-999.0000	-999.0000	-999.0000	-999.0000	-999.0000	-999.0000	-999.0000	-999.0000	-999.0000	-999.0000	-999.0000	-999.0000	-999.0000	-999.0000	-999.0000	-999.0000	-999.0000	-999.0000	-999.0000	-999.0000	-999.0000	-999.0000	-999.0000	     -999.0000	     -999.0000	     -999.0000	     -999.0000	     -999.0000	     -999.0000	     -999.0000	-999.0000	-999.0000	-999.0000
2017	317	  23	 55	316.9965	 91.5541	  0.2675	 -999.0000	-999.0000	3368.2917	  0.0000	   0.0000	   0.0000	   0.0000	-450.0000	-450.0000	-450.0000	-1291.9847	 28.4462	3890.3333	   4.0000	   1.0000	   1.6000	  0.3000	  0.2000	  0.1000	  0.1200	  0.1800	   0.0000	   0.0000	   0.0000	   0.0000	   0.0000	   0.0000	   0.0000	   0.0000	   0.0000	  0.2642	  0.0000	        0.0000	        0.0000	        0.0000	        0.0000	        0.0000	        0.0000	        0.0000	  0.4141	  0.2447	  7.8177
2017	319	  23	 55	318.9965	 26.1156	  0.9676	 -999.0000	-999.0000	3422.2167	  0.0000	   0.0000	   0.0000	   0.0000	-450.0000	-450.0000	-450.0000	-1291.9847	 28.4462	3905.4167	   4.0000	   1.0000	   1.6000	  0.3000	  0.2000	  0.1000	  0.1200	  0.1800	   0.0000	   0.0000	   0.0000	   0.0000	   0.0000	   0.0000	   0.0000	   0.0000	   0.0000	  0.2642	  0.0000	        0.0000	        0.0000	        0.0000	        0.0000	        0.0000	        0.0000	        0.0000	  0.4141	  0.2447	  7.8177
2017	321	  23	 55	320.9965	  0.1401	  0.9691	 -999.0000	-999.0000	3443.4167	  0.0000	   0.0000	   0.0000	   0.0000	-450.0000	-450.0000	-450.0000	-1291.9847	 28.4462	3919.0833	   4.0000	   1.0000	   1.6000	  0.3000	  0.2000	  0.1000	  0.1200	  0.1800	   0.0000	   0.0000	   0.0000	   0.0000	   0.0000	   0.0000	   0.0000	   0.0000	   0.0000	  0.2642	  0.0000	        0.0000	        0.0000	        0.0000	        0.0000	        0.0000	        0.0000	        0.0000	  0.4141	  0.2447	  7.8177
2017	323	  23	 55	322.9965	-999.0000	-999.0000	 -999.0000	-999.0000	-999.0000	-999.0000	-999.0000	-999.0000	-999.0000	-999.0000	-999.0000	-999.0000	-999.0000	-999.0000	-999.0000	-999.0000	-999.0000	-999.0000	-999.0000	-999.0000	-999.0000	-999.0000	-999.0000	-999.0000	-999.0000	-999.0000	-999.0000	-999.0000	-999.0000	-999.0000	-999.0000	-999.0000	-999.0000	-999.0000	     -999.0000	     -999.0000	     -999.0000	     -999.0000	     -999.0000	     -999.0000	     -999.0000	-999.0000	-999.0000	-999.0000
2017	325	  23	 55	324.9965	 10.6717	  0.0000	 -999.0000	-999.0000	3555.2167	  0.0000	   0.0000	   0.0000	   0.0000	-450.0000	-450.0000	-450.0000	-1291.9847	 28.4462	3946.1667	   4.0000	   1.0000	   1.6000	  0.3000	  0.2000	  0.1000	  0.1200	  0.1800	   0.0000	   0.0000	   0.0000	   0.0000	   0.0000	   0.0000	   0.0000	   0.0000	   0.0000	  0.2642	  0.0000	        0.0000	        0.0000	        0.0000	        0.0000	        0.0000	        0.0000	        0.0000	  0.4141	  0.2447	  7.8177
2017	327	  23	 55	326.9965	  0.0176	  1.7570	 -999.0000	-999.0000	3573.1167	  0.0000	   0.0000	   0.0000	   0.0000	-450.0000	-450.0000	-450.0000	-1291.9847	 28.4462	3956.5833	   4.0000	   1.0000	   1.6000	  0.3000	  0.2000	  0.1000	  0.1200	  0.1800	   0.0000	   0.0000	   0.0000	   0.0000	   0.0000	   0.0000	   0.0000	   0.0000	   0.0000	  0.2642	  0.0000	        0.0000	        0.0000	        0.0000	        0.0000	        0.0000	        0.0000	        0.0000	  0.4141	  0.2447	  7.8177
2017	329	  23	 55	328.9965	 19.0581	  0.1324	 -999.0000	-999.0000	3590.6167	  0.0000	   0.0000	   0.0000	   0.0000	-450.0000	-450.0000	-450.0000	-1291.9847	 28.4462	3971.0833	   4.0000	   1.0000	   1.6000	  0.3000	  0.2000	  0.1000	  0.1200	  0.1800	   0.0000	   0.0000	   0.0000	   0.0000	   0.0000	   0.0000	   0.0000	   0.0000	   0.0000	  0.2642	  0.0000	        0.0000	        0.0000	        0.0000	        0.0000	        0.0000	        0.0000	        0.0000	  0.4141	  0.2447	  7.8177
2017	331	  23	 55	330.9965	  3.7211	  0.0000	 -999.0000	-999.0000	3609.5667	  0.0000	   0.0000	   0.0000	   0.0000	-450.0000	-450.0000	-450.0000	-1291.9847	 28.4462	3983.1667	   4.0000	   1.0000	   1.6000	  0.3000	  0.2000	  0.1000	  0.1200	  0.1800	   0.0000	   0.0000	   0.0000	   0.0000	   0.0000	   0.0000	   0.0000	   0.0000	   0.0000	  0.2642	  0.0000	        0.0000	        0.0000	        0.0000	        0.0000	        0.0000	        0.0000	        0.0000	  0.4141	  0.2447	  7.8177
2017	333	  23	 55	332.9965	-999.0000	-999.0000	 -999.0000	-999.0000	-999.0000	-999.0000	-999.0000	-999.0000	-999.0000	-999.0000	-999.0000	-999.0000	-999.0000	-999.0000	-999.0000	-999.0000	-999.0000	-999.0000	-999.0000	-999.0000	-999.0000	-999.0000	-999.0000	-999.0000	-999.0000	-999.0000	-999.0000	-999.0000	-999.0000	-999.0000	-999.0000	-999.0000	-999.0000	-999.0000	     -999.0000	     -999.0000	     -999.0000	     -999.0000	     -999.0000	     -999.0000	     -999.0000	-999.0000	-999.0000	-999.0000
2017	335	  23	 55	334.9965	 16.6154	  0.0000	 -999.0000	-999.0000	3696.7667	  0.0000	   0.0000	   0.0000	   0.0000	-450.0000	-450.0000	-450.0000	-1291.9847	 28.4462	4005.8333	   4.0000	   1.0000	   1.6000	  0.3000	  0.2000	  0.1000	  0.1200	  0.1800	   0.0000	   0.0000	   0.0000	   0.0000	   0.0000	   0.0000	   0.0000	   0.0000	   0.0000	  0.2642	  0.0000	        0.0000	        0.0000	        0.0000	        0.0000	        0.0000	        0.0000	        0.0000	  0.4141	  0.2447	  7.8177
2017	337	  23	 55	336.9965	-999.0000	-999.0000	 -999.0000	-999.0000	-999.0000	-999.0000	-999.0000	-999.0000	-999.0000	-999.0000	-999.0000	-999.0000	-999.0000	-999.0000	-999.0000	-999.0000	-999.0000	-999.0000	-999.0000	-999.0000	-999.0000	-999.0000	-999.0000	-999.0000	-999.0000	-999.0000	-999.0000	-999.0000	-999.0000	-999.0000	-999.0000	-999.0000	-999.0000	-999.0000	     -999.0000	     -999.0000	     -999.0000	     -999.0000	     -999.0000	     -999.0000	     -999.0000	-999.0000	-999.0000	-999.0000
2017	339	  23	 55	338.9965	  5.6365	  1.4221	 -999.0000	-999.0000	3882.1333	  0.0000	   0.0000	   0.0000	   0.0000	-450.0000	-450.0000	-450.0000	-1291.9847	 28.4462	4025.2500	   4.0000	   1.0000	   1.6000	  0.3000	  0.2000	  0.1000	  0.1200	  0.1800	   0.0000	   0.0000	   0.0000	   0.0000	   0.0000	   0.0000	   0.0000	   0.0000	   0.0000	  0.2642	  0.0000	        0.0000	        0.0000	        0.0000	        0.0000	        0.0000	        0.0000	        0.0000	  0.4141	  0.2447	  7.8177
2017	341	  23	 55	340.9965	  0.0696	  0.5000	 -999.0000	-999.0000	3900.4667	  0.0000	   0.0000	   0.0000	   0.0000	-450.0000	-450.0000	-450.0000	-1291.9847	 28.4462	4029.9167	   4.0000	   1.0000	   1.6000	  0.3000	  0.2000	  0.1000	  0.1200	  0.1800	   0.0000	   0.0000	   0.0000	   0.0000	   0.0000	   0.0000	   0.0000	   0.0000	   0.0000	  0.2642	  0.0000	        0.0000	        0.0000	        0.0000	        0.0000	        0.0000	        0.0000	        0.0000	  0.4141	  0.2447	  7.8177
2017	343	  23	 55	342.9965	  2.8788	  0.0000	 -999.0000	-999.0000	3901.0667	  0.0000	   0.0000	   0.0000	   0.0000	-450.0000	-450.0000	-450.0000	-1291.9847	 28.4462	4043.4167	   4.0000	   1.0000	   1.6000	  0.3000	  0.2000	  0.1000	  0.1200	  0.1800	   0.0000	   0.0000	   0.0000	   0.0000	   0.0000	   0.0000	   0.0000	   0.0000	   0.0000	  0.2642	  0.0000	        0.0000	        0.0000	        0.0000	        0.0000	        0.0000	        0.0000	        0.0000	  0.4141	  0.2447	  7.8177
2017	345	  23	 55	344.9965	 12.0892	  0.0000	 -999.0000	-999.0000	3914.7000	  0.0000	   0.0000	   0.0000	   0.0000	-450.0000	-450.0000	-450.0000	-1291.9847	 28.4462	4054.8333	   4.0000	   1.0000	   1.6000	  0.3000	  0.2000	  0.1000	  0.1200	  0.1800	   0.0000	   0.0000	   0.0000	   0.0000	   0.0000	   0.0000	   0.0000	   0.0000	   0.0000	  0.2642	  0.0000	        0.0000	        0.0000	        0.0000	        0.0000	        0.0000	        0.0000	        0.0000	  0.4141	  0.2447	  7.8177
2017	347	  23	 55	346.9965	  4.6846	  0.0000	 -999.0000	-999.0000	3973.2167	  0.0000	   0.0000	   0.0000	   0.0000	-450.0000	-450.0000	-450.0000	-1291.9847	 28.4462	4062.0833	   4.0000	   1.0000	   1.6000	  0.3000	  0.2000	  0.1000	  0.1200	  0.1800	   0.0000	   0.0000	   0.0000	   0.0000	   0.0000	   0.0000	   0.0000	   0.0000	   0.0000	  0.2642	  0.0000	        0.0000	        0.0000	        0.0000	        0.0000	        0.0000	        0.0000	        0.0000	  0.4141	  0.2447	  7.8177
2017	349	  23	 55	348.9965	-999.0000	-999.0000	 -999.0000	-999.0000	-999.0000	-999.0000	-999.0000	-999.0000	-999.0000	-999.0000	-999.0000	-999.0000	-999.0000	-999.0000	-999.0000	-999.0000	-999.0000	-999.0000	-999.0000	-999.0000	-999.0000	-999.0000	-999.0000	-999.0000	-999.0000	-999.0000	-999.0000	-999.0000	-999.0000	-999.0000	-999.0000	-999.0000	-999.0000	-999.0000	     -999.0000	     -999.0000	     -999.0000	     -999.0000	     -999.0000	     -999.0000	     -999.0000	-999.0000	-999.0000	-999.0000
2017	351	  23	 55	350.9965	 17.7420	  0.0000	 -999.0000	-999.0000	4099.4083	  0.0000	   0.0000	   0.0000	   0.0000	-450.0000	-450.0000	-450.0000	-1291.9847	 28.4462	4079.4167	   4.0000	   1.0000	   1.6000	  0.3000	  0.2000	  0.1000	  0.1200	  0.1800	   0.0000	   0.0000	   0.0000	   0.0000	   0.0000	   0.0000	   0.0000	   0.0000	   0.0000	  0.2642	  0.0000	        0.0000	        0.0000	        0.0000	        0.0000	        0.0000	        0.0000	        0.0000	  0.4141	  0.2447	  7.8177
2017	353	  23	 55	352.9965	 33.5293	  0.0000	 -999.0000	-999.0000	4149.5083	  0.0000	   0.0000	   0.0000	   0.0000	-450.0000	-450.0000	-450.0000	-1291.9847	 28.4462	4089.4167	   4.0000	   1.0000	   1.6000	  0.3000	  0.2000	  0.1000	  0.1200	  0.1800	   0.0000	   0.0000	   0.0000	   0.0000	   0.0000	   0.0000	   0.0000	   0.0000	   0.0000	  0.2642	  0.0000	        0.0000	        0.0000	        0.0000	        0.0000	        0.0000	        0.0000	        0.0000	  0.4141	  0.2447	  7.8177
2017	355	  23	 55	354.9965	 10.1029	  0.0495	 -999.0000	-999.0000	4166.2083	  0.0000	   0.0000	   0.0000	   0.0000	-450.0000	-450.0000	-450.0000	-1291.9847	 28.4462	4099.6667	   4.0000	   1.0000	   1.6000	  0.3000	  0.2000	  0.1000	  0.1200	  0.1800	   0.0000	   0.0000	   0.0000	   0.0000	   0.0000	   0.0000	   0.0000	   0.0000	   0.0000	  0.2642	  0.0000	        0.0000	        0.0000	        0.0000	        0.0000	        0.0000	        0.0000	        0.0000	  0.4141	  0.2447	  7.8177
2017	357	  23	 55	356.9965	  0.0678	  1.9347	 -999.0000	-999.0000	4172.1083	  0.0000	   0.0000	   0.0000	   0.0000	-450.0000	-450.0000	-450.0000	-1291.9847	 28.4462	4110.9167	   4.0000	   1.0000	   1.6000	  0.3000	  0.2000	  0.1000	  0.1200	  0.1800	   0.0000	   0.0000	   0.0000	   0.0000	   0.0000	   0.0000	   0.0000	   0.0000	   0.0000	  0.2642	  0.0000	        0.0000	        0.0000	        0.0000	        0.0000	        0.0000	        0.0000	        0.0000	  0.4141	  0.2447	  7.8177
2017	359	  23	 55	358.9965	  0.4016	  0.4749	 -999.0000	-999.0000	4208.4917	  0.0000	   0.0000	   0.0000	   0.0000	-450.0000	-450.0000	-450.0000	-1291.9847	 28.4462	4116.5000	   4.0000	   1.0000	   1.6000	  0.3000	  0.2000	  0.1000	  0.1200	  0.1800	   0.0000	   0.0000	   0.0000	   0.0000	   0.0000	   0.0000	   0.0000	   0.0000	   0.0000	  0.2642	  0.0000	        0.0000	        0.0000	        0.0000	        0.0000	        0.0000	        0.0000	        0.0000	  0.4141	  0.2447	  7.8177
2017	361	  23	 55	360.9965	  2.9323	  0.0000	 -999.0000	-999.0000	4218.6583	  0.0000	   0.0000	   0.0000	   0.0000	-450.0000	-450.0000	-450.0000	-1291.9847	 28.4462	4122.1667	   4.0000	   1.0000	   1.6000	  0.3000	  0.2000	  0.1000	  0.1200	  0.1800	   0.0000	   0.0000	   0.0000	   0.0000	   0.0000	   0.0000	   0.0000	   0.0000	   0.0000	  0.2642	  0.0000	        0.0000	        0.0000	        0.0000	        0.0000	        0.0000	        0.0000	        0.0000	  0.4141	  0.2447	  7.8177
2017	363	  23	 55	362.9965	  4.1098	  0.0000	 -999.0000	-999.0000	4227.9083	  0.0000	   0.0000	   0.0000	   0.0000	-450.0000	-450.0000	-450.0000	-1291.9847	 28.4462	4132.1667	   4.0000	   1.0000	   1.6000	  0.3000	  0.2000	  0.1000	  0.1200	  0.1800	   0.0000	   0.0000	   0.0000	   0.0000	   0.0000	   0.0000	   0.0000	   0.0000	   0.0000	  0.2642	  0.0000	        0.0000	        0.0000	        0.0000	        0.0000	        0.0000	        0.0000	        0.0000	  0.4141	  0.2447	  7.8177
2017	365	  23	 55	364.9965	  4.5640	  0.0000	 -999.0000	-999.0000	4246.2083	  0.0000	   0.0000	   0.0000	   0.0000	-450.0000	-450.0000	-450.0000	-1291.9847	 28.4462	4139.0833	   4.0000	   1.0000	   1.6000	  0.3000	  0.2000	  0.1000	  0.1200	  0.1800	   0.0000	   0.0000	   0.0000	   0.0000	   0.0000	   0.0000	   0.0000	   0.0000	   0.0000	  0.2642	  0.0000	        0.0000	        0.0000	        0.0000	        0.0000	        0.0000	        0.0000	        0.0000	  0.4141	  0.2447	  7.8177
