Year	DOY	Hour	Min	 Dectime	  HDD1_h	  HDD2_c	HDD3_Tmean	HDD4_T5d	   P_day	  DaysSR	GDD_EveTr	GDD_DecTr	GDD_Grass	SDD_EveTr	SDD_DecTr	SDD_Grass	    Tmin	    Tmax	   DLHrs	LAI_EveTr	LAI_DecTr	LAI_Grass	DecidCap	Porosity	AlbEveTr	AlbDecTr	AlbGrass	WU_EveTr1	WU_EveTr2	WU_EveTr3	WU_DecTr1	WU_DecTr2	WU_DecTr3	WU_Grass1	WU_Grass2	WU_Grass3	LAIlumps	 AlbSnow	DensSnow_Paved	DensSnow_Bldgs	DensSnow_EveTr	DensSnow_DecTr	DensSnow_Grass	DensSnow_BSoil	DensSnow_Water	      a1	      a2	      a3
2018	  1	  23	 55	  0.9965	  0.0000	 10.9348	    0.0557	  5.4538	 17.6167	  0.0000	   0.2000	   0.2000	   0.2000	-450.0000	-450.0000	-450.0000	  3.6000	  6.6000	 12.5833	   4.0003	   1.0006	   1.6006	  0.3001	  0.5999	  0.1000	  0.1600	  0.1900	   0.0000	   0.0000	   0.0000	   0.0000	   0.0000	   0.0000	   0.0000	   0.0000	   0.0000	  0.2487	  0.0000	        0.0000	        0.0000	        0.0000	        0.0000	        0.0000	        0.0000	        0.0000	  0.4606	  0.3491	-25.7712
2018	  2	  23	 55	  1.9965	  0.0000	  8.8400	    0.0470	  4.8542	  0.8500	  0.0000	   1.5000	   1.5000	   1.5000	-450.0000	-450.0000	-450.0000	  4.8000	  6.5000	 12.8333	   4.0028	   1.0053	   1.6054	  0.3006	  0.5995	  0.1000	  0.1600	  0.1900	   0.0000	   0.0000	   0.0000	   0.0000	   0.0000	   0.0000	   0.0000	   0.0000	   0.0000	  0.2491	  0.0000	        0.0000	        0.0000	        0.0000	        0.0000	        0.0000	        0.0000	        0.0000	  0.4606	  0.3491	-25.7712
2018	  3	  23	 55	  2.9965	  0.0000	1753.1503	    5.7705	  5.0374	 18.5500	  0.0000	   0.0000	   0.0000	   0.0000	-450.0000	-450.0000	-450.0000	  2.6000	  5.0000	  9.7500	   4.0028	   1.0053	   1.6054	  0.3006	  0.5995	  0.1000	  0.1600	  0.1900	   0.0000	   0.0000	   0.0000	   0.0000	   0.0000	   0.0000	   0.0000	   0.0000	   0.0000	  0.2496	  0.0000	        0.0000	        0.0000	        0.0000	        0.0000	        0.0000	        0.0000	        0.0000	  0.4606	  0.3491	-25.7712
2018	  4	  23	 55	  3.9965	  0.0000	  9.5096	    0.0252	  3.9888	  0.0167	  0.0000	   0.0000	   0.0000	   0.0000	-450.0000	-450.0000	-450.0000	  2.2000	  3.5000	 13.2500	   4.0028	   1.0053	   1.6054	  0.3006	  0.5995	  0.1000	  0.1600	  0.1900	   0.0000	   0.0000	   0.0000	   0.0000	   0.0000	   0.0000	   0.0000	   0.0000	   0.0000	  0.2496	  0.0000	        0.0000	        0.0000	        0.0000	        0.0000	        0.0000	        0.0000	        0.0000	  0.4606	  0.3491	-25.7712
2018	  5	  23	 55	  4.9965	  0.0000	1381.0657	    2.6545	  3.7220	  0.0000	  1.0000	   0.0000	   0.0000	   0.0000	-450.0000	-450.0000	-450.0000	  0.8167	  2.8000	  6.7500	   4.0028	   1.0053	   1.6054	  0.3006	  0.5995	  0.1000	  0.1600	  0.1900	   0.0000	   0.0000	   0.0000	   0.0000	   0.0000	   0.0000	   0.0000	   0.0000	   0.0000	  0.2496	  0.0000	        0.0000	        0.0000	        0.0000	        0.0000	        0.0000	        0.0000	        0.0000	  0.4606	  0.3491	-25.7712
2018	  6	  23	 55	  5.9965	  0.0000	  8.9422	   -0.0328	  1.8362	  0.0000	  3.0000	   0.0000	   0.0000	   0.0000	-450.0000	-450.0000	-450.0000	 -6.0500	  0.8000	  9.8333	   4.0028	   1.0053	   1.6054	  0.3006	  0.5995	  0.1000	  0.1600	  0.1900	   0.0000	   0.0000	   0.0000	   0.0000	   0.0000	   0.0000	   0.0000	   0.0000	   0.0000	  0.2496	  0.0000	        0.0000	        0.0000	        0.0000	        0.0000	        0.0000	        0.0000	        0.0000	  0.4606	  0.3491	-25.7712
2018	  7	  23	 55	  6.9965	  0.0000	1907.1779	   -3.8012	  0.7087	  0.0000	  4.0000	   0.0000	   0.0000	   0.0000	-450.0000	-450.0000	-450.0000	 -7.9000	  4.4000	 23.3333	   4.0028	   1.0053	   1.6054	  0.3006	  0.5995	  0.1000	  0.1600	  0.1900	   0.0000	   0.0000	   0.0000	   0.0000	   0.0000	   0.0000	   0.0000	   0.0000	   0.0000	  0.2496	  0.0000	        0.0000	        0.0000	        0.0000	        0.0000	        0.0000	        0.0000	        0.0000	  0.4606	  0.3491	-25.7712
2018	  8	  23	 55	  7.9965	  0.0000	1964.8377	    5.1269	  1.5923	  0.0000	  5.0000	   0.0000	   0.0000	   0.0000	-450.0000	-450.0000	-450.0000	  0.2000	  4.3000	 18.0000	   4.0028	   1.0053	   1.6054	  0.3006	  0.5995	  0.1000	  0.1600	  0.1900	   0.0000	   0.0000	   0.0000	   0.0000	   0.0000	   0.0000	   0.0000	   0.0000	   0.0000	  0.2496	  0.0000	        0.0000	        0.0000	        0.0000	        0.0000	        0.0000	        0.0000	        0.0000	  0.4606	  0.3491	-25.7712
2018	  9	  23	 55	  8.9965	  0.0000	1607.9020	    3.2365	  1.9212	  0.0000	  6.0000	   0.0000	   0.0000	   0.0000	-450.0000	-450.0000	-450.0000	 -0.9000	  4.6000	 17.2500	   4.0028	   1.0053	   1.6054	  0.3006	  0.5995	  0.1000	  0.1600	  0.1900	   0.0000	   0.0000	   0.0000	   0.0000	   0.0000	   0.0000	   0.0000	   0.0000	   0.0000	  0.2496	  0.0000	        0.0000	        0.0000	        0.0000	        0.0000	        0.0000	        0.0000	        0.0000	  0.4606	  0.3491	-25.7712
2018	 10	  23	 55	  9.9965	  0.0000	 11.0846	    0.0356	  2.3450	 17.8417	  0.0000	   0.0000	   0.0000	   0.0000	-450.0000	-450.0000	-450.0000	  2.1000	  3.9000	  6.5833	   4.0028	   1.0053	   1.6054	  0.3006	  0.5995	  0.1000	  0.1600	  0.1900	   0.0000	   0.0000	   0.0000	   0.0000	   0.0000	   0.0000	   0.0000	   0.0000	   0.0000	  0.2496	  0.0000	        0.0000	        0.0000	        0.0000	        0.0000	        0.0000	        0.0000	        0.0000	  0.4606	  0.3491	-25.7712
2018	 11	  23	 55	 10.9965	  0.0000	1898.3038	    4.7289	  2.8217	  6.4083	  0.0000	   0.0000	   0.0000	   0.0000	-450.0000	-450.0000	-450.0000	 -0.4000	  3.5000	 16.2500	   4.0028	   1.0053	   1.6054	  0.3006	  0.5995	  0.1000	  0.1600	  0.1900	   0.0000	   0.0000	   0.0000	   0.0000	   0.0000	   0.0000	   0.0000	   0.0000	   0.0000	  0.2496	  0.0000	        0.0000	        0.0000	        0.0000	        0.0000	        0.0000	        0.0000	        0.0000	  0.4606	  0.3491	-25.7712
2018	 12	  23	 55	 11.9965	  0.0000	  8.8465	    0.0049	  2.0366	  0.3833	  0.0000	   0.0000	   0.0000	   0.0000	-450.0000	-450.0000	-450.0000	 -0.5000	  2.0000	  9.4167	   4.0028	   1.0053	   1.6054	  0.3006	  0.5995	  0.1000	  0.1600	  0.1900	   0.0000	   0.0000	   0.0000	   0.0000	   0.0000	   0.0000	   0.0000	   0.0000	   0.0000	  0.2496	  0.0000	        0.0000	        0.0000	        0.0000	        0.0000	        0.0000	        0.0000	        0.0000	  0.4606	  0.3491	-25.7712
2018	 13	  23	 55	 12.9965	  0.0000	1483.1118	    0.2755	  1.6844	  0.6917	  0.0000	   0.0000	   0.0000	   0.0000	-450.0000	-450.0000	-450.0000	 -0.7917	  0.7000	  6.2500	   4.0028	   1.0053	   1.6054	  0.3006	  0.5995	  0.1000	  0.1600	  0.1900	   0.0000	   0.0000	   0.0000	   0.0000	   0.0000	   0.0000	   0.0000	   0.0000	   0.0000	  0.2496	  0.0000	        0.0000	        0.0000	        0.0000	        0.0000	        0.0000	        0.0000	        0.0000	  0.4606	  0.3491	-25.7712
2018	 14	  23	 55	 13.9965	  0.0000	1179.2565	   -0.7470	  1.1981	  0.0000	  1.0000	   0.0000	   0.0000	   0.0000	-450.0000	-450.0000	-450.0000	 -1.7833	  0.0010	  5.2500	   4.0028	   1.0053	   1.6054	  0.3006	  0.5995	  0.1000	  0.1600	  0.1900	   0.0000	   0.0000	   0.0000	   0.0000	   0.0000	   0.0000	   0.0000	   0.0000	   0.0000	  0.2496	  0.0000	        0.0000	        0.0000	        0.0000	        0.0000	        0.0000	        0.0000	        0.0000	  0.4606	  0.3491	-25.7712
2018	 15	  23	 55	 14.9965	  0.0000	1353.8023	   -0.2430	  0.9099	  5.9500	  0.0000	   0.0000	   0.0000	   0.0000	-450.0000	-450.0000	-450.0000	 -1.9000	  0.8833	  4.5000	   4.0028	   1.0053	   1.6054	  0.3006	  0.5995	  0.1000	  0.1600	  0.1900	   0.0000	   0.0000	   0.0000	   0.0000	   0.0000	   0.0000	   0.0000	   0.0000	   0.0000	  0.2496	  0.0000	        0.0000	        0.0000	        0.0000	        0.0000	        0.0000	        0.0000	        0.0000	  0.4606	  0.3491	-25.7712
2018	 16	  23	 55	 15.9965	  0.0000	2620.7458	    6.6378	  2.0555	 27.2417	  0.0000	   0.0000	   0.0000	   0.0000	-450.0000	-450.0000	-450.0000	  0.4000	  3.7000	 17.2500	   4.0028	   1.0053	   1.6054	  0.3006	  0.5995	  0.1000	  0.1600	  0.1900	   0.0000	   0.0000	   0.0000	   0.0000	   0.0000	   0.0000	   0.0000	   0.0000	   0.0000	  0.2496	  0.0000	        0.0000	        0.0000	        0.0000	        0.0000	        0.0000	        0.0000	        0.0000	  0.4606	  0.3491	-25.7712
2018	 17	  23	 55	 16.9965	  0.0000	  9.4991	    0.0147	  1.7985	  0.2000	  0.0000	   0.0000	   0.0000	   0.0000	-450.0000	-450.0000	-450.0000	  0.7000	  3.3000	 13.3333	   4.0028	   1.0053	   1.6054	  0.3006	  0.5995	  0.1000	  0.1600	  0.1900	   0.0000	   0.0000	   0.0000	   0.0000	   0.0000	   0.0000	   0.0000	   0.0000	   0.0000	  0.2496	  0.0000	        0.0000	        0.0000	        0.0000	        0.0000	        0.0000	        0.0000	        0.0000	  0.4606	  0.3491	-25.7712
2018	 18	  23	 55	 17.9965	  0.0000	  8.9868	   -0.0003	  1.3229	  0.0083	  0.0000	   0.0000	   0.0000	   0.0000	-450.0000	-450.0000	-450.0000	 -1.1667	  1.5000	 12.0000	   4.0028	   1.0053	   1.6054	  0.3006	  0.5995	  0.1000	  0.1600	  0.1900	   0.0000	   0.0000	   0.0000	   0.0000	   0.0000	   0.0000	   0.0000	   0.0000	   0.0000	  0.2496	  0.0000	        0.0000	        0.0000	        0.0000	        0.0000	        0.0000	        0.0000	        0.0000	  0.4606	  0.3491	-25.7712
2018	 19	  23	 55	 18.9965	  0.0000	2008.9638	   -2.9595	  0.4664	  0.0000	  1.0000	   0.0000	   0.0000	   0.0000	-450.0000	-450.0000	-450.0000	 -3.8000	  0.8000	 22.5833	   4.0028	   1.0053	   1.6054	  0.3006	  0.5995	  0.1000	  0.1600	  0.1900	   0.0000	   0.0000	   0.0000	   0.0000	   0.0000	   0.0000	   0.0000	   0.0000	   0.0000	  0.2496	  0.0000	        0.0000	        0.0000	        0.0000	        0.0000	        0.0000	        0.0000	        0.0000	  0.4606	  0.3491	-25.7712
2018	 20	  23	 55	 19.9965	  0.0000	  3.5117	    0.0018	  0.2895	  0.3750	  0.0000	   0.0000	   0.0000	   0.0000	-450.0000	-450.0000	-450.0000	 -1.1000	  1.2000	 11.9167	   4.0028	   1.0053	   1.6054	  0.3006	  0.5995	  0.1000	  0.1600	  0.1900	   0.0000	   0.0000	   0.0000	   0.0000	   0.0000	   0.0000	   0.0000	   0.0000	   0.0000	  0.2496	  0.0000	        0.0000	        0.0000	        0.0000	        0.0000	        0.0000	        0.0000	        0.0000	  0.4606	  0.3491	-25.7712
2018	 21	  23	 55	 20.9965	  0.0000	1563.3269	    0.4315	  0.3179	  0.0000	  1.0000	   0.0000	   0.0000	   0.0000	-450.0000	-450.0000	-450.0000	 -0.4000	  1.0000	 11.5000	   4.0028	   1.0053	   1.6054	  0.3006	  0.5995	  0.1000	  0.1600	  0.1900	   0.0000	   0.0000	   0.0000	   0.0000	   0.0000	   0.0000	   0.0000	   0.0000	   0.0000	  0.2496	  0.0000	        0.0000	        0.0000	        0.0000	        0.0000	        0.0000	        0.0000	        0.0000	  0.4606	  0.3491	-25.7712
2018	 22	  23	 55	 21.9965	  0.0000	1329.1084	   -0.5710	  0.1401	  0.0000	  2.0000	   0.0000	   0.0000	   0.0000	-450.0000	-450.0000	-450.0000	 -2.0000	  0.6000	 11.5833	   4.0028	   1.0053	   1.6054	  0.3006	  0.5995	  0.1000	  0.1600	  0.1900	   0.0000	   0.0000	   0.0000	   0.0000	   0.0000	   0.0000	   0.0000	   0.0000	   0.0000	  0.2496	  0.0000	        0.0000	        0.0000	        0.0000	        0.0000	        0.0000	        0.0000	        0.0000	  0.4606	  0.3491	-25.7712
2018	 23	  23	 55	 22.9965	  0.0000	1568.4885	    2.1122	  0.5345	 29.3833	  0.0000	   0.0000	   0.0000	   0.0000	-450.0000	-450.0000	-450.0000	 -0.4000	  4.9500	  7.7500	   4.0028	   1.0053	   1.6054	  0.3006	  0.5995	  0.1000	  0.1600	  0.1900	   0.0000	   0.0000	   0.0000	   0.0000	   0.0000	   0.0000	   0.0000	   0.0000	   0.0000	  0.2496	  0.0000	        0.0000	        0.0000	        0.0000	        0.0000	        0.0000	        0.0000	        0.0000	  0.4606	  0.3491	-25.7712
2018	 24	  23	 55	 23.9965	  0.0000	1867.7364	   12.4507	  2.9177	 21.9833	  0.0000	   1.9500	   1.9500	   1.9500	-450.0000	-450.0000	-450.0000	  5.0000	  8.9000	  6.3333	   4.0049	   1.0092	   1.6094	  0.3010	  0.5992	  0.1000	  0.1600	  0.1900	   0.0000	   0.0000	   0.0000	   0.0000	   0.0000	   0.0000	   0.0000	   0.0000	   0.0000	  0.2503	  0.0000	        0.0000	        0.0000	        0.0000	        0.0000	        0.0000	        0.0000	        0.0000	  0.4606	  0.3491	-25.7712
2018	 25	  23	 55	 24.9965	  0.0000	1334.0056	    7.8070	  3.8956	  1.4000	  0.0000	   2.7500	   2.7500	   2.7500	-450.0000	-450.0000	-450.0000	  5.3000	  6.3000	 10.9167	   4.0078	   1.0147	   1.6150	  0.3016	  0.5987	  0.1000	  0.1600	  0.1900	   0.0000	   0.0000	   0.0000	   0.0000	   0.0000	   0.0000	   0.0000	   0.0000	   0.0000	  0.2512	  0.0000	        0.0000	        0.0000	        0.0000	        0.0000	        0.0000	        0.0000	        0.0000	  0.4606	  0.3491	-25.7712
2018	 26	  23	 55	 25.9965	  0.0000	  9.0462	    0.0348	  3.7195	  2.8583	  0.0000	   0.0000	   0.0000	   0.0000	-450.0000	-450.0000	-450.0000	  2.3750	  5.7000	 12.5000	   4.0078	   1.0147	   1.6150	  0.3016	  0.5987	  0.1000	  0.1600	  0.1900	   0.0000	   0.0000	   0.0000	   0.0000	   0.0000	   0.0000	   0.0000	   0.0000	   0.0000	  0.2512	  0.0000	        0.0000	        0.0000	        0.0000	        0.0000	        0.0000	        0.0000	        0.0000	  0.4606	  0.3491	-25.7712
2018	 27	  23	 55	 26.9965	  0.0000	2381.4115	    4.0003	  3.7756	 20.9417	  0.0000	   0.0000	   0.0000	   0.0000	-450.0000	-450.0000	-450.0000	 -2.8000	  4.5000	 27.2500	   4.0078	   1.0147	   1.6150	  0.3016	  0.5987	  0.1000	  0.1600	  0.1900	   0.0000	   0.0000	   0.0000	   0.0000	   0.0000	   0.0000	   0.0000	   0.0000	   0.0000	  0.2512	  0.0000	        0.0000	        0.0000	        0.0000	        0.0000	        0.0000	        0.0000	        0.0000	  0.4606	  0.3491	-25.7712
2018	 28	  23	 55	 27.9965	  0.0000	2026.8321	   11.4280	  5.3061	 12.0583	  0.0000	   0.4500	   0.4500	   0.4500	-450.0000	-450.0000	-450.0000	  3.6000	  7.3000	  9.5000	   4.0082	   1.0156	   1.6159	  0.3017	  0.5986	  0.1000	  0.1600	  0.1900	   0.0000	   0.0000	   0.0000	   0.0000	   0.0000	   0.0000	   0.0000	   0.0000	   0.0000	  0.2514	  0.0000	        0.0000	        0.0000	        0.0000	        0.0000	        0.0000	        0.0000	        0.0000	  0.4606	  0.3491	-25.7712
2018	 29	  23	 55	 28.9965	  0.0000	 10.8270	    0.0449	  4.8486	 40.4000	  0.0000	   0.0000	   0.0000	   0.0000	-450.0000	-450.0000	-450.0000	  2.5000	  7.2000	 14.4167	   4.0082	   1.0156	   1.6159	  0.3017	  0.5986	  0.1000	  0.1600	  0.1900	   0.0000	   0.0000	   0.0000	   0.0000	   0.0000	   0.0000	   0.0000	   0.0000	   0.0000	  0.2514	  0.0000	        0.0000	        0.0000	        0.0000	        0.0000	        0.0000	        0.0000	        0.0000	  0.4606	  0.3491	-25.7712
2018	 30	  23	 55	 29.9965	  0.0000	2073.8727	    6.2560	  5.1301	  0.0000	  1.0000	   0.0000	   0.0000	   0.0000	-450.0000	-450.0000	-450.0000	 -0.4000	  5.5000	 26.4167	   4.0082	   1.0156	   1.6159	  0.3017	  0.5986	  0.1000	  0.1600	  0.1900	   0.0000	   0.0000	   0.0000	   0.0000	   0.0000	   0.0000	   0.0000	   0.0000	   0.0000	  0.2514	  0.0000	        0.0000	        0.0000	        0.0000	        0.0000	        0.0000	        0.0000	        0.0000	  0.4606	  0.3491	-25.7712
2018	 31	  23	 55	 30.9965	  0.0000	 12.6801	    0.0424	  4.7676	 31.6583	  0.0000	   0.0000	   0.0000	   0.0000	-450.0000	-450.0000	-450.0000	  1.5000	  5.3000	 17.4167	   4.0082	   1.0156	   1.6159	  0.3017	  0.5986	  0.1000	  0.1600	  0.1900	   0.0000	   0.0000	   0.0000	   0.0000	   0.0000	   0.0000	   0.0000	   0.0000	   0.0000	  0.2514	  0.0000	        0.0000	        0.0000	        0.0000	        0.0000	        0.0000	        0.0000	        0.0000	  0.4606	  0.3491	-25.7712
2018	 32	  23	 55	 31.9965	  0.0000	 12.8371	    0.0417	  4.4923	 30.1833	  0.0000	   0.0000	   0.0000	   0.0000	-450.0000	-450.0000	-450.0000	  0.7000	  4.5000	 17.0000	   4.0082	   1.0156	   1.6159	  0.3017	  0.5986	  0.1000	  0.1600	  0.1900	   0.0000	   0.0000	   0.0000	   0.0000	   0.0000	   0.0000	   0.0000	   0.0000	   0.0000	  0.2514	  0.0000	        0.0000	        0.0000	        0.0000	        0.0000	        0.0000	        0.0000	        0.0000	  0.4606	  0.3491	-25.7712
2018	 33	  23	 55	 32.9965	  0.0000	2057.7452	   -2.9098	  3.0119	  4.1500	  0.0000	   0.0000	   0.0000	   0.0000	-450.0000	-450.0000	-450.0000	 -5.1000	  3.0000	 13.4167	   4.0082	   1.0156	   1.6159	  0.3017	  0.5986	  0.1000	  0.1600	  0.1900	   0.0000	   0.0000	   0.0000	   0.0000	   0.0000	   0.0000	   0.0000	   0.0000	   0.0000	  0.2514	  0.0000	        0.0000	        0.0000	        0.0000	        0.0000	        0.0000	        0.0000	        0.0000	  0.4606	  0.3491	-25.7712
2018	 34	  23	 55	 33.9965	  0.0000	1235.0948	   -4.0829	  1.5929	  0.1083	  0.0000	   0.0000	   0.0000	   0.0000	-450.0000	-450.0000	-450.0000	 -5.1000	 -2.2000	 10.1667	   4.0082	   1.0156	   1.6159	  0.3017	  0.5986	  0.1000	  0.1600	  0.1900	   0.0000	   0.0000	   0.0000	   0.0000	   0.0000	   0.0000	   0.0000	   0.0000	   0.0000	  0.2514	  0.0000	        0.0000	        0.0000	        0.0000	        0.0000	        0.0000	        0.0000	        0.0000	  0.4606	  0.3491	-25.7712
2018	 35	  23	 55	 34.9965	  0.0000	1585.1819	   -5.5602	  0.1623	  0.0000	  1.0000	   0.0000	   0.0000	   0.0000	-450.0000	-450.0000	-450.0000	 -6.6917	 -2.2000	 16.4167	   4.0082	   1.0156	   1.6159	  0.3017	  0.5986	  0.1000	  0.1600	  0.1900	   0.0000	   0.0000	   0.0000	   0.0000	   0.0000	   0.0000	   0.0000	   0.0000	   0.0000	  0.2514	  0.0000	        0.0000	        0.0000	        0.0000	        0.0000	        0.0000	        0.0000	        0.0000	  0.4606	  0.3491	-25.7712
2018	 36	  23	 55	 35.9965	  0.0000	2258.8264	  -14.1597	 -2.7021	  0.0000	  2.0000	   0.0000	   0.0000	   0.0000	-450.0000	-450.0000	-450.0000	 -9.1000	 -2.9000	 29.1667	   4.0082	   1.0156	   1.6159	  0.3017	  0.5986	  0.1000	  0.1600	  0.1900	   0.0000	   0.0000	   0.0000	   0.0000	   0.0000	   0.0000	   0.0000	   0.0000	   0.0000	  0.2514	  0.0000	        0.0000	        0.0000	        0.0000	        0.0000	        0.0000	        0.0000	        0.0000	  0.4606	  0.3491	-25.7712
2018	 37	  23	 55	 36.9965	  0.0000	1540.5593	   -4.9320	 -3.1481	  0.4583	  0.0000	   0.0000	   0.0000	   0.0000	-450.0000	-450.0000	-450.0000	 -8.5000	 -0.8000	 12.3333	   4.0082	   1.0156	   1.6159	  0.3017	  0.5986	  0.1000	  0.1600	  0.1900	   0.0000	   0.0000	   0.0000	   0.0000	   0.0000	   0.0000	   0.0000	   0.0000	   0.0000	  0.2514	  0.0000	        0.0000	        0.0000	        0.0000	        0.0000	        0.0000	        0.0000	        0.0000	  0.4606	  0.3491	-25.7712
2018	 38	  23	 55	 37.9965	  0.0000	1934.7763	   -0.5686	 -2.6322	  8.0833	  0.0000	   0.0000	   0.0000	   0.0000	-450.0000	-450.0000	-450.0000	 -3.7000	  2.0000	 19.0000	   4.0082	   1.0156	   1.6159	  0.3017	  0.5986	  0.1000	  0.1600	  0.1900	   0.0000	   0.0000	   0.0000	   0.0000	   0.0000	   0.0000	   0.0000	   0.0000	   0.0000	  0.2514	  0.0000	        0.0000	        0.0000	        0.0000	        0.0000	        0.0000	        0.0000	        0.0000	  0.4606	  0.3491	-25.7712
2018	 39	  23	 55	 38.9965	  0.0000	1711.5053	    2.4148	 -1.6228	  0.0000	  1.0000	   0.0000	   0.0000	   0.0000	-450.0000	-450.0000	-450.0000	 -0.1000	  2.5000	 19.5833	   4.0082	   1.0156	   1.6159	  0.3017	  0.5986	  0.1000	  0.1600	  0.1900	   0.0000	   0.0000	   0.0000	   0.0000	   0.0000	   0.0000	   0.0000	   0.0000	   0.0000	  0.2514	  0.0000	        0.0000	        0.0000	        0.0000	        0.0000	        0.0000	        0.0000	        0.0000	  0.4606	  0.3491	-25.7712
2018	 40	  23	 55	 39.9965	  0.0000	  9.9018	   -0.0070	 -1.0344	  0.0000	  3.0000	   0.0000	   0.0000	   0.0000	-450.0000	-450.0000	-450.0000	 -2.7000	  1.6000	 22.4167	   4.0082	   1.0156	   1.6159	  0.3017	  0.5986	  0.1000	  0.1600	  0.1900	   0.0000	   0.0000	   0.0000	   0.0000	   0.0000	   0.0000	   0.0000	   0.0000	   0.0000	  0.2514	  0.0000	        0.0000	        0.0000	        0.0000	        0.0000	        0.0000	        0.0000	        0.0000	  0.4606	  0.3491	-25.7712
2018	 41	  23	 55	 40.9965	  0.0000	1499.7074	   -0.5330	 -0.9341	  0.0000	  4.0000	   0.0000	   0.0000	   0.0000	-450.0000	-450.0000	-450.0000	 -2.0000	  0.9000	 16.9167	   4.0082	   1.0156	   1.6159	  0.3017	  0.5986	  0.1000	  0.1600	  0.1900	   0.0000	   0.0000	   0.0000	   0.0000	   0.0000	   0.0000	   0.0000	   0.0000	   0.0000	  0.2514	  0.0000	        0.0000	        0.0000	        0.0000	        0.0000	        0.0000	        0.0000	        0.0000	  0.4606	  0.3491	-25.7712
2018	 42	  23	 55	 41.9965	  0.0000	1608.7977	    0.6514	 -0.6170	  7.3750	  0.0000	   0.0000	   0.0000	   0.0000	-450.0000	-450.0000	-450.0000	 -1.5000	  2.6000	 15.6667	   4.0082	   1.0156	   1.6159	  0.3017	  0.5986	  0.1000	  0.1600	  0.1900	   0.0000	   0.0000	   0.0000	   0.0000	   0.0000	   0.0000	   0.0000	   0.0000	   0.0000	  0.2514	  0.0000	        0.0000	        0.0000	        0.0000	        0.0000	        0.0000	        0.0000	        0.0000	  0.4606	  0.3491	-25.7712
2018	 43	  23	 55	 42.9965	  0.0000	2225.0324	    4.2589	  0.3582	 51.6750	  0.0000	   0.0000	   0.0000	   0.0000	-450.0000	-450.0000	-450.0000	  0.6000	  3.2000	 22.2500	   4.0082	   1.0156	   1.6159	  0.3017	  0.5986	  0.1000	  0.1600	  0.1900	   0.0000	   0.0000	   0.0000	   0.0000	   0.0000	   0.0000	   0.0000	   0.0000	   0.0000	  0.2514	  0.0000	        0.0000	        0.0000	        0.0000	        0.0000	        0.0000	        0.0000	        0.0000	  0.4606	  0.3491	-25.7712
2018	 44	  23	 55	 43.9965	  0.0000	1499.8875	    3.1279	  0.9121	  0.2167	  0.0000	   0.0000	   0.0000	   0.0000	-450.0000	-450.0000	-450.0000	  1.5000	  2.7000	 15.6667	   4.0082	   1.0156	   1.6159	  0.3017	  0.5986	  0.1000	  0.1600	  0.1900	   0.0000	   0.0000	   0.0000	   0.0000	   0.0000	   0.0000	   0.0000	   0.0000	   0.0000	  0.2514	  0.0000	        0.0000	        0.0000	        0.0000	        0.0000	        0.0000	        0.0000	        0.0000	  0.4606	  0.3491	-25.7712
2018	 45	  23	 55	 44.9965	  0.0000	 10.4924	    0.0135	  1.2647	  0.0000	  2.0000	   0.0000	   0.0000	   0.0000	-450.0000	-450.0000	-450.0000	 -0.3583	  4.2000	 27.8333	   4.0082	   1.0156	   1.6159	  0.3017	  0.5986	  0.1000	  0.1600	  0.1900	   0.0000	   0.0000	   0.0000	   0.0000	   0.0000	   0.0000	   0.0000	   0.0000	   0.0000	  0.2514	  0.0000	        0.0000	        0.0000	        0.0000	        0.0000	        0.0000	        0.0000	        0.0000	  0.4606	  0.3491	-25.7712
2018	 46	  23	 55	 45.9965	  0.0000	1745.3034	    1.4045	  1.2927	  3.7000	  0.0000	   0.0000	   0.0000	   0.0000	-450.0000	-450.0000	-450.0000	 -0.6000	  2.7000	 20.3333	   4.0082	   1.0156	   1.6159	  0.3017	  0.5986	  0.1000	  0.1600	  0.1900	   0.0000	   0.0000	   0.0000	   0.0000	   0.0000	   0.0000	   0.0000	   0.0000	   0.0000	  0.2514	  0.0000	        0.0000	        0.0000	        0.0000	        0.0000	        0.0000	        0.0000	        0.0000	  0.4606	  0.3491	-25.7712
2018	 47	  23	 55	 46.9965	  0.0000	 10.9277	    0.0122	  1.3698	  9.1333	  0.0000	   0.0000	   0.0000	   0.0000	-450.0000	-450.0000	-450.0000	 -0.3000	  3.3000	 25.5833	   4.0082	   1.0156	   1.6159	  0.3017	  0.5986	  0.1000	  0.1600	  0.1900	   0.0000	   0.0000	   0.0000	   0.0000	   0.0000	   0.0000	   0.0000	   0.0000	   0.0000	  0.2514	  0.0000	        0.0000	        0.0000	        0.0000	        0.0000	        0.0000	        0.0000	        0.0000	  0.4606	  0.3491	-25.7712
2018	 48	  23	 55	 47.9965	  0.0000	2196.3081	   -0.0996	  1.0759	  0.0000	  1.0000	   0.0000	   0.0000	   0.0000	-450.0000	-450.0000	-450.0000	 -3.3000	  2.0000	 30.5833	   4.0082	   1.0156	   1.6159	  0.3017	  0.5986	  0.1000	  0.1600	  0.1900	   0.0000	   0.0000	   0.0000	   0.0000	   0.0000	   0.0000	   0.0000	   0.0000	   0.0000	  0.2514	  0.0000	        0.0000	        0.0000	        0.0000	        0.0000	        0.0000	        0.0000	        0.0000	  0.4606	  0.3491	-25.7712
2018	 49	  23	 55	 48.9965	  0.0000	 12.4035	    0.0205	  1.3717	 27.3583	  0.0000	   0.0000	   0.0000	   0.0000	-450.0000	-450.0000	-450.0000	  0.8000	  3.0000	 20.0000	   4.0082	   1.0156	   1.6159	  0.3017	  0.5986	  0.1000	  0.1600	  0.1900	   0.0000	   0.0000	   0.0000	   0.0000	   0.0000	   0.0000	   0.0000	   0.0000	   0.0000	  0.2514	  0.0000	        0.0000	        0.0000	        0.0000	        0.0000	        0.0000	        0.0000	        0.0000	  0.4606	  0.3491	-25.7712
2018	 50	  23	 55	 49.9965	  0.0000	3634.3848	    3.8726	  1.8719	 57.3417	  0.0000	   0.0000	   0.0000	   0.0000	-450.0000	-450.0000	-450.0000	  0.5000	  1.6000	 33.5000	   4.0082	   1.0156	   1.6159	  0.3017	  0.5986	  0.1000	  0.1600	  0.1900	   0.0000	   0.0000	   0.0000	   0.0000	   0.0000	   0.0000	   0.0000	   0.0000	   0.0000	  0.2514	  0.0000	        0.0000	        0.0000	        0.0000	        0.0000	        0.0000	        0.0000	        0.0000	  0.4606	  0.3491	-25.7712
2018	 51	  23	 55	 50.9965	  0.0000	1925.3728	    0.4704	  1.5916	  0.0000	  1.0000	   0.0000	   0.0000	   0.0000	-450.0000	-450.0000	-450.0000	 -0.8000	  1.6000	 24.8333	   4.0082	   1.0156	   1.6159	  0.3017	  0.5986	  0.1000	  0.1600	  0.1900	   0.0000	   0.0000	   0.0000	   0.0000	   0.0000	   0.0000	   0.0000	   0.0000	   0.0000	  0.2514	  0.0000	        0.0000	        0.0000	        0.0000	        0.0000	        0.0000	        0.0000	        0.0000	  0.4606	  0.3491	-25.7712
2018	 52	  23	 55	 51.9965	  0.0000	 11.2364	   -0.0187	  0.8177	  2.7250	  0.0000	   0.0000	   0.0000	   0.0000	-450.0000	-450.0000	-450.0000	 -4.1333	  0.6000	 24.3333	   4.0082	   1.0156	   1.6159	  0.3017	  0.5986	  0.1000	  0.1600	  0.1900	   0.0000	   0.0000	   0.0000	   0.0000	   0.0000	   0.0000	   0.0000	   0.0000	   0.0000	  0.2514	  0.0000	        0.0000	        0.0000	        0.0000	        0.0000	        0.0000	        0.0000	        0.0000	  0.4606	  0.3491	-25.7712
2018	 53	  23	 55	 52.9965	  0.0000	2170.4023	   -8.6012	 -1.0661	  0.0000	  1.0000	   0.0000	   0.0000	   0.0000	-450.0000	-450.0000	-450.0000	 -6.6000	 -1.2000	 26.5833	   4.0082	   1.0156	   1.6159	  0.3017	  0.5986	  0.1000	  0.1600	  0.1900	   0.0000	   0.0000	   0.0000	   0.0000	   0.0000	   0.0000	   0.0000	   0.0000	   0.0000	  0.2514	  0.0000	        0.0000	        0.0000	        0.0000	        0.0000	        0.0000	        0.0000	        0.0000	  0.4606	  0.3491	-25.7712
2018	 54	  23	 55	 53.9965	  0.0000	  3.4855	   -0.0076	 -0.6180	  0.0000	  5.0000	   0.0000	   0.0000	   0.0000	-450.0000	-450.0000	-450.0000	 -3.0000	  0.7000	 19.9167	   4.0082	   1.0156	   1.6159	  0.3017	  0.5986	  0.1000	  0.1600	  0.1900	   0.0000	   0.0000	   0.0000	   0.0000	   0.0000	   0.0000	   0.0000	   0.0000	   0.0000	  0.2514	  0.0000	        0.0000	        0.0000	        0.0000	        0.0000	        0.0000	        0.0000	        0.0000	  0.4606	  0.3491	-25.7712
2018	 55	  23	 55	 54.9965	  0.0000	  3.5015	   -0.0185	 -1.1230	  0.0000	  8.0000	   0.0000	   0.0000	   0.0000	-450.0000	-450.0000	-450.0000	 -5.2583	 -0.7000	 31.2500	   4.0082	   1.0156	   1.6159	  0.3017	  0.5986	  0.1000	  0.1600	  0.1900	   0.0000	   0.0000	   0.0000	   0.0000	   0.0000	   0.0000	   0.0000	   0.0000	   0.0000	  0.2514	  0.0000	        0.0000	        0.0000	        0.0000	        0.0000	        0.0000	        0.0000	        0.0000	  0.4606	  0.3491	-25.7712
2018	 56	  23	 55	 55.9965	  0.0000	1968.9376	  -11.6582	 -3.2301	  0.0000	  9.0000	   0.0000	   0.0000	   0.0000	-450.0000	-450.0000	-450.0000	 -8.5000	 -4.3000	 27.4167	   4.0082	   1.0156	   1.6159	  0.3017	  0.5986	  0.1000	  0.1600	  0.1900	   0.0000	   0.0000	   0.0000	   0.0000	   0.0000	   0.0000	   0.0000	   0.0000	   0.0000	  0.2514	  0.0000	        0.0000	        0.0000	        0.0000	        0.0000	        0.0000	        0.0000	        0.0000	  0.4606	  0.3491	-25.7712
2018	 57	  23	 55	 56.9965	  0.0000	  3.4982	   -0.0212	 -3.2806	  0.0000	 12.0000	   0.0000	   0.0000	   0.0000	-450.0000	-450.0000	-450.0000	 -9.4000	 -2.5000	 33.1667	   4.0082	   1.0156	   1.6159	  0.3017	  0.5986	  0.1000	  0.1600	  0.1900	   0.0000	   0.0000	   0.0000	   0.0000	   0.0000	   0.0000	   0.0000	   0.0000	   0.0000	  0.2514	  0.0000	        0.0000	        0.0000	        0.0000	        0.0000	        0.0000	        0.0000	        0.0000	  0.4606	  0.3491	-25.7712
2018	 58	  23	 55	 57.9965	  0.0000	 10.7759	   -0.1032	 -4.8682	  0.2250	  0.0000	   0.0000	   0.0000	   0.0000	-450.0000	-450.0000	-450.0000	-12.4500	 -6.1000	 28.9167	   4.0082	   1.0156	   1.6159	  0.3017	  0.5986	  0.1000	  0.1600	  0.1900	   0.0000	   0.0000	   0.0000	   0.0000	   0.0000	   0.0000	   0.0000	   0.0000	   0.0000	  0.2514	  0.0000	        0.0000	        0.0000	        0.0000	        0.0000	        0.0000	        0.0000	        0.0000	  0.4606	  0.3491	-25.7712
2018	 59	  23	 55	 58.9965	  0.0000	1944.4417	  -18.7499	 -7.6445	  0.0000	  1.0000	   0.0000	   0.0000	   0.0000	-450.0000	-450.0000	-450.0000	-12.5000	 -6.9000	 30.3333	   4.0082	   1.0156	   1.6159	  0.3017	  0.5986	  0.1000	  0.1600	  0.1900	   0.0000	   0.0000	   0.0000	   0.0000	   0.0000	   0.0000	   0.0000	   0.0000	   0.0000	  0.2514	  0.0000	        0.0000	        0.0000	        0.0000	        0.0000	        0.0000	        0.0000	        0.0000	  0.4606	  0.3491	-25.7712
2018	 60	  23	 55	 59.9965	  0.0000	 10.7044	   -0.0777	 -7.5221	  0.0000	  3.0000	   0.0000	   0.0000	   0.0000	-450.0000	-450.0000	-450.0000	-12.0000	 -4.8000	 31.1667	   4.0082	   1.0156	   1.6159	  0.3017	  0.5986	  0.1000	  0.1600	  0.1900	   0.0000	   0.0000	   0.0000	   0.0000	   0.0000	   0.0000	   0.0000	   0.0000	   0.0000	  0.2514	  0.0000	        0.0000	        0.0000	        0.0000	        0.0000	        0.0000	        0.0000	        0.0000	  0.4606	  0.3491	-25.7712
2018	 61	  23	 55	 60.9965	  0.0000	1607.6036	   -7.5044	 -7.5186	  0.0000	  4.0000	   0.0000	   0.0000	   0.0000	-450.0000	-450.0000	-450.0000	 -6.7000	 -3.4083	 22.5833	   4.0082	   1.0156	   1.6159	  0.3017	  0.5986	  0.1000	  0.1600	  0.1900	   0.0000	   0.0000	   0.0000	   0.0000	   0.0000	   0.0000	   0.0000	   0.0000	   0.0000	  0.2514	  0.0000	        0.0000	        0.0000	        0.0000	        0.0000	        0.0000	        0.0000	        0.0000	  0.4606	  0.3491	-25.7712
2018	 62	  23	 55	 61.9965	  0.0000	1676.6108	   -4.6331	 -6.9415	  0.0000	  5.0000	   0.0000	   0.0000	   0.0000	-450.0000	-450.0000	-450.0000	 -3.8000	 -0.8000	 21.7500	   4.0082	   1.0156	   1.6159	  0.3017	  0.5986	  0.1000	  0.1600	  0.1900	   0.0000	   0.0000	   0.0000	   0.0000	   0.0000	   0.0000	   0.0000	   0.0000	   0.0000	  0.2514	  0.0000	        0.0000	        0.0000	        0.0000	        0.0000	        0.0000	        0.0000	        0.0000	  0.4606	  0.3491	-25.7712
2018	 63	  23	 55	 62.9965	  0.0000	1771.9202	   -3.3062	 -6.2145	  0.0000	  6.0000	   0.0000	   0.0000	   0.0000	-450.0000	-450.0000	-450.0000	 -3.8000	 -0.4000	 24.0833	   4.0082	   1.0156	   1.6159	  0.3017	  0.5986	  0.1000	  0.1600	  0.1900	   0.0000	   0.0000	   0.0000	   0.0000	   0.0000	   0.0000	   0.0000	   0.0000	   0.0000	  0.2514	  0.0000	        0.0000	        0.0000	        0.0000	        0.0000	        0.0000	        0.0000	        0.0000	  0.4606	  0.3491	-25.7712
2018	 64	  23	 55	 63.9965	  0.0000	  3.5162	   -0.0052	 -3.5436	 22.0500	  0.0000	   0.0000	   0.0000	   0.0000	-450.0000	-450.0000	-450.0000	 -2.1000	 -0.1000	 24.9167	   4.0082	   1.0156	   1.6159	  0.3017	  0.5986	  0.1000	  0.1600	  0.1900	   0.0000	   0.0000	   0.0000	   0.0000	   0.0000	   0.0000	   0.0000	   0.0000	   0.0000	  0.2514	  0.0000	        0.0000	        0.0000	        0.0000	        0.0000	        0.0000	        0.0000	        0.0000	  0.4606	  0.3491	-25.7712
2018	 65	  23	 55	 64.9965	  0.0000	1932.5514	    0.6873	 -2.6974	  6.8417	  0.0000	   0.0000	   0.0000	   0.0000	-450.0000	-450.0000	-450.0000	 -1.5000	  2.0000	 20.4167	   4.0082	   1.0156	   1.6159	  0.3017	  0.5986	  0.1000	  0.1600	  0.1900	   0.0000	   0.0000	   0.0000	   0.0000	   0.0000	   0.0000	   0.0000	   0.0000	   0.0000	  0.2514	  0.0000	        0.0000	        0.0000	        0.0000	        0.0000	        0.0000	        0.0000	        0.0000	  0.4606	  0.3491	-25.7712
2018	 66	  23	 55	 65.9965	  0.0000	2160.2443	    5.6066	 -1.0366	  1.6500	  0.0000	   0.0000	   0.0000	   0.0000	-450.0000	-450.0000	-450.0000	 -0.0333	  4.5000	 33.0833	   4.0082	   1.0156	   1.6159	  0.3017	  0.5986	  0.1000	  0.1600	  0.1900	   0.0000	   0.0000	   0.0000	   0.0000	   0.0000	   0.0000	   0.0000	   0.0000	   0.0000	  0.2514	  0.0000	        0.0000	        0.0000	        0.0000	        0.0000	        0.0000	        0.0000	        0.0000	  0.4606	  0.3491	-25.7712
2018	 67	  23	 55	 66.9965	  0.0000	2286.7638	   -0.1456	 -0.8584	 10.0000	  0.0000	   0.0000	   0.0000	   0.0000	-450.0000	-450.0000	-450.0000	 -1.1000	  0.7000	 33.5833	   4.0082	   1.0156	   1.6159	  0.3017	  0.5986	  0.1000	  0.1600	  0.1900	   0.0000	   0.0000	   0.0000	   0.0000	   0.0000	   0.0000	   0.0000	   0.0000	   0.0000	  0.2514	  0.0000	        0.0000	        0.0000	        0.0000	        0.0000	        0.0000	        0.0000	        0.0000	  0.4606	  0.3491	-25.7712
2018	 68	  23	 55	 67.9965	  0.0000	  9.8903	   -0.0186	 -1.0558	  0.0000	  2.0000	   0.0000	   0.0000	   0.0000	-450.0000	-450.0000	-450.0000	 -3.5000	  0.2000	 22.8333	   4.0082	   1.0156	   1.6159	  0.3017	  0.5986	  0.1000	  0.1600	  0.1900	   0.0000	   0.0000	   0.0000	   0.0000	   0.0000	   0.0000	   0.0000	   0.0000	   0.0000	  0.2514	  0.0000	        0.0000	        0.0000	        0.0000	        0.0000	        0.0000	        0.0000	        0.0000	  0.4606	  0.3491	-25.7712
2018	 69	  23	 55	 68.9965	  0.0000	2655.8448	   -3.5141	 -1.5475	  0.0000	  3.0000	   0.0000	   0.0000	   0.0000	-450.0000	-450.0000	-450.0000	 -6.0000	  2.2000	 41.3333	   4.0082	   1.0156	   1.6159	  0.3017	  0.5986	  0.1000	  0.1600	  0.1900	   0.0000	   0.0000	   0.0000	   0.0000	   0.0000	   0.0000	   0.0000	   0.0000	   0.0000	  0.2514	  0.0000	        0.0000	        0.0000	        0.0000	        0.0000	        0.0000	        0.0000	        0.0000	  0.4606	  0.3491	-25.7712
2018	 70	  23	 55	 69.9965	  0.0000	  3.5039	    0.0108	 -0.2952	 34.5167	  0.0000	   0.0000	   0.0000	   0.0000	-450.0000	-450.0000	-450.0000	 -2.2000	  3.0833	 26.8333	   4.0082	   1.0156	   1.6159	  0.3017	  0.5986	  0.1000	  0.1600	  0.1900	   0.0000	   0.0000	   0.0000	   0.0000	   0.0000	   0.0000	   0.0000	   0.0000	   0.0000	  0.2514	  0.0000	        0.0000	        0.0000	        0.0000	        0.0000	        0.0000	        0.0000	        0.0000	  0.4606	  0.3491	-25.7712
2018	 71	  23	 55	 70.9965	  0.0000	3160.0409	   13.3649	  2.4368	 44.3000	  0.0000	   0.0000	   0.0000	   0.0000	-450.0000	-450.0000	-450.0000	  2.8000	  5.9000	 21.2500	   4.0082	   1.0156	   1.6159	  0.3017	  0.5986	  0.1000	  0.1600	  0.1900	   0.0000	   0.0000	   0.0000	   0.0000	   0.0000	   0.0000	   0.0000	   0.0000	   0.0000	  0.2514	  0.0000	        0.0000	        0.0000	        0.0000	        0.0000	        0.0000	        0.0000	        0.0000	  0.4606	  0.3491	-25.7712
2018	 72	  23	 55	 71.9965	  0.0000	  8.1897	    0.0152	  2.0529	  0.0000	  2.0000	   0.0000	   0.0000	   0.0000	-450.0000	-450.0000	-450.0000	  1.3083	  2.9000	 15.0833	   4.0082	   1.0156	   1.6159	  0.3017	  0.5986	  0.1000	  0.1600	  0.1900	   0.0000	   0.0000	   0.0000	   0.0000	   0.0000	   0.0000	   0.0000	   0.0000	   0.0000	  0.2514	  0.0000	        0.0000	        0.0000	        0.0000	        0.0000	        0.0000	        0.0000	        0.0000	  0.4606	  0.3491	-25.7712
2018	 73	  23	 55	 72.9965	  0.0000	2380.9398	    3.5287	  2.3480	  0.0000	  3.0000	   0.0000	   0.0000	   0.0000	-450.0000	-450.0000	-450.0000	 -2.1667	  3.5000	 36.4167	   4.0082	   1.0156	   1.6159	  0.3017	  0.5986	  0.1000	  0.1600	  0.1900	   0.0000	   0.0000	   0.0000	   0.0000	   0.0000	   0.0000	   0.0000	   0.0000	   0.0000	  0.2514	  0.0000	        0.0000	        0.0000	        0.0000	        0.0000	        0.0000	        0.0000	        0.0000	  0.4606	  0.3491	-25.7712
2018	 74	  23	 55	 73.9965	  0.0000	 10.6971	   -0.0244	  1.0250	  0.0000	  5.0000	   0.0000	   0.0000	   0.0000	-450.0000	-450.0000	-450.0000	 -4.0333	  0.7000	 29.1667	   4.0082	   1.0156	   1.6159	  0.3017	  0.5986	  0.1000	  0.1600	  0.1900	   0.0000	   0.0000	   0.0000	   0.0000	   0.0000	   0.0000	   0.0000	   0.0000	   0.0000	  0.2514	  0.0000	        0.0000	        0.0000	        0.0000	        0.0000	        0.0000	        0.0000	        0.0000	  0.4606	  0.3491	-25.7712
2018	 75	  23	 55	 74.9965	  0.0000	2344.9045	   -8.1408	 -0.8082	  0.0000	  6.0000	   0.0000	   0.0000	   0.0000	-450.0000	-450.0000	-450.0000	 -6.7000	 -0.5000	 37.7500	   4.0082	   1.0156	   1.6159	  0.3017	  0.5986	  0.1000	  0.1600	  0.1900	   0.0000	   0.0000	   0.0000	   0.0000	   0.0000	   0.0000	   0.0000	   0.0000	   0.0000	  0.2514	  0.0000	        0.0000	        0.0000	        0.0000	        0.0000	        0.0000	        0.0000	        0.0000	  0.4606	  0.3491	-25.7712
2018	 76	  23	 55	 75.9965	  0.0000	2451.5741	   -9.3771	 -2.5220	  0.0000	  7.0000	   0.0000	   0.0000	   0.0000	-450.0000	-450.0000	-450.0000	 -7.6000	 -0.4000	 37.3333	   4.0082	   1.0156	   1.6159	  0.3017	  0.5986	  0.1000	  0.1600	  0.1900	   0.0000	   0.0000	   0.0000	   0.0000	   0.0000	   0.0000	   0.0000	   0.0000	   0.0000	  0.2514	  0.0000	        0.0000	        0.0000	        0.0000	        0.0000	        0.0000	        0.0000	        0.0000	  0.4606	  0.3491	-25.7712
2018	 77	  23	 55	 76.9965	  0.0000	 14.8143	   -0.0550	 -3.1713	  0.0000	  9.0000	   0.0000	   0.0000	   0.0000	-450.0000	-450.0000	-450.0000	-10.0000	  2.1000	 53.7500	   4.0082	   1.0156	   1.6159	  0.3017	  0.5986	  0.1000	  0.1600	  0.1900	   0.0000	   0.0000	   0.0000	   0.0000	   0.0000	   0.0000	   0.0000	   0.0000	   0.0000	  0.2514	  0.0000	        0.0000	        0.0000	        0.0000	        0.0000	        0.0000	        0.0000	        0.0000	  0.4606	  0.3491	-25.7712
2018	 78	  23	 55	 77.9965	  0.0000	2501.2377	   -1.4836	 -2.8337	  2.1417	  0.0000	   0.0000	   0.0000	   0.0000	-450.0000	-450.0000	-450.0000	 -7.2000	  3.0000	 31.7500	   4.0082	   1.0156	   1.6159	  0.3017	  0.5986	  0.1000	  0.1600	  0.1900	   0.0000	   0.0000	   0.0000	   0.0000	   0.0000	   0.0000	   0.0000	   0.0000	   0.0000	  0.2514	  0.0000	        0.0000	        0.0000	        0.0000	        0.0000	        0.0000	        0.0000	        0.0000	  0.4606	  0.3491	-25.7712
2018	 79	  23	 55	 78.9965	  0.0000	 13.6382	    0.0059	 -1.2111	  0.0000	  2.0000	   0.0000	   0.0000	   0.0000	-450.0000	-450.0000	-450.0000	 -3.1000	  5.4000	 46.6667	   4.0082	   1.0156	   1.6159	  0.3017	  0.5986	  0.1000	  0.1600	  0.1900	   0.0000	   0.0000	   0.0000	   0.0000	   0.0000	   0.0000	   0.0000	   0.0000	   0.0000	  0.2514	  0.0000	        0.0000	        0.0000	        0.0000	        0.0000	        0.0000	        0.0000	        0.0000	  0.4606	  0.3491	-25.7712
2018	 80	  23	 55	 79.9965	  0.0000	2456.4695	    5.9608	  0.2233	  5.6833	  0.0000	   0.0000	   0.0000	   0.0000	-450.0000	-450.0000	-450.0000	 -2.1000	  5.0000	 35.5000	   4.0082	   1.0156	   1.6159	  0.3017	  0.5986	  0.1000	  0.1600	  0.1900	   0.0000	   0.0000	   0.0000	   0.0000	   0.0000	   0.0000	   0.0000	   0.0000	   0.0000	  0.2514	  0.0000	        0.0000	        0.0000	        0.0000	        0.0000	        0.0000	        0.0000	        0.0000	  0.4606	  0.3491	-25.7712
2018	 81	  23	 55	 80.9965	  0.0000	2070.1877	    2.5710	  0.6928	  1.3000	  0.0000	   0.0000	   0.0000	   0.0000	-450.0000	-450.0000	-450.0000	 -0.5000	  3.4000	 27.1667	   4.0082	   1.0156	   1.6159	  0.3017	  0.5986	  0.1000	  0.1600	  0.1900	   0.0000	   0.0000	   0.0000	   0.0000	   0.0000	   0.0000	   0.0000	   0.0000	   0.0000	  0.2514	  0.0000	        0.0000	        0.0000	        0.0000	        0.0000	        0.0000	        0.0000	        0.0000	  0.4606	  0.3491	-25.7712
2018	 82	  23	 55	 81.9965	  0.0000	1723.8777	    0.8637	  0.7270	  0.0000	  1.0000	   0.0000	   0.0000	   0.0000	-450.0000	-450.0000	-450.0000	 -1.5000	  2.0000	 25.5000	   4.0082	   1.0156	   1.6159	  0.3017	  0.5986	  0.1000	  0.1600	  0.1900	   0.0000	   0.0000	   0.0000	   0.0000	   0.0000	   0.0000	   0.0000	   0.0000	   0.0000	  0.2514	  0.0000	        0.0000	        0.0000	        0.0000	        0.0000	        0.0000	        0.0000	        0.0000	  0.4606	  0.3491	-25.7712
2018	 83	  23	 55	 82.9965	  0.0000	1454.3045	    2.7958	  1.1407	  2.2250	  0.0000	   0.0000	   0.0000	   0.0000	-450.0000	-450.0000	-450.0000	  0.9000	  3.1000	 17.5833	   4.0082	   1.0156	   1.6159	  0.3017	  0.5986	  0.1000	  0.1600	  0.1900	   0.0000	   0.0000	   0.0000	   0.0000	   0.0000	   0.0000	   0.0000	   0.0000	   0.0000	  0.2514	  0.0000	        0.0000	        0.0000	        0.0000	        0.0000	        0.0000	        0.0000	        0.0000	  0.4606	  0.3491	-25.7712
2018	 84	  23	 55	 83.9965	  0.0000	2349.7745	   10.6526	  3.0431	  0.0000	  1.0000	   0.0000	   0.0000	   0.0000	-450.0000	-450.0000	-450.0000	  2.1000	  7.2000	 39.2500	   4.0082	   1.0156	   1.6159	  0.3017	  0.5986	  0.1000	  0.1600	  0.1900	   0.0000	   0.0000	   0.0000	   0.0000	   0.0000	   0.0000	   0.0000	   0.0000	   0.0000	  0.2514	  0.0000	        0.0000	        0.0000	        0.0000	        0.0000	        0.0000	        0.0000	        0.0000	  0.4606	  0.3491	-25.7712
2018	 85	  23	 55	 84.9965	  0.0000	2023.8737	    4.9887	  3.4322	  3.7167	  0.0000	   0.0000	   0.0000	   0.0000	-450.0000	-450.0000	-450.0000	 -1.6917	  5.6000	 32.1667	   4.0082	   1.0156	   1.6159	  0.3017	  0.5986	  0.1000	  0.1600	  0.1900	   0.0000	   0.0000	   0.0000	   0.0000	   0.0000	   0.0000	   0.0000	   0.0000	   0.0000	  0.2514	  0.0000	        0.0000	        0.0000	        0.0000	        0.0000	        0.0000	        0.0000	        0.0000	  0.4606	  0.3491	-25.7712
2018	 86	  23	 55	 85.9965	  0.0000	  3.5089	   -0.0099	  1.5437	  3.7250	  0.0000	   0.0000	   0.0000	   0.0000	-450.0000	-450.0000	-450.0000	 -2.8333	  1.3000	 30.5833	   4.0082	   1.0156	   1.6159	  0.3017	  0.5986	  0.1000	  0.1600	  0.1900	   0.0000	   0.0000	   0.0000	   0.0000	   0.0000	   0.0000	   0.0000	   0.0000	   0.0000	  0.2514	  0.0000	        0.0000	        0.0000	        0.0000	        0.0000	        0.0000	        0.0000	        0.0000	  0.4606	  0.3491	-25.7712
2018	 87	  23	 55	 86.9965	  0.0000	 13.7130	   -0.0163	  0.6649	  0.0000	  2.0000	   0.0000	   0.0000	   0.0000	-450.0000	-450.0000	-450.0000	 -5.4000	  2.6000	 49.3333	   4.0082	   1.0156	   1.6159	  0.3017	  0.5986	  0.1000	  0.1600	  0.1900	   0.0000	   0.0000	   0.0000	   0.0000	   0.0000	   0.0000	   0.0000	   0.0000	   0.0000	  0.2514	  0.0000	        0.0000	        0.0000	        0.0000	        0.0000	        0.0000	        0.0000	        0.0000	  0.4606	  0.3491	-25.7712
2018	 88	  23	 55	 87.9965	  0.0000	2633.5820	    2.0698	  0.9459	  0.0000	  3.0000	   0.0000	   0.0000	   0.0000	-450.0000	-450.0000	-450.0000	 -3.3000	  4.5000	 43.7500	   4.0082	   1.0156	   1.6159	  0.3017	  0.5986	  0.1000	  0.1600	  0.1900	   0.0000	   0.0000	   0.0000	   0.0000	   0.0000	   0.0000	   0.0000	   0.0000	   0.0000	  0.2514	  0.0000	        0.0000	        0.0000	        0.0000	        0.0000	        0.0000	        0.0000	        0.0000	  0.4606	  0.3491	-25.7712
2018	 89	  23	 55	 88.9965	  0.0000	 13.8324	    0.0061	  1.2609	  0.0000	  5.0000	   0.0000	   0.0000	   0.0000	-450.0000	-450.0000	-450.0000	 -4.0000	  5.9000	 50.1667	   4.0082	   1.0156	   1.6159	  0.3017	  0.5986	  0.1000	  0.1600	  0.1900	   0.0000	   0.0000	   0.0000	   0.0000	   0.0000	   0.0000	   0.0000	   0.0000	   0.0000	  0.2514	  0.0000	        0.0000	        0.0000	        0.0000	        0.0000	        0.0000	        0.0000	        0.0000	  0.4606	  0.3491	-25.7712
2018	 90	  23	 55	 89.9965	  0.0000	2951.9849	    7.1974	  2.4482	  0.0000	  6.0000	   0.0000	   0.0000	   0.0000	-450.0000	-450.0000	-450.0000	 -4.7000	  7.3000	 50.5833	   4.0082	   1.0156	   1.6159	  0.3017	  0.5986	  0.1000	  0.1600	  0.1900	   0.0000	   0.0000	   0.0000	   0.0000	   0.0000	   0.0000	   0.0000	   0.0000	   0.0000	  0.2514	  0.0000	        0.0000	        0.0000	        0.0000	        0.0000	        0.0000	        0.0000	        0.0000	  0.4606	  0.3491	-25.7712
2018	 91	  23	 55	 90.9965	  0.0000	2621.1682	    7.0602	  3.3706	  0.0000	  7.0000	   0.0000	   0.0000	   0.0000	-450.0000	-450.0000	-450.0000	 -1.4667	  6.4000	 42.3333	   4.0082	   1.0156	   1.6159	  0.3017	  0.5986	  0.1000	  0.1600	  0.1900	   0.0000	   0.0000	   0.0000	   0.0000	   0.0000	   0.0000	   0.0000	   0.0000	   0.0000	  0.2514	  0.0000	        0.0000	        0.0000	        0.0000	        0.0000	        0.0000	        0.0000	        0.0000	  0.4606	  0.3491	-25.7712
2018	 92	  23	 55	 91.9965	  0.0000	 15.1930	    0.0083	  2.9495	  0.0000	  9.0000	   0.0000	   0.0000	   0.0000	-450.0000	-450.0000	-450.0000	 -4.0000	  6.3000	 58.5833	   4.0082	   1.0156	   1.6159	  0.3017	  0.5986	  0.1000	  0.1600	  0.1900	   0.0000	   0.0000	   0.0000	   0.0000	   0.0000	   0.0000	   0.0000	   0.0000	   0.0000	  0.2514	  0.0000	        0.0000	        0.0000	        0.0000	        0.0000	        0.0000	        0.0000	        0.0000	  0.4606	  0.3491	-25.7712
2018	 93	  23	 55	 92.9965	  0.0000	2304.6886	    3.8558	  3.1307	 12.0000	  0.0000	   0.0000	   0.0000	   0.0000	-450.0000	-450.0000	-450.0000	 -3.1000	  4.1667	 31.8333	   4.0082	   1.0156	   1.6159	  0.3017	  0.5986	  0.1000	  0.1600	  0.1900	   0.0000	   0.0000	   0.0000	   0.0000	   0.0000	   0.0000	   0.0000	   0.0000	   0.0000	  0.2514	  0.0000	        0.0000	        0.0000	        0.0000	        0.0000	        0.0000	        0.0000	        0.0000	  0.4606	  0.3491	-25.7712
2018	 94	  23	 55	 93.9965	  0.0000	3327.7096	   24.3960	  7.3838	 39.9583	  0.0000	   1.9500	   1.9500	   1.9500	-450.0000	-450.0000	-450.0000	  4.2000	  9.7000	 42.0000	   4.0103	   1.0195	   1.6199	  0.3022	  0.5983	  0.1000	  0.1600	  0.1900	   0.0000	   0.0000	   0.0000	   0.0000	   0.0000	   0.0000	   0.0000	   0.0000	   0.0000	  0.2521	  0.0000	        0.0000	        0.0000	        0.0000	        0.0000	        0.0000	        0.0000	        0.0000	  0.4606	  0.3491	-25.7712
2018	 95	  23	 55	 94.9965	  0.0000	2708.3974	   17.7110	  9.4492	 34.7167	  0.0000	   3.4042	   3.4042	   3.4042	-450.0000	-450.0000	-450.0000	  3.9083	  9.0000	 39.0000	   4.0139	   1.0263	   1.6268	  0.3029	  0.5977	  0.1000	  0.1600	  0.1900	   0.0000	   0.0000	   0.0000	   0.0000	   0.0000	   0.0000	   0.0000	   0.0000	   0.0000	  0.2533	  0.0000	        0.0000	        0.0000	        0.0000	        0.0000	        0.0000	        0.0000	        0.0000	  0.4606	  0.3491	-25.7712
2018	 96	  23	 55	 95.9965	  0.0000	2735.6070	   13.5931	 10.2780	  0.0000	  1.0000	   0.0000	   0.0000	   0.0000	-450.0000	-450.0000	-450.0000	  2.3000	  7.3000	 47.7500	   4.0139	   1.0263	   1.6268	  0.3029	  0.5977	  0.1000	  0.1600	  0.1900	   0.0000	   0.0000	   0.0000	   0.0000	   0.0000	   0.0000	   0.0000	   0.0000	   0.0000	  0.2533	  0.0000	        0.0000	        0.0000	        0.0000	        0.0000	        0.0000	        0.0000	        0.0000	  0.4579	  0.3491	-27.1675
2018	 97	  23	 55	 96.9965	  0.0000	 13.8969	    0.1070	 10.6374	  0.0000	  3.0000	   5.8000	   5.8000	   5.8000	-450.0000	-450.0000	-450.0000	  2.3000	 13.5000	 51.1667	   4.0231	   1.0437	   1.6446	  0.3049	  0.5961	  0.1000	  0.1600	  0.1900	   0.0000	   0.0000	   0.0000	   0.0000	   0.0000	   0.0000	   0.0000	   0.0000	   0.0000	  0.2543	  0.0000	        0.0000	        0.0000	        0.0000	        0.0000	        0.0000	        0.0000	        0.0000	  0.4579	  0.3491	-27.1675
2018	 98	  23	 55	 97.9965	  0.0000	3254.9560	   38.6633	 16.2426	  0.0000	  4.0000	  11.9000	  11.9000	  11.9000	-450.0000	-450.0000	-450.0000	  4.6000	 17.6000	 58.7500	   4.0357	   1.0676	   1.6688	  0.3075	  0.5940	  0.1000	  0.1600	  0.1900	   0.0000	   0.0000	   0.0000	   0.0000	   0.0000	   0.0000	   0.0000	   0.0000	   0.0000	  0.2605	  0.0000	        0.0000	        0.0000	        0.0000	        0.0000	        0.0000	        0.0000	        0.0000	  0.4579	  0.3491	-27.1675
2018	 99	  23	 55	 98.9965	  0.0000	  3.5467	    0.0181	 11.9223	  0.0000	  7.0000	  23.1500	  23.1500	  23.1500	-450.0000	-450.0000	-450.0000	  4.6000	 12.9000	 55.2500	   4.0972	   1.1844	   1.7878	  0.3205	  0.5836	  0.1000	  0.1600	  0.1900	   0.0000	   0.0000	   0.0000	   0.0000	   0.0000	   0.0000	   0.0000	   0.0000	   0.0000	  0.2660	  0.0000	        0.0000	        0.0000	        0.0000	        0.0000	        0.0000	        0.0000	        0.0000	  0.4579	  0.3491	-27.1675
2018	100	  23	 55	 99.9965	  0.0000	 12.8984	    0.0788	 10.6809	  0.0000	  9.0000	  27.8917	  27.8917	  27.8917	-450.0000	-450.0000	-450.0000	  3.6417	 11.1000	 42.6667	   4.1538	   1.2921	   1.8972	  0.3325	  0.5740	  0.1000	  0.1600	  0.1900	   0.0000	   0.0000	   0.0000	   0.0000	   0.0000	   0.0000	   0.0000	   0.0000	   0.0000	  0.2899	  0.0000	        0.0000	        0.0000	        0.0000	        0.0000	        0.0000	        0.0000	        0.0000	  0.4579	  0.3491	-27.1675
2018	101	  23	 55	100.9965	  0.0000	  3.5076	    0.0146	  5.6099	  0.0000	 14.0000	  39.1417	  39.1417	  39.1417	-450.0000	-450.0000	-450.0000	  1.1000	 13.4000	 55.3333	   4.3372	   1.6435	   2.2536	  0.3715	  0.5428	  0.1000	  0.1600	  0.1900	   0.0000	   0.0000	   0.0000	   0.0000	   0.0000	   0.0000	   0.0000	   0.0000	   0.0000	  0.3103	  0.0000	        0.0000	        0.0000	        0.0000	        0.0000	        0.0000	        0.0000	        0.0000	  0.4606	  0.3491	-25.7712
2018	102	  23	 55	101.9965	  0.0000	3264.4181	   30.7213	 10.6322	  0.0000	 15.0000	  42.9917	  42.9917	  42.9917	-450.0000	-450.0000	-450.0000	  2.1000	 15.6000	 54.7500	   4.3828	   1.7312	   2.3424	  0.3812	  0.5350	  0.1000	  0.1600	  0.1900	   0.0000	   0.0000	   0.0000	   0.0000	   0.0000	   0.0000	   0.0000	   0.0000	   0.0000	  0.3763	  0.0000	        0.0000	        0.0000	        0.0000	        0.0000	        0.0000	        0.0000	        0.0000	  0.4579	  0.3491	-27.1675
2018	103	  23	 55	102.9965	  0.0000	 15.4737	    0.1920	 14.0202	  0.0000	 17.0000	  57.4917	  57.4917	  57.4917	   0.0000	   0.0000	   0.0000	  4.5000	 20.0000	 60.0000	   4.4972	   1.9517	   2.5655	  0.4057	  0.5154	  0.1000	  0.1600	  0.1900	   0.0000	   0.0000	   0.0000	   0.0000	   0.0000	   0.0000	   0.0000	   0.0000	   0.0000	  0.3942	  0.0000	        0.0000	        0.0000	        0.0000	        0.0000	        0.0000	        0.0000	        0.0000	  0.4579	  0.3491	-27.1675
2018	104	  23	 55	103.9965	  0.0000	 15.8402	    0.1946	 16.5150	  0.0000	 19.0000	  73.4917	  73.4917	  73.4917	   0.0000	   0.0000	   0.0000	  6.1000	 19.9000	 55.8333	   4.6448	   2.2376	   2.8545	  0.4375	  0.4900	  0.1000	  0.1600	  0.1900	   0.0000	   0.0000	   0.0000	   0.0000	   0.0000	   0.0000	   0.0000	   0.0000	   0.0000	  0.4381	  0.0000	        0.0000	        0.0000	        0.0000	        0.0000	        0.0000	        0.0000	        0.0000	  0.4579	  0.3491	-27.1675
2018	105	  23	 55	104.9965	  0.0000	2813.4422	   25.2924	 18.2705	 49.8833	  0.0000	  77.9417	  77.9417	  77.9417	   0.0000	   0.0000	   0.0000	  7.4000	 11.5000	 46.9167	   4.7277	   2.3986	   3.0171	  0.4554	  0.4757	  0.1000	  0.1600	  0.1900	   0.0000	   0.0000	   0.0000	   0.0000	   0.0000	   0.0000	   0.0000	   0.0000	   0.0000	  0.4924	  0.0000	        0.0000	        0.0000	        0.0000	        0.0000	        0.0000	        0.0000	        0.0000	  0.4579	  0.3491	-27.1675
2018	106	  23	 55	105.9965	  0.0000	  3.5512	    0.0293	 12.3002	  0.2250	  0.0000	  93.8417	  93.8417	  93.8417	   0.0000	   0.0000	   0.0000	  8.2000	 12.4000	 37.0000	   5.0106	   2.9504	   3.5736	  0.5167	  0.4266	  0.1000	  0.1600	  0.1900	   0.0000	   0.0000	   0.0000	   0.0000	   0.0000	   0.0000	   0.0000	   0.0000	   0.0000	  0.5223	  0.0000	        0.0000	        0.0000	        0.0000	        0.0000	        0.0000	        0.0000	        0.0000	  0.4579	  0.3491	-27.1675
2018	107	  23	 55	106.9965	  0.0000	2046.7554	   17.4279	 13.3257	  0.0083	  0.0000	  97.3917	  97.3917	  97.3917	   0.0000	   0.0000	   0.0000	  6.5000	 10.6000	 34.1667	   5.1000	   3.1538	   3.7786	  0.5393	  0.4086	  0.1000	  0.1600	  0.1900	   0.0000	   0.0000	   0.0000	   0.0000	   0.0000	   0.0000	   0.0000	   0.0000	   0.0000	  0.6235	  0.0000	        0.0000	        0.0000	        0.0000	        0.0000	        0.0000	        0.0000	        0.0000	  0.4579	  0.3491	-27.1675
2018	108	  23	 55	107.9965	  0.0000	2838.8224	   33.2684	 17.3142	  0.0000	  1.0000	 104.0417	 104.0417	 104.0417	   0.0000	   0.0000	   0.0000	  8.1000	 15.2000	 47.2500	   5.1000	   3.3716	   3.9980	  0.5635	  0.3892	  0.1000	  0.1600	  0.1900	   0.0000	   0.0000	   0.0000	   0.0000	   0.0000	   0.0000	   0.0000	   0.0000	   0.0000	  0.6613	  0.0000	        0.0000	        0.0000	        0.0000	        0.0000	        0.0000	        0.0000	        0.0000	  0.4579	  0.3491	-27.1675
2018	109	  23	 55	108.9965	  0.0000	2696.0007	   33.1609	 20.4836	  0.0000	  2.0000	 111.0917	 111.0917	 111.0917	   0.0000	   0.0000	   0.0000	  8.7000	 15.4000	 43.3333	   5.1000	   3.6049	   4.2329	  0.5894	  0.3685	  0.1000	  0.1600	  0.1900	   0.0000	   0.0000	   0.0000	   0.0000	   0.0000	   0.0000	   0.0000	   0.0000	   0.0000	  0.7018	  0.0000	        0.0000	        0.0000	        0.0000	        0.0000	        0.0000	        0.0000	        0.0000	  0.4579	  0.3491	-27.1675
2018	110	  23	 55	109.9965	  0.0000	 14.6442	    0.2114	 21.1863	  0.0000	  4.0000	 132.9917	 132.9917	 132.9917	   0.0000	   0.0000	   0.0000	  9.8000	 22.1000	 57.2500	   5.1000	   4.1426	   4.7739	  0.6492	  0.3207	  0.1000	  0.1600	  0.1900	   0.0000	   0.0000	   0.0000	   0.0000	   0.0000	   0.0000	   0.0000	   0.0000	   0.0000	  0.7464	  0.0000	        0.0000	        0.0000	        0.0000	        0.0000	        0.0000	        0.0000	        0.0000	  0.4579	  0.3491	-27.1675
2018	111	  23	 55	110.9965	  0.0000	2489.9902	   25.5581	 22.0606	  0.0000	  5.0000	 138.1458	 138.1458	 138.1458	   0.0000	   0.0000	   0.0000	  6.9083	 13.4000	 45.2500	   5.1000	   4.4350	   5.0680	  0.6817	  0.2947	  0.1000	  0.1600	  0.1900	   0.0000	   0.0000	   0.0000	   0.0000	   0.0000	   0.0000	   0.0000	   0.0000	   0.0000	  0.8457	  0.0000	        0.0000	        0.0000	        0.0000	        0.0000	        0.0000	        0.0000	        0.0000	  0.4579	  0.3491	-27.1675
2018	112	  23	 55	111.9965	  0.0000	3171.8419	   28.6467	 23.3779	  0.0000	  6.0000	 142.1458	 142.1458	 142.1458	   0.0000	   0.0000	   0.0000	  6.0000	 12.0000	 58.1667	   5.1000	   4.7368	   5.3714	  0.7152	  0.2678	  0.1000	  0.1600	  0.1900	   0.0000	   0.0000	   0.0000	   0.0000	   0.0000	   0.0000	   0.0000	   0.0000	   0.0000	  0.8980	  0.0000	        0.0000	        0.0000	        0.0000	        0.0000	        0.0000	        0.0000	        0.0000	  0.4579	  0.3491	-27.1675
2018	113	  23	 55	112.9965	  0.0000	3873.0717	   37.1902	 26.1403	122.7000	  0.0000	 147.4000	 147.4000	 147.4000	   0.0000	   0.0000	   0.0000	  7.5083	 13.0000	 78.5833	   5.1000	   5.0505	   5.6867	  0.7501	  0.2400	  0.1000	  0.1600	  0.1900	   0.0000	   0.0000	   0.0000	   0.0000	   0.0000	   0.0000	   0.0000	   0.0000	   0.0000	  0.9524	  0.0000	        0.0000	        0.0000	        0.0000	        0.0000	        0.0000	        0.0000	        0.0000	  0.4579	  0.3491	-27.1675
2018	114	  23	 55	113.9965	  0.0000	 10.4611	    0.0793	 19.2933	 16.8083	  0.0000	 153.6250	 153.6250	 153.6250	   0.0000	   0.0000	   0.0000	  6.8250	  9.4000	 33.7500	   5.1000	   5.5000	   5.9000	  0.8000	  0.2000	  0.1000	  0.1600	  0.1900	   0.0000	   0.0000	   0.0000	   0.0000	   0.0000	   0.0000	   0.0000	   0.0000	   0.0000	  0.9941	  0.0000	        0.0000	        0.0000	        0.0000	        0.0000	        0.0000	        0.0000	        0.0000	  0.4579	  0.3491	-27.1675
2018	115	  23	 55	114.9965	  0.0000	2816.0699	   24.4393	 20.3225	  0.0000	  1.0000	 157.5750	 157.5750	 157.5750	   0.0000	   0.0000	   0.0000	  6.7000	 11.2000	 53.7500	   5.1000	   5.5000	   5.9000	  0.8000	  0.2000	  0.1000	  0.1600	  0.1900	   0.0000	   0.0000	   0.0000	   0.0000	   0.0000	   0.0000	   0.0000	   0.0000	   0.0000	  1.0000	  0.0000	        0.0000	        0.0000	        0.0000	        0.0000	        0.0000	        0.0000	        0.0000	  0.4579	  0.3491	-27.1675
2018	116	  23	 55	115.9965	  0.0000	2347.1773	   18.4979	 19.9576	  5.7000	  0.0000	 160.3250	 160.3250	 160.3250	   0.0000	   0.0000	   0.0000	  6.3000	  9.2000	 45.6667	   5.1000	   5.5000	   5.9000	  0.8000	  0.2000	  0.1000	  0.1600	  0.1900	   0.0000	   0.0000	   0.0000	   0.0000	   0.0000	   0.0000	   0.0000	   0.0000	   0.0000	  1.0000	  0.0000	        0.0000	        0.0000	        0.0000	        0.0000	        0.0000	        0.0000	        0.0000	  0.4579	  0.3491	-27.1675
2018	117	  23	 55	116.9965	  0.0000	2810.1783	   25.5093	 21.0679	  1.2250	  0.0000	 164.3250	 164.3250	 164.3250	   0.0000	   0.0000	   0.0000	  6.6000	 11.4000	 51.0000	   5.1000	   5.5000	   5.9000	  0.8000	  0.2000	  0.1000	  0.1600	  0.1900	   0.0000	   0.0000	   0.0000	   0.0000	   0.0000	   0.0000	   0.0000	   0.0000	   0.0000	  1.0000	  0.0000	        0.0000	        0.0000	        0.0000	        0.0000	        0.0000	        0.0000	        0.0000	  0.4579	  0.3491	-27.1675
2018	118	  23	 55	117.9965	  0.0000	3105.5854	   28.5261	 22.5596	  6.2417	  0.0000	 168.6250	 168.6250	 168.6250	   0.0000	   0.0000	   0.0000	  5.9000	 12.7000	 50.4167	   5.1000	   5.5000	   5.9000	  0.8000	  0.2000	  0.1000	  0.1600	  0.1900	   0.0000	   0.0000	   0.0000	   0.0000	   0.0000	   0.0000	   0.0000	   0.0000	   0.0000	  1.0000	  0.0000	        0.0000	        0.0000	        0.0000	        0.0000	        0.0000	        0.0000	        0.0000	  0.4579	  0.3491	-27.1675
2018	119	  23	 55	118.9965	  0.0000	  3.5227	    0.0296	 12.7413	  0.2083	  0.0000	 189.8250	 189.8250	 189.8250	   0.0000	   0.0000	   0.0000	  6.9000	 13.7000	 58.5000	   5.1000	   5.5000	   5.9000	  0.8000	  0.2000	  0.1000	  0.1600	  0.1900	   0.0000	   0.0000	   0.0000	   0.0000	   0.0000	   0.0000	   0.0000	   0.0000	   0.0000	  1.0000	  0.0000	        0.0000	        0.0000	        0.0000	        0.0000	        0.0000	        0.0000	        0.0000	  0.4579	  0.3491	-27.1675
2018	120	  23	 55	119.9965	  0.0000	2720.3401	   26.1729	 15.4277	 55.0250	  0.0000	 194.9250	 194.9250	 194.9250	   0.0000	   0.0000	   0.0000	  6.9000	 13.3000	 42.8333	   5.1000	   5.5000	   5.9000	  0.8000	  0.2000	  0.1000	  0.1600	  0.1900	   0.0000	   0.0000	   0.0000	   0.0000	   0.0000	   0.0000	   0.0000	   0.0000	   0.0000	  1.0000	  0.0000	        0.0000	        0.0000	        0.0000	        0.0000	        0.0000	        0.0000	        0.0000	  0.4579	  0.3491	-27.1675
2018	121	  23	 55	120.9965	  0.0000	3260.9334	   30.7174	 18.4856	 13.1500	  0.0000	 199.9750	 199.9750	 199.9750	   0.0000	   0.0000	   0.0000	  6.9000	 13.2000	 58.7500	   5.1000	   5.5000	   5.9000	  0.8000	  0.2000	  0.1000	  0.1600	  0.1900	   0.0000	   0.0000	   0.0000	   0.0000	   0.0000	   0.0000	   0.0000	   0.0000	   0.0000	  1.0000	  0.0000	        0.0000	        0.0000	        0.0000	        0.0000	        0.0000	        0.0000	        0.0000	  0.4579	  0.3491	-27.1675
2018	122	  23	 55	121.9965	  0.0000	3107.3805	   33.8021	 21.5489	  0.0000	  1.0000	 205.5417	 205.5417	 205.5417	   0.0000	   0.0000	   0.0000	  7.6333	 13.5000	 56.6667	   5.1000	   5.5000	   5.9000	  0.8000	  0.2000	  0.1000	  0.1600	  0.1900	   0.0000	   0.0000	   0.0000	   0.0000	   0.0000	   0.0000	   0.0000	   0.0000	   0.0000	  1.0000	  0.0000	        0.0000	        0.0000	        0.0000	        0.0000	        0.0000	        0.0000	        0.0000	  0.4579	  0.3491	-27.1675
2018	123	  23	 55	122.9965	  0.0000	3358.8286	   31.1492	 23.4690	 12.8083	  0.0000	 209.8917	 209.8917	 209.8917	   0.0000	   0.0000	   0.0000	  6.7000	 12.0000	 68.5833	   5.1000	   5.5000	   5.9000	  0.8000	  0.2000	  0.1000	  0.1600	  0.1900	   0.0000	   0.0000	   0.0000	   0.0000	   0.0000	   0.0000	   0.0000	   0.0000	   0.0000	  1.0000	  0.0000	        0.0000	        0.0000	        0.0000	        0.0000	        0.0000	        0.0000	        0.0000	  0.4579	  0.3491	-27.1675
2018	124	  23	 55	123.9965	  0.0000	  3.5236	    0.0305	 12.4875	  0.0000	  4.0000	 227.6917	 227.6917	 227.6917	   0.0000	   0.0000	   0.0000	  6.5000	 12.4000	 53.5000	   5.1000	   5.5000	   5.9000	  0.8000	  0.2000	  0.1000	  0.1600	  0.1900	   0.0000	   0.0000	   0.0000	   0.0000	   0.0000	   0.0000	   0.0000	   0.0000	   0.0000	  1.0000	  0.0000	        0.0000	        0.0000	        0.0000	        0.0000	        0.0000	        0.0000	        0.0000	  0.4579	  0.3491	-27.1675
2018	125	  23	 55	124.9965	  0.0000	  3.5232	    0.0302	  5.5920	  0.0000	 10.0000	 269.6917	 269.6917	 269.6917	   0.0000	   0.0000	   0.0000	  8.1000	 15.9000	 52.1667	   5.1000	   5.5000	   5.9000	  0.8000	  0.2000	  0.1000	  0.1600	  0.1900	   0.0000	   0.0000	   0.0000	   0.0000	   0.0000	   0.0000	   0.0000	   0.0000	   0.0000	  1.0000	  0.0000	        0.0000	        0.0000	        0.0000	        0.0000	        0.0000	        0.0000	        0.0000	  0.4606	  0.3491	-25.7712
2018	126	  23	 55	125.9965	  0.0000	3550.5646	   48.8434	 14.2423	  0.0000	 11.0000	 277.3417	 277.3417	 277.3417	   0.0000	   0.0000	   0.0000	  6.6000	 18.7000	 66.1667	   5.1000	   5.5000	   5.9000	  0.8000	  0.2000	  0.1000	  0.1600	  0.1900	   0.0000	   0.0000	   0.0000	   0.0000	   0.0000	   0.0000	   0.0000	   0.0000	   0.0000	  1.0000	  0.0000	        0.0000	        0.0000	        0.0000	        0.0000	        0.0000	        0.0000	        0.0000	  0.4579	  0.3491	-27.1675
2018	127	  23	 55	126.9965	  0.0000	3559.4516	   61.2112	 23.6361	  0.0000	 12.0000	 288.2417	 288.2417	 288.2417	   0.0000	   0.0000	   0.0000	  9.8000	 22.0000	 63.6667	   5.1000	   5.5000	   5.9000	  0.8000	  0.2000	  0.1000	  0.1600	  0.1900	   0.0000	   0.0000	   0.0000	   0.0000	   0.0000	   0.0000	   0.0000	   0.0000	   0.0000	  1.0000	  0.0000	        0.0000	        0.0000	        0.0000	        0.0000	        0.0000	        0.0000	        0.0000	  0.4579	  0.3491	-27.1675
2018	128	  23	 55	127.9965	  0.0000	  3.5370	    0.0440	 13.5111	  0.0000	 17.0000	 300.0000	 300.0000	 300.0000	   0.0000	   0.0000	   0.0000	  9.7000	 24.2000	 66.7500	   5.1000	   5.5000	   5.9000	  0.8000	  0.2000	  0.1000	  0.1600	  0.1900	   0.0000	   0.0000	   0.0000	   0.0000	   0.0000	   0.0000	   0.0000	   0.0000	   0.0000	  1.0000	  0.0000	        0.0000	        0.0000	        0.0000	        0.0000	        0.0000	        0.0000	        0.0000	  0.4579	  0.3491	-27.1675
2018	129	  23	 55	128.9965	  0.0000	  3.5947	    0.0568	 16.5057	  0.0000	 20.0000	 300.0000	 300.0000	 300.0000	   0.0000	   0.0000	   0.0000	 11.2000	 25.9000	 66.3333	   5.1000	   5.5000	   5.9000	  0.8000	  0.2000	  0.1000	  0.1600	  0.1900	   0.0000	   0.0000	   0.0000	   0.0000	   0.0000	   0.0000	   0.0000	   0.0000	   0.0000	  1.0000	  0.0000	        0.0000	        0.0000	        0.0000	        0.0000	        0.0000	        0.0000	        0.0000	  0.4579	  0.3491	-27.1675
2018	130	  23	 55	129.9965	  0.0000	3853.0361	   76.3288	 28.4703	  4.0500	  0.0000	 300.0000	 300.0000	 300.0000	   0.0000	   0.0000	   0.0000	 12.2000	 27.6000	 65.2500	   5.1000	   5.5000	   5.9000	  0.8000	  0.2000	  0.1000	  0.1600	  0.1900	   0.0000	   0.0000	   0.0000	   0.0000	   0.0000	   0.0000	   0.0000	   0.0000	   0.0000	  1.0000	  0.0000	        0.0000	        0.0000	        0.0000	        0.0000	        0.0000	        0.0000	        0.0000	  0.4579	  0.3491	-27.1675
2018	131	  23	 55	130.9965	  0.0000	3487.2494	   48.1832	 32.4129	  8.5417	  0.0000	 300.0000	 300.0000	 300.0000	   0.0000	   0.0000	   0.0000	 10.7000	 16.7000	 65.4167	   5.1000	   5.5000	   5.9000	  0.8000	  0.2000	  0.1000	  0.1600	  0.1900	   0.0000	   0.0000	   0.0000	   0.0000	   0.0000	   0.0000	   0.0000	   0.0000	   0.0000	  1.0000	  0.0000	        0.0000	        0.0000	        0.0000	        0.0000	        0.0000	        0.0000	        0.0000	  0.4579	  0.3491	-27.1675
2018	132	  23	 55	131.9965	  0.0000	 15.0334	    0.2368	 29.2111	  0.0000	  2.0000	 300.0000	 300.0000	 300.0000	   0.0000	   0.0000	   0.0000	 10.3000	 19.9000	 62.0000	   5.1000	   5.5000	   5.9000	  0.8000	  0.2000	  0.1000	  0.1600	  0.1900	   0.0000	   0.0000	   0.0000	   0.0000	   0.0000	   0.0000	   0.0000	   0.0000	   0.0000	  1.0000	  0.0000	        0.0000	        0.0000	        0.0000	        0.0000	        0.0000	        0.0000	        0.0000	  0.4579	  0.3491	-27.1675
2018	133	  23	 55	132.9965	  0.0000	  3.5875	    0.0530	 24.1017	  0.0000	  5.0000	 300.0000	 300.0000	 300.0000	   0.0000	   0.0000	   0.0000	 14.9167	 25.6000	 61.1667	   5.1000	   5.5000	   5.9000	  0.8000	  0.2000	  0.1000	  0.1600	  0.1900	   0.0000	   0.0000	   0.0000	   0.0000	   0.0000	   0.0000	   0.0000	   0.0000	   0.0000	  1.0000	  0.0000	        0.0000	        0.0000	        0.0000	        0.0000	        0.0000	        0.0000	        0.0000	  0.4579	  0.3491	-27.1675
2018	134	  23	 55	133.9965	  0.0000	  3.6034	    0.0632	 23.4873	  0.0000	  8.0000	 300.0000	 300.0000	 300.0000	   0.0000	   0.0000	   0.0000	 12.3000	 28.2000	 70.9167	   5.1000	   5.5000	   5.9000	  0.8000	  0.2000	  0.1000	  0.1600	  0.1900	   0.0000	   0.0000	   0.0000	   0.0000	   0.0000	   0.0000	   0.0000	   0.0000	   0.0000	  1.0000	  0.0000	        0.0000	        0.0000	        0.0000	        0.0000	        0.0000	        0.0000	        0.0000	  0.4579	  0.3491	-27.1675
2018	135	  23	 55	134.9965	  0.0000	  3.5998	    0.0601	 22.7308	  0.0000	 11.0000	 300.0000	 300.0000	 300.0000	   0.0000	   0.0000	   0.0000	 13.8000	 28.1000	 68.1667	   5.1000	   5.5000	   5.9000	  0.8000	  0.2000	  0.1000	  0.1600	  0.1900	   0.0000	   0.0000	   0.0000	   0.0000	   0.0000	   0.0000	   0.0000	   0.0000	   0.0000	  1.0000	  0.0000	        0.0000	        0.0000	        0.0000	        0.0000	        0.0000	        0.0000	        0.0000	  0.4579	  0.3491	-27.1675
2018	136	  23	 55	135.9965	  0.0000	 16.6916	    0.3183	 26.9589	  0.0000	 13.0000	 300.0000	 300.0000	 300.0000	   0.0000	   0.0000	   0.0000	 14.1917	 26.4000	 70.8333	   5.1000	   5.5000	   5.9000	  0.8000	  0.2000	  0.1000	  0.1600	  0.1900	   0.0000	   0.0000	   0.0000	   0.0000	   0.0000	   0.0000	   0.0000	   0.0000	   0.0000	  1.0000	  0.0000	        0.0000	        0.0000	        0.0000	        0.0000	        0.0000	        0.0000	        0.0000	  0.4579	  0.3491	-27.1675
2018	137	  23	 55	136.9965	  0.0000	3097.8513	   52.1196	 31.9911	  0.3667	  0.0000	 300.0000	 300.0000	 300.0000	   0.0000	   0.0000	   0.0000	 13.4000	 20.5000	 57.5833	   5.1000	   5.5000	   5.9000	  0.8000	  0.2000	  0.1000	  0.1600	  0.1900	   0.0000	   0.0000	   0.0000	   0.0000	   0.0000	   0.0000	   0.0000	   0.0000	   0.0000	  1.0000	  0.0000	        0.0000	        0.0000	        0.0000	        0.0000	        0.0000	        0.0000	        0.0000	  0.4579	  0.3491	-27.1675
2018	138	  23	 55	137.9965	  0.0000	  3.5268	    0.0337	 19.4678	  0.7667	  0.0000	 300.0000	 300.0000	 300.0000	   0.0000	   0.0000	   0.0000	  9.6250	 20.9000	 67.3333	   5.1000	   5.5000	   5.9000	  0.8000	  0.2000	  0.1000	  0.1600	  0.1900	   0.0000	   0.0000	   0.0000	   0.0000	   0.0000	   0.0000	   0.0000	   0.0000	   0.0000	  1.0000	  0.0000	        0.0000	        0.0000	        0.0000	        0.0000	        0.0000	        0.0000	        0.0000	  0.4579	  0.3491	-27.1675
2018	139	  23	 55	138.9965	  0.0000	3668.2260	   58.5988	 27.2940	  0.0000	  1.0000	 300.0000	 300.0000	 300.0000	   0.0000	   0.0000	   0.0000	  7.2000	 22.1000	 67.0000	   5.1000	   5.5000	   5.9000	  0.8000	  0.2000	  0.1000	  0.1600	  0.1900	   0.0000	   0.0000	   0.0000	   0.0000	   0.0000	   0.0000	   0.0000	   0.0000	   0.0000	  1.0000	  0.0000	        0.0000	        0.0000	        0.0000	        0.0000	        0.0000	        0.0000	        0.0000	  0.4579	  0.3491	-27.1675
2018	140	  23	 55	139.9965	  0.0000	  3.5811	    0.0442	 22.0916	  0.0000	  4.0000	 300.0000	 300.0000	 300.0000	   0.0000	   0.0000	   0.0000	 10.2000	 22.2000	 65.6667	   5.1000	   5.5000	   5.9000	  0.8000	  0.2000	  0.1000	  0.1600	  0.1900	   0.0000	   0.0000	   0.0000	   0.0000	   0.0000	   0.0000	   0.0000	   0.0000	   0.0000	  1.0000	  0.0000	        0.0000	        0.0000	        0.0000	        0.0000	        0.0000	        0.0000	        0.0000	  0.4579	  0.3491	-27.1675
2018	141	  23	 55	140.9965	  0.0000	  3.5850	    0.0500	 19.2761	  0.0000	  7.0000	 300.0000	 300.0000	 300.0000	   0.0000	   0.0000	   0.0000	 10.6000	 22.7000	 64.9167	   5.1000	   5.5000	   5.9000	  0.8000	  0.2000	  0.1000	  0.1600	  0.1900	   0.0000	   0.0000	   0.0000	   0.0000	   0.0000	   0.0000	   0.0000	   0.0000	   0.0000	  1.0000	  0.0000	        0.0000	        0.0000	        0.0000	        0.0000	        0.0000	        0.0000	        0.0000	  0.4579	  0.3491	-27.1675
2018	142	  23	 55	141.9965	  0.0000	  3.5832	    0.0447	 18.7461	  0.0000	 10.0000	 300.0000	 300.0000	 300.0000	   0.0000	   0.0000	   0.0000	 11.2000	 23.0000	 69.3333	   5.1000	   5.5000	   5.9000	  0.8000	  0.2000	  0.1000	  0.1600	  0.1900	   0.0000	   0.0000	   0.0000	   0.0000	   0.0000	   0.0000	   0.0000	   0.0000	   0.0000	  1.0000	  0.0000	        0.0000	        0.0000	        0.0000	        0.0000	        0.0000	        0.0000	        0.0000	  0.4579	  0.3491	-27.1675
2018	143	  23	 55	142.9965	  0.0000	  3.5897	    0.0509	 19.1379	  0.0000	 13.0000	 300.0000	 300.0000	 300.0000	   0.0000	   0.0000	   0.0000	 10.5000	 24.9000	 70.1667	   5.1000	   5.5000	   5.9000	  0.8000	  0.2000	  0.1000	  0.1600	  0.1900	   0.0000	   0.0000	   0.0000	   0.0000	   0.0000	   0.0000	   0.0000	   0.0000	   0.0000	  1.0000	  0.0000	        0.0000	        0.0000	        0.0000	        0.0000	        0.0000	        0.0000	        0.0000	  0.4579	  0.3491	-27.1675
2018	144	  23	 55	143.9965	  0.0000	 16.5143	    0.3229	 24.6041	  0.0000	 15.0000	 300.0000	 300.0000	 300.0000	   0.0000	   0.0000	   0.0000	 12.0000	 25.8000	 68.8333	   5.1000	   5.5000	   5.9000	  0.8000	  0.2000	  0.1000	  0.1600	  0.1900	   0.0000	   0.0000	   0.0000	   0.0000	   0.0000	   0.0000	   0.0000	   0.0000	   0.0000	  1.0000	  0.0000	        0.0000	        0.0000	        0.0000	        0.0000	        0.0000	        0.0000	        0.0000	  0.4579	  0.3491	-27.1675
2018	145	  23	 55	144.9965	  0.0000	 16.1240	    0.3329	 28.2547	  0.0000	 17.0000	 300.0000	 300.0000	 300.0000	   0.0000	   0.0000	   0.0000	 15.5000	 27.4000	 65.0000	   5.1000	   5.5000	   5.9000	  0.8000	  0.2000	  0.1000	  0.1600	  0.1900	   0.0000	   0.0000	   0.0000	   0.0000	   0.0000	   0.0000	   0.0000	   0.0000	   0.0000	  1.0000	  0.0000	        0.0000	        0.0000	        0.0000	        0.0000	        0.0000	        0.0000	        0.0000	  0.4579	  0.3491	-27.1675
2018	146	  23	 55	145.9965	  0.0000	  3.5547	    0.0617	 16.0618	  0.0000	 22.0000	 300.0000	 300.0000	 300.0000	   0.0000	   0.0000	   0.0000	 14.0000	 26.9000	 74.5833	   5.1000	   5.5000	   5.9000	  0.8000	  0.2000	  0.1000	  0.1600	  0.1900	   0.0000	   0.0000	   0.0000	   0.0000	   0.0000	   0.0000	   0.0000	   0.0000	   0.0000	  1.0000	  0.0000	        0.0000	        0.0000	        0.0000	        0.0000	        0.0000	        0.0000	        0.0000	  0.4579	  0.3491	-27.1675
2018	147	  23	 55	146.9965	  0.0000	  3.5553	    0.0622	 14.2767	  5.3083	  0.0000	 300.0000	 300.0000	 300.0000	   0.0000	   0.0000	   0.0000	 16.6000	 26.9000	 56.6667	   5.1000	   5.5000	   5.9000	  0.8000	  0.2000	  0.1000	  0.1600	  0.1900	   0.0000	   0.0000	   0.0000	   0.0000	   0.0000	   0.0000	   0.0000	   0.0000	   0.0000	  1.0000	  0.0000	        0.0000	        0.0000	        0.0000	        0.0000	        0.0000	        0.0000	        0.0000	  0.4579	  0.3491	-27.1675
2018	148	  23	 55	147.9965	  0.0000	  3.5921	    0.0537	 15.7162	 79.4250	  0.0000	 300.0000	 300.0000	 300.0000	   0.0000	   0.0000	   0.0000	 15.1333	 21.2000	 74.0833	   5.1000	   5.5000	   5.9000	  0.8000	  0.2000	  0.1000	  0.1600	  0.1900	   0.0000	   0.0000	   0.0000	   0.0000	   0.0000	   0.0000	   0.0000	   0.0000	   0.0000	  1.0000	  0.0000	        0.0000	        0.0000	        0.0000	        0.0000	        0.0000	        0.0000	        0.0000	  0.4579	  0.3491	-27.1675
2018	149	  23	 55	148.9965	  0.0000	  3.6087	    0.0671	 19.2718	  4.8750	  0.0000	 300.0000	 300.0000	 300.0000	   0.0000	   0.0000	   0.0000	 15.1000	 28.3000	 77.2500	   5.1000	   5.5000	   5.9000	  0.8000	  0.2000	  0.1000	  0.1600	  0.1900	   0.0000	   0.0000	   0.0000	   0.0000	   0.0000	   0.0000	   0.0000	   0.0000	   0.0000	  1.0000	  0.0000	        0.0000	        0.0000	        0.0000	        0.0000	        0.0000	        0.0000	        0.0000	  0.4579	  0.3491	-27.1675
2018	150	  23	 55	149.9965	  0.0000	 16.4617	    0.3917	 26.8876	  0.0000	  2.0000	 300.0000	 300.0000	 300.0000	   0.0000	   0.0000	   0.0000	 16.6000	 30.6000	 67.5000	   5.1000	   5.5000	   5.9000	  0.8000	  0.2000	  0.1000	  0.1600	  0.1900	   0.0000	   0.0000	   0.0000	   0.0000	   0.0000	   0.0000	   0.0000	   0.0000	   0.0000	  1.0000	  0.0000	        0.0000	        0.0000	        0.0000	        0.0000	        0.0000	        0.0000	        0.0000	  0.4579	  0.3491	-27.1675
2018	151	  23	 55	150.9965	  0.0000	  3.6067	    0.0696	 25.3029	  0.0000	  5.0000	 300.0000	 300.0000	 300.0000	   0.0000	   0.0000	   0.0000	 18.6000	 29.1000	 67.8333	   5.1000	   5.5000	   5.9000	  0.8000	  0.2000	  0.1000	  0.1600	  0.1900	   0.0000	   0.0000	   0.0000	   0.0000	   0.0000	   0.0000	   0.0000	   0.0000	   0.0000	  1.0000	  0.0000	        0.0000	        0.0000	        0.0000	        0.0000	        0.0000	        0.0000	        0.0000	  0.4579	  0.3491	-27.1675
2018	152	  23	 55	151.9965	  0.0000	  3.5549	    0.0619	 12.2653	  0.0000	 11.0000	 300.0000	 300.0000	 300.0000	   0.0000	   0.0000	   0.0000	 16.8000	 26.5000	 72.2500	   5.1000	   5.5000	   5.9000	  0.8000	  0.2000	  0.1000	  0.1600	  0.1900	   0.0000	   0.0000	   0.0000	   0.0000	   0.0000	   0.0000	   0.0000	   0.0000	   0.0000	  1.0000	  0.0000	        0.0000	        0.0000	        0.0000	        0.0000	        0.0000	        0.0000	        0.0000	  0.4579	  0.3491	-27.1675
2018	153	  23	 55	152.9965	  0.0000	  3.5566	    0.0636	 11.5062	  0.0000	 16.0000	 300.0000	 300.0000	 300.0000	   0.0000	   0.0000	   0.0000	 15.4000	 27.9000	 76.3333	   5.1000	   5.5000	   5.9000	  0.8000	  0.2000	  0.1000	  0.1600	  0.1900	   0.0000	   0.0000	   0.0000	   0.0000	   0.0000	   0.0000	   0.0000	   0.0000	   0.0000	  1.0000	  0.0000	        0.0000	        0.0000	        0.0000	        0.0000	        0.0000	        0.0000	        0.0000	  0.4579	  0.3491	-27.1675
2018	154	  23	 55	153.9965	  0.0000	3335.7424	   74.1989	 24.0448	  0.0000	 17.0000	 300.0000	 300.0000	 300.0000	   0.0000	   0.0000	   0.0000	 16.9000	 26.7000	 63.2500	   5.1000	   5.5000	   5.9000	  0.8000	  0.2000	  0.1000	  0.1600	  0.1900	 315.4381	 143.3739	 172.0642	 315.4381	 143.3739	 172.0642	 315.4381	 143.3739	 172.0642	  1.0000	  0.0000	        0.0000	        0.0000	        0.0000	        0.0000	        0.0000	        0.0000	        0.0000	  0.4579	  0.3491	-27.1675
2018	155	  23	 55	154.9965	  0.0000	  3.5995	    0.0613	 23.1967	  0.0000	 20.0000	 300.0000	 300.0000	 300.0000	   0.0000	   0.0000	   0.0000	 17.2417	 27.1000	 73.1667	   5.1000	   5.5000	   5.9000	  0.8000	  0.2000	  0.1000	  0.1600	  0.1900	   0.0000	   0.0000	   0.0000	   0.0000	   0.0000	   0.0000	   0.0000	   0.0000	   0.0000	  1.0000	  0.0000	        0.0000	        0.0000	        0.0000	        0.0000	        0.0000	        0.0000	        0.0000	  0.4579	  0.3491	-27.1675
2018	156	  23	 55	155.9965	  0.0000	3260.9425	   51.6115	 28.8796	  0.0000	 21.0000	 300.0000	 300.0000	 300.0000	   0.0000	   0.0000	   0.0000	 12.3000	 18.9000	 60.9167	   5.1000	   5.5000	   5.9000	  0.8000	  0.2000	  0.1000	  0.1600	  0.1900	 222.9213	 101.3236	 121.5977	 222.9213	 101.3236	 121.5977	 222.9213	 101.3236	 121.5977	  1.0000	  0.0000	        0.0000	        0.0000	        0.0000	        0.0000	        0.0000	        0.0000	        0.0000	  0.4579	  0.3491	-27.1675
2018	157	  23	 55	156.9965	  0.0000	  3.5488	    0.0557	 17.6169	  0.0000	 25.0000	 300.0000	 300.0000	 300.0000	   0.0000	   0.0000	   0.0000	 13.0000	 21.2000	 61.9167	   5.1000	   5.5000	   5.9000	  0.8000	  0.2000	  0.1000	  0.1600	  0.1900	   3.4589	   1.5739	   1.8850	   3.4589	   1.5739	   1.8850	   3.4589	   1.5739	   1.8850	  1.0000	  0.0000	        0.0000	        0.0000	        0.0000	        0.0000	        0.0000	        0.0000	        0.0000	  0.4579	  0.3491	-27.1675
2018	158	  23	 55	157.9965	  0.0000	  3.5922	    0.0614	 17.2837	  0.0000	 28.0000	 300.0000	 300.0000	 300.0000	   0.0000	   0.0000	   0.0000	 15.5000	 24.0000	 63.4167	   5.1000	   5.5000	   5.9000	  0.8000	  0.2000	  0.1000	  0.1600	  0.1900	   8.3333	   3.7897	   4.5436	   8.3333	   3.7897	   4.5436	   8.3333	   3.7897	   4.5436	  1.0000	  0.0000	        0.0000	        0.0000	        0.0000	        0.0000	        0.0000	        0.0000	        0.0000	  0.4579	  0.3491	-27.1675
2018	159	  23	 55	158.9965	  0.0000	  3.5947	    0.0556	 19.6698	  0.0000	 31.0000	 300.0000	 300.0000	 300.0000	   0.0000	   0.0000	   0.0000	 15.5000	 26.5000	 73.0000	   5.1000	   5.5000	   5.9000	  0.8000	  0.2000	  0.1000	  0.1600	  0.1900	  13.1572	   5.9826	   7.1746	  13.1572	   5.9826	   7.1746	  13.1572	   5.9826	   7.1746	  1.0000	  0.0000	        0.0000	        0.0000	        0.0000	        0.0000	        0.0000	        0.0000	        0.0000	  0.4579	  0.3491	-27.1675
2018	160	  23	 55	159.9965	  0.0000	  3.5563	    0.0631	 17.0535	  0.0000	 35.0000	 300.0000	 300.0000	 300.0000	   0.0000	   0.0000	   0.0000	 13.5000	 26.3000	 77.6667	   5.1000	   5.5000	   5.9000	  0.8000	  0.2000	  0.1000	  0.1600	  0.1900	  19.6557	   8.9368	  10.7189	  19.6557	   8.9368	  10.7189	  19.6557	   8.9368	  10.7189	  1.0000	  0.0000	        0.0000	        0.0000	        0.0000	        0.0000	        0.0000	        0.0000	        0.0000	  0.4579	  0.3491	-27.1675
2018	161	  23	 55	160.9965	  0.0000	  3.5961	    0.0569	 18.4721	 12.3667	  0.0000	 300.0000	 300.0000	 300.0000	   0.0000	   0.0000	   0.0000	 15.1000	 25.3000	 69.9167	   5.1000	   5.5000	   5.9000	  0.8000	  0.2000	  0.1000	  0.1600	  0.1900	   0.0000	   0.0000	   0.0000	   0.0000	   0.0000	   0.0000	   0.0000	   0.0000	   0.0000	  1.0000	  0.0000	        0.0000	        0.0000	        0.0000	        0.0000	        0.0000	        0.0000	        0.0000	  0.4579	  0.3491	-27.1675
2018	162	  23	 55	161.9965	  0.0000	  3.5764	    0.0488	 15.1108	 12.6917	  0.0000	 300.0000	 300.0000	 300.0000	   0.0000	   0.0000	   0.0000	 13.7000	 16.9000	 53.3333	   5.1000	   5.5000	   5.9000	  0.8000	  0.2000	  0.1000	  0.1600	  0.1900	   0.0000	   0.0000	   0.0000	   0.0000	   0.0000	   0.0000	   0.0000	   0.0000	   0.0000	  1.0000	  0.0000	        0.0000	        0.0000	        0.0000	        0.0000	        0.0000	        0.0000	        0.0000	  0.4579	  0.3491	-27.1675
2018	163	  23	 55	162.9965	  0.0000	  3.5893	    0.0504	 16.7389	  0.0000	  3.0000	 300.0000	 300.0000	 300.0000	   0.0000	   0.0000	   0.0000	 13.6000	 21.7000	 74.4167	   5.1000	   5.5000	   5.9000	  0.8000	  0.2000	  0.1000	  0.1600	  0.1900	   0.0000	   0.0000	   0.0000	   0.0000	   0.0000	   0.0000	   0.0000	   0.0000	   0.0000	  1.0000	  0.0000	        0.0000	        0.0000	        0.0000	        0.0000	        0.0000	        0.0000	        0.0000	  0.4579	  0.3491	-27.1675
2018	164	  23	 55	163.9965	  0.0000	 16.5055	    0.2778	 21.2649	  0.0000	  5.0000	 300.0000	 300.0000	 300.0000	   0.0000	   0.0000	   0.0000	 12.5000	 21.9000	 72.6667	   5.1000	   5.5000	   5.9000	  0.8000	  0.2000	  0.1000	  0.1600	  0.1900	   0.0000	   0.0000	   0.0000	   0.0000	   0.0000	   0.0000	   0.0000	   0.0000	   0.0000	  1.0000	  0.0000	        0.0000	        0.0000	        0.0000	        0.0000	        0.0000	        0.0000	        0.0000	  0.4579	  0.3491	-27.1675
2018	165	  23	 55	164.9965	  0.0000	 14.5459	    0.2345	 21.9890	 39.9500	  0.0000	 300.0000	 300.0000	 300.0000	   0.0000	   0.0000	   0.0000	 13.8000	 20.6000	 56.8333	   5.1000	   5.5000	   5.9000	  0.8000	  0.2000	  0.1000	  0.1600	  0.1900	   0.0000	   0.0000	   0.0000	   0.0000	   0.0000	   0.0000	   0.0000	   0.0000	   0.0000	  1.0000	  0.0000	        0.0000	        0.0000	        0.0000	        0.0000	        0.0000	        0.0000	        0.0000	  0.4579	  0.3491	-27.1675
2018	166	  23	 55	165.9965	  0.0000	3513.9805	   57.5101	 29.0932	  0.0000	  1.0000	 300.0000	 300.0000	 300.0000	   0.0000	   0.0000	   0.0000	 13.6000	 18.9000	 69.5000	   5.1000	   5.5000	   5.9000	  0.8000	  0.2000	  0.1000	  0.1600	  0.1900	 216.4423	  98.3765	 118.0658	 216.4423	  98.3765	 118.0658	 216.4423	  98.3765	 118.0658	  1.0000	  0.0000	        0.0000	        0.0000	        0.0000	        0.0000	        0.0000	        0.0000	        0.0000	  0.4579	  0.3491	-27.1675
2018	167	  23	 55	166.9965	  0.0000	 18.3821	    0.2988	 30.1558	 22.0833	  0.0000	 300.0000	 300.0000	 300.0000	   0.0000	   0.0000	   0.0000	 13.9000	 22.2000	 80.9167	   5.1000	   5.5000	   5.9000	  0.8000	  0.2000	  0.1000	  0.1600	  0.1900	   0.0000	   0.0000	   0.0000	   0.0000	   0.0000	   0.0000	   0.0000	   0.0000	   0.0000	  1.0000	  0.0000	        0.0000	        0.0000	        0.0000	        0.0000	        0.0000	        0.0000	        0.0000	  0.4579	  0.3491	-27.1675
2018	168	  23	 55	167.9965	  0.0000	4521.9540	   69.9645	 38.1175	115.2250	  0.0000	 300.0000	 300.0000	 300.0000	   0.0000	   0.0000	   0.0000	 13.9000	 18.4000	 94.5833	   5.1000	   5.5000	   5.9000	  0.8000	  0.2000	  0.1000	  0.1600	  0.1900	 269.4034	 122.4483	 146.9551	 269.4034	 122.4483	 146.9551	 269.4034	 122.4483	 146.9551	  1.0000	  0.0000	        0.0000	        0.0000	        0.0000	        0.0000	        0.0000	        0.0000	        0.0000	  0.4579	  0.3491	-27.1675
2018	169	  23	 55	168.9965	  0.0000	  3.5808	    0.0505	 25.8853	  7.4833	  0.0000	 300.0000	 300.0000	 300.0000	   0.0000	   0.0000	   0.0000	 14.1000	 18.2000	 58.6667	   5.1000	   5.5000	   5.9000	  0.8000	  0.2000	  0.1000	  0.1600	  0.1900	   0.0000	   0.0000	   0.0000	   0.0000	   0.0000	   0.0000	   0.0000	   0.0000	   0.0000	  1.0000	  0.0000	        0.0000	        0.0000	        0.0000	        0.0000	        0.0000	        0.0000	        0.0000	  0.4579	  0.3491	-27.1675
2018	170	  23	 55	169.9965	  0.0000	3269.8994	   50.1258	 30.7334	  7.8833	  0.0000	 300.0000	 300.0000	 300.0000	   0.0000	   0.0000	   0.0000	 12.9250	 17.4000	 69.2500	   5.1000	   5.5000	   5.9000	  0.8000	  0.2000	  0.1000	  0.1600	  0.1900	 182.4665	  82.9337	  99.5328	 182.4665	  82.9337	  99.5328	 182.4665	  82.9337	  99.5328	  1.0000	  0.0000	        0.0000	        0.0000	        0.0000	        0.0000	        0.0000	        0.0000	        0.0000	  0.4579	  0.3491	-27.1675
2018	171	  23	 55	170.9965	  0.0000	  3.5441	    0.0510	 16.9499	 47.0833	  0.0000	 300.0000	 300.0000	 300.0000	   0.0000	   0.0000	   0.0000	 11.4000	 16.9000	 58.0833	   5.1000	   5.5000	   5.9000	  0.8000	  0.2000	  0.1000	  0.1600	  0.1900	   0.0000	   0.0000	   0.0000	   0.0000	   0.0000	   0.0000	   0.0000	   0.0000	   0.0000	  1.0000	  0.0000	        0.0000	        0.0000	        0.0000	        0.0000	        0.0000	        0.0000	        0.0000	  0.4579	  0.3491	-27.1675
2018	172	  23	 55	171.9965	  0.0000	 16.2891	    0.2069	 18.8231	 18.4750	  0.0000	 300.0000	 300.0000	 300.0000	   0.0000	   0.0000	   0.0000	  9.8000	 16.0000	 61.2500	   5.1000	   5.5000	   5.9000	  0.8000	  0.2000	  0.1000	  0.1600	  0.1900	   0.0000	   0.0000	   0.0000	   0.0000	   0.0000	   0.0000	   0.0000	   0.0000	   0.0000	  1.0000	  0.0000	        0.0000	        0.0000	        0.0000	        0.0000	        0.0000	        0.0000	        0.0000	  0.4579	  0.3491	-27.1675
2018	173	  23	 55	172.9965	  0.0000	  3.5353	    0.0422	 12.9326	  0.0000	  4.0000	 300.0000	 300.0000	 300.0000	   0.0000	   0.0000	   0.0000	  9.4000	 17.3000	 68.0000	   5.1000	   5.5000	   5.9000	  0.8000	  0.2000	  0.1000	  0.1600	  0.1900	   0.0000	   0.0000	   0.0000	   0.0000	   0.0000	   0.0000	   0.0000	   0.0000	   0.0000	  1.0000	  0.0000	        0.0000	        0.0000	        0.0000	        0.0000	        0.0000	        0.0000	        0.0000	  0.4579	  0.3491	-27.1675
2018	174	  23	 55	173.9965	  0.0000	3505.3735	   52.3839	 20.8229	  0.0000	  5.0000	 300.0000	 300.0000	 300.0000	   0.0000	   0.0000	   0.0000	  8.6000	 19.1000	 65.5833	   5.1000	   5.5000	   5.9000	  0.8000	  0.2000	  0.1000	  0.1600	  0.1900	 200.4439	  91.1053	 109.3386	 200.4439	  91.1053	 109.3386	 200.4439	  91.1053	 109.3386	  1.0000	  0.0000	        0.0000	        0.0000	        0.0000	        0.0000	        0.0000	        0.0000	        0.0000	  0.4579	  0.3491	-27.1675
2018	175	  23	 55	174.9965	  0.0000	3617.3830	   63.4492	 29.3482	  0.0000	  6.0000	 300.0000	 300.0000	 300.0000	   0.0000	   0.0000	   0.0000	 10.4000	 22.3000	 73.0000	   5.1000	   5.5000	   5.9000	  0.8000	  0.2000	  0.1000	  0.1600	  0.1900	 250.5504	 113.8799	 136.6705	 250.5504	 113.8799	 136.6705	 250.5504	 113.8799	 136.6705	  1.0000	  0.0000	        0.0000	        0.0000	        0.0000	        0.0000	        0.0000	        0.0000	        0.0000	  0.4579	  0.3491	-27.1675
2018	176	  23	 55	175.9965	  0.0000	 16.4959	    0.3167	 30.7886	  0.0000	  8.0000	 300.0000	 300.0000	 300.0000	   0.0000	   0.0000	   0.0000	 15.0000	 24.6000	 73.6667	   5.1000	   5.5000	   5.9000	  0.8000	  0.2000	  0.1000	  0.1600	  0.1900	   0.0000	   0.0000	   0.0000	   0.0000	   0.0000	   0.0000	   0.0000	   0.0000	   0.0000	  1.0000	  0.0000	        0.0000	        0.0000	        0.0000	        0.0000	        0.0000	        0.0000	        0.0000	  0.4579	  0.3491	-27.1675
2018	177	  23	 55	176.9965	  0.0000	  3.5576	    0.0645	 21.5717	  0.0000	 12.0000	 300.0000	 300.0000	 300.0000	   0.0000	   0.0000	   0.0000	 14.2000	 27.1000	 73.0833	   5.1000	   5.5000	   5.9000	  0.8000	  0.2000	  0.1000	  0.1600	  0.1900	   0.0000	   0.0000	   0.0000	   0.0000	   0.0000	   0.0000	   0.0000	   0.0000	   0.0000	  1.0000	  0.0000	        0.0000	        0.0000	        0.0000	        0.0000	        0.0000	        0.0000	        0.0000	  0.4579	  0.3491	-27.1675
2018	178	  23	 55	177.9965	  0.0000	 15.6459	    0.3278	 25.8917	  0.0000	 14.0000	 300.0000	 300.0000	 300.0000	   0.0000	   0.0000	   0.0000	 16.4000	 25.9000	 68.7500	   5.1000	   5.5000	   5.9000	  0.8000	  0.2000	  0.1000	  0.1600	  0.1900	   0.0000	   0.0000	   0.0000	   0.0000	   0.0000	   0.0000	   0.0000	   0.0000	   0.0000	  1.0000	  0.0000	        0.0000	        0.0000	        0.0000	        0.0000	        0.0000	        0.0000	        0.0000	  0.4579	  0.3491	-27.1675
2018	179	  23	 55	178.9965	  0.0000	  3.6034	    0.0648	 24.1138	  0.0000	 17.0000	 300.0000	 300.0000	 300.0000	   0.0000	   0.0000	   0.0000	 17.4000	 26.3000	 74.6667	   5.1000	   5.5000	   5.9000	  0.8000	  0.2000	  0.1000	  0.1600	  0.1900	   0.0000	   0.0000	   0.0000	   0.0000	   0.0000	   0.0000	   0.0000	   0.0000	   0.0000	  1.0000	  0.0000	        0.0000	        0.0000	        0.0000	        0.0000	        0.0000	        0.0000	        0.0000	  0.4579	  0.3491	-27.1675
