Year	DOY	Hour	Min	 Dectime	  HDD1_h	  HDD2_c	HDD3_Tmean	HDD4_T5d	   P_day	  DaysSR	GDD_EveTr	GDD_DecTr	GDD_Grass	SDD_EveTr	SDD_DecTr	SDD_Grass	    Tmin	    Tmax	   DLHrs	LAI_EveTr	LAI_DecTr	LAI_Grass	DecidCap	Porosity	AlbEveTr	AlbDecTr	AlbGrass	WU_EveTr1	WU_EveTr2	WU_EveTr3	WU_DecTr1	WU_DecTr2	WU_DecTr3	WU_Grass1	WU_Grass2	WU_Grass3	LAIlumps	 AlbSnow	DensSnow_Paved	DensSnow_Bldgs	DensSnow_EveTr	DensSnow_DecTr	DensSnow_Grass	DensSnow_BSoil	DensSnow_Water	      a1	      a2	      a3
2018	  1	  23	 55	  0.9965	  0.0000	  9.7161	    0.0498	  4.1214	 17.1583	  0.0000	   0.2000	   0.2000	   0.2000	-450.0000	-450.0000	-450.0000	  3.6000	  6.6000	  8.4167	   4.0003	   1.0006	   1.6006	  0.3001	  0.5999	  0.1000	  0.1600	  0.1900	   0.0000	   0.0000	   0.0000	   0.0000	   0.0000	   0.0000	   0.0000	   0.0000	   0.0000	  0.2454	  0.0000	        0.0000	        0.0000	        0.0000	        0.0000	        0.0000	        0.0000	        0.0000	  0.5213	  0.2994	-28.9786
2018	  2	  23	 55	  1.9965	  0.0000	  8.4011	    0.0446	  3.8929	  0.8000	  0.0000	   1.5000	   1.5000	   1.5000	-450.0000	-450.0000	-450.0000	  4.8000	  6.5000	 12.5000	   4.0028	   1.0053	   1.6054	  0.3006	  0.5995	  0.1000	  0.1600	  0.1900	   0.0000	   0.0000	   0.0000	   0.0000	   0.0000	   0.0000	   0.0000	   0.0000	   0.0000	  0.2458	  0.0000	        0.0000	        0.0000	        0.0000	        0.0000	        0.0000	        0.0000	        0.0000	  0.5213	  0.2994	-28.9786
2018	  3	  23	 55	  2.9965	  0.0000	1166.6051	    4.0058	  3.9155	 10.3333	  0.0000	   0.0000	   0.0000	   0.0000	-450.0000	-450.0000	-450.0000	  2.6000	  5.0000	  3.5833	   4.0028	   1.0053	   1.6054	  0.3006	  0.5995	  0.1000	  0.1600	  0.1900	   0.0000	   0.0000	   0.0000	   0.0000	   0.0000	   0.0000	   0.0000	   0.0000	   0.0000	  0.2463	  0.0000	        0.0000	        0.0000	        0.0000	        0.0000	        0.0000	        0.0000	        0.0000	  0.5213	  0.2994	-28.9786
2018	  4	  23	 55	  3.9965	  0.0000	1364.8650	    3.8580	  3.9040	  0.0167	  0.0000	   0.0000	   0.0000	   0.0000	-450.0000	-450.0000	-450.0000	  2.2000	  3.5000	 12.3333	   4.0028	   1.0053	   1.6054	  0.3006	  0.5995	  0.1000	  0.1600	  0.1900	   0.0000	   0.0000	   0.0000	   0.0000	   0.0000	   0.0000	   0.0000	   0.0000	   0.0000	  0.2463	  0.0000	        0.0000	        0.0000	        0.0000	        0.0000	        0.0000	        0.0000	        0.0000	  0.5213	  0.2994	-28.9786
2018	  5	  23	 55	  4.9965	  0.0000	1224.1428	    2.3693	  3.5971	  0.0000	  1.0000	   0.0000	   0.0000	   0.0000	-450.0000	-450.0000	-450.0000	  0.8167	  2.8000	  7.3333	   4.0028	   1.0053	   1.6054	  0.3006	  0.5995	  0.1000	  0.1600	  0.1900	   0.0000	   0.0000	   0.0000	   0.0000	   0.0000	   0.0000	   0.0000	   0.0000	   0.0000	  0.2463	  0.0000	        0.0000	        0.0000	        0.0000	        0.0000	        0.0000	        0.0000	        0.0000	  0.5213	  0.2994	-28.9786
2018	  6	  23	 55	  5.9965	  0.0000	  8.2528	   -0.0308	  1.8484	  0.0000	  3.0000	   0.0000	   0.0000	   0.0000	-450.0000	-450.0000	-450.0000	 -6.0500	  0.8000	  9.0000	   4.0028	   1.0053	   1.6054	  0.3006	  0.5995	  0.1000	  0.1600	  0.1900	   0.0000	   0.0000	   0.0000	   0.0000	   0.0000	   0.0000	   0.0000	   0.0000	   0.0000	  0.2463	  0.0000	        0.0000	        0.0000	        0.0000	        0.0000	        0.0000	        0.0000	        0.0000	  0.5213	  0.2994	-28.9786
2018	  7	  23	 55	  6.9965	  0.0000	1838.1075	   -3.2548	  0.8277	  0.0000	  4.0000	   0.0000	   0.0000	   0.0000	-450.0000	-450.0000	-450.0000	 -7.9000	  4.4000	 22.5000	   4.0028	   1.0053	   1.6054	  0.3006	  0.5995	  0.1000	  0.1600	  0.1900	   0.0000	   0.0000	   0.0000	   0.0000	   0.0000	   0.0000	   0.0000	   0.0000	   0.0000	  0.2463	  0.0000	        0.0000	        0.0000	        0.0000	        0.0000	        0.0000	        0.0000	        0.0000	  0.5213	  0.2994	-28.9786
2018	  8	  23	 55	  7.9965	  0.0000	1748.6105	    4.7116	  1.6045	  0.0000	  5.0000	   0.0000	   0.0000	   0.0000	-450.0000	-450.0000	-450.0000	  0.2000	  4.3000	 18.9167	   4.0028	   1.0053	   1.6054	  0.3006	  0.5995	  0.1000	  0.1600	  0.1900	   0.0000	   0.0000	   0.0000	   0.0000	   0.0000	   0.0000	   0.0000	   0.0000	   0.0000	  0.2463	  0.0000	        0.0000	        0.0000	        0.0000	        0.0000	        0.0000	        0.0000	        0.0000	  0.5213	  0.2994	-28.9786
2018	  9	  23	 55	  8.9965	  0.0000	1691.4444	    3.2388	  1.9314	  0.0000	  6.0000	   0.0000	   0.0000	   0.0000	-450.0000	-450.0000	-450.0000	 -0.9000	  4.6000	 17.3333	   4.0028	   1.0053	   1.6054	  0.3006	  0.5995	  0.1000	  0.1600	  0.1900	   0.0000	   0.0000	   0.0000	   0.0000	   0.0000	   0.0000	   0.0000	   0.0000	   0.0000	  0.2463	  0.0000	        0.0000	        0.0000	        0.0000	        0.0000	        0.0000	        0.0000	        0.0000	  0.5213	  0.2994	-28.9786
2018	 10	  23	 55	  9.9965	  0.0000	1770.4096	    5.6256	  2.6702	 14.0833	  0.0000	   0.0000	   0.0000	   0.0000	-450.0000	-450.0000	-450.0000	  2.1000	  3.9000	  5.2500	   4.0028	   1.0053	   1.6054	  0.3006	  0.5995	  0.1000	  0.1600	  0.1900	   0.0000	   0.0000	   0.0000	   0.0000	   0.0000	   0.0000	   0.0000	   0.0000	   0.0000	  0.2463	  0.0000	        0.0000	        0.0000	        0.0000	        0.0000	        0.0000	        0.0000	        0.0000	  0.5213	  0.2994	-28.9786
2018	 11	  23	 55	 10.9965	  0.0000	1559.7775	    3.8437	  2.9049	  5.5000	  0.0000	   0.0000	   0.0000	   0.0000	-450.0000	-450.0000	-450.0000	 -0.4000	  3.5000	 12.6667	   4.0028	   1.0053	   1.6054	  0.3006	  0.5995	  0.1000	  0.1600	  0.1900	   0.0000	   0.0000	   0.0000	   0.0000	   0.0000	   0.0000	   0.0000	   0.0000	   0.0000	  0.2463	  0.0000	        0.0000	        0.0000	        0.0000	        0.0000	        0.0000	        0.0000	        0.0000	  0.5213	  0.2994	-28.9786
2018	 12	  23	 55	 11.9965	  0.0000	  7.9724	    0.0041	  2.0534	  0.3667	  0.0000	   0.0000	   0.0000	   0.0000	-450.0000	-450.0000	-450.0000	 -0.5000	  2.0000	  8.9167	   4.0028	   1.0053	   1.6054	  0.3006	  0.5995	  0.1000	  0.1600	  0.1900	   0.0000	   0.0000	   0.0000	   0.0000	   0.0000	   0.0000	   0.0000	   0.0000	   0.0000	  0.2463	  0.0000	        0.0000	        0.0000	        0.0000	        0.0000	        0.0000	        0.0000	        0.0000	  0.5213	  0.2994	-28.9786
2018	 13	  23	 55	 12.9965	  0.0000	1096.6489	    0.1855	  1.6798	  0.2417	  0.0000	   0.0000	   0.0000	   0.0000	-450.0000	-450.0000	-450.0000	 -0.7917	  0.7000	  4.9167	   4.0028	   1.0053	   1.6054	  0.3006	  0.5995	  0.1000	  0.1600	  0.1900	   0.0000	   0.0000	   0.0000	   0.0000	   0.0000	   0.0000	   0.0000	   0.0000	   0.0000	  0.2463	  0.0000	        0.0000	        0.0000	        0.0000	        0.0000	        0.0000	        0.0000	        0.0000	  0.5213	  0.2994	-28.9786
2018	 14	  23	 55	 13.9965	  0.0000	1043.5972	   -0.6537	  1.2131	  0.0000	  1.0000	   0.0000	   0.0000	   0.0000	-450.0000	-450.0000	-450.0000	 -1.7833	  0.0010	  5.0833	   4.0028	   1.0053	   1.6054	  0.3006	  0.5995	  0.1000	  0.1600	  0.1900	   0.0000	   0.0000	   0.0000	   0.0000	   0.0000	   0.0000	   0.0000	   0.0000	   0.0000	  0.2463	  0.0000	        0.0000	        0.0000	        0.0000	        0.0000	        0.0000	        0.0000	        0.0000	  0.5213	  0.2994	-28.9786
2018	 15	  23	 55	 14.9965	  0.0000	1211.2030	   -0.1280	  0.9449	  5.5167	  0.0000	   0.0000	   0.0000	   0.0000	-450.0000	-450.0000	-450.0000	 -1.9000	  0.8833	  4.5000	   4.0028	   1.0053	   1.6054	  0.3006	  0.5995	  0.1000	  0.1600	  0.1900	   0.0000	   0.0000	   0.0000	   0.0000	   0.0000	   0.0000	   0.0000	   0.0000	   0.0000	  0.2463	  0.0000	        0.0000	        0.0000	        0.0000	        0.0000	        0.0000	        0.0000	        0.0000	  0.5213	  0.2994	-28.9786
2018	 16	  23	 55	 15.9965	  0.0000	2299.6268	    5.7557	  1.9070	 25.0083	  0.0000	   0.0000	   0.0000	   0.0000	-450.0000	-450.0000	-450.0000	  0.4000	  3.7000	 13.1667	   4.0028	   1.0053	   1.6054	  0.3006	  0.5995	  0.1000	  0.1600	  0.1900	   0.0000	   0.0000	   0.0000	   0.0000	   0.0000	   0.0000	   0.0000	   0.0000	   0.0000	  0.2463	  0.0000	        0.0000	        0.0000	        0.0000	        0.0000	        0.0000	        0.0000	        0.0000	  0.5213	  0.2994	-28.9786
2018	 17	  23	 55	 16.9965	  0.0000	1405.3368	    2.5598	  2.0376	  0.1333	  0.0000	   0.0000	   0.0000	   0.0000	-450.0000	-450.0000	-450.0000	  0.7000	  3.3000	 13.7500	   4.0028	   1.0053	   1.6054	  0.3006	  0.5995	  0.1000	  0.1600	  0.1900	   0.0000	   0.0000	   0.0000	   0.0000	   0.0000	   0.0000	   0.0000	   0.0000	   0.0000	  0.2463	  0.0000	        0.0000	        0.0000	        0.0000	        0.0000	        0.0000	        0.0000	        0.0000	  0.5213	  0.2994	-28.9786
2018	 18	  23	 55	 17.9965	  0.0000	1288.8614	    0.9520	  1.8205	  0.0083	  0.0000	   0.0000	   0.0000	   0.0000	-450.0000	-450.0000	-450.0000	 -1.1667	  1.5000	 10.6667	   4.0028	   1.0053	   1.6054	  0.3006	  0.5995	  0.1000	  0.1600	  0.1900	   0.0000	   0.0000	   0.0000	   0.0000	   0.0000	   0.0000	   0.0000	   0.0000	   0.0000	  0.2463	  0.0000	        0.0000	        0.0000	        0.0000	        0.0000	        0.0000	        0.0000	        0.0000	  0.5213	  0.2994	-28.9786
2018	 19	  23	 55	 18.9965	  0.0000	1890.7300	   -2.8449	  0.8874	  0.0000	  1.0000	   0.0000	   0.0000	   0.0000	-450.0000	-450.0000	-450.0000	 -3.8000	  0.8000	 23.0000	   4.0028	   1.0053	   1.6054	  0.3006	  0.5995	  0.1000	  0.1600	  0.1900	   0.0000	   0.0000	   0.0000	   0.0000	   0.0000	   0.0000	   0.0000	   0.0000	   0.0000	  0.2463	  0.0000	        0.0000	        0.0000	        0.0000	        0.0000	        0.0000	        0.0000	        0.0000	  0.5213	  0.2994	-28.9786
2018	 20	  23	 55	 19.9965	  0.0000	1225.6498	    0.3954	  0.7890	  0.3167	  0.0000	   0.0000	   0.0000	   0.0000	-450.0000	-450.0000	-450.0000	 -1.1000	  1.2000	 11.4167	   4.0028	   1.0053	   1.6054	  0.3006	  0.5995	  0.1000	  0.1600	  0.1900	   0.0000	   0.0000	   0.0000	   0.0000	   0.0000	   0.0000	   0.0000	   0.0000	   0.0000	  0.2463	  0.0000	        0.0000	        0.0000	        0.0000	        0.0000	        0.0000	        0.0000	        0.0000	  0.5213	  0.2994	-28.9786
2018	 21	  23	 55	 20.9965	  0.0000	1309.0944	    0.2999	  0.6912	  0.0000	  1.0000	   0.0000	   0.0000	   0.0000	-450.0000	-450.0000	-450.0000	 -0.4000	  1.0000	 11.2500	   4.0028	   1.0053	   1.6054	  0.3006	  0.5995	  0.1000	  0.1600	  0.1900	   0.0000	   0.0000	   0.0000	   0.0000	   0.0000	   0.0000	   0.0000	   0.0000	   0.0000	  0.2463	  0.0000	        0.0000	        0.0000	        0.0000	        0.0000	        0.0000	        0.0000	        0.0000	  0.5213	  0.2994	-28.9786
2018	 22	  23	 55	 21.9965	  0.0000	1280.3891	   -0.5586	  0.4412	  0.0000	  2.0000	   0.0000	   0.0000	   0.0000	-450.0000	-450.0000	-450.0000	 -2.0000	  0.6000	 11.4167	   4.0028	   1.0053	   1.6054	  0.3006	  0.5995	  0.1000	  0.1600	  0.1900	   0.0000	   0.0000	   0.0000	   0.0000	   0.0000	   0.0000	   0.0000	   0.0000	   0.0000	  0.2463	  0.0000	        0.0000	        0.0000	        0.0000	        0.0000	        0.0000	        0.0000	        0.0000	  0.5213	  0.2994	-28.9786
2018	 23	  23	 55	 22.9965	  0.0000	1481.5045	    2.1491	  0.7828	 29.2667	  0.0000	   0.0000	   0.0000	   0.0000	-450.0000	-450.0000	-450.0000	 -0.4000	  4.9500	  7.8333	   4.0028	   1.0053	   1.6054	  0.3006	  0.5995	  0.1000	  0.1600	  0.1900	   0.0000	   0.0000	   0.0000	   0.0000	   0.0000	   0.0000	   0.0000	   0.0000	   0.0000	  0.2463	  0.0000	        0.0000	        0.0000	        0.0000	        0.0000	        0.0000	        0.0000	        0.0000	  0.5213	  0.2994	-28.9786
2018	 24	  23	 55	 23.9965	  0.0000	1727.5241	   11.4718	  2.9206	 20.7833	  0.0000	   1.9500	   1.9500	   1.9500	-450.0000	-450.0000	-450.0000	  5.0000	  8.9000	  6.0000	   4.0049	   1.0092	   1.6094	  0.3010	  0.5992	  0.1000	  0.1600	  0.1900	   0.0000	   0.0000	   0.0000	   0.0000	   0.0000	   0.0000	   0.0000	   0.0000	   0.0000	  0.2470	  0.0000	        0.0000	        0.0000	        0.0000	        0.0000	        0.0000	        0.0000	        0.0000	  0.5213	  0.2994	-28.9786
2018	 25	  23	 55	 24.9965	  0.0000	1193.9511	    6.9860	  3.7337	  1.2333	  0.0000	   2.7500	   2.7500	   2.7500	-450.0000	-450.0000	-450.0000	  5.3000	  6.3000	  9.8333	   4.0078	   1.0147	   1.6150	  0.3016	  0.5987	  0.1000	  0.1600	  0.1900	   0.0000	   0.0000	   0.0000	   0.0000	   0.0000	   0.0000	   0.0000	   0.0000	   0.0000	  0.2479	  0.0000	        0.0000	        0.0000	        0.0000	        0.0000	        0.0000	        0.0000	        0.0000	  0.5213	  0.2994	-28.9786
2018	 26	  23	 55	 25.9965	  0.0000	  3.5183	    0.0084	  2.7750	  2.3500	  0.0000	   0.0000	   0.0000	   0.0000	-450.0000	-450.0000	-450.0000	  2.3750	  5.7000	 11.7500	   4.0078	   1.0147	   1.6150	  0.3016	  0.5987	  0.1000	  0.1600	  0.1900	   0.0000	   0.0000	   0.0000	   0.0000	   0.0000	   0.0000	   0.0000	   0.0000	   0.0000	  0.2479	  0.0000	        0.0000	        0.0000	        0.0000	        0.0000	        0.0000	        0.0000	        0.0000	  0.5213	  0.2994	-28.9786
2018	 27	  23	 55	 26.9965	  0.0000	 11.4743	    0.0251	  2.3691	 19.5333	  0.0000	   0.0000	   0.0000	   0.0000	-450.0000	-450.0000	-450.0000	 -2.8000	  4.5000	 25.5833	   4.0078	   1.0147	   1.6150	  0.3016	  0.5987	  0.1000	  0.1600	  0.1900	   0.0000	   0.0000	   0.0000	   0.0000	   0.0000	   0.0000	   0.0000	   0.0000	   0.0000	  0.2479	  0.0000	        0.0000	        0.0000	        0.0000	        0.0000	        0.0000	        0.0000	        0.0000	  0.5213	  0.2994	-28.9786
2018	 28	  23	 55	 27.9965	  0.0000	1494.9388	    8.6217	  3.6196	  6.5500	  0.0000	   0.4500	   0.4500	   0.4500	-450.0000	-450.0000	-450.0000	  3.6000	  7.3000	  9.1667	   4.0082	   1.0156	   1.6159	  0.3017	  0.5986	  0.1000	  0.1600	  0.1900	   0.0000	   0.0000	   0.0000	   0.0000	   0.0000	   0.0000	   0.0000	   0.0000	   0.0000	  0.2481	  0.0000	        0.0000	        0.0000	        0.0000	        0.0000	        0.0000	        0.0000	        0.0000	  0.5213	  0.2994	-28.9786
2018	 29	  23	 55	 28.9965	  0.0000	  9.9994	    0.0421	  3.6379	 35.9417	  0.0000	   0.0000	   0.0000	   0.0000	-450.0000	-450.0000	-450.0000	  2.5000	  7.2000	 13.7500	   4.0082	   1.0156	   1.6159	  0.3017	  0.5986	  0.1000	  0.1600	  0.1900	   0.0000	   0.0000	   0.0000	   0.0000	   0.0000	   0.0000	   0.0000	   0.0000	   0.0000	  0.2481	  0.0000	        0.0000	        0.0000	        0.0000	        0.0000	        0.0000	        0.0000	        0.0000	  0.5213	  0.2994	-28.9786
2018	 30	  23	 55	 29.9965	  0.0000	1882.0687	    5.8980	  4.0899	  0.0000	  1.0000	   0.0000	   0.0000	   0.0000	-450.0000	-450.0000	-450.0000	 -0.4000	  5.5000	 24.0000	   4.0082	   1.0156	   1.6159	  0.3017	  0.5986	  0.1000	  0.1600	  0.1900	   0.0000	   0.0000	   0.0000	   0.0000	   0.0000	   0.0000	   0.0000	   0.0000	   0.0000	  0.2481	  0.0000	        0.0000	        0.0000	        0.0000	        0.0000	        0.0000	        0.0000	        0.0000	  0.5213	  0.2994	-28.9786
2018	 31	  23	 55	 30.9965	  0.0000	1889.8456	    6.7132	  4.6146	 21.0083	  0.0000	   0.0000	   0.0000	   0.0000	-450.0000	-450.0000	-450.0000	  1.5000	  5.3000	 11.4167	   4.0082	   1.0156	   1.6159	  0.3017	  0.5986	  0.1000	  0.1600	  0.1900	   0.0000	   0.0000	   0.0000	   0.0000	   0.0000	   0.0000	   0.0000	   0.0000	   0.0000	  0.2481	  0.0000	        0.0000	        0.0000	        0.0000	        0.0000	        0.0000	        0.0000	        0.0000	  0.5213	  0.2994	-28.9786
2018	 32	  23	 55	 31.9965	  0.0000	 11.1342	    0.0368	  4.1668	 24.2750	  0.0000	   0.0000	   0.0000	   0.0000	-450.0000	-450.0000	-450.0000	  0.7000	  4.5000	 15.1667	   4.0082	   1.0156	   1.6159	  0.3017	  0.5986	  0.1000	  0.1600	  0.1900	   0.0000	   0.0000	   0.0000	   0.0000	   0.0000	   0.0000	   0.0000	   0.0000	   0.0000	  0.2481	  0.0000	        0.0000	        0.0000	        0.0000	        0.0000	        0.0000	        0.0000	        0.0000	  0.5213	  0.2994	-28.9786
2018	 33	  23	 55	 32.9965	  0.0000	1552.7813	   -3.1525	  2.7030	  1.3083	  0.0000	   0.0000	   0.0000	   0.0000	-450.0000	-450.0000	-450.0000	 -5.1000	  3.0000	 12.0000	   4.0082	   1.0156	   1.6159	  0.3017	  0.5986	  0.1000	  0.1600	  0.1900	   0.0000	   0.0000	   0.0000	   0.0000	   0.0000	   0.0000	   0.0000	   0.0000	   0.0000	  0.2481	  0.0000	        0.0000	        0.0000	        0.0000	        0.0000	        0.0000	        0.0000	        0.0000	  0.5213	  0.2994	-28.9786
2018	 34	  23	 55	 33.9965	  0.0000	1137.9886	   -3.7257	  1.4172	  0.1500	  0.0000	   0.0000	   0.0000	   0.0000	-450.0000	-450.0000	-450.0000	 -5.1000	 -2.2000	  9.0000	   4.0082	   1.0156	   1.6159	  0.3017	  0.5986	  0.1000	  0.1600	  0.1900	   0.0000	   0.0000	   0.0000	   0.0000	   0.0000	   0.0000	   0.0000	   0.0000	   0.0000	  0.2481	  0.0000	        0.0000	        0.0000	        0.0000	        0.0000	        0.0000	        0.0000	        0.0000	  0.5213	  0.2994	-28.9786
2018	 35	  23	 55	 34.9965	  0.0000	1436.1626	   -4.9036	  0.1531	  0.0000	  1.0000	   0.0000	   0.0000	   0.0000	-450.0000	-450.0000	-450.0000	 -6.6917	 -2.2000	 15.1667	   4.0082	   1.0156	   1.6159	  0.3017	  0.5986	  0.1000	  0.1600	  0.1900	   0.0000	   0.0000	   0.0000	   0.0000	   0.0000	   0.0000	   0.0000	   0.0000	   0.0000	  0.2481	  0.0000	        0.0000	        0.0000	        0.0000	        0.0000	        0.0000	        0.0000	        0.0000	  0.5213	  0.2994	-28.9786
2018	 36	  23	 55	 35.9965	  0.0000	2182.9181	  -13.4895	 -2.5755	  0.0000	  2.0000	   0.0000	   0.0000	   0.0000	-450.0000	-450.0000	-450.0000	 -9.1000	 -2.9000	 29.2500	   4.0082	   1.0156	   1.6159	  0.3017	  0.5986	  0.1000	  0.1600	  0.1900	   0.0000	   0.0000	   0.0000	   0.0000	   0.0000	   0.0000	   0.0000	   0.0000	   0.0000	  0.2481	  0.0000	        0.0000	        0.0000	        0.0000	        0.0000	        0.0000	        0.0000	        0.0000	  0.5213	  0.2994	-28.9786
2018	 37	  23	 55	 36.9965	  0.0000	1387.6668	   -4.6677	 -2.9939	  0.3250	  0.0000	   0.0000	   0.0000	   0.0000	-450.0000	-450.0000	-450.0000	 -8.5000	 -0.8000	  9.9167	   4.0082	   1.0156	   1.6159	  0.3017	  0.5986	  0.1000	  0.1600	  0.1900	   0.0000	   0.0000	   0.0000	   0.0000	   0.0000	   0.0000	   0.0000	   0.0000	   0.0000	  0.2481	  0.0000	        0.0000	        0.0000	        0.0000	        0.0000	        0.0000	        0.0000	        0.0000	  0.5213	  0.2994	-28.9786
2018	 38	  23	 55	 37.9965	  0.0000	1691.0544	   -0.6320	 -2.5215	  5.3750	  0.0000	   0.0000	   0.0000	   0.0000	-450.0000	-450.0000	-450.0000	 -3.7000	  2.0000	 15.7500	   4.0082	   1.0156	   1.6159	  0.3017	  0.5986	  0.1000	  0.1600	  0.1900	   0.0000	   0.0000	   0.0000	   0.0000	   0.0000	   0.0000	   0.0000	   0.0000	   0.0000	  0.2481	  0.0000	        0.0000	        0.0000	        0.0000	        0.0000	        0.0000	        0.0000	        0.0000	  0.5213	  0.2994	-28.9786
2018	 39	  23	 55	 38.9965	  0.0000	1509.3800	    2.1779	 -1.5816	  0.0000	  1.0000	   0.0000	   0.0000	   0.0000	-450.0000	-450.0000	-450.0000	 -0.1000	  2.5000	 18.8333	   4.0082	   1.0156	   1.6159	  0.3017	  0.5986	  0.1000	  0.1600	  0.1900	   0.0000	   0.0000	   0.0000	   0.0000	   0.0000	   0.0000	   0.0000	   0.0000	   0.0000	  0.2481	  0.0000	        0.0000	        0.0000	        0.0000	        0.0000	        0.0000	        0.0000	        0.0000	  0.5213	  0.2994	-28.9786
2018	 40	  23	 55	 39.9965	  0.0000	  9.2714	   -0.0068	 -0.9976	  0.0000	  3.0000	   0.0000	   0.0000	   0.0000	-450.0000	-450.0000	-450.0000	 -2.7000	  1.6000	 20.5833	   4.0082	   1.0156	   1.6159	  0.3017	  0.5986	  0.1000	  0.1600	  0.1900	   0.0000	   0.0000	   0.0000	   0.0000	   0.0000	   0.0000	   0.0000	   0.0000	   0.0000	  0.2481	  0.0000	        0.0000	        0.0000	        0.0000	        0.0000	        0.0000	        0.0000	        0.0000	  0.5213	  0.2994	-28.9786
2018	 41	  23	 55	 40.9965	  0.0000	1374.5020	   -0.4283	 -0.8837	  0.0000	  4.0000	   0.0000	   0.0000	   0.0000	-450.0000	-450.0000	-450.0000	 -2.0000	  0.9000	 16.3333	   4.0082	   1.0156	   1.6159	  0.3017	  0.5986	  0.1000	  0.1600	  0.1900	   0.0000	   0.0000	   0.0000	   0.0000	   0.0000	   0.0000	   0.0000	   0.0000	   0.0000	  0.2481	  0.0000	        0.0000	        0.0000	        0.0000	        0.0000	        0.0000	        0.0000	        0.0000	  0.5213	  0.2994	-28.9786
2018	 42	  23	 55	 41.9965	  0.0000	1504.2900	    0.5687	 -0.5933	  6.4667	  0.0000	   0.0000	   0.0000	   0.0000	-450.0000	-450.0000	-450.0000	 -1.5000	  2.6000	 14.6667	   4.0082	   1.0156	   1.6159	  0.3017	  0.5986	  0.1000	  0.1600	  0.1900	   0.0000	   0.0000	   0.0000	   0.0000	   0.0000	   0.0000	   0.0000	   0.0000	   0.0000	  0.2481	  0.0000	        0.0000	        0.0000	        0.0000	        0.0000	        0.0000	        0.0000	        0.0000	  0.5213	  0.2994	-28.9786
2018	 43	  23	 55	 42.9965	  0.0000	1475.2229	    2.8292	  0.0912	 33.5083	  0.0000	   0.0000	   0.0000	   0.0000	-450.0000	-450.0000	-450.0000	  0.6000	  3.2000	 15.0833	   4.0082	   1.0156	   1.6159	  0.3017	  0.5986	  0.1000	  0.1600	  0.1900	   0.0000	   0.0000	   0.0000	   0.0000	   0.0000	   0.0000	   0.0000	   0.0000	   0.0000	  0.2481	  0.0000	        0.0000	        0.0000	        0.0000	        0.0000	        0.0000	        0.0000	        0.0000	  0.5213	  0.2994	-28.9786
2018	 44	  23	 55	 43.9965	  0.0000	1374.3224	    2.8729	  0.6476	  0.2083	  0.0000	   0.0000	   0.0000	   0.0000	-450.0000	-450.0000	-450.0000	  1.5000	  2.7000	 14.1667	   4.0082	   1.0156	   1.6159	  0.3017	  0.5986	  0.1000	  0.1600	  0.1900	   0.0000	   0.0000	   0.0000	   0.0000	   0.0000	   0.0000	   0.0000	   0.0000	   0.0000	  0.2481	  0.0000	        0.0000	        0.0000	        0.0000	        0.0000	        0.0000	        0.0000	        0.0000	  0.5213	  0.2994	-28.9786
2018	 45	  23	 55	 44.9965	  0.0000	1803.4708	    3.8784	  1.2937	  0.0000	  1.0000	   0.0000	   0.0000	   0.0000	-450.0000	-450.0000	-450.0000	 -0.3583	  4.2000	 26.0833	   4.0082	   1.0156	   1.6159	  0.3017	  0.5986	  0.1000	  0.1600	  0.1900	   0.0000	   0.0000	   0.0000	   0.0000	   0.0000	   0.0000	   0.0000	   0.0000	   0.0000	  0.2481	  0.0000	        0.0000	        0.0000	        0.0000	        0.0000	        0.0000	        0.0000	        0.0000	  0.5213	  0.2994	-28.9786
2018	 46	  23	 55	 45.9965	  0.0000	1616.3778	    1.2698	  1.2890	  3.4417	  0.0000	   0.0000	   0.0000	   0.0000	-450.0000	-450.0000	-450.0000	 -0.6000	  2.7000	 18.6667	   4.0082	   1.0156	   1.6159	  0.3017	  0.5986	  0.1000	  0.1600	  0.1900	   0.0000	   0.0000	   0.0000	   0.0000	   0.0000	   0.0000	   0.0000	   0.0000	   0.0000	  0.2481	  0.0000	        0.0000	        0.0000	        0.0000	        0.0000	        0.0000	        0.0000	        0.0000	  0.5213	  0.2994	-28.9786
2018	 47	  23	 55	 46.9965	  0.0000	1802.6476	    3.0553	  1.6422	  5.1250	  0.0000	   0.0000	   0.0000	   0.0000	-450.0000	-450.0000	-450.0000	 -0.3000	  3.3000	 24.0000	   4.0082	   1.0156	   1.6159	  0.3017	  0.5986	  0.1000	  0.1600	  0.1900	   0.0000	   0.0000	   0.0000	   0.0000	   0.0000	   0.0000	   0.0000	   0.0000	   0.0000	  0.2481	  0.0000	        0.0000	        0.0000	        0.0000	        0.0000	        0.0000	        0.0000	        0.0000	  0.5213	  0.2994	-28.9786
2018	 48	  23	 55	 47.9965	  0.0000	1851.6167	   -0.1882	  1.2761	  0.0000	  1.0000	   0.0000	   0.0000	   0.0000	-450.0000	-450.0000	-450.0000	 -3.3000	  2.0000	 24.6667	   4.0082	   1.0156	   1.6159	  0.3017	  0.5986	  0.1000	  0.1600	  0.1900	   0.0000	   0.0000	   0.0000	   0.0000	   0.0000	   0.0000	   0.0000	   0.0000	   0.0000	  0.2481	  0.0000	        0.0000	        0.0000	        0.0000	        0.0000	        0.0000	        0.0000	        0.0000	  0.5213	  0.2994	-28.9786
2018	 49	  23	 55	 48.9965	  0.0000	 10.4360	    0.0178	  1.3761	 18.8250	  0.0000	   0.0000	   0.0000	   0.0000	-450.0000	-450.0000	-450.0000	  0.8000	  3.0000	 19.9167	   4.0082	   1.0156	   1.6159	  0.3017	  0.5986	  0.1000	  0.1600	  0.1900	   0.0000	   0.0000	   0.0000	   0.0000	   0.0000	   0.0000	   0.0000	   0.0000	   0.0000	  0.2481	  0.0000	        0.0000	        0.0000	        0.0000	        0.0000	        0.0000	        0.0000	        0.0000	  0.5213	  0.2994	-28.9786
2018	 50	  23	 55	 49.9965	  0.0000	2233.8551	    2.6391	  1.6287	 23.8667	  0.0000	   0.0000	   0.0000	   0.0000	-450.0000	-450.0000	-450.0000	  0.5000	  1.6000	 23.6667	   4.0082	   1.0156	   1.6159	  0.3017	  0.5986	  0.1000	  0.1600	  0.1900	   0.0000	   0.0000	   0.0000	   0.0000	   0.0000	   0.0000	   0.0000	   0.0000	   0.0000	  0.2481	  0.0000	        0.0000	        0.0000	        0.0000	        0.0000	        0.0000	        0.0000	        0.0000	  0.5213	  0.2994	-28.9786
2018	 51	  23	 55	 50.9965	  0.0000	1782.7871	    0.5989	  1.4228	  0.0000	  1.0000	   0.0000	   0.0000	   0.0000	-450.0000	-450.0000	-450.0000	 -0.8000	  1.6000	 23.8333	   4.0082	   1.0156	   1.6159	  0.3017	  0.5986	  0.1000	  0.1600	  0.1900	   0.0000	   0.0000	   0.0000	   0.0000	   0.0000	   0.0000	   0.0000	   0.0000	   0.0000	  0.2481	  0.0000	        0.0000	        0.0000	        0.0000	        0.0000	        0.0000	        0.0000	        0.0000	  0.5213	  0.2994	-28.9786
2018	 52	  23	 55	 51.9965	  0.0000	  3.5015	   -0.0145	  0.5979	  2.4667	  0.0000	   0.0000	   0.0000	   0.0000	-450.0000	-450.0000	-450.0000	 -4.1333	  0.6000	 23.2500	   4.0082	   1.0156	   1.6159	  0.3017	  0.5986	  0.1000	  0.1600	  0.1900	   0.0000	   0.0000	   0.0000	   0.0000	   0.0000	   0.0000	   0.0000	   0.0000	   0.0000	  0.2481	  0.0000	        0.0000	        0.0000	        0.0000	        0.0000	        0.0000	        0.0000	        0.0000	  0.5213	  0.2994	-28.9786
2018	 53	  23	 55	 52.9965	  0.0000	2066.7480	   -7.8304	 -1.0878	  0.0000	  1.0000	   0.0000	   0.0000	   0.0000	-450.0000	-450.0000	-450.0000	 -6.6000	 -1.2000	 27.1667	   4.0082	   1.0156	   1.6159	  0.3017	  0.5986	  0.1000	  0.1600	  0.1900	   0.0000	   0.0000	   0.0000	   0.0000	   0.0000	   0.0000	   0.0000	   0.0000	   0.0000	  0.2481	  0.0000	        0.0000	        0.0000	        0.0000	        0.0000	        0.0000	        0.0000	        0.0000	  0.5213	  0.2994	-28.9786
2018	 54	  23	 55	 53.9965	  0.0000	  3.5056	   -0.0076	 -0.7121	  0.0000	  4.0000	   0.0000	   0.0000	   0.0000	-450.0000	-450.0000	-450.0000	 -3.0000	  0.7000	 20.5833	   4.0082	   1.0156	   1.6159	  0.3017	  0.5986	  0.1000	  0.1600	  0.1900	   0.0000	   0.0000	   0.0000	   0.0000	   0.0000	   0.0000	   0.0000	   0.0000	   0.0000	  0.2481	  0.0000	        0.0000	        0.0000	        0.0000	        0.0000	        0.0000	        0.0000	        0.0000	  0.5213	  0.2994	-28.9786
2018	 55	  23	 55	 54.9965	  0.0000	2145.2251	   -5.9316	 -1.7560	  0.0000	  5.0000	   0.0000	   0.0000	   0.0000	-450.0000	-450.0000	-450.0000	 -5.2583	 -0.7000	 30.8333	   4.0082	   1.0156	   1.6159	  0.3017	  0.5986	  0.1000	  0.1600	  0.1900	   0.0000	   0.0000	   0.0000	   0.0000	   0.0000	   0.0000	   0.0000	   0.0000	   0.0000	  0.2481	  0.0000	        0.0000	        0.0000	        0.0000	        0.0000	        0.0000	        0.0000	        0.0000	  0.5213	  0.2994	-28.9786
2018	 56	  23	 55	 55.9965	  0.0000	1847.8512	  -10.9154	 -3.5879	  0.0000	  6.0000	   0.0000	   0.0000	   0.0000	-450.0000	-450.0000	-450.0000	 -8.5000	 -4.3000	 26.6667	   4.0082	   1.0156	   1.6159	  0.3017	  0.5986	  0.1000	  0.1600	  0.1900	   0.0000	   0.0000	   0.0000	   0.0000	   0.0000	   0.0000	   0.0000	   0.0000	   0.0000	  0.2481	  0.0000	        0.0000	        0.0000	        0.0000	        0.0000	        0.0000	        0.0000	        0.0000	  0.5213	  0.2994	-28.9786
2018	 57	  23	 55	 56.9965	  0.0000	  3.4978	   -0.0212	 -3.4359	  0.0000	  9.0000	   0.0000	   0.0000	   0.0000	-450.0000	-450.0000	-450.0000	 -9.4000	 -2.5000	 33.0000	   4.0082	   1.0156	   1.6159	  0.3017	  0.5986	  0.1000	  0.1600	  0.1900	   0.0000	   0.0000	   0.0000	   0.0000	   0.0000	   0.0000	   0.0000	   0.0000	   0.0000	  0.2481	  0.0000	        0.0000	        0.0000	        0.0000	        0.0000	        0.0000	        0.0000	        0.0000	  0.5213	  0.2994	-28.9786
2018	 58	  23	 55	 57.9965	  0.0000	 10.2229	   -0.0983	 -4.7420	  0.2000	  0.0000	   0.0000	   0.0000	   0.0000	-450.0000	-450.0000	-450.0000	-12.4500	 -6.1000	 27.2500	   4.0082	   1.0156	   1.6159	  0.3017	  0.5986	  0.1000	  0.1600	  0.1900	   0.0000	   0.0000	   0.0000	   0.0000	   0.0000	   0.0000	   0.0000	   0.0000	   0.0000	  0.2481	  0.0000	        0.0000	        0.0000	        0.0000	        0.0000	        0.0000	        0.0000	        0.0000	  0.5213	  0.2994	-28.9786
2018	 59	  23	 55	 58.9965	  0.0000	1820.3313	  -17.5503	 -7.3037	  0.0000	  1.0000	   0.0000	   0.0000	   0.0000	-450.0000	-450.0000	-450.0000	-12.5000	 -6.9000	 28.6667	   4.0082	   1.0156	   1.6159	  0.3017	  0.5986	  0.1000	  0.1600	  0.1900	   0.0000	   0.0000	   0.0000	   0.0000	   0.0000	   0.0000	   0.0000	   0.0000	   0.0000	  0.2481	  0.0000	        0.0000	        0.0000	        0.0000	        0.0000	        0.0000	        0.0000	        0.0000	  0.5213	  0.2994	-28.9786
2018	 60	  23	 55	 59.9965	  0.0000	2054.9517	  -16.1459	 -9.0721	  0.0000	  2.0000	   0.0000	   0.0000	   0.0000	-450.0000	-450.0000	-450.0000	-12.0000	 -4.8000	 30.7500	   4.0082	   1.0156	   1.6159	  0.3017	  0.5986	  0.1000	  0.1600	  0.1900	   0.0000	   0.0000	   0.0000	   0.0000	   0.0000	   0.0000	   0.0000	   0.0000	   0.0000	  0.2481	  0.0000	        0.0000	        0.0000	        0.0000	        0.0000	        0.0000	        0.0000	        0.0000	  0.5213	  0.2994	-28.9786
2018	 61	  23	 55	 60.9965	  0.0000	1524.4813	   -7.0866	 -8.6750	  0.0000	  3.0000	   0.0000	   0.0000	   0.0000	-450.0000	-450.0000	-450.0000	 -6.7000	 -3.4083	 21.2500	   4.0082	   1.0156	   1.6159	  0.3017	  0.5986	  0.1000	  0.1600	  0.1900	   0.0000	   0.0000	   0.0000	   0.0000	   0.0000	   0.0000	   0.0000	   0.0000	   0.0000	  0.2481	  0.0000	        0.0000	        0.0000	        0.0000	        0.0000	        0.0000	        0.0000	        0.0000	  0.5213	  0.2994	-28.9786
2018	 62	  23	 55	 61.9965	  0.0000	1607.2349	   -4.3923	 -7.8185	  0.0000	  4.0000	   0.0000	   0.0000	   0.0000	-450.0000	-450.0000	-450.0000	 -3.8000	 -0.8000	 21.3333	   4.0082	   1.0156	   1.6159	  0.3017	  0.5986	  0.1000	  0.1600	  0.1900	   0.0000	   0.0000	   0.0000	   0.0000	   0.0000	   0.0000	   0.0000	   0.0000	   0.0000	  0.2481	  0.0000	        0.0000	        0.0000	        0.0000	        0.0000	        0.0000	        0.0000	        0.0000	  0.5213	  0.2994	-28.9786
2018	 63	  23	 55	 62.9965	  0.0000	1653.8621	   -3.0159	 -6.8580	  0.0000	  5.0000	   0.0000	   0.0000	   0.0000	-450.0000	-450.0000	-450.0000	 -3.8000	 -0.4000	 24.4167	   4.0082	   1.0156	   1.6159	  0.3017	  0.5986	  0.1000	  0.1600	  0.1900	   0.0000	   0.0000	   0.0000	   0.0000	   0.0000	   0.0000	   0.0000	   0.0000	   0.0000	  0.2481	  0.0000	        0.0000	        0.0000	        0.0000	        0.0000	        0.0000	        0.0000	        0.0000	  0.5213	  0.2994	-28.9786
2018	 64	  23	 55	 63.9965	  0.0000	 10.6958	   -0.0136	 -4.7765	 16.4083	  0.0000	   0.0000	   0.0000	   0.0000	-450.0000	-450.0000	-450.0000	 -2.1000	 -0.1000	 22.5833	   4.0082	   1.0156	   1.6159	  0.3017	  0.5986	  0.1000	  0.1600	  0.1900	   0.0000	   0.0000	   0.0000	   0.0000	   0.0000	   0.0000	   0.0000	   0.0000	   0.0000	  0.2481	  0.0000	        0.0000	        0.0000	        0.0000	        0.0000	        0.0000	        0.0000	        0.0000	  0.5213	  0.2994	-28.9786
2018	 65	  23	 55	 64.9965	  0.0000	1595.1003	    0.8773	 -3.6457	  3.2667	  0.0000	   0.0000	   0.0000	   0.0000	-450.0000	-450.0000	-450.0000	 -1.5000	  2.0000	 18.8333	   4.0082	   1.0156	   1.6159	  0.3017	  0.5986	  0.1000	  0.1600	  0.1900	   0.0000	   0.0000	   0.0000	   0.0000	   0.0000	   0.0000	   0.0000	   0.0000	   0.0000	  0.2481	  0.0000	        0.0000	        0.0000	        0.0000	        0.0000	        0.0000	        0.0000	        0.0000	  0.5213	  0.2994	-28.9786
2018	 66	  23	 55	 65.9965	  0.0000	1964.9249	    5.2141	 -1.8738	  1.5000	  0.0000	   0.0000	   0.0000	   0.0000	-450.0000	-450.0000	-450.0000	 -0.0333	  4.5000	 30.5833	   4.0082	   1.0156	   1.6159	  0.3017	  0.5986	  0.1000	  0.1600	  0.1900	   0.0000	   0.0000	   0.0000	   0.0000	   0.0000	   0.0000	   0.0000	   0.0000	   0.0000	  0.2481	  0.0000	        0.0000	        0.0000	        0.0000	        0.0000	        0.0000	        0.0000	        0.0000	  0.5213	  0.2994	-28.9786
2018	 67	  23	 55	 66.9965	  0.0000	1921.2813	   -0.1403	 -1.5271	  8.1583	  0.0000	   0.0000	   0.0000	   0.0000	-450.0000	-450.0000	-450.0000	 -1.1000	  0.7000	 28.0833	   4.0082	   1.0156	   1.6159	  0.3017	  0.5986	  0.1000	  0.1600	  0.1900	   0.0000	   0.0000	   0.0000	   0.0000	   0.0000	   0.0000	   0.0000	   0.0000	   0.0000	  0.2481	  0.0000	        0.0000	        0.0000	        0.0000	        0.0000	        0.0000	        0.0000	        0.0000	  0.5213	  0.2994	-28.9786
2018	 68	  23	 55	 67.9965	  0.0000	  3.5068	   -0.0077	 -1.1821	  0.0000	  3.0000	   0.0000	   0.0000	   0.0000	-450.0000	-450.0000	-450.0000	 -3.5000	  0.2000	 21.5000	   4.0082	   1.0156	   1.6159	  0.3017	  0.5986	  0.1000	  0.1600	  0.1900	   0.0000	   0.0000	   0.0000	   0.0000	   0.0000	   0.0000	   0.0000	   0.0000	   0.0000	  0.2481	  0.0000	        0.0000	        0.0000	        0.0000	        0.0000	        0.0000	        0.0000	        0.0000	  0.5213	  0.2994	-28.9786
2018	 69	  23	 55	 68.9965	  0.0000	2492.3485	   -3.4111	 -1.6279	  0.0000	  4.0000	   0.0000	   0.0000	   0.0000	-450.0000	-450.0000	-450.0000	 -6.0000	  2.2000	 39.0000	   4.0082	   1.0156	   1.6159	  0.3017	  0.5986	  0.1000	  0.1600	  0.1900	   0.0000	   0.0000	   0.0000	   0.0000	   0.0000	   0.0000	   0.0000	   0.0000	   0.0000	  0.2481	  0.0000	        0.0000	        0.0000	        0.0000	        0.0000	        0.0000	        0.0000	        0.0000	  0.5213	  0.2994	-28.9786
2018	 70	  23	 55	 69.9965	  0.0000	  3.5363	    0.0108	 -0.3571	 37.8750	  0.0000	   0.0000	   0.0000	   0.0000	-450.0000	-450.0000	-450.0000	 -2.2000	  3.0833	 36.3333	   4.0082	   1.0156	   1.6159	  0.3017	  0.5986	  0.1000	  0.1600	  0.1900	   0.0000	   0.0000	   0.0000	   0.0000	   0.0000	   0.0000	   0.0000	   0.0000	   0.0000	  0.2481	  0.0000	        0.0000	        0.0000	        0.0000	        0.0000	        0.0000	        0.0000	        0.0000	  0.5213	  0.2994	-28.9786
2018	 71	  23	 55	 70.9965	  0.0000	1957.9722	    8.7039	  1.4551	 10.2833	  0.0000	   0.0000	   0.0000	   0.0000	-450.0000	-450.0000	-450.0000	  2.8000	  5.9000	 19.5000	   4.0082	   1.0156	   1.6159	  0.3017	  0.5986	  0.1000	  0.1600	  0.1900	   0.0000	   0.0000	   0.0000	   0.0000	   0.0000	   0.0000	   0.0000	   0.0000	   0.0000	  0.2481	  0.0000	        0.0000	        0.0000	        0.0000	        0.0000	        0.0000	        0.0000	        0.0000	  0.5213	  0.2994	-28.9786
2018	 72	  23	 55	 71.9965	  0.0000	1221.0796	    2.7869	  1.7214	  0.0000	  1.0000	   0.0000	   0.0000	   0.0000	-450.0000	-450.0000	-450.0000	  1.3083	  2.9000	 13.5000	   4.0082	   1.0156	   1.6159	  0.3017	  0.5986	  0.1000	  0.1600	  0.1900	   0.0000	   0.0000	   0.0000	   0.0000	   0.0000	   0.0000	   0.0000	   0.0000	   0.0000	  0.2481	  0.0000	        0.0000	        0.0000	        0.0000	        0.0000	        0.0000	        0.0000	        0.0000	  0.5213	  0.2994	-28.9786
2018	 73	  23	 55	 72.9965	  0.0000	2241.7252	    3.5475	  2.0866	  0.0000	  2.0000	   0.0000	   0.0000	   0.0000	-450.0000	-450.0000	-450.0000	 -2.1667	  3.5000	 35.5833	   4.0082	   1.0156	   1.6159	  0.3017	  0.5986	  0.1000	  0.1600	  0.1900	   0.0000	   0.0000	   0.0000	   0.0000	   0.0000	   0.0000	   0.0000	   0.0000	   0.0000	  0.2481	  0.0000	        0.0000	        0.0000	        0.0000	        0.0000	        0.0000	        0.0000	        0.0000	  0.5213	  0.2994	-28.9786
2018	 74	  23	 55	 73.9965	  0.0000	 10.2852	   -0.0239	  0.8800	  0.0000	  4.0000	   0.0000	   0.0000	   0.0000	-450.0000	-450.0000	-450.0000	 -4.0333	  0.7000	 27.5833	   4.0082	   1.0156	   1.6159	  0.3017	  0.5986	  0.1000	  0.1600	  0.1900	   0.0000	   0.0000	   0.0000	   0.0000	   0.0000	   0.0000	   0.0000	   0.0000	   0.0000	  0.2481	  0.0000	        0.0000	        0.0000	        0.0000	        0.0000	        0.0000	        0.0000	        0.0000	  0.5213	  0.2994	-28.9786
2018	 75	  23	 55	 74.9965	  0.0000	2216.4464	   -7.8080	 -0.8576	  0.0000	  5.0000	   0.0000	   0.0000	   0.0000	-450.0000	-450.0000	-450.0000	 -6.7000	 -0.5000	 35.5000	   4.0082	   1.0156	   1.6159	  0.3017	  0.5986	  0.1000	  0.1600	  0.1900	   0.0000	   0.0000	   0.0000	   0.0000	   0.0000	   0.0000	   0.0000	   0.0000	   0.0000	  0.2481	  0.0000	        0.0000	        0.0000	        0.0000	        0.0000	        0.0000	        0.0000	        0.0000	  0.5213	  0.2994	-28.9786
2018	 76	  23	 55	 75.9965	  0.0000	 11.5535	   -0.0533	 -1.9765	  0.0000	  7.0000	   0.0000	   0.0000	   0.0000	-450.0000	-450.0000	-450.0000	 -7.6000	 -0.4000	 36.2500	   4.0082	   1.0156	   1.6159	  0.3017	  0.5986	  0.1000	  0.1600	  0.1900	   0.0000	   0.0000	   0.0000	   0.0000	   0.0000	   0.0000	   0.0000	   0.0000	   0.0000	  0.2481	  0.0000	        0.0000	        0.0000	        0.0000	        0.0000	        0.0000	        0.0000	        0.0000	  0.5213	  0.2994	-28.9786
2018	 77	  23	 55	 76.9965	  0.0000	 14.7175	   -0.0548	 -2.8121	  0.0000	  9.0000	   0.0000	   0.0000	   0.0000	-450.0000	-450.0000	-450.0000	-10.0000	  2.1000	 54.8333	   4.0082	   1.0156	   1.6159	  0.3017	  0.5986	  0.1000	  0.1600	  0.1900	   0.0000	   0.0000	   0.0000	   0.0000	   0.0000	   0.0000	   0.0000	   0.0000	   0.0000	  0.2481	  0.0000	        0.0000	        0.0000	        0.0000	        0.0000	        0.0000	        0.0000	        0.0000	  0.5213	  0.2994	-28.9786
2018	 78	  23	 55	 77.9965	  0.0000	2327.5434	   -1.1360	 -2.4769	  1.7833	  0.0000	   0.0000	   0.0000	   0.0000	-450.0000	-450.0000	-450.0000	 -7.2000	  3.0000	 31.0833	   4.0082	   1.0156	   1.6159	  0.3017	  0.5986	  0.1000	  0.1600	  0.1900	   0.0000	   0.0000	   0.0000	   0.0000	   0.0000	   0.0000	   0.0000	   0.0000	   0.0000	  0.2481	  0.0000	        0.0000	        0.0000	        0.0000	        0.0000	        0.0000	        0.0000	        0.0000	  0.5213	  0.2994	-28.9786
2018	 79	  23	 55	 78.9965	  0.0000	2603.2652	    3.0805	 -1.3654	  0.0000	  1.0000	   0.0000	   0.0000	   0.0000	-450.0000	-450.0000	-450.0000	 -3.1000	  5.4000	 42.3333	   4.0082	   1.0156	   1.6159	  0.3017	  0.5986	  0.1000	  0.1600	  0.1900	   0.0000	   0.0000	   0.0000	   0.0000	   0.0000	   0.0000	   0.0000	   0.0000	   0.0000	  0.2481	  0.0000	        0.0000	        0.0000	        0.0000	        0.0000	        0.0000	        0.0000	        0.0000	  0.5213	  0.2994	-28.9786
2018	 80	  23	 55	 79.9965	  0.0000	2285.5325	    5.5848	  0.0247	  5.0667	  0.0000	   0.0000	   0.0000	   0.0000	-450.0000	-450.0000	-450.0000	 -2.1000	  5.0000	 33.6667	   4.0082	   1.0156	   1.6159	  0.3017	  0.5986	  0.1000	  0.1600	  0.1900	   0.0000	   0.0000	   0.0000	   0.0000	   0.0000	   0.0000	   0.0000	   0.0000	   0.0000	  0.2481	  0.0000	        0.0000	        0.0000	        0.0000	        0.0000	        0.0000	        0.0000	        0.0000	  0.5213	  0.2994	-28.9786
2018	 81	  23	 55	 80.9965	  0.0000	1903.3834	    2.8468	  0.5891	  1.2667	  0.0000	   0.0000	   0.0000	   0.0000	-450.0000	-450.0000	-450.0000	 -0.5000	  3.4000	 28.8333	   4.0082	   1.0156	   1.6159	  0.3017	  0.5986	  0.1000	  0.1600	  0.1900	   0.0000	   0.0000	   0.0000	   0.0000	   0.0000	   0.0000	   0.0000	   0.0000	   0.0000	  0.2481	  0.0000	        0.0000	        0.0000	        0.0000	        0.0000	        0.0000	        0.0000	        0.0000	  0.5213	  0.2994	-28.9786
2018	 82	  23	 55	 81.9965	  0.0000	1570.6726	    0.8155	  0.6344	  0.0000	  1.0000	   0.0000	   0.0000	   0.0000	-450.0000	-450.0000	-450.0000	 -1.5000	  2.0000	 23.4167	   4.0082	   1.0156	   1.6159	  0.3017	  0.5986	  0.1000	  0.1600	  0.1900	   0.0000	   0.0000	   0.0000	   0.0000	   0.0000	   0.0000	   0.0000	   0.0000	   0.0000	  0.2481	  0.0000	        0.0000	        0.0000	        0.0000	        0.0000	        0.0000	        0.0000	        0.0000	  0.5213	  0.2994	-28.9786
2018	 83	  23	 55	 82.9965	  0.0000	1280.0038	    2.5369	  1.0149	  1.6167	  0.0000	   0.0000	   0.0000	   0.0000	-450.0000	-450.0000	-450.0000	  0.9000	  3.1000	 15.1667	   4.0082	   1.0156	   1.6159	  0.3017	  0.5986	  0.1000	  0.1600	  0.1900	   0.0000	   0.0000	   0.0000	   0.0000	   0.0000	   0.0000	   0.0000	   0.0000	   0.0000	  0.2481	  0.0000	        0.0000	        0.0000	        0.0000	        0.0000	        0.0000	        0.0000	        0.0000	  0.5213	  0.2994	-28.9786
2018	 84	  23	 55	 83.9965	  0.0000	2321.8562	   10.5809	  2.9281	  0.0000	  1.0000	   0.0000	   0.0000	   0.0000	-450.0000	-450.0000	-450.0000	  2.1000	  7.2000	 38.8333	   4.0082	   1.0156	   1.6159	  0.3017	  0.5986	  0.1000	  0.1600	  0.1900	   0.0000	   0.0000	   0.0000	   0.0000	   0.0000	   0.0000	   0.0000	   0.0000	   0.0000	  0.2481	  0.0000	        0.0000	        0.0000	        0.0000	        0.0000	        0.0000	        0.0000	        0.0000	  0.5213	  0.2994	-28.9786
2018	 85	  23	 55	 84.9965	  0.0000	1950.8189	    5.0315	  3.3488	  3.7000	  0.0000	   0.0000	   0.0000	   0.0000	-450.0000	-450.0000	-450.0000	 -1.6917	  5.6000	 31.6667	   4.0082	   1.0156	   1.6159	  0.3017	  0.5986	  0.1000	  0.1600	  0.1900	   0.0000	   0.0000	   0.0000	   0.0000	   0.0000	   0.0000	   0.0000	   0.0000	   0.0000	  0.2481	  0.0000	        0.0000	        0.0000	        0.0000	        0.0000	        0.0000	        0.0000	        0.0000	  0.5213	  0.2994	-28.9786
2018	 86	  23	 55	 85.9965	  0.0000	  3.5062	   -0.0099	  1.5454	  2.6167	  0.0000	   0.0000	   0.0000	   0.0000	-450.0000	-450.0000	-450.0000	 -2.8333	  1.3000	 28.5000	   4.0082	   1.0156	   1.6159	  0.3017	  0.5986	  0.1000	  0.1600	  0.1900	   0.0000	   0.0000	   0.0000	   0.0000	   0.0000	   0.0000	   0.0000	   0.0000	   0.0000	  0.2481	  0.0000	        0.0000	        0.0000	        0.0000	        0.0000	        0.0000	        0.0000	        0.0000	  0.5213	  0.2994	-28.9786
2018	 87	  23	 55	 86.9965	  0.0000	 13.3508	   -0.0146	  0.7417	  0.0000	  2.0000	   0.0000	   0.0000	   0.0000	-450.0000	-450.0000	-450.0000	 -5.4000	  2.6000	 48.5000	   4.0082	   1.0156	   1.6159	  0.3017	  0.5986	  0.1000	  0.1600	  0.1900	   0.0000	   0.0000	   0.0000	   0.0000	   0.0000	   0.0000	   0.0000	   0.0000	   0.0000	  0.2481	  0.0000	        0.0000	        0.0000	        0.0000	        0.0000	        0.0000	        0.0000	        0.0000	  0.5213	  0.2994	-28.9786
2018	 88	  23	 55	 87.9965	  0.0000	2553.5738	    2.1208	  1.0175	  0.0000	  3.0000	   0.0000	   0.0000	   0.0000	-450.0000	-450.0000	-450.0000	 -3.3000	  4.5000	 42.5833	   4.0082	   1.0156	   1.6159	  0.3017	  0.5986	  0.1000	  0.1600	  0.1900	   0.0000	   0.0000	   0.0000	   0.0000	   0.0000	   0.0000	   0.0000	   0.0000	   0.0000	  0.2481	  0.0000	        0.0000	        0.0000	        0.0000	        0.0000	        0.0000	        0.0000	        0.0000	  0.5213	  0.2994	-28.9786
2018	 89	  23	 55	 88.9965	  0.0000	 13.2993	    0.0067	  1.3317	  0.0000	  5.0000	   0.0000	   0.0000	   0.0000	-450.0000	-450.0000	-450.0000	 -4.0000	  5.9000	 48.2500	   4.0082	   1.0156	   1.6159	  0.3017	  0.5986	  0.1000	  0.1600	  0.1900	   0.0000	   0.0000	   0.0000	   0.0000	   0.0000	   0.0000	   0.0000	   0.0000	   0.0000	  0.2481	  0.0000	        0.0000	        0.0000	        0.0000	        0.0000	        0.0000	        0.0000	        0.0000	  0.5213	  0.2994	-28.9786
2018	 90	  23	 55	 89.9965	  0.0000	2717.9256	    6.3542	  2.3362	  0.0000	  6.0000	   0.0000	   0.0000	   0.0000	-450.0000	-450.0000	-450.0000	 -4.7000	  7.3000	 47.5833	   4.0082	   1.0156	   1.6159	  0.3017	  0.5986	  0.1000	  0.1600	  0.1900	   0.0000	   0.0000	   0.0000	   0.0000	   0.0000	   0.0000	   0.0000	   0.0000	   0.0000	  0.2481	  0.0000	        0.0000	        0.0000	        0.0000	        0.0000	        0.0000	        0.0000	        0.0000	  0.5213	  0.2994	-28.9786
2018	 91	  23	 55	 90.9965	  0.0000	2530.6379	    7.0316	  3.2753	  0.0000	  7.0000	   0.0000	   0.0000	   0.0000	-450.0000	-450.0000	-450.0000	 -1.4667	  6.4000	 40.9167	   4.0082	   1.0156	   1.6159	  0.3017	  0.5986	  0.1000	  0.1600	  0.1900	   0.0000	   0.0000	   0.0000	   0.0000	   0.0000	   0.0000	   0.0000	   0.0000	   0.0000	  0.2481	  0.0000	        0.0000	        0.0000	        0.0000	        0.0000	        0.0000	        0.0000	        0.0000	  0.5213	  0.2994	-28.9786
2018	 92	  23	 55	 91.9965	  0.0000	 14.4393	    0.0066	  2.8089	  0.0000	  9.0000	   0.0000	   0.0000	   0.0000	-450.0000	-450.0000	-450.0000	 -4.0000	  6.3000	 55.9167	   4.0082	   1.0156	   1.6159	  0.3017	  0.5986	  0.1000	  0.1600	  0.1900	   0.0000	   0.0000	   0.0000	   0.0000	   0.0000	   0.0000	   0.0000	   0.0000	   0.0000	  0.2481	  0.0000	        0.0000	        0.0000	        0.0000	        0.0000	        0.0000	        0.0000	        0.0000	  0.5213	  0.2994	-28.9786
2018	 93	  23	 55	 92.9965	  0.0000	 10.5780	    0.0264	  2.3472	  7.7417	  0.0000	   0.0000	   0.0000	   0.0000	-450.0000	-450.0000	-450.0000	 -3.1000	  4.1667	 29.0833	   4.0082	   1.0156	   1.6159	  0.3017	  0.5986	  0.1000	  0.1600	  0.1900	   0.0000	   0.0000	   0.0000	   0.0000	   0.0000	   0.0000	   0.0000	   0.0000	   0.0000	  0.2481	  0.0000	        0.0000	        0.0000	        0.0000	        0.0000	        0.0000	        0.0000	        0.0000	  0.5213	  0.2994	-28.9786
2018	 94	  23	 55	 93.9965	  0.0000	2535.8672	   19.2226	  5.7222	 17.8833	  0.0000	   1.9500	   1.9500	   1.9500	-450.0000	-450.0000	-450.0000	  4.2000	  9.7000	 38.5000	   4.0103	   1.0195	   1.6199	  0.3022	  0.5983	  0.1000	  0.1600	  0.1900	   0.0000	   0.0000	   0.0000	   0.0000	   0.0000	   0.0000	   0.0000	   0.0000	   0.0000	  0.2488	  0.0000	        0.0000	        0.0000	        0.0000	        0.0000	        0.0000	        0.0000	        0.0000	  0.5213	  0.2994	-28.9786
2018	 95	  23	 55	 94.9965	  0.0000	2382.6482	   15.6796	  7.7137	 26.5583	  0.0000	   3.4042	   3.4042	   3.4042	-450.0000	-450.0000	-450.0000	  3.9083	  9.0000	 34.0000	   4.0139	   1.0263	   1.6268	  0.3029	  0.5977	  0.1000	  0.1600	  0.1900	   0.0000	   0.0000	   0.0000	   0.0000	   0.0000	   0.0000	   0.0000	   0.0000	   0.0000	  0.2500	  0.0000	        0.0000	        0.0000	        0.0000	        0.0000	        0.0000	        0.0000	        0.0000	  0.5213	  0.2994	-28.9786
2018	 96	  23	 55	 95.9965	  0.0000	2560.7422	   12.7701	  8.7250	  0.0000	  1.0000	   0.0000	   0.0000	   0.0000	-450.0000	-450.0000	-450.0000	  2.3000	  7.3000	 44.6667	   4.0139	   1.0263	   1.6268	  0.3029	  0.5977	  0.1000	  0.1600	  0.1900	   0.0000	   0.0000	   0.0000	   0.0000	   0.0000	   0.0000	   0.0000	   0.0000	   0.0000	  0.2500	  0.0000	        0.0000	        0.0000	        0.0000	        0.0000	        0.0000	        0.0000	        0.0000	  0.5213	  0.2994	-28.9786
2018	 97	  23	 55	 96.9965	  0.0000	 13.3602	    0.1039	  9.5023	  0.0000	  3.0000	   5.8000	   5.8000	   5.8000	-450.0000	-450.0000	-450.0000	  2.3000	 13.5000	 50.2500	   4.0231	   1.0437	   1.6446	  0.3049	  0.5961	  0.1000	  0.1600	  0.1900	   0.0000	   0.0000	   0.0000	   0.0000	   0.0000	   0.0000	   0.0000	   0.0000	   0.0000	  0.2510	  0.0000	        0.0000	        0.0000	        0.0000	        0.0000	        0.0000	        0.0000	        0.0000	  0.5213	  0.2994	-28.9786
2018	 98	  23	 55	 97.9965	  0.0000	3018.3935	   35.3169	 14.6653	  0.0000	  4.0000	  11.9000	  11.9000	  11.9000	-450.0000	-450.0000	-450.0000	  4.6000	 17.6000	 55.5000	   4.0357	   1.0676	   1.6688	  0.3075	  0.5940	  0.1000	  0.1600	  0.1900	   0.0000	   0.0000	   0.0000	   0.0000	   0.0000	   0.0000	   0.0000	   0.0000	   0.0000	  0.2572	  0.0000	        0.0000	        0.0000	        0.0000	        0.0000	        0.0000	        0.0000	        0.0000	  0.5213	  0.2994	-28.9786
2018	 99	  23	 55	 98.9965	  0.0000	  3.5457	    0.0181	 10.9960	  0.0000	  7.0000	  23.1500	  23.1500	  23.1500	-450.0000	-450.0000	-450.0000	  4.6000	 12.9000	 54.0000	   4.0972	   1.1844	   1.7878	  0.3205	  0.5836	  0.1000	  0.1600	  0.1900	   0.0000	   0.0000	   0.0000	   0.0000	   0.0000	   0.0000	   0.0000	   0.0000	   0.0000	  0.2627	  0.0000	        0.0000	        0.0000	        0.0000	        0.0000	        0.0000	        0.0000	        0.0000	  0.5213	  0.2994	-28.9786
2018	100	  23	 55	 99.9965	  0.0000	 12.2514	    0.0746	  9.8940	  0.0000	  9.0000	  27.8917	  27.8917	  27.8917	-450.0000	-450.0000	-450.0000	  3.6417	 11.1000	 40.0000	   4.1538	   1.2921	   1.8972	  0.3325	  0.5740	  0.1000	  0.1600	  0.1900	   0.0000	   0.0000	   0.0000	   0.0000	   0.0000	   0.0000	   0.0000	   0.0000	   0.0000	  0.2866	  0.0000	        0.0000	        0.0000	        0.0000	        0.0000	        0.0000	        0.0000	        0.0000	  0.5213	  0.2994	-28.9786
2018	101	  23	 55	100.9965	  0.0000	 13.7863	    0.0934	  9.9733	  0.0000	 11.0000	  32.3917	  32.3917	  32.3917	-450.0000	-450.0000	-450.0000	  1.1000	 13.4000	 49.5000	   4.2200	   1.4186	   2.0256	  0.3465	  0.5628	  0.1000	  0.1600	  0.1900	   0.0000	   0.0000	   0.0000	   0.0000	   0.0000	   0.0000	   0.0000	   0.0000	   0.0000	  0.3070	  0.0000	        0.0000	        0.0000	        0.0000	        0.0000	        0.0000	        0.0000	        0.0000	  0.5213	  0.2994	-28.9786
2018	102	  23	 55	101.9965	  0.0000	2986.5269	   27.8161	 13.5418	  0.0000	 12.0000	  36.2417	  36.2417	  36.2417	-450.0000	-450.0000	-450.0000	  2.1000	 15.6000	 50.0000	   4.2584	   1.4921	   2.1001	  0.3547	  0.5563	  0.1000	  0.1600	  0.1900	   0.0000	   0.0000	   0.0000	   0.0000	   0.0000	   0.0000	   0.0000	   0.0000	   0.0000	  0.3313	  0.0000	        0.0000	        0.0000	        0.0000	        0.0000	        0.0000	        0.0000	        0.0000	  0.5213	  0.2994	-28.9786
2018	103	  23	 55	102.9965	  0.0000	 14.2658	    0.1727	 14.9917	  0.0000	 14.0000	  50.7417	  50.7417	  50.7417	   0.0000	   0.0000	   0.0000	  4.5000	 20.0000	 53.0000	   4.3582	   1.6838	   2.2944	  0.3760	  0.5392	  0.1000	  0.1600	  0.1900	   0.0000	   0.0000	   0.0000	   0.0000	   0.0000	   0.0000	   0.0000	   0.0000	   0.0000	  0.3467	  0.0000	        0.0000	        0.0000	        0.0000	        0.0000	        0.0000	        0.0000	        0.0000	  0.5213	  0.2994	-28.9786
2018	104	  23	 55	103.9965	  0.0000	3358.0730	   44.3169	 20.8567	  0.0000	 15.0000	  58.7417	  58.7417	  58.7417	   0.0000	   0.0000	   0.0000	  6.1000	 19.9000	 52.0833	   4.4205	   1.8038	   2.4159	  0.3893	  0.5286	  0.1000	  0.1600	  0.1900	   0.0000	   0.0000	   0.0000	   0.0000	   0.0000	   0.0000	   0.0000	   0.0000	   0.0000	  0.3856	  0.0000	        0.0000	        0.0000	        0.0000	        0.0000	        0.0000	        0.0000	        0.0000	  0.5213	  0.2994	-28.9786
2018	105	  23	 55	104.9965	  0.0000	2483.5697	   22.6184	 21.2091	 31.6000	  0.0000	  63.1917	  63.1917	  63.1917	   0.0000	   0.0000	   0.0000	  7.4000	 11.5000	 42.0000	   4.4876	   1.9332	   2.5468	  0.4037	  0.5171	  0.1000	  0.1600	  0.1900	   0.0000	   0.0000	   0.0000	   0.0000	   0.0000	   0.0000	   0.0000	   0.0000	   0.0000	  0.4081	  0.0000	        0.0000	        0.0000	        0.0000	        0.0000	        0.0000	        0.0000	        0.0000	  0.5213	  0.2994	-28.9786
2018	106	  23	 55	105.9965	  0.0000	 10.5633	    0.0965	 16.6955	  0.1500	  0.0000	  73.7917	  73.7917	  73.7917	   0.0000	   0.0000	   0.0000	  8.2000	 12.4000	 32.5000	   4.6387	   2.2258	   2.8425	  0.4362	  0.4910	  0.1000	  0.1600	  0.1900	   0.0000	   0.0000	   0.0000	   0.0000	   0.0000	   0.0000	   0.0000	   0.0000	   0.0000	  0.4326	  0.0000	        0.0000	        0.0000	        0.0000	        0.0000	        0.0000	        0.0000	        0.0000	  0.5213	  0.2994	-28.9786
2018	107	  23	 55	106.9965	  0.0000	1902.8416	   16.2283	 16.6020	  0.0083	  0.0000	  77.3417	  77.3417	  77.3417	   0.0000	   0.0000	   0.0000	  6.5000	 10.6000	 31.0000	   4.7210	   2.3855	   3.0038	  0.4539	  0.4768	  0.1000	  0.1600	  0.1900	   0.0000	   0.0000	   0.0000	   0.0000	   0.0000	   0.0000	   0.0000	   0.0000	   0.0000	  0.4868	  0.0000	        0.0000	        0.0000	        0.0000	        0.0000	        0.0000	        0.0000	        0.0000	  0.5213	  0.2994	-28.9786
2018	108	  23	 55	107.9965	  0.0000	2796.4274	   32.6434	 19.8103	  0.0000	  1.0000	  83.9917	  83.9917	  83.9917	   0.0000	   0.0000	   0.0000	  8.1000	 15.2000	 45.7500	   4.8104	   2.5594	   3.1794	  0.4733	  0.4614	  0.1000	  0.1600	  0.1900	   0.0000	   0.0000	   0.0000	   0.0000	   0.0000	   0.0000	   0.0000	   0.0000	   0.0000	  0.5171	  0.0000	        0.0000	        0.0000	        0.0000	        0.0000	        0.0000	        0.0000	        0.0000	  0.5213	  0.2994	-28.9786
2018	109	  23	 55	108.9965	  0.0000	2551.6220	   31.4966	 22.1476	  0.0000	  2.0000	  91.0417	  91.0417	  91.0417	   0.0000	   0.0000	   0.0000	  8.7000	 15.4000	 41.5833	   4.9073	   2.7485	   3.3701	  0.4943	  0.4446	  0.1000	  0.1600	  0.1900	   0.0000	   0.0000	   0.0000	   0.0000	   0.0000	   0.0000	   0.0000	   0.0000	   0.0000	  0.5499	  0.0000	        0.0000	        0.0000	        0.0000	        0.0000	        0.0000	        0.0000	        0.0000	  0.5213	  0.2994	-28.9786
2018	110	  23	 55	109.9965	  0.0000	3020.5608	   47.9267	 27.3034	  0.0000	  3.0000	 101.9917	 101.9917	 101.9917	   0.0000	   0.0000	   0.0000	  9.8000	 22.1000	 55.1667	   5.0160	   2.9609	   3.5842	  0.5179	  0.4257	  0.1000	  0.1600	  0.1900	   0.0000	   0.0000	   0.0000	   0.0000	   0.0000	   0.0000	   0.0000	   0.0000	   0.0000	  0.5868	  0.0000	        0.0000	        0.0000	        0.0000	        0.0000	        0.0000	        0.0000	        0.0000	  0.5213	  0.2994	-28.9786
2018	111	  23	 55	110.9965	  0.0000	2352.8499	   24.1705	 26.6768	  0.0000	  4.0000	 107.1458	 107.1458	 107.1458	   0.0000	   0.0000	   0.0000	  6.9083	 13.4000	 43.2500	   5.1000	   3.1847	   3.8097	  0.5427	  0.4058	  0.1000	  0.1600	  0.1900	   0.0000	   0.0000	   0.0000	   0.0000	   0.0000	   0.0000	   0.0000	   0.0000	   0.0000	  0.6255	  0.0000	        0.0000	        0.0000	        0.0000	        0.0000	        0.0000	        0.0000	        0.0000	  0.5213	  0.2994	-28.9786
2018	112	  23	 55	111.9965	  0.0000	3021.0606	   27.5414	 26.8497	  0.0000	  5.0000	 111.1458	 111.1458	 111.1458	   0.0000	   0.0000	   0.0000	  6.0000	 12.0000	 56.9167	   5.1000	   3.4175	   4.0442	  0.5686	  0.3851	  0.1000	  0.1600	  0.1900	   0.0000	   0.0000	   0.0000	   0.0000	   0.0000	   0.0000	   0.0000	   0.0000	   0.0000	  0.6652	  0.0000	        0.0000	        0.0000	        0.0000	        0.0000	        0.0000	        0.0000	        0.0000	  0.5213	  0.2994	-28.9786
2018	113	  23	 55	112.9965	  0.0000	3749.9024	   35.8502	 28.6498	127.2000	  0.0000	 116.4000	 116.4000	 116.4000	   0.0000	   0.0000	   0.0000	  7.5083	 13.0000	 76.1667	   5.1000	   3.6620	   4.2904	  0.5958	  0.3634	  0.1000	  0.1600	  0.1900	   0.0000	   0.0000	   0.0000	   0.0000	   0.0000	   0.0000	   0.0000	   0.0000	   0.0000	  0.7069	  0.0000	        0.0000	        0.0000	        0.0000	        0.0000	        0.0000	        0.0000	        0.0000	  0.5213	  0.2994	-28.9786
2018	114	  23	 55	113.9965	  0.0000	1585.8897	   12.5517	 25.4302	 12.0417	  0.0000	 119.5125	 119.5125	 119.5125	   0.0000	   0.0000	   0.0000	  6.8250	  9.4000	 24.2500	   5.1000	   3.9138	   4.5438	  0.6238	  0.3410	  0.1000	  0.1600	  0.1900	   0.0000	   0.0000	   0.0000	   0.0000	   0.0000	   0.0000	   0.0000	   0.0000	   0.0000	  0.7498	  0.0000	        0.0000	        0.0000	        0.0000	        0.0000	        0.0000	        0.0000	        0.0000	  0.5213	  0.2994	-28.9786
2018	115	  23	 55	114.9965	  0.0000	2552.8203	   22.2524	 24.7946	  0.0000	  1.0000	 123.4625	 123.4625	 123.4625	   0.0000	   0.0000	   0.0000	  6.7000	 11.2000	 48.4167	   5.1000	   4.1746	   4.8061	  0.6527	  0.3178	  0.1000	  0.1600	  0.1900	   0.0000	   0.0000	   0.0000	   0.0000	   0.0000	   0.0000	   0.0000	   0.0000	   0.0000	  0.7943	  0.0000	        0.0000	        0.0000	        0.0000	        0.0000	        0.0000	        0.0000	        0.0000	  0.5213	  0.2994	-28.9786
2018	116	  23	 55	115.9965	  0.0000	2231.4465	   17.6346	 23.3626	  5.2833	  0.0000	 126.2125	 126.2125	 126.2125	   0.0000	   0.0000	   0.0000	  6.3000	  9.2000	 43.1667	   5.1000	   4.4419	   5.0749	  0.6824	  0.2941	  0.1000	  0.1600	  0.1900	   0.0000	   0.0000	   0.0000	   0.0000	   0.0000	   0.0000	   0.0000	   0.0000	   0.0000	  0.8398	  0.0000	        0.0000	        0.0000	        0.0000	        0.0000	        0.0000	        0.0000	        0.0000	  0.5213	  0.2994	-28.9786
2018	117	  23	 55	116.9965	  0.0000	 12.2196	    0.1034	 18.6433	  1.0500	  0.0000	 134.2125	 134.2125	 134.2125	   0.0000	   0.0000	   0.0000	  6.6000	 11.4000	 46.8333	   5.1000	   5.0039	   5.6399	  0.7449	  0.2441	  0.1000	  0.1600	  0.1900	   0.0000	   0.0000	   0.0000	   0.0000	   0.0000	   0.0000	   0.0000	   0.0000	   0.0000	  0.8869	  0.0000	        0.0000	        0.0000	        0.0000	        0.0000	        0.0000	        0.0000	        0.0000	  0.5213	  0.2994	-28.9786
2018	118	  23	 55	117.9965	  0.0000	2726.7747	   25.6458	 20.0438	  3.9500	  0.0000	 138.5125	 138.5125	 138.5125	   0.0000	   0.0000	   0.0000	  5.9000	 12.7000	 49.0000	   5.1000	   5.2994	   5.9000	  0.7777	  0.2178	  0.1000	  0.1600	  0.1900	   0.0000	   0.0000	   0.0000	   0.0000	   0.0000	   0.0000	   0.0000	   0.0000	   0.0000	  0.9828	  0.0000	        0.0000	        0.0000	        0.0000	        0.0000	        0.0000	        0.0000	        0.0000	  0.5213	  0.2994	-28.9786
2018	119	  23	 55	118.9965	  0.0000	2952.3391	   31.9175	 22.4185	  0.1833	  0.0000	 143.8125	 143.8125	 143.8125	   0.0000	   0.0000	   0.0000	  6.9000	 13.7000	 54.6667	   5.1000	   5.5000	   5.9000	  0.8000	  0.2000	  0.1000	  0.1600	  0.1900	   0.0000	   0.0000	   0.0000	   0.0000	   0.0000	   0.0000	   0.0000	   0.0000	   0.0000	  1.0000	  0.0000	        0.0000	        0.0000	        0.0000	        0.0000	        0.0000	        0.0000	        0.0000	  0.5213	  0.2994	-28.9786
2018	120	  23	 55	119.9965	  0.0000	2464.2334	   24.1672	 22.7683	 47.5667	  0.0000	 148.9125	 148.9125	 148.9125	   0.0000	   0.0000	   0.0000	  6.9000	 13.3000	 41.0000	   5.1000	   5.5000	   5.9000	  0.8000	  0.2000	  0.1000	  0.1600	  0.1900	   0.0000	   0.0000	   0.0000	   0.0000	   0.0000	   0.0000	   0.0000	   0.0000	   0.0000	  1.0000	  0.0000	        0.0000	        0.0000	        0.0000	        0.0000	        0.0000	        0.0000	        0.0000	  0.5213	  0.2994	-28.9786
2018	121	  23	 55	120.9965	  0.0000	2916.6963	   27.6023	 23.7351	 11.4167	  0.0000	 153.9625	 153.9625	 153.9625	   0.0000	   0.0000	   0.0000	  6.9000	 13.2000	 52.8333	   5.1000	   5.5000	   5.9000	  0.8000	  0.2000	  0.1000	  0.1600	  0.1900	   0.0000	   0.0000	   0.0000	   0.0000	   0.0000	   0.0000	   0.0000	   0.0000	   0.0000	  1.0000	  0.0000	        0.0000	        0.0000	        0.0000	        0.0000	        0.0000	        0.0000	        0.0000	  0.5213	  0.2994	-28.9786
2018	122	  23	 55	121.9965	  0.0000	3030.3796	   33.3796	 25.6640	  0.0000	  1.0000	 159.5292	 159.5292	 159.5292	   0.0000	   0.0000	   0.0000	  7.6333	 13.5000	 55.7500	   5.1000	   5.5000	   5.9000	  0.8000	  0.2000	  0.1000	  0.1600	  0.1900	   0.0000	   0.0000	   0.0000	   0.0000	   0.0000	   0.0000	   0.0000	   0.0000	   0.0000	  1.0000	  0.0000	        0.0000	        0.0000	        0.0000	        0.0000	        0.0000	        0.0000	        0.0000	  0.5213	  0.2994	-28.9786
2018	123	  23	 55	122.9965	  0.0000	3077.7919	   28.5793	 26.2471	 10.5000	  0.0000	 163.8792	 163.8792	 163.8792	   0.0000	   0.0000	   0.0000	  6.7000	 12.0000	 62.1667	   5.1000	   5.5000	   5.9000	  0.8000	  0.2000	  0.1000	  0.1600	  0.1900	   0.0000	   0.0000	   0.0000	   0.0000	   0.0000	   0.0000	   0.0000	   0.0000	   0.0000	  1.0000	  0.0000	        0.0000	        0.0000	        0.0000	        0.0000	        0.0000	        0.0000	        0.0000	  0.5213	  0.2994	-28.9786
2018	124	  23	 55	123.9965	  0.0000	2636.6584	   26.0312	 26.2039	  0.0000	  1.0000	 168.3292	 168.3292	 168.3292	   0.0000	   0.0000	   0.0000	  6.5000	 12.4000	 50.7500	   5.1000	   5.5000	   5.9000	  0.8000	  0.2000	  0.1000	  0.1600	  0.1900	   0.0000	   0.0000	   0.0000	   0.0000	   0.0000	   0.0000	   0.0000	   0.0000	   0.0000	  1.0000	  0.0000	        0.0000	        0.0000	        0.0000	        0.0000	        0.0000	        0.0000	        0.0000	  0.5213	  0.2994	-28.9786
2018	125	  23	 55	124.9965	  0.0000	2716.9963	   33.2715	 27.6174	  0.0000	  2.0000	 175.3292	 175.3292	 175.3292	   0.0000	   0.0000	   0.0000	  8.1000	 15.9000	 50.4167	   5.1000	   5.5000	   5.9000	  0.8000	  0.2000	  0.1000	  0.1600	  0.1900	   0.0000	   0.0000	   0.0000	   0.0000	   0.0000	   0.0000	   0.0000	   0.0000	   0.0000	  1.0000	  0.0000	        0.0000	        0.0000	        0.0000	        0.0000	        0.0000	        0.0000	        0.0000	  0.5213	  0.2994	-28.9786
2018	126	  23	 55	125.9965	  0.0000	  3.5707	    0.0373	 20.0684	  0.0000	  5.0000	 198.2792	 198.2792	 198.2792	   0.0000	   0.0000	   0.0000	  6.6000	 18.7000	 62.4167	   5.1000	   5.5000	   5.9000	  0.8000	  0.2000	  0.1000	  0.1600	  0.1900	   0.0000	   0.0000	   0.0000	   0.0000	   0.0000	   0.0000	   0.0000	   0.0000	   0.0000	  1.0000	  0.0000	        0.0000	        0.0000	        0.0000	        0.0000	        0.0000	        0.0000	        0.0000	  0.5213	  0.2994	-28.9786
2018	127	  23	 55	126.9965	  0.0000	 15.3541	    0.2422	 22.1480	  0.0000	  7.0000	 220.0792	 220.0792	 220.0792	   0.0000	   0.0000	   0.0000	  9.8000	 22.0000	 59.6667	   5.1000	   5.5000	   5.9000	  0.8000	  0.2000	  0.1000	  0.1600	  0.1900	   0.0000	   0.0000	   0.0000	   0.0000	   0.0000	   0.0000	   0.0000	   0.0000	   0.0000	  1.0000	  0.0000	        0.0000	        0.0000	        0.0000	        0.0000	        0.0000	        0.0000	        0.0000	  0.5213	  0.2994	-28.9786
2018	128	  23	 55	127.9965	  0.0000	  3.5825	    0.0449	 20.1334	  0.0000	 10.0000	 255.9292	 255.9292	 255.9292	   0.0000	   0.0000	   0.0000	  9.7000	 24.2000	 67.5000	   5.1000	   5.5000	   5.9000	  0.8000	  0.2000	  0.1000	  0.1600	  0.1900	   0.0000	   0.0000	   0.0000	   0.0000	   0.0000	   0.0000	   0.0000	   0.0000	   0.0000	  1.0000	  0.0000	        0.0000	        0.0000	        0.0000	        0.0000	        0.0000	        0.0000	        0.0000	  0.5213	  0.2994	-28.9786
2018	129	  23	 55	128.9965	  0.0000	  3.5922	    0.0567	 19.3967	  0.0000	 13.0000	 296.5792	 296.5792	 296.5792	   0.0000	   0.0000	   0.0000	 11.2000	 25.9000	 63.5833	   5.1000	   5.5000	   5.9000	  0.8000	  0.2000	  0.1000	  0.1600	  0.1900	   0.0000	   0.0000	   0.0000	   0.0000	   0.0000	   0.0000	   0.0000	   0.0000	   0.0000	  1.0000	  0.0000	        0.0000	        0.0000	        0.0000	        0.0000	        0.0000	        0.0000	        0.0000	  0.5213	  0.2994	-28.9786
2018	130	  23	 55	129.9965	  0.0000	3760.7974	   74.5918	 30.4357	  3.7000	  0.0000	 300.0000	 300.0000	 300.0000	   0.0000	   0.0000	   0.0000	 12.2000	 27.6000	 64.4167	   5.1000	   5.5000	   5.9000	  0.8000	  0.2000	  0.1000	  0.1600	  0.1900	   0.0000	   0.0000	   0.0000	   0.0000	   0.0000	   0.0000	   0.0000	   0.0000	   0.0000	  1.0000	  0.0000	        0.0000	        0.0000	        0.0000	        0.0000	        0.0000	        0.0000	        0.0000	  0.5213	  0.2994	-28.9786
2018	131	  23	 55	130.9965	  0.0000	3374.6486	   46.9692	 33.7424	  8.5417	  0.0000	 300.0000	 300.0000	 300.0000	   0.0000	   0.0000	   0.0000	 10.7000	 16.7000	 63.4167	   5.1000	   5.5000	   5.9000	  0.8000	  0.2000	  0.1000	  0.1600	  0.1900	   0.0000	   0.0000	   0.0000	   0.0000	   0.0000	   0.0000	   0.0000	   0.0000	   0.0000	  1.0000	  0.0000	        0.0000	        0.0000	        0.0000	        0.0000	        0.0000	        0.0000	        0.0000	  0.5213	  0.2994	-28.9786
2018	132	  23	 55	131.9965	  0.0000	3186.6602	   50.4268	 37.0793	  0.0000	  1.0000	 300.0000	 300.0000	 300.0000	   0.0000	   0.0000	   0.0000	 10.3000	 19.9000	 62.9167	   5.1000	   5.5000	   5.9000	  0.8000	  0.2000	  0.1000	  0.1600	  0.1900	   0.0000	   0.0000	   0.0000	   0.0000	   0.0000	   0.0000	   0.0000	   0.0000	   0.0000	  1.0000	  0.0000	        0.0000	        0.0000	        0.0000	        0.0000	        0.0000	        0.0000	        0.0000	  0.5213	  0.2994	-28.9786
2018	133	  23	 55	132.9965	  0.0000	3154.8773	   63.8947	 42.4424	  0.0000	  2.0000	 300.0000	 300.0000	 300.0000	   0.0000	   0.0000	   0.0000	 14.9167	 25.6000	 55.4167	   5.1000	   5.5000	   5.9000	  0.8000	  0.2000	  0.1000	  0.1600	  0.1900	   0.0000	   0.0000	   0.0000	   0.0000	   0.0000	   0.0000	   0.0000	   0.0000	   0.0000	  1.0000	  0.0000	        0.0000	        0.0000	        0.0000	        0.0000	        0.0000	        0.0000	        0.0000	  0.5213	  0.2994	-28.9786
2018	134	  23	 55	133.9965	  0.0000	 17.0952	    0.3580	 40.8309	  0.0000	  4.0000	 300.0000	 300.0000	 300.0000	   0.0000	   0.0000	   0.0000	 12.3000	 28.2000	 69.7500	   5.1000	   5.5000	   5.9000	  0.8000	  0.2000	  0.1000	  0.1600	  0.1900	   0.0000	   0.0000	   0.0000	   0.0000	   0.0000	   0.0000	   0.0000	   0.0000	   0.0000	  1.0000	  0.0000	        0.0000	        0.0000	        0.0000	        0.0000	        0.0000	        0.0000	        0.0000	  0.5213	  0.2994	-28.9786
2018	135	  23	 55	134.9965	  0.0000	  3.5985	    0.0601	 31.2467	  0.0000	  7.0000	 300.0000	 300.0000	 300.0000	   0.0000	   0.0000	   0.0000	 13.8000	 28.1000	 67.5833	   5.1000	   5.5000	   5.9000	  0.8000	  0.2000	  0.1000	  0.1600	  0.1900	   0.0000	   0.0000	   0.0000	   0.0000	   0.0000	   0.0000	   0.0000	   0.0000	   0.0000	  1.0000	  0.0000	        0.0000	        0.0000	        0.0000	        0.0000	        0.0000	        0.0000	        0.0000	  0.5213	  0.2994	-28.9786
2018	136	  23	 55	135.9965	  0.0000	 16.5905	    0.3143	 32.2214	  0.0000	  9.0000	 300.0000	 300.0000	 300.0000	   0.0000	   0.0000	   0.0000	 14.1917	 26.4000	 71.2500	   5.1000	   5.5000	   5.9000	  0.8000	  0.2000	  0.1000	  0.1600	  0.1900	   0.0000	   0.0000	   0.0000	   0.0000	   0.0000	   0.0000	   0.0000	   0.0000	   0.0000	  1.0000	  0.0000	        0.0000	        0.0000	        0.0000	        0.0000	        0.0000	        0.0000	        0.0000	  0.5213	  0.2994	-28.9786
2018	137	  23	 55	136.9965	  0.0000	 13.7578	    0.2226	 28.6401	  0.4167	  0.0000	 300.0000	 300.0000	 300.0000	   0.0000	   0.0000	   0.0000	 13.4000	 20.5000	 56.5833	   5.1000	   5.5000	   5.9000	  0.8000	  0.2000	  0.1000	  0.1600	  0.1900	   0.0000	   0.0000	   0.0000	   0.0000	   0.0000	   0.0000	   0.0000	   0.0000	   0.0000	  1.0000	  0.0000	        0.0000	        0.0000	        0.0000	        0.0000	        0.0000	        0.0000	        0.0000	  0.5213	  0.2994	-28.9786
2018	138	  23	 55	137.9965	  0.0000	  3.5754	    0.0344	 22.8343	  2.0833	  0.0000	 300.0000	 300.0000	 300.0000	   0.0000	   0.0000	   0.0000	  9.6250	 20.9000	 73.4167	   5.1000	   5.5000	   5.9000	  0.8000	  0.2000	  0.1000	  0.1600	  0.1900	   0.0000	   0.0000	   0.0000	   0.0000	   0.0000	   0.0000	   0.0000	   0.0000	   0.0000	  1.0000	  0.0000	        0.0000	        0.0000	        0.0000	        0.0000	        0.0000	        0.0000	        0.0000	  0.5213	  0.2994	-28.9786
2018	139	  23	 55	138.9965	  0.0000	  3.5369	    0.0437	 15.0384	  0.0000	  4.0000	 300.0000	 300.0000	 300.0000	   0.0000	   0.0000	   0.0000	  7.2000	 22.1000	 64.5000	   5.1000	   5.5000	   5.9000	  0.8000	  0.2000	  0.1000	  0.1600	  0.1900	   0.0000	   0.0000	   0.0000	   0.0000	   0.0000	   0.0000	   0.0000	   0.0000	   0.0000	  1.0000	  0.0000	        0.0000	        0.0000	        0.0000	        0.0000	        0.0000	        0.0000	        0.0000	  0.5213	  0.2994	-28.9786
2018	140	  23	 55	139.9965	  0.0000	  3.5796	    0.0442	 15.5872	  0.0000	  7.0000	 300.0000	 300.0000	 300.0000	   0.0000	   0.0000	   0.0000	 10.2000	 22.2000	 64.5000	   5.1000	   5.5000	   5.9000	  0.8000	  0.2000	  0.1000	  0.1600	  0.1900	   0.0000	   0.0000	   0.0000	   0.0000	   0.0000	   0.0000	   0.0000	   0.0000	   0.0000	  1.0000	  0.0000	        0.0000	        0.0000	        0.0000	        0.0000	        0.0000	        0.0000	        0.0000	  0.5213	  0.2994	-28.9786
2018	141	  23	 55	140.9965	  0.0000	  3.5834	    0.0500	 15.6424	  0.0000	 10.0000	 300.0000	 300.0000	 300.0000	   0.0000	   0.0000	   0.0000	 10.6000	 22.7000	 64.1667	   5.1000	   5.5000	   5.9000	  0.8000	  0.2000	  0.1000	  0.1600	  0.1900	   0.0000	   0.0000	   0.0000	   0.0000	   0.0000	   0.0000	   0.0000	   0.0000	   0.0000	  1.0000	  0.0000	        0.0000	        0.0000	        0.0000	        0.0000	        0.0000	        0.0000	        0.0000	  0.5213	  0.2994	-28.9786
2018	142	  23	 55	141.9965	  0.0000	  3.5822	    0.0447	 16.6129	  0.0000	 13.0000	 300.0000	 300.0000	 300.0000	   0.0000	   0.0000	   0.0000	 11.2000	 23.0000	 68.9167	   5.1000	   5.5000	   5.9000	  0.8000	  0.2000	  0.1000	  0.1600	  0.1900	   0.0000	   0.0000	   0.0000	   0.0000	   0.0000	   0.0000	   0.0000	   0.0000	   0.0000	  1.0000	  0.0000	        0.0000	        0.0000	        0.0000	        0.0000	        0.0000	        0.0000	        0.0000	  0.5213	  0.2994	-28.9786
2018	143	  23	 55	142.9965	  0.0000	  3.5879	    0.0508	 17.6380	  0.0000	 16.0000	 300.0000	 300.0000	 300.0000	   0.0000	   0.0000	   0.0000	 10.5000	 24.9000	 69.0000	   5.1000	   5.5000	   5.9000	  0.8000	  0.2000	  0.1000	  0.1600	  0.1900	   0.0000	   0.0000	   0.0000	   0.0000	   0.0000	   0.0000	   0.0000	   0.0000	   0.0000	  1.0000	  0.0000	        0.0000	        0.0000	        0.0000	        0.0000	        0.0000	        0.0000	        0.0000	  0.5213	  0.2994	-28.9786
2018	144	  23	 55	143.9965	  0.0000	 16.2380	    0.3135	 23.2102	  0.0000	 18.0000	 300.0000	 300.0000	 300.0000	   0.0000	   0.0000	   0.0000	 12.0000	 25.8000	 67.5833	   5.1000	   5.5000	   5.9000	  0.8000	  0.2000	  0.1000	  0.1600	  0.1900	   0.0000	   0.0000	   0.0000	   0.0000	   0.0000	   0.0000	   0.0000	   0.0000	   0.0000	  1.0000	  0.0000	        0.0000	        0.0000	        0.0000	        0.0000	        0.0000	        0.0000	        0.0000	  0.5213	  0.2994	-28.9786
2018	145	  23	 55	144.9965	  0.0000	 16.2969	    0.3360	 27.5046	  0.0000	 20.0000	 300.0000	 300.0000	 300.0000	   0.0000	   0.0000	   0.0000	 15.5000	 27.4000	 67.5833	   5.1000	   5.5000	   5.9000	  0.8000	  0.2000	  0.1000	  0.1600	  0.1900	   0.0000	   0.0000	   0.0000	   0.0000	   0.0000	   0.0000	   0.0000	   0.0000	   0.0000	  1.0000	  0.0000	        0.0000	        0.0000	        0.0000	        0.0000	        0.0000	        0.0000	        0.0000	  0.5213	  0.2994	-28.9786
2018	146	  23	 55	145.9965	  0.0000	3741.1766	   79.3369	 37.8710	  0.0000	 21.0000	 300.0000	 300.0000	 300.0000	   0.0000	   0.0000	   0.0000	 14.0000	 26.9000	 73.1667	   5.1000	   5.5000	   5.9000	  0.8000	  0.2000	  0.1000	  0.1600	  0.1900	   0.0000	   0.0000	   0.0000	   0.0000	   0.0000	   0.0000	   0.0000	   0.0000	   0.0000	  1.0000	  0.0000	        0.0000	        0.0000	        0.0000	        0.0000	        0.0000	        0.0000	        0.0000	  0.5213	  0.2994	-28.9786
2018	147	  23	 55	146.9965	  0.0000	  3.5553	    0.0622	 23.0634	  5.3667	  0.0000	 300.0000	 300.0000	 300.0000	   0.0000	   0.0000	   0.0000	 16.6000	 26.9000	 58.0000	   5.1000	   5.5000	   5.9000	  0.8000	  0.2000	  0.1000	  0.1600	  0.1900	   0.0000	   0.0000	   0.0000	   0.0000	   0.0000	   0.0000	   0.0000	   0.0000	   0.0000	  1.0000	  0.0000	        0.0000	        0.0000	        0.0000	        0.0000	        0.0000	        0.0000	        0.0000	  0.5213	  0.2994	-28.9786
2018	148	  23	 55	147.9965	  0.0000	3360.9760	   57.6624	 29.9832	 58.4917	  0.0000	 300.0000	 300.0000	 300.0000	   0.0000	   0.0000	   0.0000	 15.1333	 21.2000	 65.0000	   5.1000	   5.5000	   5.9000	  0.8000	  0.2000	  0.1000	  0.1600	  0.1900	   0.0000	   0.0000	   0.0000	   0.0000	   0.0000	   0.0000	   0.0000	   0.0000	   0.0000	  1.0000	  0.0000	        0.0000	        0.0000	        0.0000	        0.0000	        0.0000	        0.0000	        0.0000	  0.5213	  0.2994	-28.9786
2018	149	  23	 55	148.9965	  0.0000	 16.6575	    0.3449	 32.0721	  3.4500	  0.0000	 300.0000	 300.0000	 300.0000	   0.0000	   0.0000	   0.0000	 15.1000	 28.3000	 71.0833	   5.1000	   5.5000	   5.9000	  0.8000	  0.2000	  0.1000	  0.1600	  0.1900	   0.0000	   0.0000	   0.0000	   0.0000	   0.0000	   0.0000	   0.0000	   0.0000	   0.0000	  1.0000	  0.0000	        0.0000	        0.0000	        0.0000	        0.0000	        0.0000	        0.0000	        0.0000	  0.5213	  0.2994	-28.9786
2018	150	  23	 55	149.9965	  0.0000	 16.1033	    0.3850	 34.7694	  0.0000	  2.0000	 300.0000	 300.0000	 300.0000	   0.0000	   0.0000	   0.0000	 16.6000	 30.6000	 67.2500	   5.1000	   5.5000	   5.9000	  0.8000	  0.2000	  0.1000	  0.1600	  0.1900	   0.0000	   0.0000	   0.0000	   0.0000	   0.0000	   0.0000	   0.0000	   0.0000	   0.0000	  1.0000	  0.0000	        0.0000	        0.0000	        0.0000	        0.0000	        0.0000	        0.0000	        0.0000	  0.5213	  0.2994	-28.9786
2018	151	  23	 55	150.9965	  0.0000	  3.6049	    0.0695	 28.9295	  0.0000	  5.0000	 300.0000	 300.0000	 300.0000	   0.0000	   0.0000	   0.0000	 18.6000	 29.1000	 65.7500	   5.1000	   5.5000	   5.9000	  0.8000	  0.2000	  0.1000	  0.1600	  0.1900	   0.0000	   0.0000	   0.0000	   0.0000	   0.0000	   0.0000	   0.0000	   0.0000	   0.0000	  1.0000	  0.0000	        0.0000	        0.0000	        0.0000	        0.0000	        0.0000	        0.0000	        0.0000	  0.5213	  0.2994	-28.9786
2018	152	  23	 55	151.9965	  0.0000	 16.6750	    0.3502	 31.8374	  0.0000	  7.0000	 300.0000	 300.0000	 300.0000	   0.0000	   0.0000	   0.0000	 16.8000	 26.5000	 71.8333	   5.1000	   5.5000	   5.9000	  0.8000	  0.2000	  0.1000	  0.1600	  0.1900	   0.0000	   0.0000	   0.0000	   0.0000	   0.0000	   0.0000	   0.0000	   0.0000	   0.0000	  1.0000	  0.0000	        0.0000	        0.0000	        0.0000	        0.0000	        0.0000	        0.0000	        0.0000	  0.5213	  0.2994	-28.9786
2018	153	  23	 55	152.9965	  0.0000	  3.5566	    0.0636	 17.5573	  0.0000	 12.0000	 300.0000	 300.0000	 300.0000	   0.0000	   0.0000	   0.0000	 15.4000	 27.9000	 75.0000	   5.1000	   5.5000	   5.9000	  0.8000	  0.2000	  0.1000	  0.1600	  0.1900	   0.0000	   0.0000	   0.0000	   0.0000	   0.0000	   0.0000	   0.0000	   0.0000	   0.0000	  1.0000	  0.0000	        0.0000	        0.0000	        0.0000	        0.0000	        0.0000	        0.0000	        0.0000	  0.5213	  0.2994	-28.9786
2018	154	  23	 55	153.9965	  0.0000	3100.9783	   69.1699	 27.8798	  0.0000	 13.0000	 300.0000	 300.0000	 300.0000	   0.0000	   0.0000	   0.0000	 16.9000	 26.7000	 58.8333	   5.1000	   5.5000	   5.9000	  0.8000	  0.2000	  0.1000	  0.1600	  0.1900	 286.9345	 130.4180	 156.5165	 286.9345	 130.4180	 156.5165	 286.9345	 130.4180	 156.5165	  1.0000	  0.0000	        0.0000	        0.0000	        0.0000	        0.0000	        0.0000	        0.0000	        0.0000	  0.5213	  0.2994	-28.9786
2018	155	  23	 55	154.9965	  0.0000	 16.1682	    0.3407	 30.7977	  0.0000	 15.0000	 300.0000	 300.0000	 300.0000	   0.0000	   0.0000	   0.0000	 17.2417	 27.1000	 70.2500	   5.1000	   5.5000	   5.9000	  0.8000	  0.2000	  0.1000	  0.1600	  0.1900	   0.0000	   0.0000	   0.0000	   0.0000	   0.0000	   0.0000	   0.0000	   0.0000	   0.0000	  1.0000	  0.0000	        0.0000	        0.0000	        0.0000	        0.0000	        0.0000	        0.0000	        0.0000	  0.5213	  0.2994	-28.9786
2018	156	  23	 55	155.9965	  0.0000	3133.5746	   49.5537	 34.5489	  0.0000	 16.0000	 300.0000	 300.0000	 300.0000	   0.0000	   0.0000	   0.0000	 12.3000	 18.9000	 59.2500	   5.1000	   5.5000	   5.9000	  0.8000	  0.2000	  0.1000	  0.1600	  0.1900	 205.8214	  93.5508	 112.2707	 205.8214	  93.5508	 112.2707	 205.8214	  93.5508	 112.2707	  1.0000	  0.0000	        0.0000	        0.0000	        0.0000	        0.0000	        0.0000	        0.0000	        0.0000	  0.5213	  0.2994	-28.9786
2018	157	  23	 55	156.9965	  0.0000	2962.4564	   52.4773	 38.1346	  0.0000	 17.0000	 300.0000	 300.0000	 300.0000	   0.0000	   0.0000	   0.0000	 13.0000	 21.2000	 58.1667	   5.1000	   5.5000	   5.9000	  0.8000	  0.2000	  0.1000	  0.1600	  0.1900	 220.2497	 100.1088	 120.1409	 220.2497	 100.1088	 120.1409	 220.2497	 100.1088	 120.1409	  1.0000	  0.0000	        0.0000	        0.0000	        0.0000	        0.0000	        0.0000	        0.0000	        0.0000	  0.5213	  0.2994	-28.9786
2018	158	  23	 55	157.9965	  0.0000	3040.9093	   61.3134	 42.7703	  0.0000	 18.0000	 300.0000	 300.0000	 300.0000	   0.0000	   0.0000	   0.0000	 15.5000	 24.0000	 60.7500	   5.1000	   5.5000	   5.9000	  0.8000	  0.2000	  0.1000	  0.1600	  0.1900	 260.5880	 118.4435	 142.1445	 260.5880	 118.4435	 142.1445	 260.5880	 118.4435	 142.1445	  1.0000	  0.0000	        0.0000	        0.0000	        0.0000	        0.0000	        0.0000	        0.0000	        0.0000	  0.5213	  0.2994	-28.9786
2018	159	  23	 55	158.9965	  0.0000	  3.5915	    0.0556	 32.0016	  0.0000	 21.0000	 300.0000	 300.0000	 300.0000	   0.0000	   0.0000	   0.0000	 15.5000	 26.5000	 68.5833	   5.1000	   5.5000	   5.9000	  0.8000	  0.2000	  0.1000	  0.1600	  0.1900	   0.0000	   0.0000	   0.0000	   0.0000	   0.0000	   0.0000	   0.0000	   0.0000	   0.0000	  1.0000	  0.0000	        0.0000	        0.0000	        0.0000	        0.0000	        0.0000	        0.0000	        0.0000	  0.5213	  0.2994	-28.9786
2018	160	  23	 55	159.9965	  0.0000	  3.6053	    0.0642	 27.5613	  0.0000	 24.0000	 300.0000	 300.0000	 300.0000	   0.0000	   0.0000	   0.0000	 13.5000	 26.3000	 80.5833	   5.1000	   5.5000	   5.9000	  0.8000	  0.2000	  0.1000	  0.1600	  0.1900	   1.8799	   0.8561	   1.0238	   1.8799	   0.8561	   1.0238	   1.8799	   0.8561	   1.0238	  1.0000	  0.0000	        0.0000	        0.0000	        0.0000	        0.0000	        0.0000	        0.0000	        0.0000	  0.5213	  0.2994	-28.9786
2018	161	  23	 55	160.9965	  0.0000	  3.5931	    0.0568	 23.2282	 12.5167	  0.0000	 300.0000	 300.0000	 300.0000	   0.0000	   0.0000	   0.0000	 15.1000	 25.3000	 66.6667	   5.1000	   5.5000	   5.9000	  0.8000	  0.2000	  0.1000	  0.1600	  0.1900	   0.0000	   0.0000	   0.0000	   0.0000	   0.0000	   0.0000	   0.0000	   0.0000	   0.0000	  1.0000	  0.0000	        0.0000	        0.0000	        0.0000	        0.0000	        0.0000	        0.0000	        0.0000	  0.5213	  0.2994	-28.9786
2018	162	  23	 55	161.9965	  0.0000	  3.5721	    0.0487	 16.8607	 11.9417	  0.0000	 300.0000	 300.0000	 300.0000	   0.0000	   0.0000	   0.0000	 13.7000	 16.9000	 49.0000	   5.1000	   5.5000	   5.9000	  0.8000	  0.2000	  0.1000	  0.1600	  0.1900	   0.0000	   0.0000	   0.0000	   0.0000	   0.0000	   0.0000	   0.0000	   0.0000	   0.0000	  1.0000	  0.0000	        0.0000	        0.0000	        0.0000	        0.0000	        0.0000	        0.0000	        0.0000	  0.5213	  0.2994	-28.9786
2018	163	  23	 55	162.9965	  0.0000	 16.3409	    0.2829	 21.5745	  0.0000	  2.0000	 300.0000	 300.0000	 300.0000	   0.0000	   0.0000	   0.0000	 13.6000	 21.7000	 72.0833	   5.1000	   5.5000	   5.9000	  0.8000	  0.2000	  0.1000	  0.1600	  0.1900	   0.0000	   0.0000	   0.0000	   0.0000	   0.0000	   0.0000	   0.0000	   0.0000	   0.0000	  1.0000	  0.0000	        0.0000	        0.0000	        0.0000	        0.0000	        0.0000	        0.0000	        0.0000	  0.5213	  0.2994	-28.9786
2018	164	  23	 55	163.9965	  0.0000	3568.0977	   62.8956	 29.8387	  0.0000	  3.0000	 300.0000	 300.0000	 300.0000	   0.0000	   0.0000	   0.0000	 12.5000	 21.9000	 71.3333	   5.1000	   5.5000	   5.9000	  0.8000	  0.2000	  0.1000	  0.1600	  0.1900	 243.2752	 110.5728	 132.7024	 243.2752	 110.5728	 132.7024	 243.2752	 110.5728	 132.7024	  1.0000	  0.0000	        0.0000	        0.0000	        0.0000	        0.0000	        0.0000	        0.0000	        0.0000	  0.5213	  0.2994	-28.9786
2018	165	  23	 55	164.9965	  0.0000	 12.3141	    0.1979	 25.7900	 22.3917	  0.0000	 300.0000	 300.0000	 300.0000	   0.0000	   0.0000	   0.0000	 13.8000	 20.6000	 46.5000	   5.1000	   5.5000	   5.9000	  0.8000	  0.2000	  0.1000	  0.1600	  0.1900	   0.0000	   0.0000	   0.0000	   0.0000	   0.0000	   0.0000	   0.0000	   0.0000	   0.0000	  1.0000	  0.0000	        0.0000	        0.0000	        0.0000	        0.0000	        0.0000	        0.0000	        0.0000	  0.5213	  0.2994	-28.9786
2018	166	  23	 55	165.9965	  0.0000	3496.6910	   57.6248	 32.1569	  0.0000	  1.0000	 300.0000	 300.0000	 300.0000	   0.0000	   0.0000	   0.0000	 13.6000	 18.9000	 71.0833	   5.1000	   5.5000	   5.9000	  0.8000	  0.2000	  0.1000	  0.1600	  0.1900	 216.9448	  98.6049	 118.3399	 216.9448	  98.6049	 118.3399	 216.9448	  98.6049	 118.3399	  1.0000	  0.0000	        0.0000	        0.0000	        0.0000	        0.0000	        0.0000	        0.0000	        0.0000	  0.5213	  0.2994	-28.9786
2018	167	  23	 55	166.9965	  0.0000	3372.0880	   58.3319	 37.3919	  6.6500	  0.0000	 300.0000	 300.0000	 300.0000	   0.0000	   0.0000	   0.0000	 13.9000	 22.2000	 62.5000	   5.1000	   5.5000	   5.9000	  0.8000	  0.2000	  0.1000	  0.1600	  0.1900	 218.4268	  99.2784	 119.1485	 218.4268	  99.2784	 119.1485	 218.4268	  99.2784	 119.1485	  1.0000	  0.0000	        0.0000	        0.0000	        0.0000	        0.0000	        0.0000	        0.0000	        0.0000	  0.5213	  0.2994	-28.9786
2018	168	  23	 55	167.9965	  0.0000	3415.3128	   52.8250	 40.4785	 61.8750	  0.0000	 300.0000	 300.0000	 300.0000	   0.0000	   0.0000	   0.0000	 13.9000	 18.4000	 70.6667	   5.1000	   5.5000	   5.9000	  0.8000	  0.2000	  0.1000	  0.1600	  0.1900	 194.2946	  88.3098	 105.9848	 194.2946	  88.3098	 105.9848	 194.2946	  88.3098	 105.9848	  1.0000	  0.0000	        0.0000	        0.0000	        0.0000	        0.0000	        0.0000	        0.0000	        0.0000	  0.5213	  0.2994	-28.9786
2018	169	  23	 55	168.9965	  0.0000	  3.5768	    0.0504	 26.4287	  6.1417	  0.0000	 300.0000	 300.0000	 300.0000	   0.0000	   0.0000	   0.0000	 14.1000	 18.2000	 51.5000	   5.1000	   5.5000	   5.9000	  0.8000	  0.2000	  0.1000	  0.1600	  0.1900	   0.0000	   0.0000	   0.0000	   0.0000	   0.0000	   0.0000	   0.0000	   0.0000	   0.0000	  1.0000	  0.0000	        0.0000	        0.0000	        0.0000	        0.0000	        0.0000	        0.0000	        0.0000	  0.5213	  0.2994	-28.9786
2018	170	  23	 55	169.9965	  0.0000	3171.1951	   48.8850	 30.9200	  7.5167	  0.0000	 300.0000	 300.0000	 300.0000	   0.0000	   0.0000	   0.0000	 12.9250	 17.4000	 67.6667	   5.1000	   5.5000	   5.9000	  0.8000	  0.2000	  0.1000	  0.1600	  0.1900	 177.0287	  80.4621	  96.5666	 177.0287	  80.4621	  96.5666	 177.0287	  80.4621	  96.5666	  1.0000	  0.0000	        0.0000	        0.0000	        0.0000	        0.0000	        0.0000	        0.0000	        0.0000	  0.5213	  0.2994	-28.9786
2018	171	  23	 55	170.9965	  0.0000	  3.5441	    0.0510	 16.7029	 50.0000	  0.0000	 300.0000	 300.0000	 300.0000	   0.0000	   0.0000	   0.0000	 11.4000	 16.9000	 55.0833	   5.1000	   5.5000	   5.9000	  0.8000	  0.2000	  0.1000	  0.1600	  0.1900	   0.0000	   0.0000	   0.0000	   0.0000	   0.0000	   0.0000	   0.0000	   0.0000	   0.0000	  1.0000	  0.0000	        0.0000	        0.0000	        0.0000	        0.0000	        0.0000	        0.0000	        0.0000	  0.5213	  0.2994	-28.9786
2018	172	  23	 55	171.9965	  0.0000	 15.0114	    0.1906	 17.9112	 13.5083	  0.0000	 300.0000	 300.0000	 300.0000	   0.0000	   0.0000	   0.0000	  9.8000	 16.0000	 56.0000	   5.1000	   5.5000	   5.9000	  0.8000	  0.2000	  0.1000	  0.1600	  0.1900	   0.0000	   0.0000	   0.0000	   0.0000	   0.0000	   0.0000	   0.0000	   0.0000	   0.0000	  1.0000	  0.0000	        0.0000	        0.0000	        0.0000	        0.0000	        0.0000	        0.0000	        0.0000	  0.5213	  0.2994	-28.9786
2018	173	  23	 55	172.9965	  0.0000	  3.5353	    0.0422	 12.5309	  0.0000	  4.0000	 300.0000	 300.0000	 300.0000	   0.0000	   0.0000	   0.0000	  9.4000	 17.3000	 68.0833	   5.1000	   5.5000	   5.9000	  0.8000	  0.2000	  0.1000	  0.1600	  0.1900	   0.0000	   0.0000	   0.0000	   0.0000	   0.0000	   0.0000	   0.0000	   0.0000	   0.0000	  1.0000	  0.0000	        0.0000	        0.0000	        0.0000	        0.0000	        0.0000	        0.0000	        0.0000	  0.5213	  0.2994	-28.9786
2018	174	  23	 55	173.9965	  0.0000	3161.8557	   46.5073	 19.3262	  0.0000	  5.0000	 300.0000	 300.0000	 300.0000	   0.0000	   0.0000	   0.0000	  8.6000	 19.1000	 59.5833	   5.1000	   5.5000	   5.9000	  0.8000	  0.2000	  0.1000	  0.1600	  0.1900	 174.6914	  79.4003	  95.2911	 174.6914	  79.4003	  95.2911	 174.6914	  79.4003	  95.2911	  1.0000	  0.0000	        0.0000	        0.0000	        0.0000	        0.0000	        0.0000	        0.0000	        0.0000	  0.5213	  0.2994	-28.9786
2018	175	  23	 55	174.9965	  0.0000	3397.9118	   59.7898	 27.4189	  0.0000	  6.0000	 300.0000	 300.0000	 300.0000	   0.0000	   0.0000	   0.0000	 10.4000	 22.3000	 70.4167	   5.1000	   5.5000	   5.9000	  0.8000	  0.2000	  0.1000	  0.1600	  0.1900	 234.5144	 106.5912	 127.9232	 234.5144	 106.5912	 127.9232	 234.5144	 106.5912	 127.9232	  1.0000	  0.0000	        0.0000	        0.0000	        0.0000	        0.0000	        0.0000	        0.0000	        0.0000	  0.5213	  0.2994	-28.9786
2018	176	  23	 55	175.9965	  0.0000	3342.7409	   67.2740	 35.3900	  0.0000	  7.0000	 300.0000	 300.0000	 300.0000	   0.0000	   0.0000	   0.0000	 15.0000	 24.6000	 67.0000	   5.1000	   5.5000	   5.9000	  0.8000	  0.2000	  0.1000	  0.1600	  0.1900	 268.9279	 122.2329	 146.6949	 268.9279	 122.2329	 146.6949	 268.9279	 122.2329	 146.6949	  1.0000	  0.0000	        0.0000	        0.0000	        0.0000	        0.0000	        0.0000	        0.0000	        0.0000	  0.5213	  0.2994	-28.9786
2018	177	  23	 55	176.9965	  0.0000	  3.6049	    0.0655	 29.3314	  0.0000	 10.0000	 300.0000	 300.0000	 300.0000	   0.0000	   0.0000	   0.0000	 14.2000	 27.1000	 74.6667	   5.1000	   5.5000	   5.9000	  0.8000	  0.2000	  0.1000	  0.1600	  0.1900	   0.0000	   0.0000	   0.0000	   0.0000	   0.0000	   0.0000	   0.0000	   0.0000	   0.0000	  1.0000	  0.0000	        0.0000	        0.0000	        0.0000	        0.0000	        0.0000	        0.0000	        0.0000	  0.5213	  0.2994	-28.9786
2018	178	  23	 55	177.9965	  0.0000	 14.6166	    0.3052	 29.8129	  0.0000	 12.0000	 300.0000	 300.0000	 300.0000	   0.0000	   0.0000	   0.0000	 16.4000	 25.9000	 64.7500	   5.1000	   5.5000	   5.9000	  0.8000	  0.2000	  0.1000	  0.1600	  0.1900	   0.0000	   0.0000	   0.0000	   0.0000	   0.0000	   0.0000	   0.0000	   0.0000	   0.0000	  1.0000	  0.0000	        0.0000	        0.0000	        0.0000	        0.0000	        0.0000	        0.0000	        0.0000	  0.5213	  0.2994	-28.9786
2018	179	  23	 55	178.9965	  0.0000	3587.2645	   78.5816	 39.5667	  0.0000	 13.0000	 300.0000	 300.0000	 300.0000	   0.0000	   0.0000	   0.0000	 17.4000	 26.3000	 71.6667	   5.1000	   5.5000	   5.9000	  0.8000	  0.2000	  0.1000	  0.1600	  0.1900	 328.1784	 149.1642	 179.0142	 328.1784	 149.1642	 179.0142	 328.1784	 149.1642	 179.0142	  1.0000	  0.0000	        0.0000	        0.0000	        0.0000	        0.0000	        0.0000	        0.0000	        0.0000	  0.5213	  0.2994	-28.9786
