Year	DOY	Hour	Min	 Dectime	  HDD1_h	  HDD2_c	HDD3_Tmean	HDD4_T5d	   P_day	  DaysSR	GDD_EveTr	GDD_DecTr	GDD_Grass	SDD_EveTr	SDD_DecTr	SDD_Grass	    Tmin	    Tmax	   DLHrs	LAI_EveTr	LAI_DecTr	LAI_Grass	DecidCap	Porosity	AlbEveTr	AlbDecTr	AlbGrass	WU_EveTr1	WU_EveTr2	WU_EveTr3	WU_DecTr1	WU_DecTr2	WU_DecTr3	WU_Grass1	WU_Grass2	WU_Grass3	LAIlumps	 AlbSnow	DensSnow_Paved	DensSnow_Bldgs	DensSnow_EveTr	DensSnow_DecTr	DensSnow_Grass	DensSnow_BSoil	DensSnow_Water	      a1	      a2	      a3
2018	  1	  23	 55	  0.9965	  0.0000	 12.9577	    0.0652	  7.1632	 25.9667	  0.0000	   0.2000	   0.2000	   0.2000	-450.0000	-450.0000	-450.0000	  3.6000	  6.6000	 12.6667	   4.0003	   1.0006	   1.6006	  0.3001	  0.5999	  0.1000	  0.1600	  0.1900	   0.0000	   0.0000	   0.0000	   0.0000	   0.0000	   0.0000	   0.0000	   0.0000	   0.0000	  0.2317	  0.0000	        0.0000	        0.0000	        0.0000	        0.0000	        0.0000	        0.0000	        0.0000	  0.3353	  0.2938	-22.9037
2018	  2	  23	 55	  1.9965	  0.0000	  3.5107	    0.0175	  4.9210	  0.9000	  0.0000	   2.8000	   2.8000	   2.8000	-450.0000	-450.0000	-450.0000	  4.8000	  6.5000	 26.9167	   4.0080	   1.0152	   1.6155	  0.3017	  0.5986	  0.1000	  0.1600	  0.1900	   0.0000	   0.0000	   0.0000	   0.0000	   0.0000	   0.0000	   0.0000	   0.0000	   0.0000	  0.2320	  0.0000	        0.0000	        0.0000	        0.0000	        0.0000	        0.0000	        0.0000	        0.0000	  0.3353	  0.2938	-22.9037
2018	  3	  23	 55	  2.9965	  0.0000	1460.1490	    5.1594	  4.9687	 15.5333	  0.0000	   0.0000	   0.0000	   0.0000	-450.0000	-450.0000	-450.0000	  2.6000	  5.0000	  5.7500	   4.0080	   1.0152	   1.6155	  0.3017	  0.5986	  0.1000	  0.1600	  0.1900	   0.0000	   0.0000	   0.0000	   0.0000	   0.0000	   0.0000	   0.0000	   0.0000	   0.0000	  0.2343	  0.0000	        0.0000	        0.0000	        0.0000	        0.0000	        0.0000	        0.0000	        0.0000	  0.3353	  0.2938	-22.9037
2018	  4	  23	 55	  3.9965	  0.0000	  9.4497	    0.0260	  3.9803	  0.0167	  0.0000	   0.0000	   0.0000	   0.0000	-450.0000	-450.0000	-450.0000	  2.2000	  3.5000	 18.9167	   4.0080	   1.0152	   1.6155	  0.3017	  0.5986	  0.1000	  0.1600	  0.1900	   0.0000	   0.0000	   0.0000	   0.0000	   0.0000	   0.0000	   0.0000	   0.0000	   0.0000	  0.2343	  0.0000	        0.0000	        0.0000	        0.0000	        0.0000	        0.0000	        0.0000	        0.0000	  0.3353	  0.2938	-22.9037
2018	  5	  23	 55	  4.9965	  0.0000	1147.4157	    2.2206	  3.6284	  0.0000	  1.0000	   0.0000	   0.0000	   0.0000	-450.0000	-450.0000	-450.0000	  0.8167	  2.8000	  6.5833	   4.0080	   1.0152	   1.6155	  0.3017	  0.5986	  0.1000	  0.1600	  0.1900	   0.0000	   0.0000	   0.0000	   0.0000	   0.0000	   0.0000	   0.0000	   0.0000	   0.0000	  0.2343	  0.0000	        0.0000	        0.0000	        0.0000	        0.0000	        0.0000	        0.0000	        0.0000	  0.3353	  0.2938	-22.9037
2018	  6	  23	 55	  5.9965	  0.0000	 16.7802	   -0.0419	  1.3594	  0.0000	  3.0000	   0.0000	   0.0000	   0.0000	-450.0000	-450.0000	-450.0000	 -6.0500	  0.8000	 57.3333	   4.0080	   1.0152	   1.6155	  0.3017	  0.5986	  0.1000	  0.1600	  0.1900	   0.0000	   0.0000	   0.0000	   0.0000	   0.0000	   0.0000	   0.0000	   0.0000	   0.0000	  0.2343	  0.0000	        0.0000	        0.0000	        0.0000	        0.0000	        0.0000	        0.0000	        0.0000	  0.3353	  0.2938	-22.9037
2018	  7	  23	 55	  6.9965	  0.0000	 10.0804	    0.0018	  0.3070	  0.0000	  5.0000	   0.0000	   0.0000	   0.0000	-450.0000	-450.0000	-450.0000	 -7.9000	  4.4000	 23.5000	   4.0080	   1.0152	   1.6155	  0.3017	  0.5986	  0.1000	  0.1600	  0.1900	   0.0000	   0.0000	   0.0000	   0.0000	   0.0000	   0.0000	   0.0000	   0.0000	   0.0000	  0.2343	  0.0000	        0.0000	        0.0000	        0.0000	        0.0000	        0.0000	        0.0000	        0.0000	  0.3353	  0.2938	-22.9037
2018	  8	  23	 55	  7.9965	  0.0000	1556.5668	    4.1139	  1.0683	  0.0000	  6.0000	   0.0000	   0.0000	   0.0000	-450.0000	-450.0000	-450.0000	  0.2000	  4.3000	 15.5833	   4.0080	   1.0152	   1.6155	  0.3017	  0.5986	  0.1000	  0.1600	  0.1900	   0.0000	   0.0000	   0.0000	   0.0000	   0.0000	   0.0000	   0.0000	   0.0000	   0.0000	  0.2343	  0.0000	        0.0000	        0.0000	        0.0000	        0.0000	        0.0000	        0.0000	        0.0000	  0.3353	  0.2938	-22.9037
2018	  9	  23	 55	  8.9965	  0.0000	1607.8154	    3.1499	  1.4846	  0.0000	  7.0000	   0.0000	   0.0000	   0.0000	-450.0000	-450.0000	-450.0000	 -0.9000	  4.6000	 16.0833	   4.0080	   1.0152	   1.6155	  0.3017	  0.5986	  0.1000	  0.1600	  0.1900	   0.0000	   0.0000	   0.0000	   0.0000	   0.0000	   0.0000	   0.0000	   0.0000	   0.0000	  0.2343	  0.0000	        0.0000	        0.0000	        0.0000	        0.0000	        0.0000	        0.0000	        0.0000	  0.3353	  0.2938	-22.9037
2018	 10	  23	 55	  9.9965	  0.0000	3397.1683	   10.3147	  3.2507	 38.1500	  0.0000	   0.0000	   0.0000	   0.0000	-450.0000	-450.0000	-450.0000	  2.1000	  3.9000	  5.7500	   4.0080	   1.0152	   1.6155	  0.3017	  0.5986	  0.1000	  0.1600	  0.1900	   0.0000	   0.0000	   0.0000	   0.0000	   0.0000	   0.0000	   0.0000	   0.0000	   0.0000	  0.2343	  0.0000	        0.0000	        0.0000	        0.0000	        0.0000	        0.0000	        0.0000	        0.0000	  0.3353	  0.2938	-22.9037
2018	 11	  23	 55	 10.9965	  0.0000	6710.3002	   20.1330	  6.6271	 22.9917	  0.0000	   0.0000	   0.0000	   0.0000	-450.0000	-450.0000	-450.0000	 -0.4000	  3.5000	121.2500	   4.0080	   1.0152	   1.6155	  0.3017	  0.5986	  0.1000	  0.1600	  0.1900	   0.0000	   0.0000	   0.0000	   0.0000	   0.0000	   0.0000	   0.0000	   0.0000	   0.0000	  0.2343	  0.0000	        0.0000	        0.0000	        0.0000	        0.0000	        0.0000	        0.0000	        0.0000	  0.3353	  0.2938	-22.9037
2018	 12	  23	 55	 11.9965	  0.0000	 13.4404	    0.0144	  4.9086	  0.3500	  0.0000	   0.0000	   0.0000	   0.0000	-450.0000	-450.0000	-450.0000	 -0.5000	  2.0000	 45.5000	   4.0080	   1.0152	   1.6155	  0.3017	  0.5986	  0.1000	  0.1600	  0.1900	   0.0000	   0.0000	   0.0000	   0.0000	   0.0000	   0.0000	   0.0000	   0.0000	   0.0000	  0.2343	  0.0000	        0.0000	        0.0000	        0.0000	        0.0000	        0.0000	        0.0000	        0.0000	  0.3353	  0.2938	-22.9037
2018	 13	  23	 55	 12.9965	  0.0000	2413.0898	    0.8703	  4.1010	  0.1917	  0.0000	   0.0000	   0.0000	   0.0000	-450.0000	-450.0000	-450.0000	 -0.7917	  0.7000	 36.0833	   4.0080	   1.0152	   1.6155	  0.3017	  0.5986	  0.1000	  0.1600	  0.1900	   0.0000	   0.0000	   0.0000	   0.0000	   0.0000	   0.0000	   0.0000	   0.0000	   0.0000	  0.2343	  0.0000	        0.0000	        0.0000	        0.0000	        0.0000	        0.0000	        0.0000	        0.0000	  0.3353	  0.2938	-22.9037
2018	 14	  23	 55	 13.9965	  0.0000	2721.2634	   -0.7505	  3.1307	  0.0000	  1.0000	   0.0000	   0.0000	   0.0000	-450.0000	-450.0000	-450.0000	 -1.7833	  0.0010	 44.7500	   4.0080	   1.0152	   1.6155	  0.3017	  0.5986	  0.1000	  0.1600	  0.1900	   0.0000	   0.0000	   0.0000	   0.0000	   0.0000	   0.0000	   0.0000	   0.0000	   0.0000	  0.2343	  0.0000	        0.0000	        0.0000	        0.0000	        0.0000	        0.0000	        0.0000	        0.0000	  0.3353	  0.2938	-22.9037
2018	 15	  23	 55	 14.9965	  0.0000	1273.7614	   -0.2246	  2.4596	  5.4000	  0.0000	   0.0000	   0.0000	   0.0000	-450.0000	-450.0000	-450.0000	 -1.9000	  0.8833	  4.5000	   4.0080	   1.0152	   1.6155	  0.3017	  0.5986	  0.1000	  0.1600	  0.1900	   0.0000	   0.0000	   0.0000	   0.0000	   0.0000	   0.0000	   0.0000	   0.0000	   0.0000	  0.2343	  0.0000	        0.0000	        0.0000	        0.0000	        0.0000	        0.0000	        0.0000	        0.0000	  0.3353	  0.2938	-22.9037
2018	 16	  23	 55	 15.9965	  0.0000	 27.8205	    0.0830	  5.1843	 60.4917	  0.0000	   0.0000	   0.0000	   0.0000	-450.0000	-450.0000	-450.0000	  0.4000	  3.7000	121.6667	   4.0080	   1.0152	   1.6155	  0.3017	  0.5986	  0.1000	  0.1600	  0.1900	   0.0000	   0.0000	   0.0000	   0.0000	   0.0000	   0.0000	   0.0000	   0.0000	   0.0000	  0.2343	  0.0000	        0.0000	        0.0000	        0.0000	        0.0000	        0.0000	        0.0000	        0.0000	  0.3353	  0.2938	-22.9037
2018	 17	  23	 55	 16.9965	  0.0000	2595.2438	    5.5016	  5.2478	  0.1167	  0.0000	   0.0000	   0.0000	   0.0000	-450.0000	-450.0000	-450.0000	  0.7000	  3.3000	 41.5833	   4.0080	   1.0152	   1.6155	  0.3017	  0.5986	  0.1000	  0.1600	  0.1900	   0.0000	   0.0000	   0.0000	   0.0000	   0.0000	   0.0000	   0.0000	   0.0000	   0.0000	  0.2343	  0.0000	        0.0000	        0.0000	        0.0000	        0.0000	        0.0000	        0.0000	        0.0000	  0.3353	  0.2938	-22.9037
2018	 18	  23	 55	 17.9965	  0.0000	 12.6073	    0.0059	  3.8194	  0.0083	  0.0000	   0.0000	   0.0000	   0.0000	-450.0000	-450.0000	-450.0000	 -1.1667	  1.5000	 42.0833	   4.0080	   1.0152	   1.6155	  0.3017	  0.5986	  0.1000	  0.1600	  0.1900	   0.0000	   0.0000	   0.0000	   0.0000	   0.0000	   0.0000	   0.0000	   0.0000	   0.0000	  0.2343	  0.0000	        0.0000	        0.0000	        0.0000	        0.0000	        0.0000	        0.0000	        0.0000	  0.3353	  0.2938	-22.9037
2018	 19	  23	 55	 18.9965	  0.0000	1967.3345	   -2.8188	  2.4917	  0.0000	  1.0000	   0.0000	   0.0000	   0.0000	-450.0000	-450.0000	-450.0000	 -3.8000	  0.8000	 25.5833	   4.0080	   1.0152	   1.6155	  0.3017	  0.5986	  0.1000	  0.1600	  0.1900	   0.0000	   0.0000	   0.0000	   0.0000	   0.0000	   0.0000	   0.0000	   0.0000	   0.0000	  0.2343	  0.0000	        0.0000	        0.0000	        0.0000	        0.0000	        0.0000	        0.0000	        0.0000	  0.3353	  0.2938	-22.9037
2018	 20	  23	 55	 19.9965	  0.0000	1309.2872	    0.4928	  2.0920	  0.3000	  0.0000	   0.0000	   0.0000	   0.0000	-450.0000	-450.0000	-450.0000	 -1.1000	  1.2000	 10.5833	   4.0080	   1.0152	   1.6155	  0.3017	  0.5986	  0.1000	  0.1600	  0.1900	   0.0000	   0.0000	   0.0000	   0.0000	   0.0000	   0.0000	   0.0000	   0.0000	   0.0000	  0.2343	  0.0000	        0.0000	        0.0000	        0.0000	        0.0000	        0.0000	        0.0000	        0.0000	  0.3353	  0.2938	-22.9037
2018	 21	  23	 55	 20.9965	  0.0000	1263.8277	    0.2841	  1.7304	  0.0000	  1.0000	   0.0000	   0.0000	   0.0000	-450.0000	-450.0000	-450.0000	 -0.4000	  1.0000	 10.6667	   4.0080	   1.0152	   1.6155	  0.3017	  0.5986	  0.1000	  0.1600	  0.1900	   0.0000	   0.0000	   0.0000	   0.0000	   0.0000	   0.0000	   0.0000	   0.0000	   0.0000	  0.2343	  0.0000	        0.0000	        0.0000	        0.0000	        0.0000	        0.0000	        0.0000	        0.0000	  0.3353	  0.2938	-22.9037
2018	 22	  23	 55	 21.9965	  0.0000	1273.4966	   -0.4895	  1.2864	  0.0000	  2.0000	   0.0000	   0.0000	   0.0000	-450.0000	-450.0000	-450.0000	 -2.0000	  0.6000	 11.5000	   4.0080	   1.0152	   1.6155	  0.3017	  0.5986	  0.1000	  0.1600	  0.1900	   0.0000	   0.0000	   0.0000	   0.0000	   0.0000	   0.0000	   0.0000	   0.0000	   0.0000	  0.2343	  0.0000	        0.0000	        0.0000	        0.0000	        0.0000	        0.0000	        0.0000	        0.0000	  0.3353	  0.2938	-22.9037
2018	 23	  23	 55	 22.9965	  0.0000	  8.6356	    0.0244	  1.1580	 28.0833	  0.0000	   0.0000	   0.0000	   0.0000	-450.0000	-450.0000	-450.0000	 -0.4000	  4.9500	  8.0833	   4.0080	   1.0152	   1.6155	  0.3017	  0.5986	  0.1000	  0.1600	  0.1900	   0.0000	   0.0000	   0.0000	   0.0000	   0.0000	   0.0000	   0.0000	   0.0000	   0.0000	  0.2343	  0.0000	        0.0000	        0.0000	        0.0000	        0.0000	        0.0000	        0.0000	        0.0000	  0.3353	  0.2938	-22.9037
2018	 24	  23	 55	 23.9965	  0.0000	1703.0280	   11.3416	  3.1947	 20.1833	  0.0000	   1.9500	   1.9500	   1.9500	-450.0000	-450.0000	-450.0000	  5.0000	  8.9000	  5.7500	   4.0101	   1.0191	   1.6195	  0.3021	  0.5983	  0.1000	  0.1600	  0.1900	   0.0000	   0.0000	   0.0000	   0.0000	   0.0000	   0.0000	   0.0000	   0.0000	   0.0000	  0.2350	  0.0000	        0.0000	        0.0000	        0.0000	        0.0000	        0.0000	        0.0000	        0.0000	  0.3353	  0.2938	-22.9037
2018	 25	  23	 55	 24.9965	  0.0000	2905.8102	   16.7161	  5.8990	  5.0000	  0.0000	   2.7500	   2.7500	   2.7500	-450.0000	-450.0000	-450.0000	  5.3000	  6.3000	 15.0000	   4.0130	   1.0246	   1.6251	  0.3027	  0.5978	  0.1000	  0.1600	  0.1900	   0.0000	   0.0000	   0.0000	   0.0000	   0.0000	   0.0000	   0.0000	   0.0000	   0.0000	  0.2360	  0.0000	        0.0000	        0.0000	        0.0000	        0.0000	        0.0000	        0.0000	        0.0000	  0.3353	  0.2938	-22.9037
2018	 26	  23	 55	 25.9965	  0.0000	 18.6489	    0.0804	  7.1029	  6.9333	  0.0000	   0.0000	   0.0000	   0.0000	-450.0000	-450.0000	-450.0000	  2.3750	  5.7000	 13.5000	   4.0130	   1.0246	   1.6251	  0.3027	  0.5978	  0.1000	  0.1600	  0.1900	   0.0000	   0.0000	   0.0000	   0.0000	   0.0000	   0.0000	   0.0000	   0.0000	   0.0000	  0.2360	  0.0000	        0.0000	        0.0000	        0.0000	        0.0000	        0.0000	        0.0000	        0.0000	  0.3353	  0.2938	-22.9037
2018	 27	  23	 55	 26.9965	  0.0000	 11.8273	    0.0265	  5.2007	 19.1917	  0.0000	   0.0000	   0.0000	   0.0000	-450.0000	-450.0000	-450.0000	 -2.8000	  4.5000	 28.4167	   4.0130	   1.0246	   1.6251	  0.3027	  0.5978	  0.1000	  0.1600	  0.1900	   0.0000	   0.0000	   0.0000	   0.0000	   0.0000	   0.0000	   0.0000	   0.0000	   0.0000	  0.2360	  0.0000	        0.0000	        0.0000	        0.0000	        0.0000	        0.0000	        0.0000	        0.0000	  0.3353	  0.2938	-22.9037
2018	 28	  23	 55	 27.9965	  0.0000	1466.9794	    8.5090	  5.8624	  6.0667	  0.0000	   0.4500	   0.4500	   0.4500	-450.0000	-450.0000	-450.0000	  3.6000	  7.3000	  9.3333	   4.0135	   1.0255	   1.6260	  0.3028	  0.5977	  0.1000	  0.1600	  0.1900	   0.0000	   0.0000	   0.0000	   0.0000	   0.0000	   0.0000	   0.0000	   0.0000	   0.0000	  0.2361	  0.0000	        0.0000	        0.0000	        0.0000	        0.0000	        0.0000	        0.0000	        0.0000	  0.3353	  0.2938	-22.9037
2018	 29	  23	 55	 28.9965	  0.0000	5255.8151	   20.6374	  8.8174	141.7917	  0.0000	   0.0000	   0.0000	   0.0000	-450.0000	-450.0000	-450.0000	  2.5000	  7.2000	 13.4167	   4.0135	   1.0255	   1.6260	  0.3028	  0.5977	  0.1000	  0.1600	  0.1900	   0.0000	   0.0000	   0.0000	   0.0000	   0.0000	   0.0000	   0.0000	   0.0000	   0.0000	  0.2361	  0.0000	        0.0000	        0.0000	        0.0000	        0.0000	        0.0000	        0.0000	        0.0000	  0.3353	  0.2938	-22.9037
2018	 30	  23	 55	 29.9965	  0.0000	2563.7303	    8.7965	  8.8132	  0.0000	  1.0000	   0.0000	   0.0000	   0.0000	-450.0000	-450.0000	-450.0000	 -0.4000	  5.5000	 29.5000	   4.0135	   1.0255	   1.6260	  0.3028	  0.5977	  0.1000	  0.1600	  0.1900	   0.0000	   0.0000	   0.0000	   0.0000	   0.0000	   0.0000	   0.0000	   0.0000	   0.0000	  0.2361	  0.0000	        0.0000	        0.0000	        0.0000	        0.0000	        0.0000	        0.0000	        0.0000	  0.3353	  0.2938	-22.9037
2018	 31	  23	 55	 30.9965	  0.0000	3112.2874	   10.8623	  9.2230	 40.8667	  0.0000	   0.0000	   0.0000	   0.0000	-450.0000	-450.0000	-450.0000	  1.5000	  5.3000	 19.2500	   4.0135	   1.0255	   1.6260	  0.3028	  0.5977	  0.1000	  0.1600	  0.1900	   0.0000	   0.0000	   0.0000	   0.0000	   0.0000	   0.0000	   0.0000	   0.0000	   0.0000	  0.2361	  0.0000	        0.0000	        0.0000	        0.0000	        0.0000	        0.0000	        0.0000	        0.0000	  0.3353	  0.2938	-22.9037
2018	 32	  23	 55	 31.9965	  0.0000	2941.4948	   10.6307	  9.5046	 27.4000	  0.0000	   0.0000	   0.0000	   0.0000	-450.0000	-450.0000	-450.0000	  0.7000	  4.5000	 26.2500	   4.0135	   1.0255	   1.6260	  0.3028	  0.5977	  0.1000	  0.1600	  0.1900	   0.0000	   0.0000	   0.0000	   0.0000	   0.0000	   0.0000	   0.0000	   0.0000	   0.0000	  0.2361	  0.0000	        0.0000	        0.0000	        0.0000	        0.0000	        0.0000	        0.0000	        0.0000	  0.3353	  0.2938	-22.9037
2018	 33	  23	 55	 32.9965	  0.0000	1996.9896	   -4.4912	  6.7054	  1.5083	  0.0000	   0.0000	   0.0000	   0.0000	-450.0000	-450.0000	-450.0000	 -5.1000	  3.0000	 18.0000	   4.0135	   1.0255	   1.6260	  0.3028	  0.5977	  0.1000	  0.1600	  0.1900	   0.0000	   0.0000	   0.0000	   0.0000	   0.0000	   0.0000	   0.0000	   0.0000	   0.0000	  0.2361	  0.0000	        0.0000	        0.0000	        0.0000	        0.0000	        0.0000	        0.0000	        0.0000	  0.3353	  0.2938	-22.9037
2018	 34	  23	 55	 33.9965	  0.0000	1325.2186	   -4.4608	  4.4722	  0.4167	  0.0000	   0.0000	   0.0000	   0.0000	-450.0000	-450.0000	-450.0000	 -5.1000	 -2.2000	  9.3333	   4.0135	   1.0255	   1.6260	  0.3028	  0.5977	  0.1000	  0.1600	  0.1900	   0.0000	   0.0000	   0.0000	   0.0000	   0.0000	   0.0000	   0.0000	   0.0000	   0.0000	  0.2361	  0.0000	        0.0000	        0.0000	        0.0000	        0.0000	        0.0000	        0.0000	        0.0000	  0.3353	  0.2938	-22.9037
2018	 35	  23	 55	 34.9965	  0.0000	1488.2049	   -5.0738	  2.5630	  0.0000	  1.0000	   0.0000	   0.0000	   0.0000	-450.0000	-450.0000	-450.0000	 -6.6917	 -2.2000	 15.5000	   4.0135	   1.0255	   1.6260	  0.3028	  0.5977	  0.1000	  0.1600	  0.1900	   0.0000	   0.0000	   0.0000	   0.0000	   0.0000	   0.0000	   0.0000	   0.0000	   0.0000	  0.2361	  0.0000	        0.0000	        0.0000	        0.0000	        0.0000	        0.0000	        0.0000	        0.0000	  0.3353	  0.2938	-22.9037
2018	 36	  23	 55	 35.9965	  0.0000	2082.3761	  -13.0873	 -0.5671	  0.0000	  2.0000	   0.0000	   0.0000	   0.0000	-450.0000	-450.0000	-450.0000	 -9.1000	 -2.9000	 26.5000	   4.0135	   1.0255	   1.6260	  0.3028	  0.5977	  0.1000	  0.1600	  0.1900	   0.0000	   0.0000	   0.0000	   0.0000	   0.0000	   0.0000	   0.0000	   0.0000	   0.0000	  0.2361	  0.0000	        0.0000	        0.0000	        0.0000	        0.0000	        0.0000	        0.0000	        0.0000	  0.3353	  0.2938	-22.9037
2018	 37	  23	 55	 36.9965	  0.0000	1453.5898	   -4.8806	 -1.4298	  0.3000	  0.0000	   0.0000	   0.0000	   0.0000	-450.0000	-450.0000	-450.0000	 -8.5000	 -0.8000	  9.5833	   4.0135	   1.0255	   1.6260	  0.3028	  0.5977	  0.1000	  0.1600	  0.1900	   0.0000	   0.0000	   0.0000	   0.0000	   0.0000	   0.0000	   0.0000	   0.0000	   0.0000	  0.2361	  0.0000	        0.0000	        0.0000	        0.0000	        0.0000	        0.0000	        0.0000	        0.0000	  0.3353	  0.2938	-22.9037
2018	 38	  23	 55	 37.9965	  0.0000	1677.0573	   -0.7058	 -1.2850	  5.1583	  0.0000	   0.0000	   0.0000	   0.0000	-450.0000	-450.0000	-450.0000	 -3.7000	  2.0000	 16.2500	   4.0135	   1.0255	   1.6260	  0.3028	  0.5977	  0.1000	  0.1600	  0.1900	   0.0000	   0.0000	   0.0000	   0.0000	   0.0000	   0.0000	   0.0000	   0.0000	   0.0000	  0.2361	  0.0000	        0.0000	        0.0000	        0.0000	        0.0000	        0.0000	        0.0000	        0.0000	  0.3353	  0.2938	-22.9037
2018	 39	  23	 55	 38.9965	  0.0000	2391.6965	    3.8429	 -0.2594	  0.0000	  1.0000	   0.0000	   0.0000	   0.0000	-450.0000	-450.0000	-450.0000	 -0.1000	  2.5000	 37.5833	   4.0135	   1.0255	   1.6260	  0.3028	  0.5977	  0.1000	  0.1600	  0.1900	   0.0000	   0.0000	   0.0000	   0.0000	   0.0000	   0.0000	   0.0000	   0.0000	   0.0000	  0.2361	  0.0000	        0.0000	        0.0000	        0.0000	        0.0000	        0.0000	        0.0000	        0.0000	  0.3353	  0.2938	-22.9037
2018	 40	  23	 55	 39.9965	  0.0000	  3.5084	   -0.0072	 -0.1238	  0.0000	  4.0000	   0.0000	   0.0000	   0.0000	-450.0000	-450.0000	-450.0000	 -2.7000	  1.6000	 21.0000	   4.0135	   1.0255	   1.6260	  0.3028	  0.5977	  0.1000	  0.1600	  0.1900	   0.0000	   0.0000	   0.0000	   0.0000	   0.0000	   0.0000	   0.0000	   0.0000	   0.0000	  0.2361	  0.0000	        0.0000	        0.0000	        0.0000	        0.0000	        0.0000	        0.0000	        0.0000	  0.3353	  0.2938	-22.9037
2018	 41	  23	 55	 40.9965	  0.0000	1416.2699	   -0.4305	 -0.1851	  0.0000	  5.0000	   0.0000	   0.0000	   0.0000	-450.0000	-450.0000	-450.0000	 -2.0000	  0.9000	 16.5000	   4.0135	   1.0255	   1.6260	  0.3028	  0.5977	  0.1000	  0.1600	  0.1900	   0.0000	   0.0000	   0.0000	   0.0000	   0.0000	   0.0000	   0.0000	   0.0000	   0.0000	  0.2361	  0.0000	        0.0000	        0.0000	        0.0000	        0.0000	        0.0000	        0.0000	        0.0000	  0.3353	  0.2938	-22.9037
2018	 42	  23	 55	 41.9965	  0.0000	1570.3729	    0.5158	 -0.0450	  6.6917	  0.0000	   0.0000	   0.0000	   0.0000	-450.0000	-450.0000	-450.0000	 -1.5000	  2.6000	 14.7500	   4.0135	   1.0255	   1.6260	  0.3028	  0.5977	  0.1000	  0.1600	  0.1900	   0.0000	   0.0000	   0.0000	   0.0000	   0.0000	   0.0000	   0.0000	   0.0000	   0.0000	  0.2361	  0.0000	        0.0000	        0.0000	        0.0000	        0.0000	        0.0000	        0.0000	        0.0000	  0.3353	  0.2938	-22.9037
2018	 43	  23	 55	 42.9965	  0.0000	1820.2959	    3.2994	  0.6239	 46.4667	  0.0000	   0.0000	   0.0000	   0.0000	-450.0000	-450.0000	-450.0000	  0.6000	  3.2000	 21.9167	   4.0135	   1.0255	   1.6260	  0.3028	  0.5977	  0.1000	  0.1600	  0.1900	   0.0000	   0.0000	   0.0000	   0.0000	   0.0000	   0.0000	   0.0000	   0.0000	   0.0000	  0.2361	  0.0000	        0.0000	        0.0000	        0.0000	        0.0000	        0.0000	        0.0000	        0.0000	  0.3353	  0.2938	-22.9037
2018	 44	  23	 55	 43.9965	  0.0000	3380.1472	    7.2168	  1.9425	  0.2083	  0.0000	   0.0000	   0.0000	   0.0000	-450.0000	-450.0000	-450.0000	  1.5000	  2.7000	 60.3333	   4.0135	   1.0255	   1.6260	  0.3028	  0.5977	  0.1000	  0.1600	  0.1900	   0.0000	   0.0000	   0.0000	   0.0000	   0.0000	   0.0000	   0.0000	   0.0000	   0.0000	  0.2361	  0.0000	        0.0000	        0.0000	        0.0000	        0.0000	        0.0000	        0.0000	        0.0000	  0.3353	  0.2938	-22.9037
2018	 45	  23	 55	 44.9965	  0.0000	2881.1252	    5.9545	  2.7449	  0.0000	  1.0000	   0.0000	   0.0000	   0.0000	-450.0000	-450.0000	-450.0000	 -0.3583	  4.2000	 51.6667	   4.0135	   1.0255	   1.6260	  0.3028	  0.5977	  0.1000	  0.1600	  0.1900	   0.0000	   0.0000	   0.0000	   0.0000	   0.0000	   0.0000	   0.0000	   0.0000	   0.0000	  0.2361	  0.0000	        0.0000	        0.0000	        0.0000	        0.0000	        0.0000	        0.0000	        0.0000	  0.3353	  0.2938	-22.9037
2018	 46	  23	 55	 45.9965	  0.0000	1602.4125	    1.2278	  2.4415	  3.2250	  0.0000	   0.0000	   0.0000	   0.0000	-450.0000	-450.0000	-450.0000	 -0.6000	  2.7000	 19.0000	   4.0135	   1.0255	   1.6260	  0.3028	  0.5977	  0.1000	  0.1600	  0.1900	   0.0000	   0.0000	   0.0000	   0.0000	   0.0000	   0.0000	   0.0000	   0.0000	   0.0000	  0.2361	  0.0000	        0.0000	        0.0000	        0.0000	        0.0000	        0.0000	        0.0000	        0.0000	  0.3353	  0.2938	-22.9037
2018	 47	  23	 55	 46.9965	  0.0000	3071.9168	    5.3001	  3.0132	  4.6750	  0.0000	   0.0000	   0.0000	   0.0000	-450.0000	-450.0000	-450.0000	 -0.3000	  3.3000	 43.8333	   4.0135	   1.0255	   1.6260	  0.3028	  0.5977	  0.1000	  0.1600	  0.1900	   0.0000	   0.0000	   0.0000	   0.0000	   0.0000	   0.0000	   0.0000	   0.0000	   0.0000	  0.2361	  0.0000	        0.0000	        0.0000	        0.0000	        0.0000	        0.0000	        0.0000	        0.0000	  0.3353	  0.2938	-22.9037
2018	 48	  23	 55	 47.9965	  0.0000	2447.6607	    0.6329	  2.5371	  0.0000	  1.0000	   0.0000	   0.0000	   0.0000	-450.0000	-450.0000	-450.0000	 -3.3000	  2.0000	 38.8333	   4.0135	   1.0255	   1.6260	  0.3028	  0.5977	  0.1000	  0.1600	  0.1900	   0.0000	   0.0000	   0.0000	   0.0000	   0.0000	   0.0000	   0.0000	   0.0000	   0.0000	  0.2361	  0.0000	        0.0000	        0.0000	        0.0000	        0.0000	        0.0000	        0.0000	        0.0000	  0.3353	  0.2938	-22.9037
2018	 49	  23	 55	 48.9965	  0.0000	 12.2459	    0.0205	  2.3076	 15.1750	  0.0000	   0.0000	   0.0000	   0.0000	-450.0000	-450.0000	-450.0000	  0.8000	  3.0000	 39.0833	   4.0135	   1.0255	   1.6260	  0.3028	  0.5977	  0.1000	  0.1600	  0.1900	   0.0000	   0.0000	   0.0000	   0.0000	   0.0000	   0.0000	   0.0000	   0.0000	   0.0000	  0.2361	  0.0000	        0.0000	        0.0000	        0.0000	        0.0000	        0.0000	        0.0000	        0.0000	  0.3353	  0.2938	-22.9037
2018	 50	  23	 55	 49.9965	  0.0000	3816.3487	    4.8330	  2.8127	 36.4417	  0.0000	   0.0000	   0.0000	   0.0000	-450.0000	-450.0000	-450.0000	  0.5000	  1.6000	 71.5833	   4.0135	   1.0255	   1.6260	  0.3028	  0.5977	  0.1000	  0.1600	  0.1900	   0.0000	   0.0000	   0.0000	   0.0000	   0.0000	   0.0000	   0.0000	   0.0000	   0.0000	  0.2361	  0.0000	        0.0000	        0.0000	        0.0000	        0.0000	        0.0000	        0.0000	        0.0000	  0.3353	  0.2938	-22.9037
2018	 51	  23	 55	 50.9965	  0.0000	2806.8738	    1.3198	  2.5141	  0.0000	  1.0000	   0.0000	   0.0000	   0.0000	-450.0000	-450.0000	-450.0000	 -0.8000	  1.6000	 47.3333	   4.0135	   1.0255	   1.6260	  0.3028	  0.5977	  0.1000	  0.1600	  0.1900	   0.0000	   0.0000	   0.0000	   0.0000	   0.0000	   0.0000	   0.0000	   0.0000	   0.0000	  0.2361	  0.0000	        0.0000	        0.0000	        0.0000	        0.0000	        0.0000	        0.0000	        0.0000	  0.3353	  0.2938	-22.9037
2018	 52	  23	 55	 51.9965	  0.0000	 17.8991	   -0.0145	  1.6030	 15.1250	  0.0000	   0.0000	   0.0000	   0.0000	-450.0000	-450.0000	-450.0000	 -4.1333	  0.6000	 76.8333	   4.0135	   1.0255	   1.6260	  0.3028	  0.5977	  0.1000	  0.1600	  0.1900	   0.0000	   0.0000	   0.0000	   0.0000	   0.0000	   0.0000	   0.0000	   0.0000	   0.0000	  0.2361	  0.0000	        0.0000	        0.0000	        0.0000	        0.0000	        0.0000	        0.0000	        0.0000	  0.3353	  0.2938	-22.9037
2018	 53	  23	 55	 52.9965	  0.0000	2445.3036	   -8.6859	 -0.4548	  0.0000	  1.0000	   0.0000	   0.0000	   0.0000	-450.0000	-450.0000	-450.0000	 -6.6000	 -1.2000	 36.5000	   4.0135	   1.0255	   1.6260	  0.3028	  0.5977	  0.1000	  0.1600	  0.1900	   0.0000	   0.0000	   0.0000	   0.0000	   0.0000	   0.0000	   0.0000	   0.0000	   0.0000	  0.2361	  0.0000	        0.0000	        0.0000	        0.0000	        0.0000	        0.0000	        0.0000	        0.0000	  0.3353	  0.2938	-22.9037
2018	 54	  23	 55	 53.9965	  0.0000	  3.4855	   -0.0076	 -0.3188	  0.0000	  5.0000	   0.0000	   0.0000	   0.0000	-450.0000	-450.0000	-450.0000	 -3.0000	  0.7000	 18.7500	   4.0135	   1.0255	   1.6260	  0.3028	  0.5977	  0.1000	  0.1600	  0.1900	   0.0000	   0.0000	   0.0000	   0.0000	   0.0000	   0.0000	   0.0000	   0.0000	   0.0000	  0.2361	  0.0000	        0.0000	        0.0000	        0.0000	        0.0000	        0.0000	        0.0000	        0.0000	  0.3353	  0.2938	-22.9037
2018	 55	  23	 55	 54.9965	  0.0000	 10.5739	   -0.0384	 -1.1329	  0.0000	  7.0000	   0.0000	   0.0000	   0.0000	-450.0000	-450.0000	-450.0000	 -5.2583	 -0.7000	 28.8333	   4.0135	   1.0255	   1.6260	  0.3028	  0.5977	  0.1000	  0.1600	  0.1900	   0.0000	   0.0000	   0.0000	   0.0000	   0.0000	   0.0000	   0.0000	   0.0000	   0.0000	  0.2361	  0.0000	        0.0000	        0.0000	        0.0000	        0.0000	        0.0000	        0.0000	        0.0000	  0.3353	  0.2938	-22.9037
2018	 56	  23	 55	 55.9965	  0.0000	1847.8088	  -10.9578	 -3.0979	  0.0000	  8.0000	   0.0000	   0.0000	   0.0000	-450.0000	-450.0000	-450.0000	 -8.5000	 -4.3000	 26.0833	   4.0135	   1.0255	   1.6260	  0.3028	  0.5977	  0.1000	  0.1600	  0.1900	   0.0000	   0.0000	   0.0000	   0.0000	   0.0000	   0.0000	   0.0000	   0.0000	   0.0000	  0.2361	  0.0000	        0.0000	        0.0000	        0.0000	        0.0000	        0.0000	        0.0000	        0.0000	  0.3353	  0.2938	-22.9037
2018	 57	  23	 55	 56.9965	  0.0000	 10.6470	   -0.0624	 -3.8930	  0.0000	 10.0000	   0.0000	   0.0000	   0.0000	-450.0000	-450.0000	-450.0000	 -9.4000	 -2.5000	 32.0000	   4.0135	   1.0255	   1.6260	  0.3028	  0.5977	  0.1000	  0.1600	  0.1900	   0.0000	   0.0000	   0.0000	   0.0000	   0.0000	   0.0000	   0.0000	   0.0000	   0.0000	  0.2361	  0.0000	        0.0000	        0.0000	        0.0000	        0.0000	        0.0000	        0.0000	        0.0000	  0.3353	  0.2938	-22.9037
2018	 58	  23	 55	 57.9965	  0.0000	  3.4496	   -0.0435	 -3.3439	  0.2583	  0.0000	   0.0000	   0.0000	   0.0000	-450.0000	-450.0000	-450.0000	-12.4500	 -6.1000	 27.3333	   4.0135	   1.0255	   1.6260	  0.3028	  0.5977	  0.1000	  0.1600	  0.1900	   0.0000	   0.0000	   0.0000	   0.0000	   0.0000	   0.0000	   0.0000	   0.0000	   0.0000	  0.2361	  0.0000	        0.0000	        0.0000	        0.0000	        0.0000	        0.0000	        0.0000	        0.0000	  0.3353	  0.2938	-22.9037
2018	 59	  23	 55	 58.9965	  0.0000	2006.2131	  -19.6336	 -6.6019	  0.0000	  1.0000	   0.0000	   0.0000	   0.0000	-450.0000	-450.0000	-450.0000	-12.5000	 -6.9000	 29.0833	   4.0135	   1.0255	   1.6260	  0.3028	  0.5977	  0.1000	  0.1600	  0.1900	   0.0000	   0.0000	   0.0000	   0.0000	   0.0000	   0.0000	   0.0000	   0.0000	   0.0000	  0.2361	  0.0000	        0.0000	        0.0000	        0.0000	        0.0000	        0.0000	        0.0000	        0.0000	  0.3353	  0.2938	-22.9037
2018	 60	  23	 55	 59.9965	  0.0000	2262.0796	  -17.8682	 -8.8551	  0.0000	  2.0000	   0.0000	   0.0000	   0.0000	-450.0000	-450.0000	-450.0000	-12.0000	 -4.8000	 31.0833	   4.0135	   1.0255	   1.6260	  0.3028	  0.5977	  0.1000	  0.1600	  0.1900	   0.0000	   0.0000	   0.0000	   0.0000	   0.0000	   0.0000	   0.0000	   0.0000	   0.0000	  0.2361	  0.0000	        0.0000	        0.0000	        0.0000	        0.0000	        0.0000	        0.0000	        0.0000	  0.3353	  0.2938	-22.9037
2018	 61	  23	 55	 60.9965	  0.0000	1569.3958	   -7.4230	 -8.5687	  0.0000	  3.0000	   0.0000	   0.0000	   0.0000	-450.0000	-450.0000	-450.0000	 -6.7000	 -3.4083	 20.7500	   4.0135	   1.0255	   1.6260	  0.3028	  0.5977	  0.1000	  0.1600	  0.1900	   0.0000	   0.0000	   0.0000	   0.0000	   0.0000	   0.0000	   0.0000	   0.0000	   0.0000	  0.2361	  0.0000	        0.0000	        0.0000	        0.0000	        0.0000	        0.0000	        0.0000	        0.0000	  0.3353	  0.2938	-22.9037
2018	 62	  23	 55	 61.9965	  0.0000	1610.6792	   -4.4288	 -7.7407	  0.0000	  4.0000	   0.0000	   0.0000	   0.0000	-450.0000	-450.0000	-450.0000	 -3.8000	 -0.8000	 20.5000	   4.0135	   1.0255	   1.6260	  0.3028	  0.5977	  0.1000	  0.1600	  0.1900	   0.0000	   0.0000	   0.0000	   0.0000	   0.0000	   0.0000	   0.0000	   0.0000	   0.0000	  0.2361	  0.0000	        0.0000	        0.0000	        0.0000	        0.0000	        0.0000	        0.0000	        0.0000	  0.3353	  0.2938	-22.9037
2018	 63	  23	 55	 62.9965	  0.0000	1601.8093	   -2.8562	 -6.7638	  0.0000	  5.0000	   0.0000	   0.0000	   0.0000	-450.0000	-450.0000	-450.0000	 -3.8000	 -0.4000	 22.6667	   4.0135	   1.0255	   1.6260	  0.3028	  0.5977	  0.1000	  0.1600	  0.1900	   0.0000	   0.0000	   0.0000	   0.0000	   0.0000	   0.0000	   0.0000	   0.0000	   0.0000	  0.2361	  0.0000	        0.0000	        0.0000	        0.0000	        0.0000	        0.0000	        0.0000	        0.0000	  0.3353	  0.2938	-22.9037
2018	 64	  23	 55	 63.9965	  0.0000	2496.7905	   -2.4499	 -5.9010	 12.8833	  0.0000	   0.0000	   0.0000	   0.0000	-450.0000	-450.0000	-450.0000	 -2.1000	 -0.1000	 43.0000	   4.0135	   1.0255	   1.6260	  0.3028	  0.5977	  0.1000	  0.1600	  0.1900	   0.0000	   0.0000	   0.0000	   0.0000	   0.0000	   0.0000	   0.0000	   0.0000	   0.0000	  0.2361	  0.0000	        0.0000	        0.0000	        0.0000	        0.0000	        0.0000	        0.0000	        0.0000	  0.3353	  0.2938	-22.9037
2018	 65	  23	 55	 64.9965	  0.0000	3591.2118	    2.4697	 -4.2269	  3.2167	  0.0000	   0.0000	   0.0000	   0.0000	-450.0000	-450.0000	-450.0000	 -1.5000	  2.0000	 63.5833	   4.0135	   1.0255	   1.6260	  0.3028	  0.5977	  0.1000	  0.1600	  0.1900	   0.0000	   0.0000	   0.0000	   0.0000	   0.0000	   0.0000	   0.0000	   0.0000	   0.0000	  0.2361	  0.0000	        0.0000	        0.0000	        0.0000	        0.0000	        0.0000	        0.0000	        0.0000	  0.3353	  0.2938	-22.9037
2018	 66	  23	 55	 65.9965	  0.0000	4205.0266	   10.6190	 -1.2577	  1.5000	  0.0000	   0.0000	   0.0000	   0.0000	-450.0000	-450.0000	-450.0000	 -0.0333	  4.5000	 72.3333	   4.0135	   1.0255	   1.6260	  0.3028	  0.5977	  0.1000	  0.1600	  0.1900	   0.0000	   0.0000	   0.0000	   0.0000	   0.0000	   0.0000	   0.0000	   0.0000	   0.0000	  0.2361	  0.0000	        0.0000	        0.0000	        0.0000	        0.0000	        0.0000	        0.0000	        0.0000	  0.3353	  0.2938	-22.9037
2018	 67	  23	 55	 66.9965	  0.0000	2857.9483	    0.1818	 -0.9698	 11.2833	  0.0000	   0.0000	   0.0000	   0.0000	-450.0000	-450.0000	-450.0000	 -1.1000	  0.7000	 51.6667	   4.0135	   1.0255	   1.6260	  0.3028	  0.5977	  0.1000	  0.1600	  0.1900	   0.0000	   0.0000	   0.0000	   0.0000	   0.0000	   0.0000	   0.0000	   0.0000	   0.0000	  0.2361	  0.0000	        0.0000	        0.0000	        0.0000	        0.0000	        0.0000	        0.0000	        0.0000	  0.3353	  0.2938	-22.9037
2018	 68	  23	 55	 67.9965	  0.0000	 14.2431	   -0.0198	 -1.1851	  0.0000	  2.0000	   0.0000	   0.0000	   0.0000	-450.0000	-450.0000	-450.0000	 -3.5000	  0.2000	 53.5000	   4.0135	   1.0255	   1.6260	  0.3028	  0.5977	  0.1000	  0.1600	  0.1900	   0.0000	   0.0000	   0.0000	   0.0000	   0.0000	   0.0000	   0.0000	   0.0000	   0.0000	  0.2361	  0.0000	        0.0000	        0.0000	        0.0000	        0.0000	        0.0000	        0.0000	        0.0000	  0.3353	  0.2938	-22.9037
2018	 69	  23	 55	 68.9965	  0.0000	2579.0147	   -3.7658	 -1.7012	  0.0000	  3.0000	   0.0000	   0.0000	   0.0000	-450.0000	-450.0000	-450.0000	 -6.0000	  2.2000	 40.4167	   4.0135	   1.0255	   1.6260	  0.3028	  0.5977	  0.1000	  0.1600	  0.1900	   0.0000	   0.0000	   0.0000	   0.0000	   0.0000	   0.0000	   0.0000	   0.0000	   0.0000	  0.2361	  0.0000	        0.0000	        0.0000	        0.0000	        0.0000	        0.0000	        0.0000	        0.0000	  0.3353	  0.2938	-22.9037
2018	 70	  23	 55	 69.9965	  0.0000	4061.6782	    6.5040	 -0.0602	 48.1000	  0.0000	   0.0000	   0.0000	   0.0000	-450.0000	-450.0000	-450.0000	 -2.2000	  3.0833	 77.0833	   4.0135	   1.0255	   1.6260	  0.3028	  0.5977	  0.1000	  0.1600	  0.1900	   0.0000	   0.0000	   0.0000	   0.0000	   0.0000	   0.0000	   0.0000	   0.0000	   0.0000	  0.2361	  0.0000	        0.0000	        0.0000	        0.0000	        0.0000	        0.0000	        0.0000	        0.0000	  0.3353	  0.2938	-22.9037
2018	 71	  23	 55	 70.9965	  0.0000	2626.5220	   12.4140	  2.4347	  7.5833	  0.0000	   0.0000	   0.0000	   0.0000	-450.0000	-450.0000	-450.0000	  2.8000	  5.9000	 38.7500	   4.0135	   1.0255	   1.6260	  0.3028	  0.5977	  0.1000	  0.1600	  0.1900	   0.0000	   0.0000	   0.0000	   0.0000	   0.0000	   0.0000	   0.0000	   0.0000	   0.0000	  0.2361	  0.0000	        0.0000	        0.0000	        0.0000	        0.0000	        0.0000	        0.0000	        0.0000	  0.3353	  0.2938	-22.9037
2018	 72	  23	 55	 71.9965	  0.0000	2934.4693	    7.0861	  3.3649	  0.0000	  1.0000	   0.0000	   0.0000	   0.0000	-450.0000	-450.0000	-450.0000	  1.3083	  2.9000	 51.3333	   4.0135	   1.0255	   1.6260	  0.3028	  0.5977	  0.1000	  0.1600	  0.1900	   0.0000	   0.0000	   0.0000	   0.0000	   0.0000	   0.0000	   0.0000	   0.0000	   0.0000	  0.2361	  0.0000	        0.0000	        0.0000	        0.0000	        0.0000	        0.0000	        0.0000	        0.0000	  0.3353	  0.2938	-22.9037
2018	 73	  23	 55	 72.9965	  0.0000	3011.6441	    4.2016	  3.5323	  0.0000	  2.0000	   0.0000	   0.0000	   0.0000	-450.0000	-450.0000	-450.0000	 -2.1667	  3.5000	 53.5833	   4.0135	   1.0255	   1.6260	  0.3028	  0.5977	  0.1000	  0.1600	  0.1900	   0.0000	   0.0000	   0.0000	   0.0000	   0.0000	   0.0000	   0.0000	   0.0000	   0.0000	  0.2361	  0.0000	        0.0000	        0.0000	        0.0000	        0.0000	        0.0000	        0.0000	        0.0000	  0.3353	  0.2938	-22.9037
2018	 74	  23	 55	 73.9965	  0.0000	 10.4792	   -0.0239	  1.8023	  0.0000	  4.0000	   0.0000	   0.0000	   0.0000	-450.0000	-450.0000	-450.0000	 -4.0333	  0.7000	 27.8333	   4.0135	   1.0255	   1.6260	  0.3028	  0.5977	  0.1000	  0.1600	  0.1900	   0.0000	   0.0000	   0.0000	   0.0000	   0.0000	   0.0000	   0.0000	   0.0000	   0.0000	  0.2361	  0.0000	        0.0000	        0.0000	        0.0000	        0.0000	        0.0000	        0.0000	        0.0000	  0.3353	  0.2938	-22.9037
2018	 75	  23	 55	 74.9965	  0.0000	2368.6551	   -8.7561	 -0.3094	  0.0000	  5.0000	   0.0000	   0.0000	   0.0000	-450.0000	-450.0000	-450.0000	 -6.7000	 -0.5000	 34.8333	   4.0135	   1.0255	   1.6260	  0.3028	  0.5977	  0.1000	  0.1600	  0.1900	   0.0000	   0.0000	   0.0000	   0.0000	   0.0000	   0.0000	   0.0000	   0.0000	   0.0000	  0.2361	  0.0000	        0.0000	        0.0000	        0.0000	        0.0000	        0.0000	        0.0000	        0.0000	  0.3353	  0.2938	-22.9037
2018	 76	  23	 55	 75.9965	  0.0000	 11.7826	   -0.0547	 -1.6884	  0.0000	  7.0000	   0.0000	   0.0000	   0.0000	-450.0000	-450.0000	-450.0000	 -7.6000	 -0.4000	 35.2500	   4.0135	   1.0255	   1.6260	  0.3028	  0.5977	  0.1000	  0.1600	  0.1900	   0.0000	   0.0000	   0.0000	   0.0000	   0.0000	   0.0000	   0.0000	   0.0000	   0.0000	  0.2361	  0.0000	        0.0000	        0.0000	        0.0000	        0.0000	        0.0000	        0.0000	        0.0000	  0.3353	  0.2938	-22.9037
2018	 77	  23	 55	 76.9965	  0.0000	 13.6762	   -0.0531	 -2.5491	  0.0000	  9.0000	   0.0000	   0.0000	   0.0000	-450.0000	-450.0000	-450.0000	-10.0000	  2.1000	 47.7500	   4.0135	   1.0255	   1.6260	  0.3028	  0.5977	  0.1000	  0.1600	  0.1900	   0.0000	   0.0000	   0.0000	   0.0000	   0.0000	   0.0000	   0.0000	   0.0000	   0.0000	  0.2361	  0.0000	        0.0000	        0.0000	        0.0000	        0.0000	        0.0000	        0.0000	        0.0000	  0.3353	  0.2938	-22.9037
2018	 78	  23	 55	 77.9965	  0.0000	2337.7764	   -1.3456	 -2.3084	  1.7667	  0.0000	   0.0000	   0.0000	   0.0000	-450.0000	-450.0000	-450.0000	 -7.2000	  3.0000	 30.9167	   4.0135	   1.0255	   1.6260	  0.3028	  0.5977	  0.1000	  0.1600	  0.1900	   0.0000	   0.0000	   0.0000	   0.0000	   0.0000	   0.0000	   0.0000	   0.0000	   0.0000	  0.2361	  0.0000	        0.0000	        0.0000	        0.0000	        0.0000	        0.0000	        0.0000	        0.0000	  0.3353	  0.2938	-22.9037
2018	 79	  23	 55	 78.9965	  0.0000	2634.2473	    2.7351	 -1.2997	  0.0000	  1.0000	   0.0000	   0.0000	   0.0000	-450.0000	-450.0000	-450.0000	 -3.1000	  5.4000	 42.3333	   4.0135	   1.0255	   1.6260	  0.3028	  0.5977	  0.1000	  0.1600	  0.1900	   0.0000	   0.0000	   0.0000	   0.0000	   0.0000	   0.0000	   0.0000	   0.0000	   0.0000	  0.2361	  0.0000	        0.0000	        0.0000	        0.0000	        0.0000	        0.0000	        0.0000	        0.0000	  0.3353	  0.2938	-22.9037
2018	 80	  23	 55	 79.9965	  0.0000	2229.4993	    5.2450	  0.0092	  4.7667	  0.0000	   0.0000	   0.0000	   0.0000	-450.0000	-450.0000	-450.0000	 -2.1000	  5.0000	 31.7500	   4.0135	   1.0255	   1.6260	  0.3028	  0.5977	  0.1000	  0.1600	  0.1900	   0.0000	   0.0000	   0.0000	   0.0000	   0.0000	   0.0000	   0.0000	   0.0000	   0.0000	  0.2361	  0.0000	        0.0000	        0.0000	        0.0000	        0.0000	        0.0000	        0.0000	        0.0000	  0.3353	  0.2938	-22.9037
2018	 81	  23	 55	 80.9965	  0.0000	2656.5710	    4.1738	  0.8421	  1.2667	  0.0000	   0.0000	   0.0000	   0.0000	-450.0000	-450.0000	-450.0000	 -0.5000	  3.4000	 46.9167	   4.0135	   1.0255	   1.6260	  0.3028	  0.5977	  0.1000	  0.1600	  0.1900	   0.0000	   0.0000	   0.0000	   0.0000	   0.0000	   0.0000	   0.0000	   0.0000	   0.0000	  0.2361	  0.0000	        0.0000	        0.0000	        0.0000	        0.0000	        0.0000	        0.0000	        0.0000	  0.3353	  0.2938	-22.9037
2018	 82	  23	 55	 81.9965	  0.0000	1786.7742	    1.1052	  0.8948	  0.0000	  1.0000	   0.0000	   0.0000	   0.0000	-450.0000	-450.0000	-450.0000	 -1.5000	  2.0000	 27.3333	   4.0135	   1.0255	   1.6260	  0.3028	  0.5977	  0.1000	  0.1600	  0.1900	   0.0000	   0.0000	   0.0000	   0.0000	   0.0000	   0.0000	   0.0000	   0.0000	   0.0000	  0.2361	  0.0000	        0.0000	        0.0000	        0.0000	        0.0000	        0.0000	        0.0000	        0.0000	  0.3353	  0.2938	-22.9037
2018	 83	  23	 55	 82.9965	  0.0000	3163.4208	    6.3024	  1.9763	  1.7167	  0.0000	   0.0000	   0.0000	   0.0000	-450.0000	-450.0000	-450.0000	  0.9000	  3.1000	 59.8333	   4.0135	   1.0255	   1.6260	  0.3028	  0.5977	  0.1000	  0.1600	  0.1900	   0.0000	   0.0000	   0.0000	   0.0000	   0.0000	   0.0000	   0.0000	   0.0000	   0.0000	  0.2361	  0.0000	        0.0000	        0.0000	        0.0000	        0.0000	        0.0000	        0.0000	        0.0000	  0.3353	  0.2938	-22.9037
2018	 84	  23	 55	 83.9965	  0.0000	2342.5884	   10.4281	  3.6666	  0.0000	  1.0000	   0.0000	   0.0000	   0.0000	-450.0000	-450.0000	-450.0000	  2.1000	  7.2000	 39.1667	   4.0135	   1.0255	   1.6260	  0.3028	  0.5977	  0.1000	  0.1600	  0.1900	   0.0000	   0.0000	   0.0000	   0.0000	   0.0000	   0.0000	   0.0000	   0.0000	   0.0000	  0.2361	  0.0000	        0.0000	        0.0000	        0.0000	        0.0000	        0.0000	        0.0000	        0.0000	  0.3353	  0.2938	-22.9037
2018	 85	  23	 55	 84.9965	  0.0000	1821.5142	    4.5177	  3.8369	  2.9500	  0.0000	   0.0000	   0.0000	   0.0000	-450.0000	-450.0000	-450.0000	 -1.6917	  5.6000	 29.2500	   4.0135	   1.0255	   1.6260	  0.3028	  0.5977	  0.1000	  0.1600	  0.1900	   0.0000	   0.0000	   0.0000	   0.0000	   0.0000	   0.0000	   0.0000	   0.0000	   0.0000	  0.2361	  0.0000	        0.0000	        0.0000	        0.0000	        0.0000	        0.0000	        0.0000	        0.0000	  0.3353	  0.2938	-22.9037
2018	 86	  23	 55	 85.9965	  0.0000	 15.1510	   -0.0095	  2.4716	  2.5167	  0.0000	   0.0000	   0.0000	   0.0000	-450.0000	-450.0000	-450.0000	 -2.8333	  1.3000	 62.7500	   4.0135	   1.0255	   1.6260	  0.3028	  0.5977	  0.1000	  0.1600	  0.1900	   0.0000	   0.0000	   0.0000	   0.0000	   0.0000	   0.0000	   0.0000	   0.0000	   0.0000	  0.2361	  0.0000	        0.0000	        0.0000	        0.0000	        0.0000	        0.0000	        0.0000	        0.0000	  0.3353	  0.2938	-22.9037
2018	 87	  23	 55	 86.9965	  0.0000	2838.4955	   -1.8669	  1.6039	  0.0000	  1.0000	   0.0000	   0.0000	   0.0000	-450.0000	-450.0000	-450.0000	 -5.4000	  2.6000	 49.0000	   4.0135	   1.0255	   1.6260	  0.3028	  0.5977	  0.1000	  0.1600	  0.1900	   0.0000	   0.0000	   0.0000	   0.0000	   0.0000	   0.0000	   0.0000	   0.0000	   0.0000	  0.2361	  0.0000	        0.0000	        0.0000	        0.0000	        0.0000	        0.0000	        0.0000	        0.0000	  0.3353	  0.2938	-22.9037
2018	 88	  23	 55	 87.9965	  0.0000	2483.8076	    1.9714	  1.6774	  0.0000	  2.0000	   0.0000	   0.0000	   0.0000	-450.0000	-450.0000	-450.0000	 -3.3000	  4.5000	 42.8333	   4.0135	   1.0255	   1.6260	  0.3028	  0.5977	  0.1000	  0.1600	  0.1900	   0.0000	   0.0000	   0.0000	   0.0000	   0.0000	   0.0000	   0.0000	   0.0000	   0.0000	  0.2361	  0.0000	        0.0000	        0.0000	        0.0000	        0.0000	        0.0000	        0.0000	        0.0000	  0.3353	  0.2938	-22.9037
2018	 89	  23	 55	 88.9965	  0.0000	 13.0072	    0.0056	  1.7074	  0.0000	  4.0000	   0.0000	   0.0000	   0.0000	-450.0000	-450.0000	-450.0000	 -4.0000	  5.9000	 46.5000	   4.0135	   1.0255	   1.6260	  0.3028	  0.5977	  0.1000	  0.1600	  0.1900	   0.0000	   0.0000	   0.0000	   0.0000	   0.0000	   0.0000	   0.0000	   0.0000	   0.0000	  0.2361	  0.0000	        0.0000	        0.0000	        0.0000	        0.0000	        0.0000	        0.0000	        0.0000	  0.3353	  0.2938	-22.9037
2018	 90	  23	 55	 89.9965	  0.0000	 12.9144	    0.0220	  2.0978	  0.0000	  6.0000	   0.0000	   0.0000	   0.0000	-450.0000	-450.0000	-450.0000	 -4.7000	  7.3000	 46.9167	   4.0135	   1.0255	   1.6260	  0.3028	  0.5977	  0.1000	  0.1600	  0.1900	   0.0000	   0.0000	   0.0000	   0.0000	   0.0000	   0.0000	   0.0000	   0.0000	   0.0000	  0.2361	  0.0000	        0.0000	        0.0000	        0.0000	        0.0000	        0.0000	        0.0000	        0.0000	  0.3353	  0.2938	-22.9037
2018	 91	  23	 55	 90.9965	  0.0000	2523.7697	    7.1251	  3.1032	  0.0000	  7.0000	   0.0000	   0.0000	   0.0000	-450.0000	-450.0000	-450.0000	 -1.4667	  6.4000	 41.3333	   4.0135	   1.0255	   1.6260	  0.3028	  0.5977	  0.1000	  0.1600	  0.1900	   0.0000	   0.0000	   0.0000	   0.0000	   0.0000	   0.0000	   0.0000	   0.0000	   0.0000	  0.2361	  0.0000	        0.0000	        0.0000	        0.0000	        0.0000	        0.0000	        0.0000	        0.0000	  0.3353	  0.2938	-22.9037
2018	 92	  23	 55	 91.9965	  0.0000	 13.6257	    0.0056	  2.6515	  0.0000	  9.0000	   0.0000	   0.0000	   0.0000	-450.0000	-450.0000	-450.0000	 -4.0000	  6.3000	 50.6667	   4.0135	   1.0255	   1.6260	  0.3028	  0.5977	  0.1000	  0.1600	  0.1900	   0.0000	   0.0000	   0.0000	   0.0000	   0.0000	   0.0000	   0.0000	   0.0000	   0.0000	  0.2361	  0.0000	        0.0000	        0.0000	        0.0000	        0.0000	        0.0000	        0.0000	        0.0000	  0.3353	  0.2938	-22.9037
2018	 93	  23	 55	 92.9965	  0.0000	2378.0321	    4.1018	  2.9415	 16.1250	  0.0000	   0.0000	   0.0000	   0.0000	-450.0000	-450.0000	-450.0000	 -3.1000	  4.1667	 30.3333	   4.0135	   1.0255	   1.6260	  0.3028	  0.5977	  0.1000	  0.1600	  0.1900	   0.0000	   0.0000	   0.0000	   0.0000	   0.0000	   0.0000	   0.0000	   0.0000	   0.0000	  0.2361	  0.0000	        0.0000	        0.0000	        0.0000	        0.0000	        0.0000	        0.0000	        0.0000	  0.3353	  0.2938	-22.9037
2018	 94	  23	 55	 93.9965	  0.0000	5337.5143	   39.6815	 10.2895	 91.4583	  0.0000	   1.9500	   1.9500	   1.9500	-450.0000	-450.0000	-450.0000	  4.2000	  9.7000	 69.0000	   4.0155	   1.0294	   1.6300	  0.3033	  0.5974	  0.1000	  0.1600	  0.1900	   0.0000	   0.0000	   0.0000	   0.0000	   0.0000	   0.0000	   0.0000	   0.0000	   0.0000	  0.2368	  0.0000	        0.0000	        0.0000	        0.0000	        0.0000	        0.0000	        0.0000	        0.0000	  0.3353	  0.2938	-22.9037
2018	 95	  23	 55	 94.9965	  0.0000	2473.9096	   16.4392	 11.5195	 24.8333	  0.0000	   3.4042	   3.4042	   3.4042	-450.0000	-450.0000	-450.0000	  3.9083	  9.0000	 36.7500	   4.0191	   1.0362	   1.6369	  0.3040	  0.5968	  0.1000	  0.1600	  0.1900	   0.0000	   0.0000	   0.0000	   0.0000	   0.0000	   0.0000	   0.0000	   0.0000	   0.0000	  0.2380	  0.0000	        0.0000	        0.0000	        0.0000	        0.0000	        0.0000	        0.0000	        0.0000	  0.3353	  0.2938	-22.9037
2018	 96	  23	 55	 95.9965	  0.0000	3215.8645	   16.9760	 12.6108	  0.0000	  1.0000	   0.0000	   0.0000	   0.0000	-450.0000	-450.0000	-450.0000	  2.3000	  7.3000	 61.3333	   4.0191	   1.0362	   1.6369	  0.3040	  0.5968	  0.1000	  0.1600	  0.1900	   0.0000	   0.0000	   0.0000	   0.0000	   0.0000	   0.0000	   0.0000	   0.0000	   0.0000	  0.2380	  0.0000	        0.0000	        0.0000	        0.0000	        0.0000	        0.0000	        0.0000	        0.0000	  0.3353	  0.2938	-22.9037
2018	 97	  23	 55	 96.9965	  0.0000	 13.2002	    0.1016	 11.8811	  0.0000	  3.0000	   5.8000	   5.8000	   5.8000	-450.0000	-450.0000	-450.0000	  2.3000	 13.5000	 48.7500	   4.0283	   1.0537	   1.6547	  0.3060	  0.5952	  0.1000	  0.1600	  0.1900	   0.0000	   0.0000	   0.0000	   0.0000	   0.0000	   0.0000	   0.0000	   0.0000	   0.0000	  0.2391	  0.0000	        0.0000	        0.0000	        0.0000	        0.0000	        0.0000	        0.0000	        0.0000	  0.3353	  0.2938	-22.9037
2018	 98	  23	 55	 97.9965	  0.0000	2825.0172	   33.3865	 16.1822	  0.0000	  4.0000	  11.9000	  11.9000	  11.9000	-450.0000	-450.0000	-450.0000	  4.6000	 17.6000	 51.8333	   4.0409	   1.0775	   1.6789	  0.3086	  0.5931	  0.1000	  0.1600	  0.1900	   0.0000	   0.0000	   0.0000	   0.0000	   0.0000	   0.0000	   0.0000	   0.0000	   0.0000	  0.2453	  0.0000	        0.0000	        0.0000	        0.0000	        0.0000	        0.0000	        0.0000	        0.0000	  0.3353	  0.2938	-22.9037
2018	 99	  23	 55	 98.9965	  0.0000	 12.9369	    0.1051	 14.3924	  0.0000	  6.0000	  19.4000	  19.4000	  19.4000	-450.0000	-450.0000	-450.0000	  4.6000	 12.9000	 49.9167	   4.0780	   1.1479	   1.7505	  0.3164	  0.5869	  0.1000	  0.1600	  0.1900	   0.0000	   0.0000	   0.0000	   0.0000	   0.0000	   0.0000	   0.0000	   0.0000	   0.0000	  0.2508	  0.0000	        0.0000	        0.0000	        0.0000	        0.0000	        0.0000	        0.0000	        0.0000	  0.3353	  0.2938	-22.9037
2018	100	  23	 55	 99.9965	  0.0000	2439.9798	   17.3178	 14.9774	  0.0000	  7.0000	  21.7708	  21.7708	  21.7708	-450.0000	-450.0000	-450.0000	  3.6417	 11.1000	 38.5833	   4.1010	   1.1916	   1.7951	  0.3213	  0.5830	  0.1000	  0.1600	  0.1900	   0.0000	   0.0000	   0.0000	   0.0000	   0.0000	   0.0000	   0.0000	   0.0000	   0.0000	  0.2654	  0.0000	        0.0000	        0.0000	        0.0000	        0.0000	        0.0000	        0.0000	        0.0000	  0.3353	  0.2938	-22.9037
2018	101	  23	 55	100.9965	  0.0000	 13.9574	    0.0947	 13.2850	  0.0000	  9.0000	  26.2708	  26.2708	  26.2708	-450.0000	-450.0000	-450.0000	  1.1000	 13.4000	 50.7500	   4.1542	   1.2930	   1.8981	  0.3326	  0.5740	  0.1000	  0.1600	  0.1900	   0.0000	   0.0000	   0.0000	   0.0000	   0.0000	   0.0000	   0.0000	   0.0000	   0.0000	  0.2740	  0.0000	        0.0000	        0.0000	        0.0000	        0.0000	        0.0000	        0.0000	        0.0000	  0.3353	  0.2938	-22.9037
2018	102	  23	 55	101.9965	  0.0000	3010.5924	   27.5157	 16.1311	  0.0000	 10.0000	  30.1208	  30.1208	  30.1208	-450.0000	-450.0000	-450.0000	  2.1000	 15.6000	 48.8333	   4.1861	   1.3539	   1.9599	  0.3393	  0.5685	  0.1000	  0.1600	  0.1900	   0.0000	   0.0000	   0.0000	   0.0000	   0.0000	   0.0000	   0.0000	   0.0000	   0.0000	  0.2940	  0.0000	        0.0000	        0.0000	        0.0000	        0.0000	        0.0000	        0.0000	        0.0000	  0.3353	  0.2938	-22.9037
2018	103	  23	 55	102.9965	  0.0000	 14.2261	    0.1694	 16.4962	  0.0000	 12.0000	  44.6208	  44.6208	  44.6208	-450.0000	-450.0000	-450.0000	  4.5000	 20.0000	 51.3333	   4.2730	   1.5201	   2.1285	  0.3578	  0.5538	  0.1000	  0.1600	  0.1900	   0.0000	   0.0000	   0.0000	   0.0000	   0.0000	   0.0000	   0.0000	   0.0000	   0.0000	  0.3073	  0.0000	        0.0000	        0.0000	        0.0000	        0.0000	        0.0000	        0.0000	        0.0000	  0.3353	  0.2938	-22.9037
2018	104	  23	 55	103.9965	  0.0000	 14.6697	    0.1763	 17.2547	  0.0000	 14.0000	  60.6208	  60.6208	  60.6208	   0.0000	   0.0000	   0.0000	  6.1000	 19.9000	 48.8333	   4.3930	   1.7507	   2.3622	  0.3834	  0.5333	  0.1000	  0.1600	  0.1900	   0.0000	   0.0000	   0.0000	   0.0000	   0.0000	   0.0000	   0.0000	   0.0000	   0.0000	  0.3421	  0.0000	        0.0000	        0.0000	        0.0000	        0.0000	        0.0000	        0.0000	        0.0000	  0.3353	  0.2938	-22.9037
2018	105	  23	 55	104.9965	  0.0000	2363.9946	   21.3918	 18.0821	 30.7333	  0.0000	  65.0708	  65.0708	  65.0708	   0.0000	   0.0000	   0.0000	  7.4000	 11.5000	 39.5833	   4.4621	   1.8838	   2.4969	  0.3982	  0.5214	  0.1000	  0.1600	  0.1900	   0.0000	   0.0000	   0.0000	   0.0000	   0.0000	   0.0000	   0.0000	   0.0000	   0.0000	  0.3873	  0.0000	        0.0000	        0.0000	        0.0000	        0.0000	        0.0000	        0.0000	        0.0000	  0.3353	  0.2938	-22.9037
2018	106	  23	 55	105.9965	  0.0000	2710.2288	   26.5041	 19.7665	  0.1667	  0.0000	  70.3708	  70.3708	  70.3708	   0.0000	   0.0000	   0.0000	  8.2000	 12.4000	 48.5000	   4.5368	   2.0282	   2.6429	  0.4142	  0.5086	  0.1000	  0.1600	  0.1900	   0.0000	   0.0000	   0.0000	   0.0000	   0.0000	   0.0000	   0.0000	   0.0000	   0.0000	  0.4127	  0.0000	        0.0000	        0.0000	        0.0000	        0.0000	        0.0000	        0.0000	        0.0000	  0.3353	  0.2938	-22.9037
2018	107	  23	 55	106.9965	  0.0000	1938.0423	   16.6207	 19.1373	  0.0083	  0.0000	  73.9208	  73.9208	  73.9208	   0.0000	   0.0000	   0.0000	  6.5000	 10.6000	 32.7500	   4.6153	   2.1802	   2.7966	  0.4311	  0.4951	  0.1000	  0.1600	  0.1900	   0.0000	   0.0000	   0.0000	   0.0000	   0.0000	   0.0000	   0.0000	   0.0000	   0.0000	  0.4394	  0.0000	        0.0000	        0.0000	        0.0000	        0.0000	        0.0000	        0.0000	        0.0000	  0.3353	  0.2938	-22.9037
2018	108	  23	 55	107.9965	  0.0000	2549.5740	   29.4486	 21.1996	  0.0000	  1.0000	  80.5708	  80.5708	  80.5708	   0.0000	   0.0000	   0.0000	  8.1000	 15.2000	 41.0000	   4.7009	   2.3465	   2.9645	  0.4496	  0.4803	  0.1000	  0.1600	  0.1900	   0.0000	   0.0000	   0.0000	   0.0000	   0.0000	   0.0000	   0.0000	   0.0000	   0.0000	  0.4686	  0.0000	        0.0000	        0.0000	        0.0000	        0.0000	        0.0000	        0.0000	        0.0000	  0.3353	  0.2938	-22.9037
2018	109	  23	 55	108.9965	  0.0000	2420.8329	   29.4984	 22.8593	  0.0000	  2.0000	  87.6208	  87.6208	  87.6208	   0.0000	   0.0000	   0.0000	  8.7000	 15.4000	 39.0833	   4.7942	   2.5278	   3.1475	  0.4698	  0.4642	  0.1000	  0.1600	  0.1900	   0.0000	   0.0000	   0.0000	   0.0000	   0.0000	   0.0000	   0.0000	   0.0000	   0.0000	  0.5004	  0.0000	        0.0000	        0.0000	        0.0000	        0.0000	        0.0000	        0.0000	        0.0000	  0.3353	  0.2938	-22.9037
2018	110	  23	 55	109.9965	  0.0000	 13.3636	    0.1922	 21.8182	  0.0000	  4.0000	 109.5208	 109.5208	 109.5208	   0.0000	   0.0000	   0.0000	  9.8000	 22.1000	 50.8333	   5.0158	   2.9604	   3.5838	  0.5178	  0.4257	  0.1000	  0.1600	  0.1900	   0.0000	   0.0000	   0.0000	   0.0000	   0.0000	   0.0000	   0.0000	   0.0000	   0.0000	  0.5364	  0.0000	        0.0000	        0.0000	        0.0000	        0.0000	        0.0000	        0.0000	        0.0000	  0.3353	  0.2938	-22.9037
2018	111	  23	 55	110.9965	  0.0000	2599.6995	   27.3615	 22.9269	  0.0000	  5.0000	 114.6750	 114.6750	 114.6750	   0.0000	   0.0000	   0.0000	  6.9083	 13.4000	 48.8333	   5.1000	   3.1999	   3.8252	  0.5444	  0.4044	  0.1000	  0.1600	  0.1900	   0.0000	   0.0000	   0.0000	   0.0000	   0.0000	   0.0000	   0.0000	   0.0000	   0.0000	  0.6183	  0.0000	        0.0000	        0.0000	        0.0000	        0.0000	        0.0000	        0.0000	        0.0000	  0.3353	  0.2938	-22.9037
2018	112	  23	 55	111.9965	  0.0000	2733.1579	   25.0673	 23.3550	  0.0000	  6.0000	 118.6750	 118.6750	 118.6750	   0.0000	   0.0000	   0.0000	  6.0000	 12.0000	 50.8333	   5.1000	   3.4486	   4.0756	  0.5721	  0.3823	  0.1000	  0.1600	  0.1900	   0.0000	   0.0000	   0.0000	   0.0000	   0.0000	   0.0000	   0.0000	   0.0000	   0.0000	  0.6615	  0.0000	        0.0000	        0.0000	        0.0000	        0.0000	        0.0000	        0.0000	        0.0000	  0.3353	  0.2938	-22.9037
2018	113	  23	 55	112.9965	  0.0000	4139.5304	   39.1053	 26.5050	147.6667	  0.0000	 123.9292	 123.9292	 123.9292	   0.0000	   0.0000	   0.0000	  7.5083	 13.0000	 85.4167	   5.1000	   3.7090	   4.3378	  0.6010	  0.3592	  0.1000	  0.1600	  0.1900	   0.0000	   0.0000	   0.0000	   0.0000	   0.0000	   0.0000	   0.0000	   0.0000	   0.0000	  0.7067	  0.0000	        0.0000	        0.0000	        0.0000	        0.0000	        0.0000	        0.0000	        0.0000	  0.3353	  0.2938	-22.9037
2018	114	  23	 55	113.9965	  0.0000	1501.6929	   11.8950	 23.5830	 11.1667	  0.0000	 127.0417	 127.0417	 127.0417	   0.0000	   0.0000	   0.0000	  6.8250	  9.4000	 22.6667	   5.1000	   3.9768	   4.6072	  0.6308	  0.3354	  0.1000	  0.1600	  0.1900	   0.0000	   0.0000	   0.0000	   0.0000	   0.0000	   0.0000	   0.0000	   0.0000	   0.0000	  0.7531	  0.0000	        0.0000	        0.0000	        0.0000	        0.0000	        0.0000	        0.0000	        0.0000	  0.3353	  0.2938	-22.9037
2018	115	  23	 55	114.9965	  0.0000	2788.0567	   24.2728	 23.7210	  0.0000	  1.0000	 130.9917	 130.9917	 130.9917	   0.0000	   0.0000	   0.0000	  6.7000	 11.2000	 54.2500	   5.1000	   4.2537	   4.8857	  0.6615	  0.3108	  0.1000	  0.1600	  0.1900	   0.0000	   0.0000	   0.0000	   0.0000	   0.0000	   0.0000	   0.0000	   0.0000	   0.0000	  0.8011	  0.0000	        0.0000	        0.0000	        0.0000	        0.0000	        0.0000	        0.0000	        0.0000	  0.3353	  0.2938	-22.9037
2018	116	  23	 55	115.9965	  0.0000	3329.0280	   25.7144	 24.1197	  5.0000	  0.0000	 133.7417	 133.7417	 133.7417	   0.0000	   0.0000	   0.0000	  6.3000	  9.2000	 43.2500	   5.1000	   4.5371	   5.1707	  0.6930	  0.2856	  0.1000	  0.1600	  0.1900	   0.0000	   0.0000	   0.0000	   0.0000	   0.0000	   0.0000	   0.0000	   0.0000	   0.0000	  0.8503	  0.0000	        0.0000	        0.0000	        0.0000	        0.0000	        0.0000	        0.0000	        0.0000	  0.3353	  0.2938	-22.9037
2018	117	  23	 55	116.9965	  0.0000	 12.4155	    0.1052	 19.2101	  1.0000	  0.0000	 141.7417	 141.7417	 141.7417	   0.0000	   0.0000	   0.0000	  6.6000	 11.4000	 47.7500	   5.1000	   5.1317	   5.7683	  0.7591	  0.2327	  0.1000	  0.1600	  0.1900	   0.0000	   0.0000	   0.0000	   0.0000	   0.0000	   0.0000	   0.0000	   0.0000	   0.0000	  0.9010	  0.0000	        0.0000	        0.0000	        0.0000	        0.0000	        0.0000	        0.0000	        0.0000	  0.3353	  0.2938	-22.9037
2018	118	  23	 55	117.9965	  0.0000	2670.5590	   25.1235	 20.3928	  4.3750	  0.0000	 146.0417	 146.0417	 146.0417	   0.0000	   0.0000	   0.0000	  5.9000	 12.7000	 46.5000	   5.1000	   5.4435	   5.9000	  0.7937	  0.2050	  0.1000	  0.1600	  0.1900	   0.0000	   0.0000	   0.0000	   0.0000	   0.0000	   0.0000	   0.0000	   0.0000	   0.0000	  0.9943	  0.0000	        0.0000	        0.0000	        0.0000	        0.0000	        0.0000	        0.0000	        0.0000	  0.3353	  0.2938	-22.9037
2018	119	  23	 55	118.9965	  0.0000	  3.5608	    0.0300	 14.8235	  0.1917	  0.0000	 161.9417	 161.9417	 161.9417	   0.0000	   0.0000	   0.0000	  6.9000	 13.7000	 59.7500	   5.1000	   5.5000	   5.9000	  0.8000	  0.2000	  0.1000	  0.1600	  0.1900	   0.0000	   0.0000	   0.0000	   0.0000	   0.0000	   0.0000	   0.0000	   0.0000	   0.0000	  1.0000	  0.0000	        0.0000	        0.0000	        0.0000	        0.0000	        0.0000	        0.0000	        0.0000	  0.3353	  0.2938	-22.9037
2018	120	  23	 55	119.9965	  0.0000	3164.0342	   31.2816	 18.1151	165.0500	  0.0000	 167.0417	 167.0417	 167.0417	   0.0000	   0.0000	   0.0000	  6.9000	 13.3000	 54.0000	   5.1000	   5.5000	   5.9000	  0.8000	  0.2000	  0.1000	  0.1600	  0.1900	   0.0000	   0.0000	   0.0000	   0.0000	   0.0000	   0.0000	   0.0000	   0.0000	   0.0000	  1.0000	  0.0000	        0.0000	        0.0000	        0.0000	        0.0000	        0.0000	        0.0000	        0.0000	  0.3353	  0.2938	-22.9037
2018	121	  23	 55	120.9965	  0.0000	4995.6802	   42.4502	 22.9821	 24.8833	  0.0000	 172.0917	 172.0917	 172.0917	   0.0000	   0.0000	   0.0000	  6.9000	 13.2000	 57.1667	   5.1000	   5.5000	   5.9000	  0.8000	  0.2000	  0.1000	  0.1600	  0.1900	   0.0000	   0.0000	   0.0000	   0.0000	   0.0000	   0.0000	   0.0000	   0.0000	   0.0000	  1.0000	  0.0000	        0.0000	        0.0000	        0.0000	        0.0000	        0.0000	        0.0000	        0.0000	  0.3353	  0.2938	-22.9037
2018	122	  23	 55	121.9965	  0.0000	3347.3624	   37.0872	 25.8031	  0.0000	  1.0000	 177.6583	 177.6583	 177.6583	   0.0000	   0.0000	   0.0000	  7.6333	 13.5000	 63.2500	   5.1000	   5.5000	   5.9000	  0.8000	  0.2000	  0.1000	  0.1600	  0.1900	   0.0000	   0.0000	   0.0000	   0.0000	   0.0000	   0.0000	   0.0000	   0.0000	   0.0000	  1.0000	  0.0000	        0.0000	        0.0000	        0.0000	        0.0000	        0.0000	        0.0000	        0.0000	  0.3353	  0.2938	-22.9037
2018	123	  23	 55	122.9965	  0.0000	3235.9002	   30.0501	 26.6525	 11.3500	  0.0000	 182.0083	 182.0083	 182.0083	   0.0000	   0.0000	   0.0000	  6.7000	 12.0000	 66.4167	   5.1000	   5.5000	   5.9000	  0.8000	  0.2000	  0.1000	  0.1600	  0.1900	   0.0000	   0.0000	   0.0000	   0.0000	   0.0000	   0.0000	   0.0000	   0.0000	   0.0000	  1.0000	  0.0000	        0.0000	        0.0000	        0.0000	        0.0000	        0.0000	        0.0000	        0.0000	  0.3353	  0.2938	-22.9037
2018	124	  23	 55	123.9965	  0.0000	2654.6934	   26.6620	 26.6544	  0.0000	  1.0000	 186.4583	 186.4583	 186.4583	   0.0000	   0.0000	   0.0000	  6.5000	 12.4000	 52.2500	   5.1000	   5.5000	   5.9000	  0.8000	  0.2000	  0.1000	  0.1600	  0.1900	   0.0000	   0.0000	   0.0000	   0.0000	   0.0000	   0.0000	   0.0000	   0.0000	   0.0000	  1.0000	  0.0000	        0.0000	        0.0000	        0.0000	        0.0000	        0.0000	        0.0000	        0.0000	  0.3353	  0.2938	-22.9037
2018	125	  23	 55	124.9965	  0.0000	2968.3693	   37.5052	 28.8246	  0.0000	  2.0000	 193.4583	 193.4583	 193.4583	   0.0000	   0.0000	   0.0000	  8.1000	 15.9000	 57.0000	   5.1000	   5.5000	   5.9000	  0.8000	  0.2000	  0.1000	  0.1600	  0.1900	   0.0000	   0.0000	   0.0000	   0.0000	   0.0000	   0.0000	   0.0000	   0.0000	   0.0000	  1.0000	  0.0000	        0.0000	        0.0000	        0.0000	        0.0000	        0.0000	        0.0000	        0.0000	  0.3353	  0.2938	-22.9037
2018	126	  23	 55	125.9965	  0.0000	  3.5721	    0.0374	 21.2607	  0.0000	  5.0000	 216.4083	 216.4083	 216.4083	   0.0000	   0.0000	   0.0000	  6.6000	 18.7000	 66.0833	   5.1000	   5.5000	   5.9000	  0.8000	  0.2000	  0.1000	  0.1600	  0.1900	   0.0000	   0.0000	   0.0000	   0.0000	   0.0000	   0.0000	   0.0000	   0.0000	   0.0000	  1.0000	  0.0000	        0.0000	        0.0000	        0.0000	        0.0000	        0.0000	        0.0000	        0.0000	  0.3353	  0.2938	-22.9037
2018	127	  23	 55	126.9965	  0.0000	3869.0926	   68.0194	 30.6125	  0.0000	  6.0000	 227.3083	 227.3083	 227.3083	   0.0000	   0.0000	   0.0000	  9.8000	 22.0000	 71.6667	   5.1000	   5.5000	   5.9000	  0.8000	  0.2000	  0.1000	  0.1600	  0.1900	   0.0000	   0.0000	   0.0000	   0.0000	   0.0000	   0.0000	   0.0000	   0.0000	   0.0000	  1.0000	  0.0000	        0.0000	        0.0000	        0.0000	        0.0000	        0.0000	        0.0000	        0.0000	  0.3353	  0.2938	-22.9037
2018	128	  23	 55	127.9965	  0.0000	  3.5835	    0.0449	 24.9955	  0.0000	  9.0000	 263.1583	 263.1583	 263.1583	   0.0000	   0.0000	   0.0000	  9.7000	 24.2000	 70.0833	   5.1000	   5.5000	   5.9000	  0.8000	  0.2000	  0.1000	  0.1600	  0.1900	   0.0000	   0.0000	   0.0000	   0.0000	   0.0000	   0.0000	   0.0000	   0.0000	   0.0000	  1.0000	  0.0000	        0.0000	        0.0000	        0.0000	        0.0000	        0.0000	        0.0000	        0.0000	  0.3353	  0.2938	-22.9037
2018	129	  23	 55	128.9965	  0.0000	  3.5962	    0.0568	 23.0115	  0.0000	 12.0000	 300.0000	 300.0000	 300.0000	   0.0000	   0.0000	   0.0000	 11.2000	 25.9000	 72.0833	   5.1000	   5.5000	   5.9000	  0.8000	  0.2000	  0.1000	  0.1600	  0.1900	   0.0000	   0.0000	   0.0000	   0.0000	   0.0000	   0.0000	   0.0000	   0.0000	   0.0000	  1.0000	  0.0000	        0.0000	        0.0000	        0.0000	        0.0000	        0.0000	        0.0000	        0.0000	  0.3353	  0.2938	-22.9037
2018	130	  23	 55	129.9965	  0.0000	3953.5807	   79.4100	 34.2912	  6.0000	  0.0000	 300.0000	 300.0000	 300.0000	   0.0000	   0.0000	   0.0000	 12.2000	 27.6000	 65.9167	   5.1000	   5.5000	   5.9000	  0.8000	  0.2000	  0.1000	  0.1600	  0.1900	   0.0000	   0.0000	   0.0000	   0.0000	   0.0000	   0.0000	   0.0000	   0.0000	   0.0000	  1.0000	  0.0000	        0.0000	        0.0000	        0.0000	        0.0000	        0.0000	        0.0000	        0.0000	  0.3353	  0.2938	-22.9037
2018	131	  23	 55	130.9965	  0.0000	3512.1000	   48.6679	 37.1665	 12.5000	  0.0000	 300.0000	 300.0000	 300.0000	   0.0000	   0.0000	   0.0000	 10.7000	 16.7000	 64.8333	   5.1000	   5.5000	   5.9000	  0.8000	  0.2000	  0.1000	  0.1600	  0.1900	   0.0000	   0.0000	   0.0000	   0.0000	   0.0000	   0.0000	   0.0000	   0.0000	   0.0000	  1.0000	  0.0000	        0.0000	        0.0000	        0.0000	        0.0000	        0.0000	        0.0000	        0.0000	  0.3353	  0.2938	-22.9037
2018	132	  23	 55	131.9965	  0.0000	3351.6883	   55.3364	 40.8005	  0.0000	  1.0000	 300.0000	 300.0000	 300.0000	   0.0000	   0.0000	   0.0000	 10.3000	 19.9000	 67.3333	   5.1000	   5.5000	   5.9000	  0.8000	  0.2000	  0.1000	  0.1600	  0.1900	   0.0000	   0.0000	   0.0000	   0.0000	   0.0000	   0.0000	   0.0000	   0.0000	   0.0000	  1.0000	  0.0000	        0.0000	        0.0000	        0.0000	        0.0000	        0.0000	        0.0000	        0.0000	  0.3353	  0.2938	-22.9037
2018	133	  23	 55	132.9965	  0.0000	3477.0499	   72.7921	 47.1988	  0.0000	  2.0000	 300.0000	 300.0000	 300.0000	   0.0000	   0.0000	   0.0000	 14.9167	 25.6000	 63.8333	   5.1000	   5.5000	   5.9000	  0.8000	  0.2000	  0.1000	  0.1600	  0.1900	   0.0000	   0.0000	   0.0000	   0.0000	   0.0000	   0.0000	   0.0000	   0.0000	   0.0000	  1.0000	  0.0000	        0.0000	        0.0000	        0.0000	        0.0000	        0.0000	        0.0000	        0.0000	  0.3353	  0.2938	-22.9037
2018	134	  23	 55	133.9965	  0.0000	 17.9335	    0.3838	 45.0621	  0.0000	  4.0000	 300.0000	 300.0000	 300.0000	   0.0000	   0.0000	   0.0000	 12.3000	 28.2000	 76.3333	   5.1000	   5.5000	   5.9000	  0.8000	  0.2000	  0.1000	  0.1600	  0.1900	   0.0000	   0.0000	   0.0000	   0.0000	   0.0000	   0.0000	   0.0000	   0.0000	   0.0000	  1.0000	  0.0000	        0.0000	        0.0000	        0.0000	        0.0000	        0.0000	        0.0000	        0.0000	  0.3353	  0.2938	-22.9037
2018	135	  23	 55	134.9965	  0.0000	  3.6003	    0.0602	 34.4583	  0.0000	  7.0000	 300.0000	 300.0000	 300.0000	   0.0000	   0.0000	   0.0000	 13.8000	 28.1000	 73.1667	   5.1000	   5.5000	   5.9000	  0.8000	  0.2000	  0.1000	  0.1600	  0.1900	   0.0000	   0.0000	   0.0000	   0.0000	   0.0000	   0.0000	   0.0000	   0.0000	   0.0000	  1.0000	  0.0000	        0.0000	        0.0000	        0.0000	        0.0000	        0.0000	        0.0000	        0.0000	  0.3353	  0.2938	-22.9037
2018	136	  23	 55	135.9965	  0.0000	 16.7098	    0.3244	 34.7462	  0.0000	  9.0000	 300.0000	 300.0000	 300.0000	   0.0000	   0.0000	   0.0000	 14.1917	 26.4000	 72.9167	   5.1000	   5.5000	   5.9000	  0.8000	  0.2000	  0.1000	  0.1600	  0.1900	   0.0000	   0.0000	   0.0000	   0.0000	   0.0000	   0.0000	   0.0000	   0.0000	   0.0000	  1.0000	  0.0000	        0.0000	        0.0000	        0.0000	        0.0000	        0.0000	        0.0000	        0.0000	  0.3353	  0.2938	-22.9037
2018	137	  23	 55	136.9965	  0.0000	 14.6230	    0.2388	 31.0027	  0.2500	  0.0000	 300.0000	 300.0000	 300.0000	   0.0000	   0.0000	   0.0000	 13.4000	 20.5000	 62.2500	   5.1000	   5.5000	   5.9000	  0.8000	  0.2000	  0.1000	  0.1600	  0.1900	   0.0000	   0.0000	   0.0000	   0.0000	   0.0000	   0.0000	   0.0000	   0.0000	   0.0000	  1.0000	  0.0000	        0.0000	        0.0000	        0.0000	        0.0000	        0.0000	        0.0000	        0.0000	  0.3353	  0.2938	-22.9037
2018	138	  23	 55	137.9965	  0.0000	  3.5781	    0.0345	 24.7900	  0.6667	  0.0000	 300.0000	 300.0000	 300.0000	   0.0000	   0.0000	   0.0000	  9.6250	 20.9000	 80.4167	   5.1000	   5.5000	   5.9000	  0.8000	  0.2000	  0.1000	  0.1600	  0.1900	   0.0000	   0.0000	   0.0000	   0.0000	   0.0000	   0.0000	   0.0000	   0.0000	   0.0000	  1.0000	  0.0000	        0.0000	        0.0000	        0.0000	        0.0000	        0.0000	        0.0000	        0.0000	  0.3353	  0.2938	-22.9037
2018	139	  23	 55	138.9965	  0.0000	  3.5367	    0.0437	 13.8090	  0.0000	  5.0000	 300.0000	 300.0000	 300.0000	   0.0000	   0.0000	   0.0000	  7.2000	 22.1000	 80.0833	   5.1000	   5.5000	   5.9000	  0.8000	  0.2000	  0.1000	  0.1600	  0.1900	   0.0000	   0.0000	   0.0000	   0.0000	   0.0000	   0.0000	   0.0000	   0.0000	   0.0000	  1.0000	  0.0000	        0.0000	        0.0000	        0.0000	        0.0000	        0.0000	        0.0000	        0.0000	  0.3353	  0.2938	-22.9037
2018	140	  23	 55	139.9965	  0.0000	  3.5836	    0.0443	 16.0700	  0.0000	  8.0000	 300.0000	 300.0000	 300.0000	   0.0000	   0.0000	   0.0000	 10.2000	 22.2000	 71.6667	   5.1000	   5.5000	   5.9000	  0.8000	  0.2000	  0.1000	  0.1600	  0.1900	   0.0000	   0.0000	   0.0000	   0.0000	   0.0000	   0.0000	   0.0000	   0.0000	   0.0000	  1.0000	  0.0000	        0.0000	        0.0000	        0.0000	        0.0000	        0.0000	        0.0000	        0.0000	  0.3353	  0.2938	-22.9037
2018	141	  23	 55	140.9965	  0.0000	 16.3286	    0.2828	 21.0740	  0.0000	 10.0000	 300.0000	 300.0000	 300.0000	   0.0000	   0.0000	   0.0000	 10.6000	 22.7000	 71.5000	   5.1000	   5.5000	   5.9000	  0.8000	  0.2000	  0.1000	  0.1600	  0.1900	   0.0000	   0.0000	   0.0000	   0.0000	   0.0000	   0.0000	   0.0000	   0.0000	   0.0000	  1.0000	  0.0000	        0.0000	        0.0000	        0.0000	        0.0000	        0.0000	        0.0000	        0.0000	  0.3353	  0.2938	-22.9037
2018	142	  23	 55	141.9965	  0.0000	  3.5865	    0.0448	 20.6293	  0.0000	 13.0000	 300.0000	 300.0000	 300.0000	   0.0000	   0.0000	   0.0000	 11.2000	 23.0000	 78.0000	   5.1000	   5.5000	   5.9000	  0.8000	  0.2000	  0.1000	  0.1600	  0.1900	   0.0000	   0.0000	   0.0000	   0.0000	   0.0000	   0.0000	   0.0000	   0.0000	   0.0000	  1.0000	  0.0000	        0.0000	        0.0000	        0.0000	        0.0000	        0.0000	        0.0000	        0.0000	  0.3353	  0.2938	-22.9037
2018	143	  23	 55	142.9965	  0.0000	  3.5915	    0.0510	 21.0091	  0.0000	 16.0000	 300.0000	 300.0000	 300.0000	   0.0000	   0.0000	   0.0000	 10.5000	 24.9000	 77.0000	   5.1000	   5.5000	   5.9000	  0.8000	  0.2000	  0.1000	  0.1600	  0.1900	   0.0000	   0.0000	   0.0000	   0.0000	   0.0000	   0.0000	   0.0000	   0.0000	   0.0000	  1.0000	  0.0000	        0.0000	        0.0000	        0.0000	        0.0000	        0.0000	        0.0000	        0.0000	  0.3353	  0.2938	-22.9037
2018	144	  23	 55	143.9965	  0.0000	 17.1816	    0.3475	 26.9338	  0.0000	 18.0000	 300.0000	 300.0000	 300.0000	   0.0000	   0.0000	   0.0000	 12.0000	 25.8000	 76.0000	   5.1000	   5.5000	   5.9000	  0.8000	  0.2000	  0.1000	  0.1600	  0.1900	   0.0000	   0.0000	   0.0000	   0.0000	   0.0000	   0.0000	   0.0000	   0.0000	   0.0000	  1.0000	  0.0000	        0.0000	        0.0000	        0.0000	        0.0000	        0.0000	        0.0000	        0.0000	  0.3353	  0.2938	-22.9037
2018	145	  23	 55	144.9965	  0.0000	 17.0763	    0.3634	 31.1541	  0.0000	 20.0000	 300.0000	 300.0000	 300.0000	   0.0000	   0.0000	   0.0000	 15.5000	 27.4000	 73.4167	   5.1000	   5.5000	   5.9000	  0.8000	  0.2000	  0.1000	  0.1600	  0.1900	   0.0000	   0.0000	   0.0000	   0.0000	   0.0000	   0.0000	   0.0000	   0.0000	   0.0000	  1.0000	  0.0000	        0.0000	        0.0000	        0.0000	        0.0000	        0.0000	        0.0000	        0.0000	  0.3353	  0.2938	-22.9037
2018	146	  23	 55	145.9965	  0.0000	 17.6284	    0.3697	 34.1682	  0.0000	 22.0000	 300.0000	 300.0000	 300.0000	   0.0000	   0.0000	   0.0000	 14.0000	 26.9000	 80.1667	   5.1000	   5.5000	   5.9000	  0.8000	  0.2000	  0.1000	  0.1600	  0.1900	   0.0000	   0.0000	   0.0000	   0.0000	   0.0000	   0.0000	   0.0000	   0.0000	   0.0000	  1.0000	  0.0000	        0.0000	        0.0000	        0.0000	        0.0000	        0.0000	        0.0000	        0.0000	  0.3353	  0.2938	-22.9037
2018	147	  23	 55	146.9965	  0.0000	  3.5960	    0.0630	 26.5231	  4.8417	  0.0000	 300.0000	 300.0000	 300.0000	   0.0000	   0.0000	   0.0000	 16.6000	 26.9000	 55.0833	   5.1000	   5.5000	   5.9000	  0.8000	  0.2000	  0.1000	  0.1600	  0.1900	   0.0000	   0.0000	   0.0000	   0.0000	   0.0000	   0.0000	   0.0000	   0.0000	   0.0000	  1.0000	  0.0000	        0.0000	        0.0000	        0.0000	        0.0000	        0.0000	        0.0000	        0.0000	  0.3353	  0.2938	-22.9037
2018	148	  23	 55	147.9965	  0.0000	7695.4446	  128.1066	 46.8398	125.1417	  0.0000	 300.0000	 300.0000	 300.0000	   0.0000	   0.0000	   0.0000	 15.1333	 21.2000	102.1667	   5.1000	   5.5000	   5.9000	  0.8000	  0.2000	  0.1000	  0.1600	  0.1900	   0.0000	   0.0000	   0.0000	   0.0000	   0.0000	   0.0000	   0.0000	   0.0000	   0.0000	  1.0000	  0.0000	        0.0000	        0.0000	        0.0000	        0.0000	        0.0000	        0.0000	        0.0000	  0.3353	  0.2938	-22.9037
2018	149	  23	 55	148.9965	  0.0000	5572.7706	  125.2619	 62.5242	  3.3000	  0.0000	 300.0000	 300.0000	 300.0000	   0.0000	   0.0000	   0.0000	 15.1000	 28.3000	109.7500	   5.1000	   5.5000	   5.9000	  0.8000	  0.2000	  0.1000	  0.1600	  0.1900	   0.0000	   0.0000	   0.0000	   0.0000	   0.0000	   0.0000	   0.0000	   0.0000	   0.0000	  1.0000	  0.0000	        0.0000	        0.0000	        0.0000	        0.0000	        0.0000	        0.0000	        0.0000	  0.3353	  0.2938	-22.9037
2018	150	  23	 55	149.9965	  0.0000	 17.7202	    0.4373	 56.6750	  0.0000	  2.0000	 300.0000	 300.0000	 300.0000	   0.0000	   0.0000	   0.0000	 16.6000	 30.6000	 79.0000	   5.1000	   5.5000	   5.9000	  0.8000	  0.2000	  0.1000	  0.1600	  0.1900	   0.0000	   0.0000	   0.0000	   0.0000	   0.0000	   0.0000	   0.0000	   0.0000	   0.0000	  1.0000	  0.0000	        0.0000	        0.0000	        0.0000	        0.0000	        0.0000	        0.0000	        0.0000	  0.3353	  0.2938	-22.9037
2018	151	  23	 55	150.9965	  0.0000	  3.6090	    0.0697	 41.5277	  0.0000	  5.0000	 300.0000	 300.0000	 300.0000	   0.0000	   0.0000	   0.0000	 18.6000	 29.1000	 75.3333	   5.1000	   5.5000	   5.9000	  0.8000	  0.2000	  0.1000	  0.1600	  0.1900	   0.0000	   0.0000	   0.0000	   0.0000	   0.0000	   0.0000	   0.0000	   0.0000	   0.0000	  1.0000	  0.0000	        0.0000	        0.0000	        0.0000	        0.0000	        0.0000	        0.0000	        0.0000	  0.3353	  0.2938	-22.9037
2018	152	  23	 55	151.9965	  0.0000	  3.6038	    0.0630	 33.0654	  0.0000	  8.0000	 300.0000	 300.0000	 300.0000	   0.0000	   0.0000	   0.0000	 16.8000	 26.5000	 79.0833	   5.1000	   5.5000	   5.9000	  0.8000	  0.2000	  0.1000	  0.1600	  0.1900	   0.0000	   0.0000	   0.0000	   0.0000	   0.0000	   0.0000	   0.0000	   0.0000	   0.0000	  1.0000	  0.0000	        0.0000	        0.0000	        0.0000	        0.0000	        0.0000	        0.0000	        0.0000	  0.3353	  0.2938	-22.9037
2018	153	  23	 55	152.9965	  0.0000	 18.6452	    0.4163	 37.4510	  0.0000	 10.0000	 300.0000	 300.0000	 300.0000	   0.0000	   0.0000	   0.0000	 15.4000	 27.9000	 87.0833	   5.1000	   5.5000	   5.9000	  0.8000	  0.2000	  0.1000	  0.1600	  0.1900	   0.0000	   0.0000	   0.0000	   0.0000	   0.0000	   0.0000	   0.0000	   0.0000	   0.0000	  1.0000	  0.0000	        0.0000	        0.0000	        0.0000	        0.0000	        0.0000	        0.0000	        0.0000	  0.3353	  0.2938	-22.9037
2018	154	  23	 55	153.9965	  0.0000	3690.1815	   84.0351	 46.7678	  0.0000	 11.0000	 300.0000	 300.0000	 300.0000	   0.0000	   0.0000	   0.0000	 16.9000	 26.7000	 72.2500	   5.1000	   5.5000	   5.9000	  0.8000	  0.2000	  0.1000	  0.1600	  0.1900	 348.8442	 158.5570	 190.2872	 348.8442	 158.5570	 190.2872	 348.8442	 158.5570	 190.2872	  1.0000	  0.0000	        0.0000	        0.0000	        0.0000	        0.0000	        0.0000	        0.0000	        0.0000	  0.3353	  0.2938	-22.9037
2018	155	  23	 55	154.9965	  0.0000	 17.7619	    0.3820	 44.7898	  0.0000	 13.0000	 300.0000	 300.0000	 300.0000	   0.0000	   0.0000	   0.0000	 17.2417	 27.1000	 80.9167	   5.1000	   5.5000	   5.9000	  0.8000	  0.2000	  0.1000	  0.1600	  0.1900	   0.0000	   0.0000	   0.0000	   0.0000	   0.0000	   0.0000	   0.0000	   0.0000	   0.0000	  1.0000	  0.0000	        0.0000	        0.0000	        0.0000	        0.0000	        0.0000	        0.0000	        0.0000	  0.3353	  0.2938	-22.9037
2018	156	  23	 55	155.9965	  0.0000	3690.1901	   59.6779	 47.7674	  0.0000	 14.0000	 300.0000	 300.0000	 300.0000	   0.0000	   0.0000	   0.0000	 12.3000	 18.9000	 69.9167	   5.1000	   5.5000	   5.9000	  0.8000	  0.2000	  0.1000	  0.1600	  0.1900	 246.9551	 112.2466	 134.7085	 246.9551	 112.2466	 134.7085	 246.9551	 112.2466	 134.7085	  1.0000	  0.0000	        0.0000	        0.0000	        0.0000	        0.0000	        0.0000	        0.0000	        0.0000	  0.3353	  0.2938	-22.9037
2018	157	  23	 55	156.9965	  0.0000	3225.7515	   58.1905	 49.8520	  0.0000	 15.0000	 300.0000	 300.0000	 300.0000	   0.0000	   0.0000	   0.0000	 13.0000	 21.2000	 65.0000	   5.1000	   5.5000	   5.9000	  0.8000	  0.2000	  0.1000	  0.1600	  0.1900	 242.0534	 110.0188	 132.0346	 242.0534	 110.0188	 132.0346	 242.0534	 110.0188	 132.0346	  1.0000	  0.0000	        0.0000	        0.0000	        0.0000	        0.0000	        0.0000	        0.0000	        0.0000	  0.3353	  0.2938	-22.9037
2018	158	  23	 55	157.9965	  0.0000	3451.1760	   71.2840	 54.1384	  0.0000	 16.0000	 300.0000	 300.0000	 300.0000	   0.0000	   0.0000	   0.0000	 15.5000	 24.0000	 71.5000	   5.1000	   5.5000	   5.9000	  0.8000	  0.2000	  0.1000	  0.1600	  0.1900	 301.0480	 136.8332	 164.2148	 301.0480	 136.8332	 164.2148	 301.0480	 136.8332	 164.2148	  1.0000	  0.0000	        0.0000	        0.0000	        0.0000	        0.0000	        0.0000	        0.0000	        0.0000	  0.3353	  0.2938	-22.9037
2018	159	  23	 55	158.9965	  0.0000	  3.5985	    0.0557	 39.7135	  0.0000	 19.0000	 300.0000	 300.0000	 300.0000	   0.0000	   0.0000	   0.0000	 15.5000	 26.5000	 81.5000	   5.1000	   5.5000	   5.9000	  0.8000	  0.2000	  0.1000	  0.1600	  0.1900	   0.0000	   0.0000	   0.0000	   0.0000	   0.0000	   0.0000	   0.0000	   0.0000	   0.0000	  1.0000	  0.0000	        0.0000	        0.0000	        0.0000	        0.0000	        0.0000	        0.0000	        0.0000	  0.3353	  0.2938	-22.9037
2018	160	  23	 55	159.9965	  0.0000	  3.5563	    0.0631	 25.5961	  0.0000	 23.0000	 300.0000	 300.0000	 300.0000	   0.0000	   0.0000	   0.0000	 13.5000	 26.3000	 82.8333	   5.1000	   5.5000	   5.9000	  0.8000	  0.2000	  0.1000	  0.1600	  0.1900	   0.2589	   0.1192	   0.1397	   0.2589	   0.1192	   0.1397	   0.2589	   0.1192	   0.1397	  1.0000	  0.0000	        0.0000	        0.0000	        0.0000	        0.0000	        0.0000	        0.0000	        0.0000	  0.3353	  0.2938	-22.9037
2018	161	  23	 55	160.9965	  0.0000	  3.6385	    0.0576	 30.3819	 56.2333	  0.0000	 300.0000	 300.0000	 300.0000	   0.0000	   0.0000	   0.0000	 15.1000	 25.3000	 94.8333	   5.1000	   5.5000	   5.9000	  0.8000	  0.2000	  0.1000	  0.1600	  0.1900	   0.0000	   0.0000	   0.0000	   0.0000	   0.0000	   0.0000	   0.0000	   0.0000	   0.0000	  1.0000	  0.0000	        0.0000	        0.0000	        0.0000	        0.0000	        0.0000	        0.0000	        0.0000	  0.3353	  0.2938	-22.9037
2018	162	  23	 55	161.9965	  0.0000	  3.6260	    0.0495	 29.5026	 16.9500	  0.0000	 300.0000	 300.0000	 300.0000	   0.0000	   0.0000	   0.0000	 13.7000	 16.9000	144.9167	   5.1000	   5.5000	   5.9000	  0.8000	  0.2000	  0.1000	  0.1600	  0.1900	   0.0000	   0.0000	   0.0000	   0.0000	   0.0000	   0.0000	   0.0000	   0.0000	   0.0000	  1.0000	  0.0000	        0.0000	        0.0000	        0.0000	        0.0000	        0.0000	        0.0000	        0.0000	  0.3353	  0.2938	-22.9037
2018	163	  23	 55	162.9965	  0.0000	 18.4285	    0.3209	 31.4155	  0.0000	  2.0000	 300.0000	 300.0000	 300.0000	   0.0000	   0.0000	   0.0000	 13.6000	 21.7000	 85.9167	   5.1000	   5.5000	   5.9000	  0.8000	  0.2000	  0.1000	  0.1600	  0.1900	   0.0000	   0.0000	   0.0000	   0.0000	   0.0000	   0.0000	   0.0000	   0.0000	   0.0000	  1.0000	  0.0000	        0.0000	        0.0000	        0.0000	        0.0000	        0.0000	        0.0000	        0.0000	  0.3353	  0.2938	-22.9037
2018	164	  23	 55	163.9965	  0.0000	3849.6004	   69.4123	 39.0149	  0.0000	  3.0000	 300.0000	 300.0000	 300.0000	   0.0000	   0.0000	   0.0000	 12.5000	 21.9000	 77.5000	   5.1000	   5.5000	   5.9000	  0.8000	  0.2000	  0.1000	  0.1600	  0.1900	 271.8327	 123.5528	 148.2799	 271.8327	 123.5528	 148.2799	 271.8327	 123.5528	 148.2799	  1.0000	  0.0000	        0.0000	        0.0000	        0.0000	        0.0000	        0.0000	        0.0000	        0.0000	  0.3353	  0.2938	-22.9037
2018	165	  23	 55	164.9965	  0.0000	 21.9364	    0.3479	 38.5813	 51.1417	  0.0000	 300.0000	 300.0000	 300.0000	   0.0000	   0.0000	   0.0000	 13.8000	 20.6000	 58.5833	   5.1000	   5.5000	   5.9000	  0.8000	  0.2000	  0.1000	  0.1600	  0.1900	   0.0000	   0.0000	   0.0000	   0.0000	   0.0000	   0.0000	   0.0000	   0.0000	   0.0000	  1.0000	  0.0000	        0.0000	        0.0000	        0.0000	        0.0000	        0.0000	        0.0000	        0.0000	  0.3353	  0.2938	-22.9037
2018	166	  23	 55	165.9965	  0.0000	5987.0002	   93.9445	 49.6539	  0.0000	  1.0000	 300.0000	 300.0000	 300.0000	   0.0000	   0.0000	   0.0000	 13.6000	 18.9000	127.8333	   5.1000	   5.5000	   5.9000	  0.8000	  0.2000	  0.1000	  0.1600	  0.1900	 376.1049	 170.9464	 205.1585	 376.1049	 170.9464	 205.1585	 376.1049	 170.9464	 205.1585	  1.0000	  0.0000	        0.0000	        0.0000	        0.0000	        0.0000	        0.0000	        0.0000	        0.0000	  0.3353	  0.2938	-22.9037
2018	167	  23	 55	166.9965	  0.0000	  3.5420	    0.0490	  0.1585	  6.6583	  0.0000	 300.0000	 300.0000	 300.0000	   0.0000	   0.0000	   0.0000	 13.9000	 22.2000	 68.5833	   5.1000	   5.5000	   5.9000	  0.8000	  0.2000	  0.1000	  0.1600	  0.1900	   0.0000	   0.0000	   0.0000	   0.0000	   0.0000	   0.0000	   0.0000	   0.0000	   0.0000	  1.0000	  0.0000	        0.0000	        0.0000	        0.0000	        0.0000	        0.0000	        0.0000	        0.0000	  0.3353	  0.2938	-22.9037
2018	168	  23	 55	167.9965	  0.0000	10636.3121	  158.9950	 31.9258	166.9167	  0.0000	 300.0000	 300.0000	 300.0000	   0.0000	   0.0000	   0.0000	 13.9000	 18.4000	202.3333	   5.1000	   5.5000	   5.9000	  0.8000	  0.2000	  0.1000	  0.1600	  0.1900	 659.5530	 299.7793	 359.7737	 659.5530	 299.7793	 359.7737	 659.5530	 299.7793	 359.7737	  1.0000	  0.0000	        0.0000	        0.0000	        0.0000	        0.0000	        0.0000	        0.0000	        0.0000	  0.3353	  0.2938	-22.9037
2018	169	  23	 55	168.9965	  0.0000	  3.5893	    0.0506	 24.1036	  6.7417	  0.0000	 300.0000	 300.0000	 300.0000	   0.0000	   0.0000	   0.0000	 14.1000	 18.2000	 71.6667	   5.1000	   5.5000	   5.9000	  0.8000	  0.2000	  0.1000	  0.1600	  0.1900	   0.0000	   0.0000	   0.0000	   0.0000	   0.0000	   0.0000	   0.0000	   0.0000	   0.0000	  1.0000	  0.0000	        0.0000	        0.0000	        0.0000	        0.0000	        0.0000	        0.0000	        0.0000	  0.3353	  0.2938	-22.9037
2018	170	  23	 55	169.9965	  0.0000	 14.2296	    0.2092	 23.0071	  7.0583	  0.0000	 300.0000	 300.0000	 300.0000	   0.0000	   0.0000	   0.0000	 12.9250	 17.4000	 65.0000	   5.1000	   5.5000	   5.9000	  0.8000	  0.2000	  0.1000	  0.1600	  0.1900	   0.0000	   0.0000	   0.0000	   0.0000	   0.0000	   0.0000	   0.0000	   0.0000	   0.0000	  1.0000	  0.0000	        0.0000	        0.0000	        0.0000	        0.0000	        0.0000	        0.0000	        0.0000	  0.3353	  0.2938	-22.9037
2018	171	  23	 55	170.9965	  0.0000	  3.5441	    0.0510	 13.6474	 57.5583	  0.0000	 300.0000	 300.0000	 300.0000	   0.0000	   0.0000	   0.0000	 11.4000	 16.9000	 59.4167	   5.1000	   5.5000	   5.9000	  0.8000	  0.2000	  0.1000	  0.1600	  0.1900	   0.0000	   0.0000	   0.0000	   0.0000	   0.0000	   0.0000	   0.0000	   0.0000	   0.0000	  1.0000	  0.0000	        0.0000	        0.0000	        0.0000	        0.0000	        0.0000	        0.0000	        0.0000	  0.3353	  0.2938	-22.9037
2018	172	  23	 55	171.9965	  0.0000	 17.8637	    0.2290	 17.7297	 13.7000	  0.0000	 300.0000	 300.0000	 300.0000	   0.0000	   0.0000	   0.0000	  9.8000	 16.0000	 68.1667	   5.1000	   5.5000	   5.9000	  0.8000	  0.2000	  0.1000	  0.1600	  0.1900	   0.0000	   0.0000	   0.0000	   0.0000	   0.0000	   0.0000	   0.0000	   0.0000	   0.0000	  1.0000	  0.0000	        0.0000	        0.0000	        0.0000	        0.0000	        0.0000	        0.0000	        0.0000	  0.3353	  0.2938	-22.9037
2018	173	  23	 55	172.9965	  0.0000	  3.5354	    0.0422	 12.8979	  0.0000	  4.0000	 300.0000	 300.0000	 300.0000	   0.0000	   0.0000	   0.0000	  9.4000	 17.3000	 75.0000	   5.1000	   5.5000	   5.9000	  0.8000	  0.2000	  0.1000	  0.1600	  0.1900	   0.0000	   0.0000	   0.0000	   0.0000	   0.0000	   0.0000	   0.0000	   0.0000	   0.0000	  1.0000	  0.0000	        0.0000	        0.0000	        0.0000	        0.0000	        0.0000	        0.0000	        0.0000	  0.3353	  0.2938	-22.9037
2018	174	  23	 55	173.9965	  0.0000	3582.1342	   56.0471	 21.5278	  0.0000	  5.0000	 300.0000	 300.0000	 300.0000	   0.0000	   0.0000	   0.0000	  8.6000	 19.1000	 71.1667	   5.1000	   5.5000	   5.9000	  0.8000	  0.2000	  0.1000	  0.1600	  0.1900	 216.4967	  98.4017	 118.0950	 216.4967	  98.4017	 118.0950	 216.4967	  98.4017	 118.0950	  1.0000	  0.0000	        0.0000	        0.0000	        0.0000	        0.0000	        0.0000	        0.0000	        0.0000	  0.3353	  0.2938	-22.9037
2018	175	  23	 55	174.9965	  0.0000	3861.5429	   70.9122	 31.4047	  0.0000	  6.0000	 300.0000	 300.0000	 300.0000	   0.0000	   0.0000	   0.0000	 10.4000	 22.3000	 82.2500	   5.1000	   5.5000	   5.9000	  0.8000	  0.2000	  0.1000	  0.1600	  0.1900	 283.2548	 128.7447	 154.5101	 283.2548	 128.7447	 154.5101	 283.2548	 128.7447	 154.5101	  1.0000	  0.0000	        0.0000	        0.0000	        0.0000	        0.0000	        0.0000	        0.0000	        0.0000	  0.3353	  0.2938	-22.9037
2018	176	  23	 55	175.9965	  0.0000	3643.2956	   75.4385	 40.2114	  0.0000	  7.0000	 300.0000	 300.0000	 300.0000	   0.0000	   0.0000	   0.0000	 15.0000	 24.6000	 74.2500	   5.1000	   5.5000	   5.9000	  0.8000	  0.2000	  0.1000	  0.1600	  0.1900	 304.7064	 138.4950	 166.2114	 304.7064	 138.4950	 166.2114	 304.7064	 138.4950	 166.2114	  1.0000	  0.0000	        0.0000	        0.0000	        0.0000	        0.0000	        0.0000	        0.0000	        0.0000	  0.3353	  0.2938	-22.9037
2018	177	  23	 55	176.9965	  0.0000	  3.5576	    0.0645	 27.0533	  0.0000	 11.0000	 300.0000	 300.0000	 300.0000	   0.0000	   0.0000	   0.0000	 14.2000	 27.1000	 87.4167	   5.1000	   5.5000	   5.9000	  0.8000	  0.2000	  0.1000	  0.1600	  0.1900	   0.0000	   0.0000	   0.0000	   0.0000	   0.0000	   0.0000	   0.0000	   0.0000	   0.0000	  1.0000	  0.0000	        0.0000	        0.0000	        0.0000	        0.0000	        0.0000	        0.0000	        0.0000	  0.3353	  0.2938	-22.9037
2018	178	  23	 55	177.9965	  0.0000	3791.2011	   84.1105	 38.4648	  0.0000	 12.0000	 300.0000	 300.0000	 300.0000	   0.0000	   0.0000	   0.0000	 16.4000	 25.9000	 77.0000	   5.1000	   5.5000	   5.9000	  0.8000	  0.2000	  0.1000	  0.1600	  0.1900	 350.7910	 159.4420	 191.3490	 350.7910	 159.4420	 191.3490	 350.7910	 159.4420	 191.3490	  1.0000	  0.0000	        0.0000	        0.0000	        0.0000	        0.0000	        0.0000	        0.0000	        0.0000	  0.3353	  0.2938	-22.9037
2018	179	  23	 55	178.9965	  0.0000	3982.1133	   90.5384	 48.8795	  0.0000	 13.0000	 300.0000	 300.0000	 300.0000	   0.0000	   0.0000	   0.0000	 17.4000	 26.3000	 81.0833	   5.1000	   5.5000	   5.9000	  0.8000	  0.2000	  0.1000	  0.1600	  0.1900	 380.5754	 172.9797	 207.5957	 380.5754	 172.9797	 207.5957	 380.5754	 172.9797	 207.5957	  1.0000	  0.0000	        0.0000	        0.0000	        0.0000	        0.0000	        0.0000	        0.0000	        0.0000	  0.3353	  0.2938	-22.9037
