Year	DOY	Hour	Min	 Dectime	  HDD1_h	  HDD2_c	HDD3_Tmean	HDD4_T5d	   P_day	  DaysSR	GDD_EveTr	GDD_DecTr	GDD_Grass	SDD_EveTr	SDD_DecTr	SDD_Grass	    Tmin	    Tmax	   DLHrs	LAI_EveTr	LAI_DecTr	LAI_Grass	DecidCap	Porosity	AlbEveTr	AlbDecTr	AlbGrass	WU_EveTr1	WU_EveTr2	WU_EveTr3	WU_DecTr1	WU_DecTr2	WU_DecTr3	WU_Grass1	WU_Grass2	WU_Grass3	LAIlumps	 AlbSnow	DensSnow_Paved	DensSnow_Bldgs	DensSnow_EveTr	DensSnow_DecTr	DensSnow_Grass	DensSnow_BSoil	DensSnow_Water	      a1	      a2	      a3
2018	  1	  23	 55	  0.9965	  0.0000	  3.5354	    0.0178	  4.1524	 18.0833	  0.0000	   0.3000	   0.3000	   0.3000	-450.0000	-450.0000	-450.0000	  3.6000	  6.6000	 11.2500	   4.0006	   1.0012	   1.6012	  0.3001	  0.5999	  0.1000	  0.1600	  0.1900	   0.0000	   0.0000	   0.0000	   0.0000	   0.0000	   0.0000	   0.0000	   0.0000	   0.0000	  0.2362	  0.0000	        0.0000	        0.0000	        0.0000	        0.0000	        0.0000	        0.0000	        0.0000	  0.4703	  0.2840	-27.7846
2018	  2	  23	 55	  1.9965	  0.0000	  8.5961	    0.0456	  3.9599	  0.7833	  0.0000	   1.6000	   1.6000	   1.6000	-450.0000	-450.0000	-450.0000	  4.8000	  6.5000	 12.0000	   4.0033	   1.0063	   1.6064	  0.3007	  0.5994	  0.1000	  0.1600	  0.1900	   0.0000	   0.0000	   0.0000	   0.0000	   0.0000	   0.0000	   0.0000	   0.0000	   0.0000	  0.2367	  0.0000	        0.0000	        0.0000	        0.0000	        0.0000	        0.0000	        0.0000	        0.0000	  0.4703	  0.2840	-27.7846
2018	  3	  23	 55	  2.9965	  0.0000	1641.4611	    5.4680	  4.2615	 18.0083	  0.0000	   0.0000	   0.0000	   0.0000	-450.0000	-450.0000	-450.0000	  2.6000	  5.0000	  9.2500	   4.0033	   1.0063	   1.6064	  0.3007	  0.5994	  0.1000	  0.1600	  0.1900	   0.0000	   0.0000	   0.0000	   0.0000	   0.0000	   0.0000	   0.0000	   0.0000	   0.0000	  0.2373	  0.0000	        0.0000	        0.0000	        0.0000	        0.0000	        0.0000	        0.0000	        0.0000	  0.4703	  0.2840	-27.7846
2018	  4	  23	 55	  3.9965	  0.0000	  9.1204	    0.0242	  3.4446	  0.0167	  0.0000	   0.0000	   0.0000	   0.0000	-450.0000	-450.0000	-450.0000	  2.2000	  3.5000	 12.5000	   4.0033	   1.0063	   1.6064	  0.3007	  0.5994	  0.1000	  0.1600	  0.1900	   0.0000	   0.0000	   0.0000	   0.0000	   0.0000	   0.0000	   0.0000	   0.0000	   0.0000	  0.2373	  0.0000	        0.0000	        0.0000	        0.0000	        0.0000	        0.0000	        0.0000	        0.0000	  0.4703	  0.2840	-27.7846
2018	  5	  23	 55	  4.9965	  0.0000	1297.3627	    2.4916	  3.2540	  0.0000	  1.0000	   0.0000	   0.0000	   0.0000	-450.0000	-450.0000	-450.0000	  0.8167	  2.8000	  7.3333	   4.0033	   1.0063	   1.6064	  0.3007	  0.5994	  0.1000	  0.1600	  0.1900	   0.0000	   0.0000	   0.0000	   0.0000	   0.0000	   0.0000	   0.0000	   0.0000	   0.0000	  0.2373	  0.0000	        0.0000	        0.0000	        0.0000	        0.0000	        0.0000	        0.0000	        0.0000	  0.4703	  0.2840	-27.7846
2018	  6	  23	 55	  5.9965	  0.0000	  8.3373	   -0.0313	  1.6067	  0.0000	  3.0000	   0.0000	   0.0000	   0.0000	-450.0000	-450.0000	-450.0000	 -6.0500	  0.8000	  8.4167	   4.0033	   1.0063	   1.6064	  0.3007	  0.5994	  0.1000	  0.1600	  0.1900	   0.0000	   0.0000	   0.0000	   0.0000	   0.0000	   0.0000	   0.0000	   0.0000	   0.0000	  0.2373	  0.0000	        0.0000	        0.0000	        0.0000	        0.0000	        0.0000	        0.0000	        0.0000	  0.4703	  0.2840	-27.7846
2018	  7	  23	 55	  6.9965	  0.0000	1834.3674	   -3.5141	  0.5825	  0.0000	  4.0000	   0.0000	   0.0000	   0.0000	-450.0000	-450.0000	-450.0000	 -7.9000	  4.4000	 22.5833	   4.0033	   1.0063	   1.6064	  0.3007	  0.5994	  0.1000	  0.1600	  0.1900	   0.0000	   0.0000	   0.0000	   0.0000	   0.0000	   0.0000	   0.0000	   0.0000	   0.0000	  0.2373	  0.0000	        0.0000	        0.0000	        0.0000	        0.0000	        0.0000	        0.0000	        0.0000	  0.4703	  0.2840	-27.7846
2018	  8	  23	 55	  7.9965	  0.0000	1762.4848	    4.6625	  1.3985	  0.0000	  5.0000	   0.0000	   0.0000	   0.0000	-450.0000	-450.0000	-450.0000	  0.2000	  4.3000	 16.0833	   4.0033	   1.0063	   1.6064	  0.3007	  0.5994	  0.1000	  0.1600	  0.1900	   0.0000	   0.0000	   0.0000	   0.0000	   0.0000	   0.0000	   0.0000	   0.0000	   0.0000	  0.2373	  0.0000	        0.0000	        0.0000	        0.0000	        0.0000	        0.0000	        0.0000	        0.0000	  0.4703	  0.2840	-27.7846
2018	  9	  23	 55	  8.9965	  0.0000	1576.4330	    3.0950	  1.7378	  0.0000	  6.0000	   0.0000	   0.0000	   0.0000	-450.0000	-450.0000	-450.0000	 -0.9000	  4.6000	 16.1667	   4.0033	   1.0063	   1.6064	  0.3007	  0.5994	  0.1000	  0.1600	  0.1900	   0.0000	   0.0000	   0.0000	   0.0000	   0.0000	   0.0000	   0.0000	   0.0000	   0.0000	  0.2373	  0.0000	        0.0000	        0.0000	        0.0000	        0.0000	        0.0000	        0.0000	        0.0000	  0.4703	  0.2840	-27.7846
2018	 10	  23	 55	  9.9965	  0.0000	1997.4304	    6.3921	  2.6687	 15.5583	  0.0000	   0.0000	   0.0000	   0.0000	-450.0000	-450.0000	-450.0000	  2.1000	  3.9000	  5.7500	   4.0033	   1.0063	   1.6064	  0.3007	  0.5994	  0.1000	  0.1600	  0.1900	   0.0000	   0.0000	   0.0000	   0.0000	   0.0000	   0.0000	   0.0000	   0.0000	   0.0000	  0.2373	  0.0000	        0.0000	        0.0000	        0.0000	        0.0000	        0.0000	        0.0000	        0.0000	  0.4703	  0.2840	-27.7846
2018	 11	  23	 55	 10.9965	  0.0000	1975.1909	    5.0376	  3.1425	  6.5417	  0.0000	   0.0000	   0.0000	   0.0000	-450.0000	-450.0000	-450.0000	 -0.4000	  3.5000	 16.7500	   4.0033	   1.0063	   1.6064	  0.3007	  0.5994	  0.1000	  0.1600	  0.1900	   0.0000	   0.0000	   0.0000	   0.0000	   0.0000	   0.0000	   0.0000	   0.0000	   0.0000	  0.2373	  0.0000	        0.0000	        0.0000	        0.0000	        0.0000	        0.0000	        0.0000	        0.0000	  0.4703	  0.2840	-27.7846
2018	 12	  23	 55	 11.9965	  0.0000	  9.8302	    0.0063	  2.3054	  0.4750	  0.0000	   0.0000	   0.0000	   0.0000	-450.0000	-450.0000	-450.0000	 -0.5000	  2.0000	 10.0833	   4.0033	   1.0063	   1.6064	  0.3007	  0.5994	  0.1000	  0.1600	  0.1900	   0.0000	   0.0000	   0.0000	   0.0000	   0.0000	   0.0000	   0.0000	   0.0000	   0.0000	  0.2373	  0.0000	        0.0000	        0.0000	        0.0000	        0.0000	        0.0000	        0.0000	        0.0000	  0.4703	  0.2840	-27.7846
2018	 13	  23	 55	 12.9965	  0.0000	1681.4768	    0.2329	  1.8909	  1.1750	  0.0000	   0.0000	   0.0000	   0.0000	-450.0000	-450.0000	-450.0000	 -0.7917	  0.7000	  5.5000	   4.0033	   1.0063	   1.6064	  0.3007	  0.5994	  0.1000	  0.1600	  0.1900	   0.0000	   0.0000	   0.0000	   0.0000	   0.0000	   0.0000	   0.0000	   0.0000	   0.0000	  0.2373	  0.0000	        0.0000	        0.0000	        0.0000	        0.0000	        0.0000	        0.0000	        0.0000	  0.4703	  0.2840	-27.7846
2018	 14	  23	 55	 13.9965	  0.0000	1064.4669	   -0.6689	  1.3789	  0.0000	  1.0000	   0.0000	   0.0000	   0.0000	-450.0000	-450.0000	-450.0000	 -1.7833	  0.0010	  5.0000	   4.0033	   1.0063	   1.6064	  0.3007	  0.5994	  0.1000	  0.1600	  0.1900	   0.0000	   0.0000	   0.0000	   0.0000	   0.0000	   0.0000	   0.0000	   0.0000	   0.0000	  0.2373	  0.0000	        0.0000	        0.0000	        0.0000	        0.0000	        0.0000	        0.0000	        0.0000	  0.4703	  0.2840	-27.7846
2018	 15	  23	 55	 14.9965	  0.0000	1256.4137	   -0.1682	  1.0695	  5.7083	  0.0000	   0.0000	   0.0000	   0.0000	-450.0000	-450.0000	-450.0000	 -1.9000	  0.8833	  4.5000	   4.0033	   1.0063	   1.6064	  0.3007	  0.5994	  0.1000	  0.1600	  0.1900	   0.0000	   0.0000	   0.0000	   0.0000	   0.0000	   0.0000	   0.0000	   0.0000	   0.0000	  0.2373	  0.0000	        0.0000	        0.0000	        0.0000	        0.0000	        0.0000	        0.0000	        0.0000	  0.4703	  0.2840	-27.7846
2018	 16	  23	 55	 15.9965	  0.0000	  3.5433	    0.0049	  1.8635	 40.8833	  0.0000	   0.0000	   0.0000	   0.0000	-450.0000	-450.0000	-450.0000	  0.4000	  3.7000	 17.5833	   4.0033	   1.0063	   1.6064	  0.3007	  0.5994	  0.1000	  0.1600	  0.1900	   0.0000	   0.0000	   0.0000	   0.0000	   0.0000	   0.0000	   0.0000	   0.0000	   0.0000	  0.2373	  0.0000	        0.0000	        0.0000	        0.0000	        0.0000	        0.0000	        0.0000	        0.0000	  0.4703	  0.2840	-27.7846
2018	 17	  23	 55	 16.9965	  0.0000	 10.2161	    0.0161	  1.7416	  0.1667	  0.0000	   0.0000	   0.0000	   0.0000	-450.0000	-450.0000	-450.0000	  0.7000	  3.3000	 17.0833	   4.0033	   1.0063	   1.6064	  0.3007	  0.5994	  0.1000	  0.1600	  0.1900	   0.0000	   0.0000	   0.0000	   0.0000	   0.0000	   0.0000	   0.0000	   0.0000	   0.0000	  0.2373	  0.0000	        0.0000	        0.0000	        0.0000	        0.0000	        0.0000	        0.0000	        0.0000	  0.4703	  0.2840	-27.7846
2018	 18	  23	 55	 17.9965	  0.0000	1560.5563	    1.1416	  1.6216	  0.0083	  0.0000	   0.0000	   0.0000	   0.0000	-450.0000	-450.0000	-450.0000	 -1.1667	  1.5000	 12.4167	   4.0033	   1.0063	   1.6064	  0.3007	  0.5994	  0.1000	  0.1600	  0.1900	   0.0000	   0.0000	   0.0000	   0.0000	   0.0000	   0.0000	   0.0000	   0.0000	   0.0000	  0.2373	  0.0000	        0.0000	        0.0000	        0.0000	        0.0000	        0.0000	        0.0000	        0.0000	  0.4703	  0.2840	-27.7846
2018	 19	  23	 55	 18.9965	  0.0000	1918.5211	   -2.9005	  0.7172	  0.0000	  1.0000	   0.0000	   0.0000	   0.0000	-450.0000	-450.0000	-450.0000	 -3.8000	  0.8000	 22.7500	   4.0033	   1.0063	   1.6064	  0.3007	  0.5994	  0.1000	  0.1600	  0.1900	   0.0000	   0.0000	   0.0000	   0.0000	   0.0000	   0.0000	   0.0000	   0.0000	   0.0000	  0.2373	  0.0000	        0.0000	        0.0000	        0.0000	        0.0000	        0.0000	        0.0000	        0.0000	  0.4703	  0.2840	-27.7846
2018	 20	  23	 55	 19.9965	  0.0000	1229.1186	    0.3834	  0.6504	  0.3167	  0.0000	   0.0000	   0.0000	   0.0000	-450.0000	-450.0000	-450.0000	 -1.1000	  1.2000	 10.9167	   4.0033	   1.0063	   1.6064	  0.3007	  0.5994	  0.1000	  0.1600	  0.1900	   0.0000	   0.0000	   0.0000	   0.0000	   0.0000	   0.0000	   0.0000	   0.0000	   0.0000	  0.2373	  0.0000	        0.0000	        0.0000	        0.0000	        0.0000	        0.0000	        0.0000	        0.0000	  0.4703	  0.2840	-27.7846
2018	 21	  23	 55	 20.9965	  0.0000	1431.0040	    0.3803	  0.5964	  0.0000	  1.0000	   0.0000	   0.0000	   0.0000	-450.0000	-450.0000	-450.0000	 -0.4000	  1.0000	 10.6667	   4.0033	   1.0063	   1.6064	  0.3007	  0.5994	  0.1000	  0.1600	  0.1900	   0.0000	   0.0000	   0.0000	   0.0000	   0.0000	   0.0000	   0.0000	   0.0000	   0.0000	  0.2373	  0.0000	        0.0000	        0.0000	        0.0000	        0.0000	        0.0000	        0.0000	        0.0000	  0.4703	  0.2840	-27.7846
2018	 22	  23	 55	 21.9965	  0.0000	1238.6558	   -0.5219	  0.3727	  0.0000	  2.0000	   0.0000	   0.0000	   0.0000	-450.0000	-450.0000	-450.0000	 -2.0000	  0.6000	 11.0833	   4.0033	   1.0063	   1.6064	  0.3007	  0.5994	  0.1000	  0.1600	  0.1900	   0.0000	   0.0000	   0.0000	   0.0000	   0.0000	   0.0000	   0.0000	   0.0000	   0.0000	  0.2373	  0.0000	        0.0000	        0.0000	        0.0000	        0.0000	        0.0000	        0.0000	        0.0000	  0.4703	  0.2840	-27.7846
2018	 23	  23	 55	 22.9965	  0.0000	1512.8177	    2.1348	  0.7251	 30.4000	  0.0000	   0.0000	   0.0000	   0.0000	-450.0000	-450.0000	-450.0000	 -0.4000	  4.9500	  7.9167	   4.0033	   1.0063	   1.6064	  0.3007	  0.5994	  0.1000	  0.1600	  0.1900	   0.0000	   0.0000	   0.0000	   0.0000	   0.0000	   0.0000	   0.0000	   0.0000	   0.0000	  0.2373	  0.0000	        0.0000	        0.0000	        0.0000	        0.0000	        0.0000	        0.0000	        0.0000	  0.4703	  0.2840	-27.7846
2018	 24	  23	 55	 23.9965	  0.0000	1801.1399	   11.9901	  2.9781	 21.2667	  0.0000	   1.9500	   1.9500	   1.9500	-450.0000	-450.0000	-450.0000	  5.0000	  8.9000	  6.0833	   4.0054	   1.0102	   1.6104	  0.3011	  0.5991	  0.1000	  0.1600	  0.1900	   0.0000	   0.0000	   0.0000	   0.0000	   0.0000	   0.0000	   0.0000	   0.0000	   0.0000	  0.2380	  0.0000	        0.0000	        0.0000	        0.0000	        0.0000	        0.0000	        0.0000	        0.0000	  0.4703	  0.2840	-27.7846
2018	 25	  23	 55	 24.9965	  0.0000	1302.4761	    7.6050	  3.9035	  1.2667	  0.0000	   2.7500	   2.7500	   2.7500	-450.0000	-450.0000	-450.0000	  5.3000	  6.3000	 10.3333	   4.0083	   1.0157	   1.6160	  0.3017	  0.5986	  0.1000	  0.1600	  0.1900	   0.0000	   0.0000	   0.0000	   0.0000	   0.0000	   0.0000	   0.0000	   0.0000	   0.0000	  0.2389	  0.0000	        0.0000	        0.0000	        0.0000	        0.0000	        0.0000	        0.0000	        0.0000	  0.4703	  0.2840	-27.7846
2018	 26	  23	 55	 25.9965	  0.0000	  8.8512	    0.0339	  3.6820	  3.9833	  0.0000	   0.0000	   0.0000	   0.0000	-450.0000	-450.0000	-450.0000	  2.3750	  5.7000	 11.3333	   4.0083	   1.0157	   1.6160	  0.3017	  0.5986	  0.1000	  0.1600	  0.1900	   0.0000	   0.0000	   0.0000	   0.0000	   0.0000	   0.0000	   0.0000	   0.0000	   0.0000	  0.2389	  0.0000	        0.0000	        0.0000	        0.0000	        0.0000	        0.0000	        0.0000	        0.0000	  0.4703	  0.2840	-27.7846
2018	 27	  23	 55	 26.9965	  0.0000	2210.4560	    3.6059	  3.6668	 20.7000	  0.0000	   0.0000	   0.0000	   0.0000	-450.0000	-450.0000	-450.0000	 -2.8000	  4.5000	 24.5000	   4.0083	   1.0157	   1.6160	  0.3017	  0.5986	  0.1000	  0.1600	  0.1900	   0.0000	   0.0000	   0.0000	   0.0000	   0.0000	   0.0000	   0.0000	   0.0000	   0.0000	  0.2389	  0.0000	        0.0000	        0.0000	        0.0000	        0.0000	        0.0000	        0.0000	        0.0000	  0.4703	  0.2840	-27.7846
2018	 28	  23	 55	 27.9965	  0.0000	3730.2679	   19.6965	  6.8727	 22.5333	  0.0000	   0.4500	   0.4500	   0.4500	-450.0000	-450.0000	-450.0000	  3.6000	  7.3000	  9.0000	   4.0088	   1.0166	   1.6169	  0.3018	  0.5985	  0.1000	  0.1600	  0.1900	   0.0000	   0.0000	   0.0000	   0.0000	   0.0000	   0.0000	   0.0000	   0.0000	   0.0000	  0.2391	  0.0000	        0.0000	        0.0000	        0.0000	        0.0000	        0.0000	        0.0000	        0.0000	  0.4703	  0.2840	-27.7846
2018	 29	  23	 55	 28.9965	  0.0000	 11.3631	    0.0474	  5.9638	 43.8083	  0.0000	   0.0000	   0.0000	   0.0000	-450.0000	-450.0000	-450.0000	  2.5000	  7.2000	 13.5000	   4.0088	   1.0166	   1.6169	  0.3018	  0.5985	  0.1000	  0.1600	  0.1900	   0.0000	   0.0000	   0.0000	   0.0000	   0.0000	   0.0000	   0.0000	   0.0000	   0.0000	  0.2391	  0.0000	        0.0000	        0.0000	        0.0000	        0.0000	        0.0000	        0.0000	        0.0000	  0.4703	  0.2840	-27.7846
2018	 30	  23	 55	 29.9965	  0.0000	2035.4251	    6.0976	  5.9906	  0.0000	  1.0000	   0.0000	   0.0000	   0.0000	-450.0000	-450.0000	-450.0000	 -0.4000	  5.5000	 24.8333	   4.0088	   1.0166	   1.6169	  0.3018	  0.5985	  0.1000	  0.1600	  0.1900	   0.0000	   0.0000	   0.0000	   0.0000	   0.0000	   0.0000	   0.0000	   0.0000	   0.0000	  0.2391	  0.0000	        0.0000	        0.0000	        0.0000	        0.0000	        0.0000	        0.0000	        0.0000	  0.4703	  0.2840	-27.7846
2018	 31	  23	 55	 30.9965	  0.0000	 13.2160	    0.0446	  5.4222	 34.0167	  0.0000	   0.0000	   0.0000	   0.0000	-450.0000	-450.0000	-450.0000	  1.5000	  5.3000	 17.0833	   4.0088	   1.0166	   1.6169	  0.3018	  0.5985	  0.1000	  0.1600	  0.1900	   0.0000	   0.0000	   0.0000	   0.0000	   0.0000	   0.0000	   0.0000	   0.0000	   0.0000	  0.2391	  0.0000	        0.0000	        0.0000	        0.0000	        0.0000	        0.0000	        0.0000	        0.0000	  0.4703	  0.2840	-27.7846
2018	 32	  23	 55	 31.9965	  0.0000	  3.5822	    0.0108	  5.2633	127.4667	  0.0000	   0.0000	   0.0000	   0.0000	-450.0000	-450.0000	-450.0000	  0.7000	  4.5000	 16.8333	   4.0088	   1.0166	   1.6169	  0.3018	  0.5985	  0.1000	  0.1600	  0.1900	   0.0000	   0.0000	   0.0000	   0.0000	   0.0000	   0.0000	   0.0000	   0.0000	   0.0000	  0.2391	  0.0000	        0.0000	        0.0000	        0.0000	        0.0000	        0.0000	        0.0000	        0.0000	  0.4703	  0.2840	-27.7846
2018	 33	  23	 55	 32.9965	  0.0000	4109.0923	    1.7055	  4.5518	  7.9333	  0.0000	   0.0000	   0.0000	   0.0000	-450.0000	-450.0000	-450.0000	 -5.1000	  3.0000	 12.5000	   4.0088	   1.0166	   1.6169	  0.3018	  0.5985	  0.1000	  0.1600	  0.1900	   0.0000	   0.0000	   0.0000	   0.0000	   0.0000	   0.0000	   0.0000	   0.0000	   0.0000	  0.2391	  0.0000	        0.0000	        0.0000	        0.0000	        0.0000	        0.0000	        0.0000	        0.0000	  0.4703	  0.2840	-27.7846
2018	 34	  23	 55	 33.9965	  0.0000	1196.9416	   -3.9469	  2.8520	  0.1750	  0.0000	   0.0000	   0.0000	   0.0000	-450.0000	-450.0000	-450.0000	 -5.1000	 -2.2000	  9.5000	   4.0088	   1.0166	   1.6169	  0.3018	  0.5985	  0.1000	  0.1600	  0.1900	   0.0000	   0.0000	   0.0000	   0.0000	   0.0000	   0.0000	   0.0000	   0.0000	   0.0000	  0.2391	  0.0000	        0.0000	        0.0000	        0.0000	        0.0000	        0.0000	        0.0000	        0.0000	  0.4703	  0.2840	-27.7846
2018	 35	  23	 55	 34.9965	  0.0000	1477.6592	   -5.1770	  1.2462	  0.0000	  1.0000	   0.0000	   0.0000	   0.0000	-450.0000	-450.0000	-450.0000	 -6.6917	 -2.2000	 15.0833	   4.0088	   1.0166	   1.6169	  0.3018	  0.5985	  0.1000	  0.1600	  0.1900	   0.0000	   0.0000	   0.0000	   0.0000	   0.0000	   0.0000	   0.0000	   0.0000	   0.0000	  0.2391	  0.0000	        0.0000	        0.0000	        0.0000	        0.0000	        0.0000	        0.0000	        0.0000	  0.4703	  0.2840	-27.7846
2018	 36	  23	 55	 35.9965	  0.0000	2058.0285	  -13.0690	 -1.6168	  0.0000	  2.0000	   0.0000	   0.0000	   0.0000	-450.0000	-450.0000	-450.0000	 -9.1000	 -2.9000	 25.8333	   4.0088	   1.0166	   1.6169	  0.3018	  0.5985	  0.1000	  0.1600	  0.1900	   0.0000	   0.0000	   0.0000	   0.0000	   0.0000	   0.0000	   0.0000	   0.0000	   0.0000	  0.2391	  0.0000	        0.0000	        0.0000	        0.0000	        0.0000	        0.0000	        0.0000	        0.0000	  0.4703	  0.2840	-27.7846
2018	 37	  23	 55	 36.9965	  0.0000	1429.3119	   -4.7926	 -2.2520	  0.3667	  0.0000	   0.0000	   0.0000	   0.0000	-450.0000	-450.0000	-450.0000	 -8.5000	 -0.8000	 10.4167	   4.0088	   1.0166	   1.6169	  0.3018	  0.5985	  0.1000	  0.1600	  0.1900	   0.0000	   0.0000	   0.0000	   0.0000	   0.0000	   0.0000	   0.0000	   0.0000	   0.0000	  0.2391	  0.0000	        0.0000	        0.0000	        0.0000	        0.0000	        0.0000	        0.0000	        0.0000	  0.4703	  0.2840	-27.7846
2018	 38	  23	 55	 37.9965	  0.0000	1792.0094	   -0.6212	 -1.9258	  6.3917	  0.0000	   0.0000	   0.0000	   0.0000	-450.0000	-450.0000	-450.0000	 -3.7000	  2.0000	 17.0000	   4.0088	   1.0166	   1.6169	  0.3018	  0.5985	  0.1000	  0.1600	  0.1900	   0.0000	   0.0000	   0.0000	   0.0000	   0.0000	   0.0000	   0.0000	   0.0000	   0.0000	  0.2391	  0.0000	        0.0000	        0.0000	        0.0000	        0.0000	        0.0000	        0.0000	        0.0000	  0.4703	  0.2840	-27.7846
2018	 39	  23	 55	 38.9965	  0.0000	1700.9130	    2.2649	 -1.0877	  0.0000	  1.0000	   0.0000	   0.0000	   0.0000	-450.0000	-450.0000	-450.0000	 -0.1000	  2.5000	 17.2500	   4.0088	   1.0166	   1.6169	  0.3018	  0.5985	  0.1000	  0.1600	  0.1900	   0.0000	   0.0000	   0.0000	   0.0000	   0.0000	   0.0000	   0.0000	   0.0000	   0.0000	  0.2391	  0.0000	        0.0000	        0.0000	        0.0000	        0.0000	        0.0000	        0.0000	        0.0000	  0.4703	  0.2840	-27.7846
2018	 40	  23	 55	 39.9965	  0.0000	  9.3318	   -0.0070	 -0.6907	  0.0000	  3.0000	   0.0000	   0.0000	   0.0000	-450.0000	-450.0000	-450.0000	 -2.7000	  1.6000	 20.4167	   4.0088	   1.0166	   1.6169	  0.3018	  0.5985	  0.1000	  0.1600	  0.1900	   0.0000	   0.0000	   0.0000	   0.0000	   0.0000	   0.0000	   0.0000	   0.0000	   0.0000	  0.2391	  0.0000	        0.0000	        0.0000	        0.0000	        0.0000	        0.0000	        0.0000	        0.0000	  0.4703	  0.2840	-27.7846
2018	 41	  23	 55	 40.9965	  0.0000	1430.1263	   -0.4974	 -0.6520	  0.0000	  4.0000	   0.0000	   0.0000	   0.0000	-450.0000	-450.0000	-450.0000	 -2.0000	  0.9000	 16.1667	   4.0088	   1.0166	   1.6169	  0.3018	  0.5985	  0.1000	  0.1600	  0.1900	   0.0000	   0.0000	   0.0000	   0.0000	   0.0000	   0.0000	   0.0000	   0.0000	   0.0000	  0.2391	  0.0000	        0.0000	        0.0000	        0.0000	        0.0000	        0.0000	        0.0000	        0.0000	  0.4703	  0.2840	-27.7846
2018	 42	  23	 55	 41.9965	  0.0000	1574.0300	    0.6920	 -0.3832	  7.5500	  0.0000	   0.0000	   0.0000	   0.0000	-450.0000	-450.0000	-450.0000	 -1.5000	  2.6000	 14.5833	   4.0088	   1.0166	   1.6169	  0.3018	  0.5985	  0.1000	  0.1600	  0.1900	   0.0000	   0.0000	   0.0000	   0.0000	   0.0000	   0.0000	   0.0000	   0.0000	   0.0000	  0.2391	  0.0000	        0.0000	        0.0000	        0.0000	        0.0000	        0.0000	        0.0000	        0.0000	  0.4703	  0.2840	-27.7846
2018	 43	  23	 55	 42.9965	  0.0000	5512.9179	   13.1966	  2.3327	 58.4667	  0.0000	   0.0000	   0.0000	   0.0000	-450.0000	-450.0000	-450.0000	  0.6000	  3.2000	 20.8333	   4.0088	   1.0166	   1.6169	  0.3018	  0.5985	  0.1000	  0.1600	  0.1900	   0.0000	   0.0000	   0.0000	   0.0000	   0.0000	   0.0000	   0.0000	   0.0000	   0.0000	  0.2391	  0.0000	        0.0000	        0.0000	        0.0000	        0.0000	        0.0000	        0.0000	        0.0000	  0.4703	  0.2840	-27.7846
2018	 44	  23	 55	 43.9965	  0.0000	  3.5455	    0.0057	  2.1125	  0.2667	  0.0000	   0.0000	   0.0000	   0.0000	-450.0000	-450.0000	-450.0000	  1.5000	  2.7000	 14.2500	   4.0088	   1.0166	   1.6169	  0.3018	  0.5985	  0.1000	  0.1600	  0.1900	   0.0000	   0.0000	   0.0000	   0.0000	   0.0000	   0.0000	   0.0000	   0.0000	   0.0000	  0.2391	  0.0000	        0.0000	        0.0000	        0.0000	        0.0000	        0.0000	        0.0000	        0.0000	  0.4703	  0.2840	-27.7846
2018	 45	  23	 55	 44.9965	  0.0000	2991.9872	    5.4297	  2.7759	  0.0000	  1.0000	   0.0000	   0.0000	   0.0000	-450.0000	-450.0000	-450.0000	 -0.3583	  4.2000	 25.8333	   4.0088	   1.0166	   1.6169	  0.3018	  0.5985	  0.1000	  0.1600	  0.1900	   0.0000	   0.0000	   0.0000	   0.0000	   0.0000	   0.0000	   0.0000	   0.0000	   0.0000	  0.2391	  0.0000	        0.0000	        0.0000	        0.0000	        0.0000	        0.0000	        0.0000	        0.0000	  0.4703	  0.2840	-27.7846
2018	 46	  23	 55	 45.9965	  0.0000	1672.0611	    1.2597	  2.4727	  4.0583	  0.0000	   0.0000	   0.0000	   0.0000	-450.0000	-450.0000	-450.0000	 -0.6000	  2.7000	 18.5833	   4.0088	   1.0166	   1.6169	  0.3018	  0.5985	  0.1000	  0.1600	  0.1900	   0.0000	   0.0000	   0.0000	   0.0000	   0.0000	   0.0000	   0.0000	   0.0000	   0.0000	  0.2391	  0.0000	        0.0000	        0.0000	        0.0000	        0.0000	        0.0000	        0.0000	        0.0000	  0.4703	  0.2840	-27.7846
2018	 47	  23	 55	 46.9965	  0.0000	 10.6720	    0.0112	  2.0783	  8.5417	  0.0000	   0.0000	   0.0000	   0.0000	-450.0000	-450.0000	-450.0000	 -0.3000	  3.3000	 22.0833	   4.0088	   1.0166	   1.6169	  0.3018	  0.5985	  0.1000	  0.1600	  0.1900	   0.0000	   0.0000	   0.0000	   0.0000	   0.0000	   0.0000	   0.0000	   0.0000	   0.0000	  0.2391	  0.0000	        0.0000	        0.0000	        0.0000	        0.0000	        0.0000	        0.0000	        0.0000	  0.4703	  0.2840	-27.7846
2018	 48	  23	 55	 47.9965	  0.0000	2133.9293	    0.1767	  1.6980	  0.0000	  1.0000	   0.0000	   0.0000	   0.0000	-450.0000	-450.0000	-450.0000	 -3.3000	  2.0000	 30.5833	   4.0088	   1.0166	   1.6169	  0.3018	  0.5985	  0.1000	  0.1600	  0.1900	   0.0000	   0.0000	   0.0000	   0.0000	   0.0000	   0.0000	   0.0000	   0.0000	   0.0000	  0.2391	  0.0000	        0.0000	        0.0000	        0.0000	        0.0000	        0.0000	        0.0000	        0.0000	  0.4703	  0.2840	-27.7846
2018	 49	  23	 55	 48.9965	  0.0000	 34.7773	    0.0539	  3.3099	130.1167	  0.0000	   0.0000	   0.0000	   0.0000	-450.0000	-450.0000	-450.0000	  0.8000	  3.0000	 20.0833	   4.0088	   1.0166	   1.6169	  0.3018	  0.5985	  0.1000	  0.1600	  0.1900	   0.0000	   0.0000	   0.0000	   0.0000	   0.0000	   0.0000	   0.0000	   0.0000	   0.0000	  0.2391	  0.0000	        0.0000	        0.0000	        0.0000	        0.0000	        0.0000	        0.0000	        0.0000	  0.4703	  0.2840	-27.7846
2018	 50	  23	 55	 49.9965	  0.0000	  3.5415	    0.0036	  2.2278	 45.5750	  0.0000	   0.0000	   0.0000	   0.0000	-450.0000	-450.0000	-450.0000	  0.5000	  1.6000	 29.9167	   4.0088	   1.0166	   1.6169	  0.3018	  0.5985	  0.1000	  0.1600	  0.1900	   0.0000	   0.0000	   0.0000	   0.0000	   0.0000	   0.0000	   0.0000	   0.0000	   0.0000	  0.2391	  0.0000	        0.0000	        0.0000	        0.0000	        0.0000	        0.0000	        0.0000	        0.0000	  0.4703	  0.2840	-27.7846
2018	 51	  23	 55	 50.9965	  0.0000	3982.8961	    0.8195	  1.9461	  0.0000	  1.0000	   0.0000	   0.0000	   0.0000	-450.0000	-450.0000	-450.0000	 -0.8000	  1.6000	 22.3333	   4.0088	   1.0166	   1.6169	  0.3018	  0.5985	  0.1000	  0.1600	  0.1900	   0.0000	   0.0000	   0.0000	   0.0000	   0.0000	   0.0000	   0.0000	   0.0000	   0.0000	  0.2391	  0.0000	        0.0000	        0.0000	        0.0000	        0.0000	        0.0000	        0.0000	        0.0000	  0.4703	  0.2840	-27.7846
2018	 52	  23	 55	 51.9965	  0.0000	 11.3947	   -0.0181	  1.0717	  2.7250	  0.0000	   0.0000	   0.0000	   0.0000	-450.0000	-450.0000	-450.0000	 -4.1333	  0.6000	 25.5833	   4.0088	   1.0166	   1.6169	  0.3018	  0.5985	  0.1000	  0.1600	  0.1900	   0.0000	   0.0000	   0.0000	   0.0000	   0.0000	   0.0000	   0.0000	   0.0000	   0.0000	  0.2391	  0.0000	        0.0000	        0.0000	        0.0000	        0.0000	        0.0000	        0.0000	        0.0000	  0.4703	  0.2840	-27.7846
2018	 53	  23	 55	 52.9965	  0.0000	2076.7546	   -8.2663	 -0.7959	  0.0000	  1.0000	   0.0000	   0.0000	   0.0000	-450.0000	-450.0000	-450.0000	 -6.6000	 -1.2000	 25.0833	   4.0088	   1.0166	   1.6169	  0.3018	  0.5985	  0.1000	  0.1600	  0.1900	   0.0000	   0.0000	   0.0000	   0.0000	   0.0000	   0.0000	   0.0000	   0.0000	   0.0000	  0.2391	  0.0000	        0.0000	        0.0000	        0.0000	        0.0000	        0.0000	        0.0000	        0.0000	  0.4703	  0.2840	-27.7846
2018	 54	  23	 55	 53.9965	  0.0000	  3.5077	   -0.0076	 -0.5999	  0.0000	  4.0000	   0.0000	   0.0000	   0.0000	-450.0000	-450.0000	-450.0000	 -3.0000	  0.7000	 20.7500	   4.0088	   1.0166	   1.6169	  0.3018	  0.5985	  0.1000	  0.1600	  0.1900	   0.0000	   0.0000	   0.0000	   0.0000	   0.0000	   0.0000	   0.0000	   0.0000	   0.0000	  0.2391	  0.0000	        0.0000	        0.0000	        0.0000	        0.0000	        0.0000	        0.0000	        0.0000	  0.4703	  0.2840	-27.7846
2018	 55	  23	 55	 54.9965	  0.0000	2002.7806	   -5.6619	 -1.6123	  0.0000	  5.0000	   0.0000	   0.0000	   0.0000	-450.0000	-450.0000	-450.0000	 -5.2583	 -0.7000	 27.5833	   4.0088	   1.0166	   1.6169	  0.3018	  0.5985	  0.1000	  0.1600	  0.1900	   0.0000	   0.0000	   0.0000	   0.0000	   0.0000	   0.0000	   0.0000	   0.0000	   0.0000	  0.2391	  0.0000	        0.0000	        0.0000	        0.0000	        0.0000	        0.0000	        0.0000	        0.0000	  0.4703	  0.2840	-27.7846
2018	 56	  23	 55	 55.9965	  0.0000	1858.1483	  -11.0607	 -3.5020	  0.0000	  6.0000	   0.0000	   0.0000	   0.0000	-450.0000	-450.0000	-450.0000	 -8.5000	 -4.3000	 25.7500	   4.0088	   1.0166	   1.6169	  0.3018	  0.5985	  0.1000	  0.1600	  0.1900	   0.0000	   0.0000	   0.0000	   0.0000	   0.0000	   0.0000	   0.0000	   0.0000	   0.0000	  0.2391	  0.0000	        0.0000	        0.0000	        0.0000	        0.0000	        0.0000	        0.0000	        0.0000	  0.4703	  0.2840	-27.7846
2018	 57	  23	 55	 56.9965	  0.0000	  3.4975	   -0.0212	 -3.3700	  0.0000	  9.0000	   0.0000	   0.0000	   0.0000	-450.0000	-450.0000	-450.0000	 -9.4000	 -2.5000	 32.0833	   4.0088	   1.0166	   1.6169	  0.3018	  0.5985	  0.1000	  0.1600	  0.1900	   0.0000	   0.0000	   0.0000	   0.0000	   0.0000	   0.0000	   0.0000	   0.0000	   0.0000	  0.2391	  0.0000	        0.0000	        0.0000	        0.0000	        0.0000	        0.0000	        0.0000	        0.0000	  0.4703	  0.2840	-27.7846
2018	 58	  23	 55	 57.9965	  0.0000	 10.2466	   -0.0989	 -4.7247	  0.2167	  0.0000	   0.0000	   0.0000	   0.0000	-450.0000	-450.0000	-450.0000	-12.4500	 -6.1000	 26.6667	   4.0088	   1.0166	   1.6169	  0.3018	  0.5985	  0.1000	  0.1600	  0.1900	   0.0000	   0.0000	   0.0000	   0.0000	   0.0000	   0.0000	   0.0000	   0.0000	   0.0000	  0.2391	  0.0000	        0.0000	        0.0000	        0.0000	        0.0000	        0.0000	        0.0000	        0.0000	  0.4703	  0.2840	-27.7846
2018	 59	  23	 55	 58.9965	  0.0000	1813.3709	  -17.5490	 -7.2896	  0.0000	  1.0000	   0.0000	   0.0000	   0.0000	-450.0000	-450.0000	-450.0000	-12.5000	 -6.9000	 28.3333	   4.0088	   1.0166	   1.6169	  0.3018	  0.5985	  0.1000	  0.1600	  0.1900	   0.0000	   0.0000	   0.0000	   0.0000	   0.0000	   0.0000	   0.0000	   0.0000	   0.0000	  0.2391	  0.0000	        0.0000	        0.0000	        0.0000	        0.0000	        0.0000	        0.0000	        0.0000	  0.4703	  0.2840	-27.7846
2018	 60	  23	 55	 59.9965	  0.0000	 10.5117	   -0.0763	 -7.2313	  0.0000	  3.0000	   0.0000	   0.0000	   0.0000	-450.0000	-450.0000	-450.0000	-12.0000	 -4.8000	 30.3333	   4.0088	   1.0166	   1.6169	  0.3018	  0.5985	  0.1000	  0.1600	  0.1900	   0.0000	   0.0000	   0.0000	   0.0000	   0.0000	   0.0000	   0.0000	   0.0000	   0.0000	  0.2391	  0.0000	        0.0000	        0.0000	        0.0000	        0.0000	        0.0000	        0.0000	        0.0000	  0.4703	  0.2840	-27.7846
2018	 61	  23	 55	 60.9965	  0.0000	1475.9447	   -6.8916	 -7.1633	  0.0000	  4.0000	   0.0000	   0.0000	   0.0000	-450.0000	-450.0000	-450.0000	 -6.7000	 -3.4083	 20.0833	   4.0088	   1.0166	   1.6169	  0.3018	  0.5985	  0.1000	  0.1600	  0.1900	   0.0000	   0.0000	   0.0000	   0.0000	   0.0000	   0.0000	   0.0000	   0.0000	   0.0000	  0.2391	  0.0000	        0.0000	        0.0000	        0.0000	        0.0000	        0.0000	        0.0000	        0.0000	  0.4703	  0.2840	-27.7846
2018	 62	  23	 55	 61.9965	  0.0000	1575.9724	   -4.3272	 -6.5961	  0.0000	  5.0000	   0.0000	   0.0000	   0.0000	-450.0000	-450.0000	-450.0000	 -3.8000	 -0.8000	 20.5000	   4.0088	   1.0166	   1.6169	  0.3018	  0.5985	  0.1000	  0.1600	  0.1900	   0.0000	   0.0000	   0.0000	   0.0000	   0.0000	   0.0000	   0.0000	   0.0000	   0.0000	  0.2391	  0.0000	        0.0000	        0.0000	        0.0000	        0.0000	        0.0000	        0.0000	        0.0000	  0.4703	  0.2840	-27.7846
2018	 63	  23	 55	 62.9965	  0.0000	1594.7368	   -2.9670	 -5.8703	  0.0000	  6.0000	   0.0000	   0.0000	   0.0000	-450.0000	-450.0000	-450.0000	 -3.8000	 -0.4000	 22.0833	   4.0088	   1.0166	   1.6169	  0.3018	  0.5985	  0.1000	  0.1600	  0.1900	   0.0000	   0.0000	   0.0000	   0.0000	   0.0000	   0.0000	   0.0000	   0.0000	   0.0000	  0.2391	  0.0000	        0.0000	        0.0000	        0.0000	        0.0000	        0.0000	        0.0000	        0.0000	  0.4703	  0.2840	-27.7846
2018	 64	  23	 55	 63.9965	  0.0000	  3.4881	   -0.0052	 -3.2390	 72.7500	  0.0000	   0.0000	   0.0000	   0.0000	-450.0000	-450.0000	-450.0000	 -2.1000	 -0.1000	 25.2500	   4.0088	   1.0166	   1.6169	  0.3018	  0.5985	  0.1000	  0.1600	  0.1900	   0.0000	   0.0000	   0.0000	   0.0000	   0.0000	   0.0000	   0.0000	   0.0000	   0.0000	  0.2391	  0.0000	        0.0000	        0.0000	        0.0000	        0.0000	        0.0000	        0.0000	        0.0000	  0.4703	  0.2840	-27.7846
2018	 65	  23	 55	 64.9965	  0.0000	2280.7068	    0.7591	 -2.4394	  8.7583	  0.0000	   0.0000	   0.0000	   0.0000	-450.0000	-450.0000	-450.0000	 -1.5000	  2.0000	 24.5833	   4.0088	   1.0166	   1.6169	  0.3018	  0.5985	  0.1000	  0.1600	  0.1900	   0.0000	   0.0000	   0.0000	   0.0000	   0.0000	   0.0000	   0.0000	   0.0000	   0.0000	  0.2391	  0.0000	        0.0000	        0.0000	        0.0000	        0.0000	        0.0000	        0.0000	        0.0000	  0.4703	  0.2840	-27.7846
2018	 66	  23	 55	 65.9965	  0.0000	  3.4929	   -0.0001	 -0.3869	  1.7500	  0.0000	   0.0000	   0.0000	   0.0000	-450.0000	-450.0000	-450.0000	 -0.0333	  4.5000	 29.2500	   4.0088	   1.0166	   1.6169	  0.3018	  0.5985	  0.1000	  0.1600	  0.1900	   0.0000	   0.0000	   0.0000	   0.0000	   0.0000	   0.0000	   0.0000	   0.0000	   0.0000	  0.2391	  0.0000	        0.0000	        0.0000	        0.0000	        0.0000	        0.0000	        0.0000	        0.0000	  0.4703	  0.2840	-27.7846
2018	 67	  23	 55	 66.9965	  0.0000	2262.4740	   -0.0696	 -0.3234	  9.2667	  0.0000	   0.0000	   0.0000	   0.0000	-450.0000	-450.0000	-450.0000	 -1.1000	  0.7000	 33.5833	   4.0088	   1.0166	   1.6169	  0.3018	  0.5985	  0.1000	  0.1600	  0.1900	   0.0000	   0.0000	   0.0000	   0.0000	   0.0000	   0.0000	   0.0000	   0.0000	   0.0000	  0.2391	  0.0000	        0.0000	        0.0000	        0.0000	        0.0000	        0.0000	        0.0000	        0.0000	  0.4703	  0.2840	-27.7846
2018	 68	  23	 55	 67.9965	  0.0000	  9.5269	   -0.0181	 -0.6895	  0.0000	  2.0000	   0.0000	   0.0000	   0.0000	-450.0000	-450.0000	-450.0000	 -3.5000	  0.2000	 21.2500	   4.0088	   1.0166	   1.6169	  0.3018	  0.5985	  0.1000	  0.1600	  0.1900	   0.0000	   0.0000	   0.0000	   0.0000	   0.0000	   0.0000	   0.0000	   0.0000	   0.0000	  0.2391	  0.0000	        0.0000	        0.0000	        0.0000	        0.0000	        0.0000	        0.0000	        0.0000	  0.4703	  0.2840	-27.7846
2018	 69	  23	 55	 68.9965	  0.0000	2474.8696	   -3.4858	 -1.2488	  0.0000	  3.0000	   0.0000	   0.0000	   0.0000	-450.0000	-450.0000	-450.0000	 -6.0000	  2.2000	 38.0000	   4.0088	   1.0166	   1.6169	  0.3018	  0.5985	  0.1000	  0.1600	  0.1900	   0.0000	   0.0000	   0.0000	   0.0000	   0.0000	   0.0000	   0.0000	   0.0000	   0.0000	  0.2391	  0.0000	        0.0000	        0.0000	        0.0000	        0.0000	        0.0000	        0.0000	        0.0000	  0.4703	  0.2840	-27.7846
2018	 70	  23	 55	 69.9965	  0.0000	  3.5040	    0.0108	  0.6187	147.5083	  0.0000	   0.0000	   0.0000	   0.0000	-450.0000	-450.0000	-450.0000	 -2.2000	  3.0833	 29.0833	   4.0088	   1.0166	   1.6169	  0.3018	  0.5985	  0.1000	  0.1600	  0.1900	   0.0000	   0.0000	   0.0000	   0.0000	   0.0000	   0.0000	   0.0000	   0.0000	   0.0000	  0.2391	  0.0000	        0.0000	        0.0000	        0.0000	        0.0000	        0.0000	        0.0000	        0.0000	  0.4703	  0.2840	-27.7846
2018	 71	  23	 55	 70.9965	  0.0000	 16.8526	    0.0670	  3.0184	 62.4833	  0.0000	   0.0000	   0.0000	   0.0000	-450.0000	-450.0000	-450.0000	  2.8000	  5.9000	 26.0833	   4.0088	   1.0166	   1.6169	  0.3018	  0.5985	  0.1000	  0.1600	  0.1900	   0.0000	   0.0000	   0.0000	   0.0000	   0.0000	   0.0000	   0.0000	   0.0000	   0.0000	  0.2391	  0.0000	        0.0000	        0.0000	        0.0000	        0.0000	        0.0000	        0.0000	        0.0000	  0.4703	  0.2840	-27.7846
2018	 72	  23	 55	 71.9965	  0.0000	1339.6777	    3.0366	  3.0220	  0.0000	  1.0000	   0.0000	   0.0000	   0.0000	-450.0000	-450.0000	-450.0000	  1.3083	  2.9000	 14.5000	   4.0088	   1.0166	   1.6169	  0.3018	  0.5985	  0.1000	  0.1600	  0.1900	   0.0000	   0.0000	   0.0000	   0.0000	   0.0000	   0.0000	   0.0000	   0.0000	   0.0000	  0.2391	  0.0000	        0.0000	        0.0000	        0.0000	        0.0000	        0.0000	        0.0000	        0.0000	  0.4703	  0.2840	-27.7846
2018	 73	  23	 55	 72.9965	  0.0000	2196.1542	    3.2274	  3.0631	  0.0000	  2.0000	   0.0000	   0.0000	   0.0000	-450.0000	-450.0000	-450.0000	 -2.1667	  3.5000	 33.5833	   4.0088	   1.0166	   1.6169	  0.3018	  0.5985	  0.1000	  0.1600	  0.1900	   0.0000	   0.0000	   0.0000	   0.0000	   0.0000	   0.0000	   0.0000	   0.0000	   0.0000	  0.2391	  0.0000	        0.0000	        0.0000	        0.0000	        0.0000	        0.0000	        0.0000	        0.0000	  0.4703	  0.2840	-27.7846
2018	 74	  23	 55	 73.9965	  0.0000	  3.5021	   -0.0141	  1.2125	  0.0000	  5.0000	   0.0000	   0.0000	   0.0000	-450.0000	-450.0000	-450.0000	 -4.0333	  0.7000	 27.0000	   4.0088	   1.0166	   1.6169	  0.3018	  0.5985	  0.1000	  0.1600	  0.1900	   0.0000	   0.0000	   0.0000	   0.0000	   0.0000	   0.0000	   0.0000	   0.0000	   0.0000	  0.2391	  0.0000	        0.0000	        0.0000	        0.0000	        0.0000	        0.0000	        0.0000	        0.0000	  0.4703	  0.2840	-27.7846
2018	 75	  23	 55	 74.9965	  0.0000	2192.1377	   -7.7508	 -0.5802	  0.0000	  6.0000	   0.0000	   0.0000	   0.0000	-450.0000	-450.0000	-450.0000	 -6.7000	 -0.5000	 34.5833	   4.0088	   1.0166	   1.6169	  0.3018	  0.5985	  0.1000	  0.1600	  0.1900	   0.0000	   0.0000	   0.0000	   0.0000	   0.0000	   0.0000	   0.0000	   0.0000	   0.0000	  0.2391	  0.0000	        0.0000	        0.0000	        0.0000	        0.0000	        0.0000	        0.0000	        0.0000	  0.4703	  0.2840	-27.7846
2018	 76	  23	 55	 75.9965	  0.0000	2347.5021	   -9.0241	 -2.2690	  0.0000	  7.0000	   0.0000	   0.0000	   0.0000	-450.0000	-450.0000	-450.0000	 -7.6000	 -0.4000	 34.8333	   4.0088	   1.0166	   1.6169	  0.3018	  0.5985	  0.1000	  0.1600	  0.1900	   0.0000	   0.0000	   0.0000	   0.0000	   0.0000	   0.0000	   0.0000	   0.0000	   0.0000	  0.2391	  0.0000	        0.0000	        0.0000	        0.0000	        0.0000	        0.0000	        0.0000	        0.0000	  0.4703	  0.2840	-27.7846
2018	 77	  23	 55	 76.9965	  0.0000	 14.0512	   -0.0540	 -2.9631	  0.0000	  9.0000	   0.0000	   0.0000	   0.0000	-450.0000	-450.0000	-450.0000	-10.0000	  2.1000	 49.1667	   4.0088	   1.0166	   1.6169	  0.3018	  0.5985	  0.1000	  0.1600	  0.1900	   0.0000	   0.0000	   0.0000	   0.0000	   0.0000	   0.0000	   0.0000	   0.0000	   0.0000	  0.2391	  0.0000	        0.0000	        0.0000	        0.0000	        0.0000	        0.0000	        0.0000	        0.0000	  0.4703	  0.2840	-27.7846
2018	 78	  23	 55	 77.9965	  0.0000	2344.6531	   -1.4305	 -2.6566	  2.0500	  0.0000	   0.0000	   0.0000	   0.0000	-450.0000	-450.0000	-450.0000	 -7.2000	  3.0000	 29.5000	   4.0088	   1.0166	   1.6169	  0.3018	  0.5985	  0.1000	  0.1600	  0.1900	   0.0000	   0.0000	   0.0000	   0.0000	   0.0000	   0.0000	   0.0000	   0.0000	   0.0000	  0.2391	  0.0000	        0.0000	        0.0000	        0.0000	        0.0000	        0.0000	        0.0000	        0.0000	  0.4703	  0.2840	-27.7846
2018	 79	  23	 55	 78.9965	  0.0000	 12.4578	    0.0020	 -1.2767	  0.0000	  2.0000	   0.0000	   0.0000	   0.0000	-450.0000	-450.0000	-450.0000	 -3.1000	  5.4000	 40.5000	   4.0088	   1.0166	   1.6169	  0.3018	  0.5985	  0.1000	  0.1600	  0.1900	   0.0000	   0.0000	   0.0000	   0.0000	   0.0000	   0.0000	   0.0000	   0.0000	   0.0000	  0.2391	  0.0000	        0.0000	        0.0000	        0.0000	        0.0000	        0.0000	        0.0000	        0.0000	  0.4703	  0.2840	-27.7846
2018	 80	  23	 55	 79.9965	  0.0000	2198.2977	    5.3709	  0.0528	  5.0500	  0.0000	   0.0000	   0.0000	   0.0000	-450.0000	-450.0000	-450.0000	 -2.1000	  5.0000	 31.9167	   4.0088	   1.0166	   1.6169	  0.3018	  0.5985	  0.1000	  0.1600	  0.1900	   0.0000	   0.0000	   0.0000	   0.0000	   0.0000	   0.0000	   0.0000	   0.0000	   0.0000	  0.2391	  0.0000	        0.0000	        0.0000	        0.0000	        0.0000	        0.0000	        0.0000	        0.0000	  0.4703	  0.2840	-27.7846
2018	 81	  23	 55	 80.9965	  0.0000	2025.0209	    2.6551	  0.5732	  1.2667	  0.0000	   0.0000	   0.0000	   0.0000	-450.0000	-450.0000	-450.0000	 -0.5000	  3.4000	 27.9167	   4.0088	   1.0166	   1.6169	  0.3018	  0.5985	  0.1000	  0.1600	  0.1900	   0.0000	   0.0000	   0.0000	   0.0000	   0.0000	   0.0000	   0.0000	   0.0000	   0.0000	  0.2391	  0.0000	        0.0000	        0.0000	        0.0000	        0.0000	        0.0000	        0.0000	        0.0000	  0.4703	  0.2840	-27.7846
2018	 82	  23	 55	 81.9965	  0.0000	1664.6331	    0.7934	  0.6173	  0.0000	  1.0000	   0.0000	   0.0000	   0.0000	-450.0000	-450.0000	-450.0000	 -1.5000	  2.0000	 24.4167	   4.0088	   1.0166	   1.6169	  0.3018	  0.5985	  0.1000	  0.1600	  0.1900	   0.0000	   0.0000	   0.0000	   0.0000	   0.0000	   0.0000	   0.0000	   0.0000	   0.0000	  0.2391	  0.0000	        0.0000	        0.0000	        0.0000	        0.0000	        0.0000	        0.0000	        0.0000	  0.4703	  0.2840	-27.7846
2018	 83	  23	 55	 82.9965	  0.0000	1370.6319	    2.6632	  1.0265	  1.8583	  0.0000	   0.0000	   0.0000	   0.0000	-450.0000	-450.0000	-450.0000	  0.9000	  3.1000	 16.8333	   4.0088	   1.0166	   1.6169	  0.3018	  0.5985	  0.1000	  0.1600	  0.1900	   0.0000	   0.0000	   0.0000	   0.0000	   0.0000	   0.0000	   0.0000	   0.0000	   0.0000	  0.2391	  0.0000	        0.0000	        0.0000	        0.0000	        0.0000	        0.0000	        0.0000	        0.0000	  0.4703	  0.2840	-27.7846
2018	 84	  23	 55	 83.9965	  0.0000	2230.8045	   10.0310	  2.8274	  0.0000	  1.0000	   0.0000	   0.0000	   0.0000	-450.0000	-450.0000	-450.0000	  2.1000	  7.2000	 36.6667	   4.0088	   1.0166	   1.6169	  0.3018	  0.5985	  0.1000	  0.1600	  0.1900	   0.0000	   0.0000	   0.0000	   0.0000	   0.0000	   0.0000	   0.0000	   0.0000	   0.0000	  0.2391	  0.0000	        0.0000	        0.0000	        0.0000	        0.0000	        0.0000	        0.0000	        0.0000	  0.4703	  0.2840	-27.7846
2018	 85	  23	 55	 84.9965	  0.0000	1950.5756	    4.7881	  3.2195	  4.0000	  0.0000	   0.0000	   0.0000	   0.0000	-450.0000	-450.0000	-450.0000	 -1.6917	  5.6000	 31.2500	   4.0088	   1.0166	   1.6169	  0.3018	  0.5985	  0.1000	  0.1600	  0.1900	   0.0000	   0.0000	   0.0000	   0.0000	   0.0000	   0.0000	   0.0000	   0.0000	   0.0000	  0.2391	  0.0000	        0.0000	        0.0000	        0.0000	        0.0000	        0.0000	        0.0000	        0.0000	  0.4703	  0.2840	-27.7846
2018	 86	  23	 55	 85.9965	  0.0000	 10.9861	   -0.0144	  1.8516	  2.7167	  0.0000	   0.0000	   0.0000	   0.0000	-450.0000	-450.0000	-450.0000	 -2.8333	  1.3000	 30.5000	   4.0088	   1.0166	   1.6169	  0.3018	  0.5985	  0.1000	  0.1600	  0.1900	   0.0000	   0.0000	   0.0000	   0.0000	   0.0000	   0.0000	   0.0000	   0.0000	   0.0000	  0.2391	  0.0000	        0.0000	        0.0000	        0.0000	        0.0000	        0.0000	        0.0000	        0.0000	  0.4703	  0.2840	-27.7846
2018	 87	  23	 55	 86.9965	  0.0000	 13.1061	   -0.0168	  0.8392	  0.0000	  2.0000	   0.0000	   0.0000	   0.0000	-450.0000	-450.0000	-450.0000	 -5.4000	  2.6000	 46.5833	   4.0088	   1.0166	   1.6169	  0.3018	  0.5985	  0.1000	  0.1600	  0.1900	   0.0000	   0.0000	   0.0000	   0.0000	   0.0000	   0.0000	   0.0000	   0.0000	   0.0000	  0.2391	  0.0000	        0.0000	        0.0000	        0.0000	        0.0000	        0.0000	        0.0000	        0.0000	  0.4703	  0.2840	-27.7846
2018	 88	  23	 55	 87.9965	  0.0000	2462.9471	    1.9959	  1.0705	  0.0000	  3.0000	   0.0000	   0.0000	   0.0000	-450.0000	-450.0000	-450.0000	 -3.3000	  4.5000	 40.8333	   4.0088	   1.0166	   1.6169	  0.3018	  0.5985	  0.1000	  0.1600	  0.1900	   0.0000	   0.0000	   0.0000	   0.0000	   0.0000	   0.0000	   0.0000	   0.0000	   0.0000	  0.2391	  0.0000	        0.0000	        0.0000	        0.0000	        0.0000	        0.0000	        0.0000	        0.0000	  0.4703	  0.2840	-27.7846
2018	 89	  23	 55	 88.9965	  0.0000	 13.1164	    0.0057	  1.3204	  0.0000	  5.0000	   0.0000	   0.0000	   0.0000	-450.0000	-450.0000	-450.0000	 -4.0000	  5.9000	 45.4167	   4.0088	   1.0166	   1.6169	  0.3018	  0.5985	  0.1000	  0.1600	  0.1900	   0.0000	   0.0000	   0.0000	   0.0000	   0.0000	   0.0000	   0.0000	   0.0000	   0.0000	  0.2391	  0.0000	        0.0000	        0.0000	        0.0000	        0.0000	        0.0000	        0.0000	        0.0000	  0.4703	  0.2840	-27.7846
2018	 90	  23	 55	 89.9965	  0.0000	2703.9889	    6.3408	  2.3245	  0.0000	  6.0000	   0.0000	   0.0000	   0.0000	-450.0000	-450.0000	-450.0000	 -4.7000	  7.3000	 45.1667	   4.0088	   1.0166	   1.6169	  0.3018	  0.5985	  0.1000	  0.1600	  0.1900	   0.0000	   0.0000	   0.0000	   0.0000	   0.0000	   0.0000	   0.0000	   0.0000	   0.0000	  0.2391	  0.0000	        0.0000	        0.0000	        0.0000	        0.0000	        0.0000	        0.0000	        0.0000	  0.4703	  0.2840	-27.7846
2018	 91	  23	 55	 90.9965	  0.0000	2481.6990	    6.8244	  3.2245	  0.0000	  7.0000	   0.0000	   0.0000	   0.0000	-450.0000	-450.0000	-450.0000	 -1.4667	  6.4000	 39.8333	   4.0088	   1.0166	   1.6169	  0.3018	  0.5985	  0.1000	  0.1600	  0.1900	   0.0000	   0.0000	   0.0000	   0.0000	   0.0000	   0.0000	   0.0000	   0.0000	   0.0000	  0.2391	  0.0000	        0.0000	        0.0000	        0.0000	        0.0000	        0.0000	        0.0000	        0.0000	  0.4703	  0.2840	-27.7846
2018	 92	  23	 55	 91.9965	  0.0000	 13.9647	    0.0049	  2.6999	  0.0000	  9.0000	   0.0000	   0.0000	   0.0000	-450.0000	-450.0000	-450.0000	 -4.0000	  6.3000	 51.6667	   4.0088	   1.0166	   1.6169	  0.3018	  0.5985	  0.1000	  0.1600	  0.1900	   0.0000	   0.0000	   0.0000	   0.0000	   0.0000	   0.0000	   0.0000	   0.0000	   0.0000	  0.2391	  0.0000	        0.0000	        0.0000	        0.0000	        0.0000	        0.0000	        0.0000	        0.0000	  0.4703	  0.2840	-27.7846
2018	 93	  23	 55	 92.9965	  0.0000	2151.3460	    3.6700	  2.8939	 13.0583	  0.0000	   0.0000	   0.0000	   0.0000	-450.0000	-450.0000	-450.0000	 -3.1000	  4.1667	 28.0833	   4.0088	   1.0166	   1.6169	  0.3018	  0.5985	  0.1000	  0.1600	  0.1900	   0.0000	   0.0000	   0.0000	   0.0000	   0.0000	   0.0000	   0.0000	   0.0000	   0.0000	  0.2391	  0.0000	        0.0000	        0.0000	        0.0000	        0.0000	        0.0000	        0.0000	        0.0000	  0.4703	  0.2840	-27.7846
2018	 94	  23	 55	 93.9965	  0.0000	4782.2904	   34.4298	  9.2011	120.1417	  0.0000	   1.9500	   1.9500	   1.9500	-450.0000	-450.0000	-450.0000	  4.2000	  9.7000	 59.5833	   4.0108	   1.0205	   1.6209	  0.3023	  0.5982	  0.1000	  0.1600	  0.1900	   0.0000	   0.0000	   0.0000	   0.0000	   0.0000	   0.0000	   0.0000	   0.0000	   0.0000	  0.2398	  0.0000	        0.0000	        0.0000	        0.0000	        0.0000	        0.0000	        0.0000	        0.0000	  0.4703	  0.2840	-27.7846
2018	 95	  23	 55	 94.9965	  0.0000	2554.1137	   16.5841	 10.6777	 37.5583	  0.0000	   3.4042	   3.4042	   3.4042	-450.0000	-450.0000	-450.0000	  3.9083	  9.0000	 33.9167	   4.0144	   1.0273	   1.6278	  0.3030	  0.5976	  0.1000	  0.1600	  0.1900	   0.0000	   0.0000	   0.0000	   0.0000	   0.0000	   0.0000	   0.0000	   0.0000	   0.0000	  0.2410	  0.0000	        0.0000	        0.0000	        0.0000	        0.0000	        0.0000	        0.0000	        0.0000	  0.4703	  0.2840	-27.7846
2018	 96	  23	 55	 95.9965	  0.0000	2735.9850	   13.9711	 11.3364	  0.0000	  1.0000	   0.0000	   0.0000	   0.0000	-450.0000	-450.0000	-450.0000	  2.3000	  7.3000	 48.9167	   4.0144	   1.0273	   1.6278	  0.3030	  0.5976	  0.1000	  0.1600	  0.1900	   0.0000	   0.0000	   0.0000	   0.0000	   0.0000	   0.0000	   0.0000	   0.0000	   0.0000	  0.2410	  0.0000	        0.0000	        0.0000	        0.0000	        0.0000	        0.0000	        0.0000	        0.0000	  0.4703	  0.2840	-27.7846
2018	 97	  23	 55	 96.9965	  0.0000	 13.2365	    0.1015	 11.0642	  0.0000	  3.0000	   5.8000	   5.8000	   5.8000	-450.0000	-450.0000	-450.0000	  2.3000	 13.5000	 47.9167	   4.0236	   1.0447	   1.6456	  0.3050	  0.5960	  0.1000	  0.1600	  0.1900	   0.0000	   0.0000	   0.0000	   0.0000	   0.0000	   0.0000	   0.0000	   0.0000	   0.0000	  0.2420	  0.0000	        0.0000	        0.0000	        0.0000	        0.0000	        0.0000	        0.0000	        0.0000	  0.4703	  0.2840	-27.7846
2018	 98	  23	 55	 97.9965	  0.0000	2884.7794	   33.9745	 15.6462	  0.0000	  4.0000	  11.9000	  11.9000	  11.9000	-450.0000	-450.0000	-450.0000	  4.6000	 17.6000	 51.2500	   4.0362	   1.0686	   1.6699	  0.3076	  0.5939	  0.1000	  0.1600	  0.1900	   0.0000	   0.0000	   0.0000	   0.0000	   0.0000	   0.0000	   0.0000	   0.0000	   0.0000	  0.2482	  0.0000	        0.0000	        0.0000	        0.0000	        0.0000	        0.0000	        0.0000	        0.0000	  0.4703	  0.2840	-27.7846
2018	 99	  23	 55	 98.9965	  0.0000	  3.5445	    0.0181	 11.3624	  0.0000	  7.0000	  23.1500	  23.1500	  23.1500	-450.0000	-450.0000	-450.0000	  4.6000	 12.9000	 50.7500	   4.0978	   1.1855	   1.7888	  0.3206	  0.5835	  0.1000	  0.1600	  0.1900	   0.0000	   0.0000	   0.0000	   0.0000	   0.0000	   0.0000	   0.0000	   0.0000	   0.0000	  0.2538	  0.0000	        0.0000	        0.0000	        0.0000	        0.0000	        0.0000	        0.0000	        0.0000	  0.4703	  0.2840	-27.7846
2018	100	  23	 55	 99.9965	  0.0000	 11.9335	    0.0719	 10.0071	  0.0000	  9.0000	  27.8917	  27.8917	  27.8917	-450.0000	-450.0000	-450.0000	  3.6417	 11.1000	 38.0000	   4.1543	   1.2931	   1.8982	  0.3326	  0.5739	  0.1000	  0.1600	  0.1900	   0.0000	   0.0000	   0.0000	   0.0000	   0.0000	   0.0000	   0.0000	   0.0000	   0.0000	  0.2778	  0.0000	        0.0000	        0.0000	        0.0000	        0.0000	        0.0000	        0.0000	        0.0000	  0.4703	  0.2840	-27.7846
2018	101	  23	 55	100.9965	  0.0000	  3.5443	    0.0149	  8.0760	  0.0000	 12.0000	  34.6417	  34.6417	  34.6417	-450.0000	-450.0000	-450.0000	  1.1000	 13.4000	 48.6667	   4.2572	   1.4898	   2.0979	  0.3544	  0.5565	  0.1000	  0.1600	  0.1900	   0.0000	   0.0000	   0.0000	   0.0000	   0.0000	   0.0000	   0.0000	   0.0000	   0.0000	  0.2984	  0.0000	        0.0000	        0.0000	        0.0000	        0.0000	        0.0000	        0.0000	        0.0000	  0.4703	  0.2840	-27.7846
2018	102	  23	 55	101.9965	  0.0000	2982.3520	   27.1220	 11.8852	  0.0000	 13.0000	  38.4917	  38.4917	  38.4917	-450.0000	-450.0000	-450.0000	  2.1000	 15.6000	 48.4167	   4.2980	   1.5681	   2.1772	  0.3631	  0.5495	  0.1000	  0.1600	  0.1900	   0.0000	   0.0000	   0.0000	   0.0000	   0.0000	   0.0000	   0.0000	   0.0000	   0.0000	  0.3360	  0.0000	        0.0000	        0.0000	        0.0000	        0.0000	        0.0000	        0.0000	        0.0000	  0.4703	  0.2840	-27.7846
2018	103	  23	 55	102.9965	  0.0000	  3.5655	    0.0363	 10.9709	  0.0000	 16.0000	  60.2417	  60.2417	  60.2417	   0.0000	   0.0000	   0.0000	  4.5000	 20.0000	 50.9167	   4.4666	   1.8926	   2.5058	  0.3992	  0.5207	  0.1000	  0.1600	  0.1900	   0.0000	   0.0000	   0.0000	   0.0000	   0.0000	   0.0000	   0.0000	   0.0000	   0.0000	  0.3524	  0.0000	        0.0000	        0.0000	        0.0000	        0.0000	        0.0000	        0.0000	        0.0000	  0.4703	  0.2840	-27.7846
2018	104	  23	 55	103.9965	  0.0000	 14.4479	    0.1729	 13.5607	  0.0000	 18.0000	  76.2417	  76.2417	  76.2417	   0.0000	   0.0000	   0.0000	  6.1000	 19.9000	 47.9167	   4.6200	   2.1895	   2.8059	  0.4322	  0.4943	  0.1000	  0.1600	  0.1900	   0.0000	   0.0000	   0.0000	   0.0000	   0.0000	   0.0000	   0.0000	   0.0000	   0.0000	  0.4175	  0.0000	        0.0000	        0.0000	        0.0000	        0.0000	        0.0000	        0.0000	        0.0000	  0.4703	  0.2840	-27.7846
2018	105	  23	 55	104.9965	  0.0000	2532.5479	   22.8649	 15.4215	 33.7000	  0.0000	  80.6917	  80.6917	  80.6917	   0.0000	   0.0000	   0.0000	  7.4000	 11.5000	 42.2500	   4.7058	   2.3560	   2.9741	  0.4507	  0.4795	  0.1000	  0.1600	  0.1900	   0.0000	   0.0000	   0.0000	   0.0000	   0.0000	   0.0000	   0.0000	   0.0000	   0.0000	  0.4742	  0.0000	        0.0000	        0.0000	        0.0000	        0.0000	        0.0000	        0.0000	        0.0000	  0.4703	  0.2840	-27.7846
2018	106	  23	 55	105.9965	  0.0000	  3.5222	    0.0291	  8.6847	  0.1917	  0.0000	 101.8917	 101.8917	 101.8917	   0.0000	   0.0000	   0.0000	  8.2000	 12.4000	 38.3333	   5.1000	   3.1373	   3.7620	  0.5375	  0.4100	  0.1000	  0.1600	  0.1900	   0.0000	   0.0000	   0.0000	   0.0000	   0.0000	   0.0000	   0.0000	   0.0000	   0.0000	  0.5053	  0.0000	        0.0000	        0.0000	        0.0000	        0.0000	        0.0000	        0.0000	        0.0000	  0.4703	  0.2840	-27.7846
2018	107	  23	 55	106.9965	  0.0000	1930.9662	   16.5062	 10.2490	  0.0083	  0.0000	 105.4417	 105.4417	 105.4417	   0.0000	   0.0000	   0.0000	  6.5000	 10.6000	 32.0000	   5.1000	   3.3581	   3.9844	  0.5620	  0.3904	  0.1000	  0.1600	  0.1900	   0.0000	   0.0000	   0.0000	   0.0000	   0.0000	   0.0000	   0.0000	   0.0000	   0.0000	  0.6492	  0.0000	        0.0000	        0.0000	        0.0000	        0.0000	        0.0000	        0.0000	        0.0000	  0.4703	  0.2840	-27.7846
2018	108	  23	 55	107.9965	  0.0000	2581.6717	   30.2188	 14.2430	  0.0000	  1.0000	 112.0917	 112.0917	 112.0917	   0.0000	   0.0000	   0.0000	  8.1000	 15.2000	 42.1667	   5.1000	   3.5934	   4.2213	  0.5882	  0.3695	  0.1000	  0.1600	  0.1900	   0.0000	   0.0000	   0.0000	   0.0000	   0.0000	   0.0000	   0.0000	   0.0000	   0.0000	  0.6900	  0.0000	        0.0000	        0.0000	        0.0000	        0.0000	        0.0000	        0.0000	        0.0000	  0.4703	  0.2840	-27.7846
2018	109	  23	 55	108.9965	  0.0000	2639.2268	   32.0805	 17.8105	  0.0000	  2.0000	 119.1417	 119.1417	 119.1417	   0.0000	   0.0000	   0.0000	  8.7000	 15.4000	 40.8333	   5.1000	   3.8442	   4.4737	  0.6160	  0.3472	  0.1000	  0.1600	  0.1900	   0.0000	   0.0000	   0.0000	   0.0000	   0.0000	   0.0000	   0.0000	   0.0000	   0.0000	  0.7335	  0.0000	        0.0000	        0.0000	        0.0000	        0.0000	        0.0000	        0.0000	        0.0000	  0.4703	  0.2840	-27.7846
2018	110	  23	 55	109.9965	  0.0000	2864.7403	   45.2630	 23.3010	  0.0000	  3.0000	 130.0917	 130.0917	 130.0917	   0.0000	   0.0000	   0.0000	  9.8000	 22.1000	 51.4167	   5.1000	   4.1188	   4.7500	  0.6465	  0.3228	  0.1000	  0.1600	  0.1900	   0.0000	   0.0000	   0.0000	   0.0000	   0.0000	   0.0000	   0.0000	   0.0000	   0.0000	  0.7811	  0.0000	        0.0000	        0.0000	        0.0000	        0.0000	        0.0000	        0.0000	        0.0000	  0.4703	  0.2840	-27.7846
2018	111	  23	 55	110.9965	  0.0000	2582.0755	   27.1417	 24.0691	  0.0000	  4.0000	 135.2458	 135.2458	 135.2458	   0.0000	   0.0000	   0.0000	  6.9083	 13.4000	 48.3333	   5.1000	   4.4050	   5.0379	  0.6783	  0.2973	  0.1000	  0.1600	  0.1900	   0.0000	   0.0000	   0.0000	   0.0000	   0.0000	   0.0000	   0.0000	   0.0000	   0.0000	  0.8307	  0.0000	        0.0000	        0.0000	        0.0000	        0.0000	        0.0000	        0.0000	        0.0000	  0.4703	  0.2840	-27.7846
2018	112	  23	 55	111.9965	  0.0000	2831.0488	   25.4948	 24.3543	  0.0000	  5.0000	 139.2458	 139.2458	 139.2458	   0.0000	   0.0000	   0.0000	  6.0000	 12.0000	 51.2500	   5.1000	   4.7005	   5.3350	  0.7112	  0.2711	  0.1000	  0.1600	  0.1900	   0.0000	   0.0000	   0.0000	   0.0000	   0.0000	   0.0000	   0.0000	   0.0000	   0.0000	  0.8819	  0.0000	        0.0000	        0.0000	        0.0000	        0.0000	        0.0000	        0.0000	        0.0000	  0.4703	  0.2840	-27.7846
2018	113	  23	 55	112.9965	  0.0000	4069.0825	   38.2742	 27.1382	162.2750	  0.0000	 144.5000	 144.5000	 144.5000	   0.0000	   0.0000	   0.0000	  7.5083	 13.0000	 84.1667	   5.1000	   5.0080	   5.6440	  0.7453	  0.2437	  0.1000	  0.1600	  0.1900	   0.0000	   0.0000	   0.0000	   0.0000	   0.0000	   0.0000	   0.0000	   0.0000	   0.0000	  0.9352	  0.0000	        0.0000	        0.0000	        0.0000	        0.0000	        0.0000	        0.0000	        0.0000	  0.4703	  0.2840	-27.7846
2018	114	  23	 55	113.9965	  0.0000	1680.6991	   13.3786	 24.3863	 12.6250	  0.0000	 147.6125	 147.6125	 147.6125	   0.0000	   0.0000	   0.0000	  6.8250	  9.4000	 26.7500	   5.1000	   5.3229	   5.9000	  0.7803	  0.2157	  0.1000	  0.1600	  0.1900	   0.0000	   0.0000	   0.0000	   0.0000	   0.0000	   0.0000	   0.0000	   0.0000	   0.0000	  0.9846	  0.0000	        0.0000	        0.0000	        0.0000	        0.0000	        0.0000	        0.0000	        0.0000	  0.4703	  0.2840	-27.7846
2018	115	  23	 55	114.9965	  0.0000	2658.0413	   23.0483	 24.1187	  0.0000	  1.0000	 151.5625	 151.5625	 151.5625	   0.0000	   0.0000	   0.0000	  6.7000	 11.2000	 50.6667	   5.1000	   5.5000	   5.9000	  0.8000	  0.2000	  0.1000	  0.1600	  0.1900	   0.0000	   0.0000	   0.0000	   0.0000	   0.0000	   0.0000	   0.0000	   0.0000	   0.0000	  1.0000	  0.0000	        0.0000	        0.0000	        0.0000	        0.0000	        0.0000	        0.0000	        0.0000	  0.4703	  0.2840	-27.7846
2018	116	  23	 55	115.9965	  0.0000	2129.6252	   16.7576	 22.6465	  5.1167	  0.0000	 154.3125	 154.3125	 154.3125	   0.0000	   0.0000	   0.0000	  6.3000	  9.2000	 40.8333	   5.1000	   5.5000	   5.9000	  0.8000	  0.2000	  0.1000	  0.1600	  0.1900	   0.0000	   0.0000	   0.0000	   0.0000	   0.0000	   0.0000	   0.0000	   0.0000	   0.0000	  1.0000	  0.0000	        0.0000	        0.0000	        0.0000	        0.0000	        0.0000	        0.0000	        0.0000	  0.4703	  0.2840	-27.7846
2018	117	  23	 55	116.9965	  0.0000	2638.0026	   23.8946	 22.8961	  1.0750	  0.0000	 158.3125	 158.3125	 158.3125	   0.0000	   0.0000	   0.0000	  6.6000	 11.4000	 47.0833	   5.1000	   5.5000	   5.9000	  0.8000	  0.2000	  0.1000	  0.1600	  0.1900	   0.0000	   0.0000	   0.0000	   0.0000	   0.0000	   0.0000	   0.0000	   0.0000	   0.0000	  1.0000	  0.0000	        0.0000	        0.0000	        0.0000	        0.0000	        0.0000	        0.0000	        0.0000	  0.4703	  0.2840	-27.7846
2018	118	  23	 55	117.9965	  0.0000	2845.7769	   26.2995	 23.5768	  5.8667	  0.0000	 162.6125	 162.6125	 162.6125	   0.0000	   0.0000	   0.0000	  5.9000	 12.7000	 46.0833	   5.1000	   5.5000	   5.9000	  0.8000	  0.2000	  0.1000	  0.1600	  0.1900	   0.0000	   0.0000	   0.0000	   0.0000	   0.0000	   0.0000	   0.0000	   0.0000	   0.0000	  1.0000	  0.0000	        0.0000	        0.0000	        0.0000	        0.0000	        0.0000	        0.0000	        0.0000	  0.4703	  0.2840	-27.7846
2018	119	  23	 55	118.9965	  0.0000	  3.5227	    0.0296	 12.9380	  0.2333	  0.0000	 183.8125	 183.8125	 183.8125	   0.0000	   0.0000	   0.0000	  6.9000	 13.7000	 54.4167	   5.1000	   5.5000	   5.9000	  0.8000	  0.2000	  0.1000	  0.1600	  0.1900	   0.0000	   0.0000	   0.0000	   0.0000	   0.0000	   0.0000	   0.0000	   0.0000	   0.0000	  1.0000	  0.0000	        0.0000	        0.0000	        0.0000	        0.0000	        0.0000	        0.0000	        0.0000	  0.4703	  0.2840	-27.7846
2018	120	  23	 55	119.9965	  0.0000	2917.7244	   28.6303	 16.0765	103.9500	  0.0000	 188.9125	 188.9125	 188.9125	   0.0000	   0.0000	   0.0000	  6.9000	 13.3000	 49.0000	   5.1000	   5.5000	   5.9000	  0.8000	  0.2000	  0.1000	  0.1600	  0.1900	   0.0000	   0.0000	   0.0000	   0.0000	   0.0000	   0.0000	   0.0000	   0.0000	   0.0000	  1.0000	  0.0000	        0.0000	        0.0000	        0.0000	        0.0000	        0.0000	        0.0000	        0.0000	  0.4703	  0.2840	-27.7846
2018	121	  23	 55	120.9965	  0.0000	2990.1465	   27.9549	 18.4522	 12.5583	  0.0000	 193.9625	 193.9625	 193.9625	   0.0000	   0.0000	   0.0000	  6.9000	 13.2000	 52.7500	   5.1000	   5.5000	   5.9000	  0.8000	  0.2000	  0.1000	  0.1600	  0.1900	   0.0000	   0.0000	   0.0000	   0.0000	   0.0000	   0.0000	   0.0000	   0.0000	   0.0000	  1.0000	  0.0000	        0.0000	        0.0000	        0.0000	        0.0000	        0.0000	        0.0000	        0.0000	  0.4703	  0.2840	-27.7846
2018	122	  23	 55	121.9965	  0.0000	3111.2102	   34.1509	 21.5919	  0.0000	  1.0000	 199.5292	 199.5292	 199.5292	   0.0000	   0.0000	   0.0000	  7.6333	 13.5000	 57.7500	   5.1000	   5.5000	   5.9000	  0.8000	  0.2000	  0.1000	  0.1600	  0.1900	   0.0000	   0.0000	   0.0000	   0.0000	   0.0000	   0.0000	   0.0000	   0.0000	   0.0000	  1.0000	  0.0000	        0.0000	        0.0000	        0.0000	        0.0000	        0.0000	        0.0000	        0.0000	  0.4703	  0.2840	-27.7846
2018	123	  23	 55	122.9965	  0.0000	3151.6545	   29.3444	 23.1424	 11.9250	  0.0000	 203.8792	 203.8792	 203.8792	   0.0000	   0.0000	   0.0000	  6.7000	 12.0000	 64.0833	   5.1000	   5.5000	   5.9000	  0.8000	  0.2000	  0.1000	  0.1600	  0.1900	   0.0000	   0.0000	   0.0000	   0.0000	   0.0000	   0.0000	   0.0000	   0.0000	   0.0000	  1.0000	  0.0000	        0.0000	        0.0000	        0.0000	        0.0000	        0.0000	        0.0000	        0.0000	  0.4703	  0.2840	-27.7846
2018	124	  23	 55	123.9965	  0.0000	2636.8366	   26.2094	 23.7558	  0.0000	  1.0000	 208.3292	 208.3292	 208.3292	   0.0000	   0.0000	   0.0000	  6.5000	 12.4000	 51.1667	   5.1000	   5.5000	   5.9000	  0.8000	  0.2000	  0.1000	  0.1600	  0.1900	   0.0000	   0.0000	   0.0000	   0.0000	   0.0000	   0.0000	   0.0000	   0.0000	   0.0000	  1.0000	  0.0000	        0.0000	        0.0000	        0.0000	        0.0000	        0.0000	        0.0000	        0.0000	  0.4703	  0.2840	-27.7846
2018	125	  23	 55	124.9965	  0.0000	2925.2189	   36.1248	 26.2296	  0.0000	  2.0000	 215.3292	 215.3292	 215.3292	   0.0000	   0.0000	   0.0000	  8.1000	 15.9000	 53.0833	   5.1000	   5.5000	   5.9000	  0.8000	  0.2000	  0.1000	  0.1600	  0.1900	   0.0000	   0.0000	   0.0000	   0.0000	   0.0000	   0.0000	   0.0000	   0.0000	   0.0000	  1.0000	  0.0000	        0.0000	        0.0000	        0.0000	        0.0000	        0.0000	        0.0000	        0.0000	  0.4703	  0.2840	-27.7846
2018	126	  23	 55	125.9965	  0.0000	  3.5707	    0.0373	 19.5115	  0.0000	  5.0000	 238.2792	 238.2792	 238.2792	   0.0000	   0.0000	   0.0000	  6.6000	 18.7000	 62.8333	   5.1000	   5.5000	   5.9000	  0.8000	  0.2000	  0.1000	  0.1600	  0.1900	   0.0000	   0.0000	   0.0000	   0.0000	   0.0000	   0.0000	   0.0000	   0.0000	   0.0000	  1.0000	  0.0000	        0.0000	        0.0000	        0.0000	        0.0000	        0.0000	        0.0000	        0.0000	  0.4703	  0.2840	-27.7846
2018	127	  23	 55	126.9965	  0.0000	  3.5338	    0.0408	  9.1593	  0.0000	 11.0000	 300.0000	 300.0000	 300.0000	   0.0000	   0.0000	   0.0000	  9.8000	 22.0000	 63.3333	   5.1000	   5.5000	   5.9000	  0.8000	  0.2000	  0.1000	  0.1600	  0.1900	   0.0000	   0.0000	   0.0000	   0.0000	   0.0000	   0.0000	   0.0000	   0.0000	   0.0000	  1.0000	  0.0000	        0.0000	        0.0000	        0.0000	        0.0000	        0.0000	        0.0000	        0.0000	  0.4703	  0.2840	-27.7846
2018	128	  23	 55	127.9965	  0.0000	  3.5370	    0.0440	  8.6810	  0.0000	 16.0000	 300.0000	 300.0000	 300.0000	   0.0000	   0.0000	   0.0000	  9.7000	 24.2000	 65.4167	   5.1000	   5.5000	   5.9000	  0.8000	  0.2000	  0.1000	  0.1600	  0.1900	   0.0000	   0.0000	   0.0000	   0.0000	   0.0000	   0.0000	   0.0000	   0.0000	   0.0000	  1.0000	  0.0000	        0.0000	        0.0000	        0.0000	        0.0000	        0.0000	        0.0000	        0.0000	  0.4703	  0.2840	-27.7846
2018	129	  23	 55	128.9965	  0.0000	  3.5490	    0.0559	 11.2148	  0.0000	 20.0000	 300.0000	 300.0000	 300.0000	   0.0000	   0.0000	   0.0000	 11.2000	 25.9000	 66.4167	   5.1000	   5.5000	   5.9000	  0.8000	  0.2000	  0.1000	  0.1600	  0.1900	   0.0000	   0.0000	   0.0000	   0.0000	   0.0000	   0.0000	   0.0000	   0.0000	   0.0000	  1.0000	  0.0000	        0.0000	        0.0000	        0.0000	        0.0000	        0.0000	        0.0000	        0.0000	  0.4703	  0.2840	-27.7846
2018	130	  23	 55	129.9965	  0.0000	  3.5864	    0.0485	 15.3775	  5.2000	  0.0000	 300.0000	 300.0000	 300.0000	   0.0000	   0.0000	   0.0000	 12.2000	 27.6000	 62.0000	   5.1000	   5.5000	   5.9000	  0.8000	  0.2000	  0.1000	  0.1600	  0.1900	   0.0000	   0.0000	   0.0000	   0.0000	   0.0000	   0.0000	   0.0000	   0.0000	   0.0000	  1.0000	  0.0000	        0.0000	        0.0000	        0.0000	        0.0000	        0.0000	        0.0000	        0.0000	  0.4703	  0.2840	-27.7846
2018	131	  23	 55	130.9965	  0.0000	3279.1901	   45.4932	 21.4006	  8.9583	  0.0000	 300.0000	 300.0000	 300.0000	   0.0000	   0.0000	   0.0000	 10.7000	 16.7000	 60.9167	   5.1000	   5.5000	   5.9000	  0.8000	  0.2000	  0.1000	  0.1600	  0.1900	   0.0000	   0.0000	   0.0000	   0.0000	   0.0000	   0.0000	   0.0000	   0.0000	   0.0000	  1.0000	  0.0000	        0.0000	        0.0000	        0.0000	        0.0000	        0.0000	        0.0000	        0.0000	  0.4703	  0.2840	-27.7846
2018	132	  23	 55	131.9965	  0.0000	3088.5193	   49.7493	 27.0704	  0.0000	  1.0000	 300.0000	 300.0000	 300.0000	   0.0000	   0.0000	   0.0000	 10.3000	 19.9000	 60.0000	   5.1000	   5.5000	   5.9000	  0.8000	  0.2000	  0.1000	  0.1600	  0.1900	   0.0000	   0.0000	   0.0000	   0.0000	   0.0000	   0.0000	   0.0000	   0.0000	   0.0000	  1.0000	  0.0000	        0.0000	        0.0000	        0.0000	        0.0000	        0.0000	        0.0000	        0.0000	  0.4703	  0.2840	-27.7846
2018	133	  23	 55	132.9965	  0.0000	  3.5453	    0.0522	 18.2672	  0.0000	  5.0000	 300.0000	 300.0000	 300.0000	   0.0000	   0.0000	   0.0000	 14.9167	 25.6000	 59.8333	   5.1000	   5.5000	   5.9000	  0.8000	  0.2000	  0.1000	  0.1600	  0.1900	   0.0000	   0.0000	   0.0000	   0.0000	   0.0000	   0.0000	   0.0000	   0.0000	   0.0000	  1.0000	  0.0000	        0.0000	        0.0000	        0.0000	        0.0000	        0.0000	        0.0000	        0.0000	  0.4703	  0.2840	-27.7846
2018	134	  23	 55	133.9965	  0.0000	 17.1719	    0.3620	 25.5392	  0.0000	  7.0000	 300.0000	 300.0000	 300.0000	   0.0000	   0.0000	   0.0000	 12.3000	 28.2000	 69.6667	   5.1000	   5.5000	   5.9000	  0.8000	  0.2000	  0.1000	  0.1600	  0.1900	   0.0000	   0.0000	   0.0000	   0.0000	   0.0000	   0.0000	   0.0000	   0.0000	   0.0000	  1.0000	  0.0000	        0.0000	        0.0000	        0.0000	        0.0000	        0.0000	        0.0000	        0.0000	  0.4703	  0.2840	-27.7846
2018	135	  23	 55	134.9965	  0.0000	  3.5999	    0.0601	 23.9804	  0.0000	 10.0000	 300.0000	 300.0000	 300.0000	   0.0000	   0.0000	   0.0000	 13.8000	 28.1000	 68.4167	   5.1000	   5.5000	   5.9000	  0.8000	  0.2000	  0.1000	  0.1600	  0.1900	   0.0000	   0.0000	   0.0000	   0.0000	   0.0000	   0.0000	   0.0000	   0.0000	   0.0000	  1.0000	  0.0000	        0.0000	        0.0000	        0.0000	        0.0000	        0.0000	        0.0000	        0.0000	  0.4703	  0.2840	-27.7846
2018	136	  23	 55	135.9965	  0.0000	 15.8024	    0.3024	 27.0243	  0.0000	 12.0000	 300.0000	 300.0000	 300.0000	   0.0000	   0.0000	   0.0000	 14.1917	 26.4000	 66.0833	   5.1000	   5.5000	   5.9000	  0.8000	  0.2000	  0.1000	  0.1600	  0.1900	   0.0000	   0.0000	   0.0000	   0.0000	   0.0000	   0.0000	   0.0000	   0.0000	   0.0000	  1.0000	  0.0000	        0.0000	        0.0000	        0.0000	        0.0000	        0.0000	        0.0000	        0.0000	  0.4703	  0.2840	-27.7846
2018	137	  23	 55	136.9965	  0.0000	3013.2709	   51.0792	 31.8353	  0.3000	  0.0000	 300.0000	 300.0000	 300.0000	   0.0000	   0.0000	   0.0000	 13.4000	 20.5000	 57.5833	   5.1000	   5.5000	   5.9000	  0.8000	  0.2000	  0.1000	  0.1600	  0.1900	   0.0000	   0.0000	   0.0000	   0.0000	   0.0000	   0.0000	   0.0000	   0.0000	   0.0000	  1.0000	  0.0000	        0.0000	        0.0000	        0.0000	        0.0000	        0.0000	        0.0000	        0.0000	  0.4703	  0.2840	-27.7846
2018	138	  23	 55	137.9965	  0.0000	  3.5744	    0.0344	 24.4747	  1.0167	  0.0000	 300.0000	 300.0000	 300.0000	   0.0000	   0.0000	   0.0000	  9.6250	 20.9000	 70.0833	   5.1000	   5.5000	   5.9000	  0.8000	  0.2000	  0.1000	  0.1600	  0.1900	   0.0000	   0.0000	   0.0000	   0.0000	   0.0000	   0.0000	   0.0000	   0.0000	   0.0000	  1.0000	  0.0000	        0.0000	        0.0000	        0.0000	        0.0000	        0.0000	        0.0000	        0.0000	  0.4703	  0.2840	-27.7846
2018	139	  23	 55	138.9965	  0.0000	  3.5367	    0.0437	 13.2117	  0.0000	  5.0000	 300.0000	 300.0000	 300.0000	   0.0000	   0.0000	   0.0000	  7.2000	 22.1000	 72.1667	   5.1000	   5.5000	   5.9000	  0.8000	  0.2000	  0.1000	  0.1600	  0.1900	   0.0000	   0.0000	   0.0000	   0.0000	   0.0000	   0.0000	   0.0000	   0.0000	   0.0000	  1.0000	  0.0000	        0.0000	        0.0000	        0.0000	        0.0000	        0.0000	        0.0000	        0.0000	  0.4703	  0.2840	-27.7846
2018	140	  23	 55	139.9965	  0.0000	  3.5826	    0.0442	 15.3543	  0.0000	  8.0000	 300.0000	 300.0000	 300.0000	   0.0000	   0.0000	   0.0000	 10.2000	 22.2000	 68.9167	   5.1000	   5.5000	   5.9000	  0.8000	  0.2000	  0.1000	  0.1600	  0.1900	   0.0000	   0.0000	   0.0000	   0.0000	   0.0000	   0.0000	   0.0000	   0.0000	   0.0000	  1.0000	  0.0000	        0.0000	        0.0000	        0.0000	        0.0000	        0.0000	        0.0000	        0.0000	  0.4703	  0.2840	-27.7846
2018	141	  23	 55	140.9965	  0.0000	  3.5851	    0.0500	 15.9987	  0.0000	 11.0000	 300.0000	 300.0000	 300.0000	   0.0000	   0.0000	   0.0000	 10.6000	 22.7000	 66.4167	   5.1000	   5.5000	   5.9000	  0.8000	  0.2000	  0.1000	  0.1600	  0.1900	   0.0000	   0.0000	   0.0000	   0.0000	   0.0000	   0.0000	   0.0000	   0.0000	   0.0000	  1.0000	  0.0000	        0.0000	        0.0000	        0.0000	        0.0000	        0.0000	        0.0000	        0.0000	  0.4703	  0.2840	-27.7846
2018	142	  23	 55	141.9965	  0.0000	  3.5835	    0.0447	 17.2692	  0.0000	 14.0000	 300.0000	 300.0000	 300.0000	   0.0000	   0.0000	   0.0000	 11.2000	 23.0000	 70.5833	   5.1000	   5.5000	   5.9000	  0.8000	  0.2000	  0.1000	  0.1600	  0.1900	   0.0000	   0.0000	   0.0000	   0.0000	   0.0000	   0.0000	   0.0000	   0.0000	   0.0000	  1.0000	  0.0000	        0.0000	        0.0000	        0.0000	        0.0000	        0.0000	        0.0000	        0.0000	  0.4703	  0.2840	-27.7846
2018	143	  23	 55	142.9965	  0.0000	  3.5894	    0.0509	 18.4660	  0.0000	 17.0000	 300.0000	 300.0000	 300.0000	   0.0000	   0.0000	   0.0000	 10.5000	 24.9000	 70.4167	   5.1000	   5.5000	   5.9000	  0.8000	  0.2000	  0.1000	  0.1600	  0.1900	   0.0000	   0.0000	   0.0000	   0.0000	   0.0000	   0.0000	   0.0000	   0.0000	   0.0000	  1.0000	  0.0000	        0.0000	        0.0000	        0.0000	        0.0000	        0.0000	        0.0000	        0.0000	  0.4703	  0.2840	-27.7846
2018	144	  23	 55	143.9965	  0.0000	 16.7160	    0.3306	 24.5273	  0.0000	 19.0000	 300.0000	 300.0000	 300.0000	   0.0000	   0.0000	   0.0000	 12.0000	 25.8000	 70.4167	   5.1000	   5.5000	   5.9000	  0.8000	  0.2000	  0.1000	  0.1600	  0.1900	   0.0000	   0.0000	   0.0000	   0.0000	   0.0000	   0.0000	   0.0000	   0.0000	   0.0000	  1.0000	  0.0000	        0.0000	        0.0000	        0.0000	        0.0000	        0.0000	        0.0000	        0.0000	  0.4703	  0.2840	-27.7846
2018	145	  23	 55	144.9965	  0.0000	 16.0657	    0.3352	 28.3142	  0.0000	 21.0000	 300.0000	 300.0000	 300.0000	   0.0000	   0.0000	   0.0000	 15.5000	 27.4000	 65.0833	   5.1000	   5.5000	   5.9000	  0.8000	  0.2000	  0.1000	  0.1600	  0.1900	   0.0000	   0.0000	   0.0000	   0.0000	   0.0000	   0.0000	   0.0000	   0.0000	   0.0000	  1.0000	  0.0000	        0.0000	        0.0000	        0.0000	        0.0000	        0.0000	        0.0000	        0.0000	  0.4703	  0.2840	-27.7846
2018	146	  23	 55	145.9965	  0.0000	  3.5549	    0.0617	 20.3176	  0.0000	 25.0000	 300.0000	 300.0000	 300.0000	   0.0000	   0.0000	   0.0000	 14.0000	 26.9000	 76.5000	   5.1000	   5.5000	   5.9000	  0.8000	  0.2000	  0.1000	  0.1600	  0.1900	   0.0000	   0.0000	   0.0000	   0.0000	   0.0000	   0.0000	   0.0000	   0.0000	   0.0000	  1.0000	  0.0000	        0.0000	        0.0000	        0.0000	        0.0000	        0.0000	        0.0000	        0.0000	  0.4703	  0.2840	-27.7846
2018	147	  23	 55	146.9965	  0.0000	  3.5553	    0.0622	 15.6856	  5.2500	  0.0000	 300.0000	 300.0000	 300.0000	   0.0000	   0.0000	   0.0000	 16.6000	 26.9000	 55.6667	   5.1000	   5.5000	   5.9000	  0.8000	  0.2000	  0.1000	  0.1600	  0.1900	   0.0000	   0.0000	   0.0000	   0.0000	   0.0000	   0.0000	   0.0000	   0.0000	   0.0000	  1.0000	  0.0000	        0.0000	        0.0000	        0.0000	        0.0000	        0.0000	        0.0000	        0.0000	  0.4703	  0.2840	-27.7846
2018	148	  23	 55	147.9965	  0.0000	3916.5895	   66.7846	 25.9054	 76.0333	  0.0000	 300.0000	 300.0000	 300.0000	   0.0000	   0.0000	   0.0000	 15.1333	 21.2000	 74.5000	   5.1000	   5.5000	   5.9000	  0.8000	  0.2000	  0.1000	  0.1600	  0.1900	   0.0000	   0.0000	   0.0000	   0.0000	   0.0000	   0.0000	   0.0000	   0.0000	   0.0000	  1.0000	  0.0000	        0.0000	        0.0000	        0.0000	        0.0000	        0.0000	        0.0000	        0.0000	  0.4703	  0.2840	-27.7846
2018	149	  23	 55	148.9965	  0.0000	  3.5593	    0.0661	 20.1398	  4.8750	  0.0000	 300.0000	 300.0000	 300.0000	   0.0000	   0.0000	   0.0000	 15.1000	 28.3000	 82.2500	   5.1000	   5.5000	   5.9000	  0.8000	  0.2000	  0.1000	  0.1600	  0.1900	   0.0000	   0.0000	   0.0000	   0.0000	   0.0000	   0.0000	   0.0000	   0.0000	   0.0000	  1.0000	  0.0000	        0.0000	        0.0000	        0.0000	        0.0000	        0.0000	        0.0000	        0.0000	  0.4703	  0.2840	-27.7846
2018	150	  23	 55	149.9965	  0.0000	 16.6149	    0.3993	 27.7931	  0.0000	  2.0000	 300.0000	 300.0000	 300.0000	   0.0000	   0.0000	   0.0000	 16.6000	 30.6000	 68.7500	   5.1000	   5.5000	   5.9000	  0.8000	  0.2000	  0.1000	  0.1600	  0.1900	   0.0000	   0.0000	   0.0000	   0.0000	   0.0000	   0.0000	   0.0000	   0.0000	   0.0000	  1.0000	  0.0000	        0.0000	        0.0000	        0.0000	        0.0000	        0.0000	        0.0000	        0.0000	  0.4703	  0.2840	-27.7846
2018	151	  23	 55	150.9965	  0.0000	  3.6067	    0.0696	 25.8942	  0.0000	  5.0000	 300.0000	 300.0000	 300.0000	   0.0000	   0.0000	   0.0000	 18.6000	 29.1000	 68.3333	   5.1000	   5.5000	   5.9000	  0.8000	  0.2000	  0.1000	  0.1600	  0.1900	   0.0000	   0.0000	   0.0000	   0.0000	   0.0000	   0.0000	   0.0000	   0.0000	   0.0000	  1.0000	  0.0000	        0.0000	        0.0000	        0.0000	        0.0000	        0.0000	        0.0000	        0.0000	  0.4703	  0.2840	-27.7846
2018	152	  23	 55	151.9965	  0.0000	3891.6417	   87.0877	 38.1329	  0.0000	  6.0000	 300.0000	 300.0000	 300.0000	   0.0000	   0.0000	   0.0000	 16.8000	 26.5000	 74.5833	   5.1000	   5.5000	   5.9000	  0.8000	  0.2000	  0.1000	  0.1600	  0.1900	 354.1389	 160.9630	 193.1759	 354.1389	 160.9630	 193.1759	 354.1389	 160.9630	 193.1759	  1.0000	  0.0000	        0.0000	        0.0000	        0.0000	        0.0000	        0.0000	        0.0000	        0.0000	  0.4703	  0.2840	-27.7846
2018	153	  23	 55	152.9965	  0.0000	4256.9724	   97.3731	 49.9809	  0.0000	  7.0000	 300.0000	 300.0000	 300.0000	   0.0000	   0.0000	   0.0000	 15.4000	 27.9000	 81.0000	   5.1000	   5.5000	   5.9000	  0.8000	  0.2000	  0.1000	  0.1600	  0.1900	 400.8281	 182.1843	 218.6438	 400.8281	 182.1843	 218.6438	 400.8281	 182.1843	 218.6438	  1.0000	  0.0000	        0.0000	        0.0000	        0.0000	        0.0000	        0.0000	        0.0000	        0.0000	  0.4703	  0.2840	-27.7846
2018	154	  23	 55	153.9965	  0.0000	3340.1132	   75.0889	 55.0025	  0.0000	  8.0000	 300.0000	 300.0000	 300.0000	   0.0000	   0.0000	   0.0000	 16.9000	 26.7000	 63.7500	   5.1000	   5.5000	   5.9000	  0.8000	  0.2000	  0.1000	  0.1600	  0.1900	 304.7906	 138.5334	 166.2572	 304.7906	 138.5334	 166.2572	 304.7906	 138.5334	 166.2572	  1.0000	  0.0000	        0.0000	        0.0000	        0.0000	        0.0000	        0.0000	        0.0000	        0.0000	  0.4703	  0.2840	-27.7846
2018	155	  23	 55	154.9965	  0.0000	 16.7165	    0.3554	 48.8343	  0.0000	 10.0000	 300.0000	 300.0000	 300.0000	   0.0000	   0.0000	   0.0000	 17.2417	 27.1000	 73.1667	   5.1000	   5.5000	   5.9000	  0.8000	  0.2000	  0.1000	  0.1600	  0.1900	   0.0000	   0.0000	   0.0000	   0.0000	   0.0000	   0.0000	   0.0000	   0.0000	   0.0000	  1.0000	  0.0000	        0.0000	        0.0000	        0.0000	        0.0000	        0.0000	        0.0000	        0.0000	  0.4703	  0.2840	-27.7846
2018	156	  23	 55	155.9965	  0.0000	3173.3792	   51.0690	 49.2812	  0.0000	 11.0000	 300.0000	 300.0000	 300.0000	   0.0000	   0.0000	   0.0000	 12.3000	 18.9000	 60.2500	   5.1000	   5.5000	   5.9000	  0.8000	  0.2000	  0.1000	  0.1600	  0.1900	 204.3802	  92.8951	 111.4851	 204.3802	  92.8951	 111.4851	 204.3802	  92.8951	 111.4851	  1.0000	  0.0000	        0.0000	        0.0000	        0.0000	        0.0000	        0.0000	        0.0000	        0.0000	  0.4703	  0.2840	-27.7846
2018	157	  23	 55	156.9965	  0.0000	3037.5642	   54.4876	 50.3225	  0.0000	 12.0000	 300.0000	 300.0000	 300.0000	   0.0000	   0.0000	   0.0000	 13.0000	 21.2000	 59.6667	   5.1000	   5.5000	   5.9000	  0.8000	  0.2000	  0.1000	  0.1600	  0.1900	 220.9772	 100.4389	 120.5383	 220.9772	 100.4389	 120.5383	 220.9772	 100.4389	 120.5383	  1.0000	  0.0000	        0.0000	        0.0000	        0.0000	        0.0000	        0.0000	        0.0000	        0.0000	  0.4703	  0.2840	-27.7846
2018	158	  23	 55	157.9965	  0.0000	3151.9463	   64.4445	 53.1469	  0.0000	 13.0000	 300.0000	 300.0000	 300.0000	   0.0000	   0.0000	   0.0000	 15.5000	 24.0000	 64.0000	   5.1000	   5.5000	   5.9000	  0.8000	  0.2000	  0.1000	  0.1600	  0.1900	 266.2269	 121.0060	 145.2210	 266.2269	 121.0060	 145.2210	 266.2269	 121.0060	 145.2210	  1.0000	  0.0000	        0.0000	        0.0000	        0.0000	        0.0000	        0.0000	        0.0000	        0.0000	  0.4703	  0.2840	-27.7846
2018	159	  23	 55	158.9965	  0.0000	  3.5947	    0.0556	 38.1641	  0.0000	 16.0000	 300.0000	 300.0000	 300.0000	   0.0000	   0.0000	   0.0000	 15.5000	 26.5000	 73.8333	   5.1000	   5.5000	   5.9000	  0.8000	  0.2000	  0.1000	  0.1600	  0.1900	   0.0000	   0.0000	   0.0000	   0.0000	   0.0000	   0.0000	   0.0000	   0.0000	   0.0000	  1.0000	  0.0000	        0.0000	        0.0000	        0.0000	        0.0000	        0.0000	        0.0000	        0.0000	  0.4703	  0.2840	-27.7846
2018	160	  23	 55	159.9965	  0.0000	  3.6033	    0.0642	 30.4010	  0.0000	 19.0000	 300.0000	 300.0000	 300.0000	   0.0000	   0.0000	   0.0000	 13.5000	 26.3000	 75.3333	   5.1000	   5.5000	   5.9000	  0.8000	  0.2000	  0.1000	  0.1600	  0.1900	   0.0000	   0.0000	   0.0000	   0.0000	   0.0000	   0.0000	   0.0000	   0.0000	   0.0000	  1.0000	  0.0000	        0.0000	        0.0000	        0.0000	        0.0000	        0.0000	        0.0000	        0.0000	  0.4703	  0.2840	-27.7846
2018	161	  23	 55	160.9965	  0.0000	  3.5490	    0.0559	  0.1460	 16.2667	  0.0000	 300.0000	 300.0000	 300.0000	   0.0000	   0.0000	   0.0000	 15.1000	 25.3000	 70.7500	   5.1000	   5.5000	   5.9000	  0.8000	  0.2000	  0.1000	  0.1600	  0.1900	   0.0000	   0.0000	   0.0000	   0.0000	   0.0000	   0.0000	   0.0000	   0.0000	   0.0000	  1.0000	  0.0000	        0.0000	        0.0000	        0.0000	        0.0000	        0.0000	        0.0000	        0.0000	  0.4703	  0.2840	-27.7846
2018	162	  23	 55	161.9965	  0.0000	  3.6307	    0.0496	 14.6741	 15.8250	  0.0000	 300.0000	 300.0000	 300.0000	   0.0000	   0.0000	   0.0000	 13.7000	 16.9000	 81.0833	   5.1000	   5.5000	   5.9000	  0.8000	  0.2000	  0.1000	  0.1600	  0.1900	   0.0000	   0.0000	   0.0000	   0.0000	   0.0000	   0.0000	   0.0000	   0.0000	   0.0000	  1.0000	  0.0000	        0.0000	        0.0000	        0.0000	        0.0000	        0.0000	        0.0000	        0.0000	  0.4703	  0.2840	-27.7846
2018	163	  23	 55	162.9965	  0.0000	 16.7730	    0.2906	 20.5292	  0.0000	  2.0000	 300.0000	 300.0000	 300.0000	   0.0000	   0.0000	   0.0000	 13.6000	 21.7000	 73.7500	   5.1000	   5.5000	   5.9000	  0.8000	  0.2000	  0.1000	  0.1600	  0.1900	   0.0000	   0.0000	   0.0000	   0.0000	   0.0000	   0.0000	   0.0000	   0.0000	   0.0000	  1.0000	  0.0000	        0.0000	        0.0000	        0.0000	        0.0000	        0.0000	        0.0000	        0.0000	  0.4703	  0.2840	-27.7846
2018	164	  23	 55	163.9965	  0.0000	3713.3696	   65.4532	 29.5140	  0.0000	  3.0000	 300.0000	 300.0000	 300.0000	   0.0000	   0.0000	   0.0000	 12.5000	 21.9000	 71.9167	   5.1000	   5.5000	   5.9000	  0.8000	  0.2000	  0.1000	  0.1600	  0.1900	 254.4833	 115.6671	 138.8162	 254.4833	 115.6671	 138.8162	 254.4833	 115.6671	 138.8162	  1.0000	  0.0000	        0.0000	        0.0000	        0.0000	        0.0000	        0.0000	        0.0000	        0.0000	  0.4703	  0.2840	-27.7846
2018	165	  23	 55	164.9965	  0.0000	 15.1747	    0.2447	 27.7411	 53.2333	  0.0000	 300.0000	 300.0000	 300.0000	   0.0000	   0.0000	   0.0000	 13.8000	 20.6000	 60.7500	   5.1000	   5.5000	   5.9000	  0.8000	  0.2000	  0.1000	  0.1600	  0.1900	   0.0000	   0.0000	   0.0000	   0.0000	   0.0000	   0.0000	   0.0000	   0.0000	   0.0000	  1.0000	  0.0000	        0.0000	        0.0000	        0.0000	        0.0000	        0.0000	        0.0000	        0.0000	  0.4703	  0.2840	-27.7846
2018	166	  23	 55	165.9965	  0.0000	4773.8384	   74.7095	 37.1348	  0.0000	  1.0000	 300.0000	 300.0000	 300.0000	   0.0000	   0.0000	   0.0000	 13.6000	 18.9000	 82.5833	   5.1000	   5.5000	   5.9000	  0.8000	  0.2000	  0.1000	  0.1600	  0.1900	 291.8132	 132.6341	 159.1791	 291.8132	 132.6341	 159.1791	 291.8132	 132.6341	 159.1791	  1.0000	  0.0000	        0.0000	        0.0000	        0.0000	        0.0000	        0.0000	        0.0000	        0.0000	  0.4703	  0.2840	-27.7846
2018	167	  23	 55	166.9965	  0.0000	 19.1814	    0.3097	 35.8069	 17.0500	  0.0000	 300.0000	 300.0000	 300.0000	   0.0000	   0.0000	   0.0000	 13.9000	 22.2000	 72.1667	   5.1000	   5.5000	   5.9000	  0.8000	  0.2000	  0.1000	  0.1600	  0.1900	   0.0000	   0.0000	   0.0000	   0.0000	   0.0000	   0.0000	   0.0000	   0.0000	   0.0000	  1.0000	  0.0000	        0.0000	        0.0000	        0.0000	        0.0000	        0.0000	        0.0000	        0.0000	  0.4703	  0.2840	-27.7846
2018	168	  23	 55	167.9965	  0.0000	  3.5434	    0.0503	  0.1677	156.0500	  0.0000	 300.0000	 300.0000	 300.0000	   0.0000	   0.0000	   0.0000	 13.9000	 18.4000	116.6667	   5.1000	   5.5000	   5.9000	  0.8000	  0.2000	  0.1000	  0.1600	  0.1900	   0.0000	   0.0000	   0.0000	   0.0000	   0.0000	   0.0000	   0.0000	   0.0000	   0.0000	  1.0000	  0.0000	        0.0000	        0.0000	        0.0000	        0.0000	        0.0000	        0.0000	        0.0000	  0.4703	  0.2840	-27.7846
2018	169	  23	 55	168.9965	  0.0000	  3.6003	    0.0508	  9.3944	  7.4583	  0.0000	 300.0000	 300.0000	 300.0000	   0.0000	   0.0000	   0.0000	 14.1000	 18.2000	 56.8333	   5.1000	   5.5000	   5.9000	  0.8000	  0.2000	  0.1000	  0.1600	  0.1900	   0.0000	   0.0000	   0.0000	   0.0000	   0.0000	   0.0000	   0.0000	   0.0000	   0.0000	  1.0000	  0.0000	        0.0000	        0.0000	        0.0000	        0.0000	        0.0000	        0.0000	        0.0000	  0.4703	  0.2840	-27.7846
2018	170	  23	 55	169.9965	  0.0000	3093.1468	   47.4151	 16.9985	  7.1500	  0.0000	 300.0000	 300.0000	 300.0000	   0.0000	   0.0000	   0.0000	 12.9250	 17.4000	 65.3333	   5.1000	   5.5000	   5.9000	  0.8000	  0.2000	  0.1000	  0.1600	  0.1900	 170.5873	  77.5343	  93.0530	 170.5873	  77.5343	  93.0530	 170.5873	  77.5343	  93.0530	  1.0000	  0.0000	        0.0000	        0.0000	        0.0000	        0.0000	        0.0000	        0.0000	        0.0000	  0.4703	  0.2840	-27.7846
2018	171	  23	 55	170.9965	  0.0000	  3.5441	    0.0510	 11.1145	 50.3500	  0.0000	 300.0000	 300.0000	 300.0000	   0.0000	   0.0000	   0.0000	 11.4000	 16.9000	 55.5833	   5.1000	   5.5000	   5.9000	  0.8000	  0.2000	  0.1000	  0.1600	  0.1900	   0.0000	   0.0000	   0.0000	   0.0000	   0.0000	   0.0000	   0.0000	   0.0000	   0.0000	  1.0000	  0.0000	        0.0000	        0.0000	        0.0000	        0.0000	        0.0000	        0.0000	        0.0000	  0.4703	  0.2840	-27.7846
2018	172	  23	 55	171.9965	  0.0000	 15.6504	    0.1989	 14.7178	 16.6667	  0.0000	 300.0000	 300.0000	 300.0000	   0.0000	   0.0000	   0.0000	  9.8000	 16.0000	 58.5833	   5.1000	   5.5000	   5.9000	  0.8000	  0.2000	  0.1000	  0.1600	  0.1900	   0.0000	   0.0000	   0.0000	   0.0000	   0.0000	   0.0000	   0.0000	   0.0000	   0.0000	  1.0000	  0.0000	        0.0000	        0.0000	        0.0000	        0.0000	        0.0000	        0.0000	        0.0000	  0.4703	  0.2840	-27.7846
2018	173	  23	 55	172.9965	  0.0000	  3.5353	    0.0422	 11.1957	  0.0000	  4.0000	 300.0000	 300.0000	 300.0000	   0.0000	   0.0000	   0.0000	  9.4000	 17.3000	 66.4167	   5.1000	   5.5000	   5.9000	  0.8000	  0.2000	  0.1000	  0.1600	  0.1900	   0.0000	   0.0000	   0.0000	   0.0000	   0.0000	   0.0000	   0.0000	   0.0000	   0.0000	  1.0000	  0.0000	        0.0000	        0.0000	        0.0000	        0.0000	        0.0000	        0.0000	        0.0000	  0.4703	  0.2840	-27.7846
2018	174	  23	 55	173.9965	  0.0000	  3.5343	    0.0413	  6.4467	  0.0000	 10.0000	 300.0000	 300.0000	 300.0000	   0.0000	   0.0000	   0.0000	  8.6000	 19.1000	 65.4167	   5.1000	   5.5000	   5.9000	  0.8000	  0.2000	  0.1000	  0.1600	  0.1900	   0.0000	   0.0000	   0.0000	   0.0000	   0.0000	   0.0000	   0.0000	   0.0000	   0.0000	  1.0000	  0.0000	        0.0000	        0.0000	        0.0000	        0.0000	        0.0000	        0.0000	        0.0000	  0.4703	  0.2840	-27.7846
2018	175	  23	 55	174.9965	  0.0000	3749.6332	   66.9084	 18.5390	  0.0000	 11.0000	 300.0000	 300.0000	 300.0000	   0.0000	   0.0000	   0.0000	 10.4000	 22.3000	 74.5000	   5.1000	   5.5000	   5.9000	  0.8000	  0.2000	  0.1000	  0.1600	  0.1900	 273.7916	 124.4440	 149.3476	 273.7916	 124.4440	 149.3476	 273.7916	 124.4440	 149.3476	  1.0000	  0.0000	        0.0000	        0.0000	        0.0000	        0.0000	        0.0000	        0.0000	        0.0000	  0.4703	  0.2840	-27.7846
2018	176	  23	 55	175.9965	  0.0000	 15.5702	    0.3006	 23.1289	  0.0000	 13.0000	 300.0000	 300.0000	 300.0000	   0.0000	   0.0000	   0.0000	 15.0000	 24.6000	 69.5833	   5.1000	   5.5000	   5.9000	  0.8000	  0.2000	  0.1000	  0.1600	  0.1900	   0.0000	   0.0000	   0.0000	   0.0000	   0.0000	   0.0000	   0.0000	   0.0000	   0.0000	  1.0000	  0.0000	        0.0000	        0.0000	        0.0000	        0.0000	        0.0000	        0.0000	        0.0000	  0.4703	  0.2840	-27.7846
2018	177	  23	 55	176.9965	  0.0000	  3.5576	    0.0645	 19.0738	  0.0000	 17.0000	 300.0000	 300.0000	 300.0000	   0.0000	   0.0000	   0.0000	 14.2000	 27.1000	 78.5000	   5.1000	   5.5000	   5.9000	  0.8000	  0.2000	  0.1000	  0.1600	  0.1900	   0.0000	   0.0000	   0.0000	   0.0000	   0.0000	   0.0000	   0.0000	   0.0000	   0.0000	  1.0000	  0.0000	        0.0000	        0.0000	        0.0000	        0.0000	        0.0000	        0.0000	        0.0000	  0.4703	  0.2840	-27.7846
2018	178	  23	 55	177.9965	  0.0000	 15.5732	    0.3279	 24.2951	  0.0000	 19.0000	 300.0000	 300.0000	 300.0000	   0.0000	   0.0000	   0.0000	 16.4000	 25.9000	 67.6667	   5.1000	   5.5000	   5.9000	  0.8000	  0.2000	  0.1000	  0.1600	  0.1900	   0.0000	   0.0000	   0.0000	   0.0000	   0.0000	   0.0000	   0.0000	   0.0000	   0.0000	  1.0000	  0.0000	        0.0000	        0.0000	        0.0000	        0.0000	        0.0000	        0.0000	        0.0000	  0.4703	  0.2840	-27.7846
2018	179	  23	 55	178.9965	  0.0000	3713.1267	   82.6145	 35.9590	  0.0000	 20.0000	 300.0000	 300.0000	 300.0000	   0.0000	   0.0000	   0.0000	 17.4000	 26.3000	 74.7500	   5.1000	   5.5000	   5.9000	  0.8000	  0.2000	  0.1000	  0.1600	  0.1900	 357.1662	 162.3405	 194.8257	 357.1662	 162.3405	 194.8257	 357.1662	 162.3405	 194.8257	  1.0000	  0.0000	        0.0000	        0.0000	        0.0000	        0.0000	        0.0000	        0.0000	        0.0000	  0.4703	  0.2840	-27.7846
