Year	DOY	Hour	Min	 Dectime	  HDD1_h	  HDD2_c	HDD3_Tmean	HDD4_T5d	   P_day	  DaysSR	GDD_EveTr	GDD_DecTr	GDD_Grass	SDD_EveTr	SDD_DecTr	SDD_Grass	    Tmin	    Tmax	   DLHrs	LAI_EveTr	LAI_DecTr	LAI_Grass	DecidCap	Porosity	AlbEveTr	AlbDecTr	AlbGrass	WU_EveTr1	WU_EveTr2	WU_EveTr3	WU_DecTr1	WU_DecTr2	WU_DecTr3	WU_Grass1	WU_Grass2	WU_Grass3	LAIlumps	 AlbSnow	DensSnow_Paved	DensSnow_Bldgs	DensSnow_EveTr	DensSnow_DecTr	DensSnow_Grass	DensSnow_BSoil	DensSnow_Water	      a1	      a2	      a3
2018	  1	  23	 55	  0.9965	  0.0000	 10.8858	    0.0552	  5.7056	 17.8917	  0.0000	   0.2000	   0.2000	   0.2000	-450.0000	-450.0000	-450.0000	  3.6000	  6.6000	 13.5833	   4.0003	   1.0006	   1.6006	  0.3001	  0.5999	  0.1000	  0.1600	  0.1900	   0.0000	   0.0000	   0.0000	   0.0000	   0.0000	   0.0000	   0.0000	   0.0000	   0.0000	  0.2563	  0.0000	        0.0000	        0.0000	        0.0000	        0.0000	        0.0000	        0.0000	        0.0000	  0.4076	  0.3668	-25.9863
2018	  2	  23	 55	  1.9965	  0.0000	  8.7670	    0.0467	  5.0035	  0.7500	  0.0000	   1.5000	   1.5000	   1.5000	-450.0000	-450.0000	-450.0000	  4.8000	  6.5000	 13.0000	   4.0028	   1.0053	   1.6054	  0.3006	  0.5995	  0.1000	  0.1600	  0.1900	   0.0000	   0.0000	   0.0000	   0.0000	   0.0000	   0.0000	   0.0000	   0.0000	   0.0000	  0.2566	  0.0000	        0.0000	        0.0000	        0.0000	        0.0000	        0.0000	        0.0000	        0.0000	  0.4076	  0.3668	-25.9863
2018	  3	  23	 55	  2.9965	  0.0000	1641.5070	    5.5140	  5.1056	 18.2000	  0.0000	   0.0000	   0.0000	   0.0000	-450.0000	-450.0000	-450.0000	  2.6000	  5.0000	  8.7500	   4.0028	   1.0053	   1.6054	  0.3006	  0.5995	  0.1000	  0.1600	  0.1900	   0.0000	   0.0000	   0.0000	   0.0000	   0.0000	   0.0000	   0.0000	   0.0000	   0.0000	  0.2572	  0.0000	        0.0000	        0.0000	        0.0000	        0.0000	        0.0000	        0.0000	        0.0000	  0.4076	  0.3668	-25.9863
2018	  4	  23	 55	  3.9965	  0.0000	  9.0719	    0.0241	  3.9825	  0.0167	  0.0000	   0.0000	   0.0000	   0.0000	-450.0000	-450.0000	-450.0000	  2.2000	  3.5000	 12.8333	   4.0028	   1.0053	   1.6054	  0.3006	  0.5995	  0.1000	  0.1600	  0.1900	   0.0000	   0.0000	   0.0000	   0.0000	   0.0000	   0.0000	   0.0000	   0.0000	   0.0000	  0.2572	  0.0000	        0.0000	        0.0000	        0.0000	        0.0000	        0.0000	        0.0000	        0.0000	  0.4076	  0.3668	-25.9863
2018	  5	  23	 55	  4.9965	  0.0000	1265.9844	    2.4409	  3.6742	  0.0000	  1.0000	   0.0000	   0.0000	   0.0000	-450.0000	-450.0000	-450.0000	  0.8167	  2.8000	  7.0000	   4.0028	   1.0053	   1.6054	  0.3006	  0.5995	  0.1000	  0.1600	  0.1900	   0.0000	   0.0000	   0.0000	   0.0000	   0.0000	   0.0000	   0.0000	   0.0000	   0.0000	  0.2572	  0.0000	        0.0000	        0.0000	        0.0000	        0.0000	        0.0000	        0.0000	        0.0000	  0.4076	  0.3668	-25.9863
2018	  6	  23	 55	  5.9965	  0.0000	  8.3008	   -0.0313	  1.8737	  0.0000	  3.0000	   0.0000	   0.0000	   0.0000	-450.0000	-450.0000	-450.0000	 -6.0500	  0.8000	  8.5000	   4.0028	   1.0053	   1.6054	  0.3006	  0.5995	  0.1000	  0.1600	  0.1900	   0.0000	   0.0000	   0.0000	   0.0000	   0.0000	   0.0000	   0.0000	   0.0000	   0.0000	  0.2572	  0.0000	        0.0000	        0.0000	        0.0000	        0.0000	        0.0000	        0.0000	        0.0000	  0.4076	  0.3668	-25.9863
2018	  7	  23	 55	  6.9965	  0.0000	1862.0471	   -3.6811	  0.7628	  0.0000	  4.0000	   0.0000	   0.0000	   0.0000	-450.0000	-450.0000	-450.0000	 -7.9000	  4.4000	 23.3333	   4.0028	   1.0053	   1.6054	  0.3006	  0.5995	  0.1000	  0.1600	  0.1900	   0.0000	   0.0000	   0.0000	   0.0000	   0.0000	   0.0000	   0.0000	   0.0000	   0.0000	  0.2572	  0.0000	        0.0000	        0.0000	        0.0000	        0.0000	        0.0000	        0.0000	        0.0000	  0.4076	  0.3668	-25.9863
2018	  8	  23	 55	  7.9965	  0.0000	1678.8238	    4.5415	  1.5185	  0.0000	  5.0000	   0.0000	   0.0000	   0.0000	-450.0000	-450.0000	-450.0000	  0.2000	  4.3000	 14.5000	   4.0028	   1.0053	   1.6054	  0.3006	  0.5995	  0.1000	  0.1600	  0.1900	   0.0000	   0.0000	   0.0000	   0.0000	   0.0000	   0.0000	   0.0000	   0.0000	   0.0000	  0.2572	  0.0000	        0.0000	        0.0000	        0.0000	        0.0000	        0.0000	        0.0000	        0.0000	  0.4076	  0.3668	-25.9863
2018	  9	  23	 55	  8.9965	  0.0000	  8.9631	    0.0245	  1.4789	  0.0000	  7.0000	   0.0000	   0.0000	   0.0000	-450.0000	-450.0000	-450.0000	 -0.9000	  4.6000	 16.0000	   4.0028	   1.0053	   1.6054	  0.3006	  0.5995	  0.1000	  0.1600	  0.1900	   0.0000	   0.0000	   0.0000	   0.0000	   0.0000	   0.0000	   0.0000	   0.0000	   0.0000	  0.2572	  0.0000	        0.0000	        0.0000	        0.0000	        0.0000	        0.0000	        0.0000	        0.0000	  0.4076	  0.3668	-25.9863
2018	 10	  23	 55	  9.9965	  0.0000	1986.9682	    6.3724	  2.4576	 14.7333	  0.0000	   0.0000	   0.0000	   0.0000	-450.0000	-450.0000	-450.0000	  2.1000	  3.9000	  5.6667	   4.0028	   1.0053	   1.6054	  0.3006	  0.5995	  0.1000	  0.1600	  0.1900	   0.0000	   0.0000	   0.0000	   0.0000	   0.0000	   0.0000	   0.0000	   0.0000	   0.0000	  0.2572	  0.0000	        0.0000	        0.0000	        0.0000	        0.0000	        0.0000	        0.0000	        0.0000	  0.4076	  0.3668	-25.9863
2018	 11	  23	 55	 10.9965	  0.0000	2031.0655	    5.2188	  3.0098	  6.3583	  0.0000	   0.0000	   0.0000	   0.0000	-450.0000	-450.0000	-450.0000	 -0.4000	  3.5000	 18.4167	   4.0028	   1.0053	   1.6054	  0.3006	  0.5995	  0.1000	  0.1600	  0.1900	   0.0000	   0.0000	   0.0000	   0.0000	   0.0000	   0.0000	   0.0000	   0.0000	   0.0000	  0.2572	  0.0000	        0.0000	        0.0000	        0.0000	        0.0000	        0.0000	        0.0000	        0.0000	  0.4076	  0.3668	-25.9863
2018	 12	  23	 55	 11.9965	  0.0000	  3.5398	   -0.0001	  1.9980	  0.4500	  0.0000	   0.0000	   0.0000	   0.0000	-450.0000	-450.0000	-450.0000	 -0.5000	  2.0000	 10.5833	   4.0028	   1.0053	   1.6054	  0.3006	  0.5995	  0.1000	  0.1600	  0.1900	   0.0000	   0.0000	   0.0000	   0.0000	   0.0000	   0.0000	   0.0000	   0.0000	   0.0000	  0.2572	  0.0000	        0.0000	        0.0000	        0.0000	        0.0000	        0.0000	        0.0000	        0.0000	  0.4076	  0.3668	-25.9863
2018	 13	  23	 55	 12.9965	  0.0000	1378.5966	    0.1854	  1.6355	  0.8083	  0.0000	   0.0000	   0.0000	   0.0000	-450.0000	-450.0000	-450.0000	 -0.7917	  0.7000	  5.4167	   4.0028	   1.0053	   1.6054	  0.3006	  0.5995	  0.1000	  0.1600	  0.1900	   0.0000	   0.0000	   0.0000	   0.0000	   0.0000	   0.0000	   0.0000	   0.0000	   0.0000	  0.2572	  0.0000	        0.0000	        0.0000	        0.0000	        0.0000	        0.0000	        0.0000	        0.0000	  0.4076	  0.3668	-25.9863
2018	 14	  23	 55	 13.9965	  0.0000	1054.0321	   -0.6613	  1.1761	  0.0000	  1.0000	   0.0000	   0.0000	   0.0000	-450.0000	-450.0000	-450.0000	 -1.7833	  0.0010	  5.0833	   4.0028	   1.0053	   1.6054	  0.3006	  0.5995	  0.1000	  0.1600	  0.1900	   0.0000	   0.0000	   0.0000	   0.0000	   0.0000	   0.0000	   0.0000	   0.0000	   0.0000	  0.2572	  0.0000	        0.0000	        0.0000	        0.0000	        0.0000	        0.0000	        0.0000	        0.0000	  0.4076	  0.3668	-25.9863
2018	 15	  23	 55	 14.9965	  0.0000	1242.4896	   -0.1690	  0.9071	  5.5083	  0.0000	   0.0000	   0.0000	   0.0000	-450.0000	-450.0000	-450.0000	 -1.9000	  0.8833	  4.5000	   4.0028	   1.0053	   1.6054	  0.3006	  0.5995	  0.1000	  0.1600	  0.1900	   0.0000	   0.0000	   0.0000	   0.0000	   0.0000	   0.0000	   0.0000	   0.0000	   0.0000	  0.2572	  0.0000	        0.0000	        0.0000	        0.0000	        0.0000	        0.0000	        0.0000	        0.0000	  0.4076	  0.3668	-25.9863
2018	 16	  23	 55	 15.9965	  0.0000	  3.5579	    0.0049	  2.2750	 43.1583	  0.0000	   0.0000	   0.0000	   0.0000	-450.0000	-450.0000	-450.0000	  0.4000	  3.7000	 18.0833	   4.0028	   1.0053	   1.6054	  0.3006	  0.5995	  0.1000	  0.1600	  0.1900	   0.0000	   0.0000	   0.0000	   0.0000	   0.0000	   0.0000	   0.0000	   0.0000	   0.0000	  0.2572	  0.0000	        0.0000	        0.0000	        0.0000	        0.0000	        0.0000	        0.0000	        0.0000	  0.4076	  0.3668	-25.9863
2018	 17	  23	 55	 16.9965	  0.0000	 10.4957	    0.0168	  2.0342	  0.1667	  0.0000	   0.0000	   0.0000	   0.0000	-450.0000	-450.0000	-450.0000	  0.7000	  3.3000	 18.2500	   4.0028	   1.0053	   1.6054	  0.3006	  0.5995	  0.1000	  0.1600	  0.1900	   0.0000	   0.0000	   0.0000	   0.0000	   0.0000	   0.0000	   0.0000	   0.0000	   0.0000	  0.2572	  0.0000	        0.0000	        0.0000	        0.0000	        0.0000	        0.0000	        0.0000	        0.0000	  0.4076	  0.3668	-25.9863
2018	 18	  23	 55	 17.9965	  0.0000	1564.0487	    1.1532	  1.8580	  0.0083	  0.0000	   0.0000	   0.0000	   0.0000	-450.0000	-450.0000	-450.0000	 -1.1667	  1.5000	 12.8333	   4.0028	   1.0053	   1.6054	  0.3006	  0.5995	  0.1000	  0.1600	  0.1900	   0.0000	   0.0000	   0.0000	   0.0000	   0.0000	   0.0000	   0.0000	   0.0000	   0.0000	  0.2572	  0.0000	        0.0000	        0.0000	        0.0000	        0.0000	        0.0000	        0.0000	        0.0000	  0.4076	  0.3668	-25.9863
2018	 19	  23	 55	 18.9965	  0.0000	1890.7414	   -2.8335	  0.9197	  0.0000	  1.0000	   0.0000	   0.0000	   0.0000	-450.0000	-450.0000	-450.0000	 -3.8000	  0.8000	 22.4167	   4.0028	   1.0053	   1.6054	  0.3006	  0.5995	  0.1000	  0.1600	  0.1900	   0.0000	   0.0000	   0.0000	   0.0000	   0.0000	   0.0000	   0.0000	   0.0000	   0.0000	  0.2572	  0.0000	        0.0000	        0.0000	        0.0000	        0.0000	        0.0000	        0.0000	        0.0000	  0.4076	  0.3668	-25.9863
2018	 20	  23	 55	 19.9965	  0.0000	1222.1640	    0.3905	  0.8138	  0.3000	  0.0000	   0.0000	   0.0000	   0.0000	-450.0000	-450.0000	-450.0000	 -1.1000	  1.2000	 11.0000	   4.0028	   1.0053	   1.6054	  0.3006	  0.5995	  0.1000	  0.1600	  0.1900	   0.0000	   0.0000	   0.0000	   0.0000	   0.0000	   0.0000	   0.0000	   0.0000	   0.0000	  0.2572	  0.0000	        0.0000	        0.0000	        0.0000	        0.0000	        0.0000	        0.0000	        0.0000	  0.4076	  0.3668	-25.9863
2018	 21	  23	 55	 20.9965	  0.0000	1385.7514	    0.3786	  0.7268	  0.0000	  1.0000	   0.0000	   0.0000	   0.0000	-450.0000	-450.0000	-450.0000	 -0.4000	  1.0000	 10.2500	   4.0028	   1.0053	   1.6054	  0.3006	  0.5995	  0.1000	  0.1600	  0.1900	   0.0000	   0.0000	   0.0000	   0.0000	   0.0000	   0.0000	   0.0000	   0.0000	   0.0000	  0.2572	  0.0000	        0.0000	        0.0000	        0.0000	        0.0000	        0.0000	        0.0000	        0.0000	  0.4076	  0.3668	-25.9863
2018	 22	  23	 55	 21.9965	  0.0000	1249.0985	   -0.5217	  0.4771	  0.0000	  2.0000	   0.0000	   0.0000	   0.0000	-450.0000	-450.0000	-450.0000	 -2.0000	  0.6000	 11.3333	   4.0028	   1.0053	   1.6054	  0.3006	  0.5995	  0.1000	  0.1600	  0.1900	   0.0000	   0.0000	   0.0000	   0.0000	   0.0000	   0.0000	   0.0000	   0.0000	   0.0000	  0.2572	  0.0000	        0.0000	        0.0000	        0.0000	        0.0000	        0.0000	        0.0000	        0.0000	  0.4076	  0.3668	-25.9863
2018	 23	  23	 55	 22.9965	  0.0000	1495.3894	    2.1106	  0.8038	 28.8000	  0.0000	   0.0000	   0.0000	   0.0000	-450.0000	-450.0000	-450.0000	 -0.4000	  4.9500	  7.9167	   4.0028	   1.0053	   1.6054	  0.3006	  0.5995	  0.1000	  0.1600	  0.1900	   0.0000	   0.0000	   0.0000	   0.0000	   0.0000	   0.0000	   0.0000	   0.0000	   0.0000	  0.2572	  0.0000	        0.0000	        0.0000	        0.0000	        0.0000	        0.0000	        0.0000	        0.0000	  0.4076	  0.3668	-25.9863
2018	 24	  23	 55	 23.9965	  0.0000	1787.1011	   11.8746	  3.0180	 21.0333	  0.0000	   1.9500	   1.9500	   1.9500	-450.0000	-450.0000	-450.0000	  5.0000	  8.9000	  6.2500	   4.0049	   1.0092	   1.6094	  0.3010	  0.5992	  0.1000	  0.1600	  0.1900	   0.0000	   0.0000	   0.0000	   0.0000	   0.0000	   0.0000	   0.0000	   0.0000	   0.0000	  0.2578	  0.0000	        0.0000	        0.0000	        0.0000	        0.0000	        0.0000	        0.0000	        0.0000	  0.4076	  0.3668	-25.9863
2018	 25	  23	 55	 24.9965	  0.0000	1298.9755	    7.5852	  3.9314	  1.2667	  0.0000	   2.7500	   2.7500	   2.7500	-450.0000	-450.0000	-450.0000	  5.3000	  6.3000	 10.3333	   4.0078	   1.0147	   1.6150	  0.3016	  0.5987	  0.1000	  0.1600	  0.1900	   0.0000	   0.0000	   0.0000	   0.0000	   0.0000	   0.0000	   0.0000	   0.0000	   0.0000	  0.2588	  0.0000	        0.0000	        0.0000	        0.0000	        0.0000	        0.0000	        0.0000	        0.0000	  0.4076	  0.3668	-25.9863
2018	 26	  23	 55	 25.9965	  0.0000	  8.8878	    0.0341	  3.7089	  4.0167	  0.0000	   0.0000	   0.0000	   0.0000	-450.0000	-450.0000	-450.0000	  2.3750	  5.7000	 11.5833	   4.0078	   1.0147	   1.6150	  0.3016	  0.5987	  0.1000	  0.1600	  0.1900	   0.0000	   0.0000	   0.0000	   0.0000	   0.0000	   0.0000	   0.0000	   0.0000	   0.0000	  0.2588	  0.0000	        0.0000	        0.0000	        0.0000	        0.0000	        0.0000	        0.0000	        0.0000	  0.4076	  0.3668	-25.9863
2018	 27	  23	 55	 26.9965	  0.0000	 11.2560	    0.0251	  2.9661	 20.5583	  0.0000	   0.0000	   0.0000	   0.0000	-450.0000	-450.0000	-450.0000	 -2.8000	  4.5000	 25.0000	   4.0078	   1.0147	   1.6150	  0.3016	  0.5987	  0.1000	  0.1600	  0.1900	   0.0000	   0.0000	   0.0000	   0.0000	   0.0000	   0.0000	   0.0000	   0.0000	   0.0000	  0.2588	  0.0000	        0.0000	        0.0000	        0.0000	        0.0000	        0.0000	        0.0000	        0.0000	  0.4076	  0.3668	-25.9863
2018	 28	  23	 55	 27.9965	  0.0000	3282.3375	   17.3131	  5.8355	 12.1000	  0.0000	   0.4500	   0.4500	   0.4500	-450.0000	-450.0000	-450.0000	  3.6000	  7.3000	  9.1667	   4.0082	   1.0156	   1.6159	  0.3017	  0.5986	  0.1000	  0.1600	  0.1900	   0.0000	   0.0000	   0.0000	   0.0000	   0.0000	   0.0000	   0.0000	   0.0000	   0.0000	  0.2590	  0.0000	        0.0000	        0.0000	        0.0000	        0.0000	        0.0000	        0.0000	        0.0000	  0.4076	  0.3668	-25.9863
2018	 29	  23	 55	 28.9965	  0.0000	 11.1189	    0.0457	  5.2243	 42.5750	  0.0000	   0.0000	   0.0000	   0.0000	-450.0000	-450.0000	-450.0000	  2.5000	  7.2000	 13.6667	   4.0082	   1.0156	   1.6159	  0.3017	  0.5986	  0.1000	  0.1600	  0.1900	   0.0000	   0.0000	   0.0000	   0.0000	   0.0000	   0.0000	   0.0000	   0.0000	   0.0000	  0.2590	  0.0000	        0.0000	        0.0000	        0.0000	        0.0000	        0.0000	        0.0000	        0.0000	  0.4076	  0.3668	-25.9863
2018	 30	  23	 55	 29.9965	  0.0000	2007.5896	    6.1088	  5.4012	  0.0000	  1.0000	   0.0000	   0.0000	   0.0000	-450.0000	-450.0000	-450.0000	 -0.4000	  5.5000	 24.5000	   4.0082	   1.0156	   1.6159	  0.3017	  0.5986	  0.1000	  0.1600	  0.1900	   0.0000	   0.0000	   0.0000	   0.0000	   0.0000	   0.0000	   0.0000	   0.0000	   0.0000	  0.2590	  0.0000	        0.0000	        0.0000	        0.0000	        0.0000	        0.0000	        0.0000	        0.0000	  0.4076	  0.3668	-25.9863
2018	 31	  23	 55	 30.9965	  0.0000	 12.7776	    0.0429	  4.9640	 31.6083	  0.0000	   0.0000	   0.0000	   0.0000	-450.0000	-450.0000	-450.0000	  1.5000	  5.3000	 16.6667	   4.0082	   1.0156	   1.6159	  0.3017	  0.5986	  0.1000	  0.1600	  0.1900	   0.0000	   0.0000	   0.0000	   0.0000	   0.0000	   0.0000	   0.0000	   0.0000	   0.0000	  0.2590	  0.0000	        0.0000	        0.0000	        0.0000	        0.0000	        0.0000	        0.0000	        0.0000	  0.4076	  0.3668	-25.9863
2018	 32	  23	 55	 31.9965	  0.0000	 20.8274	    0.0636	  5.6280	 94.8583	  0.0000	   0.0000	   0.0000	   0.0000	-450.0000	-450.0000	-450.0000	  0.7000	  4.5000	 17.5833	   4.0082	   1.0156	   1.6159	  0.3017	  0.5986	  0.1000	  0.1600	  0.1900	   0.0000	   0.0000	   0.0000	   0.0000	   0.0000	   0.0000	   0.0000	   0.0000	   0.0000	  0.2590	  0.0000	        0.0000	        0.0000	        0.0000	        0.0000	        0.0000	        0.0000	        0.0000	  0.4076	  0.3668	-25.9863
2018	 33	  23	 55	 32.9965	  0.0000	1772.1853	   -3.0412	  3.8942	  1.1500	  0.0000	   0.0000	   0.0000	   0.0000	-450.0000	-450.0000	-450.0000	 -5.1000	  3.0000	 12.3333	   4.0082	   1.0156	   1.6159	  0.3017	  0.5986	  0.1000	  0.1600	  0.1900	   0.0000	   0.0000	   0.0000	   0.0000	   0.0000	   0.0000	   0.0000	   0.0000	   0.0000	  0.2590	  0.0000	        0.0000	        0.0000	        0.0000	        0.0000	        0.0000	        0.0000	        0.0000	  0.4076	  0.3668	-25.9863
2018	 34	  23	 55	 33.9965	  0.0000	1207.3473	   -3.9837	  2.3186	  0.1750	  0.0000	   0.0000	   0.0000	   0.0000	-450.0000	-450.0000	-450.0000	 -5.1000	 -2.2000	  9.5000	   4.0082	   1.0156	   1.6159	  0.3017	  0.5986	  0.1000	  0.1600	  0.1900	   0.0000	   0.0000	   0.0000	   0.0000	   0.0000	   0.0000	   0.0000	   0.0000	   0.0000	  0.2590	  0.0000	        0.0000	        0.0000	        0.0000	        0.0000	        0.0000	        0.0000	        0.0000	  0.4076	  0.3668	-25.9863
2018	 35	  23	 55	 34.9965	  0.0000	1481.1874	   -5.1297	  0.8289	  0.0000	  1.0000	   0.0000	   0.0000	   0.0000	-450.0000	-450.0000	-450.0000	 -6.6917	 -2.2000	 15.4167	   4.0082	   1.0156	   1.6159	  0.3017	  0.5986	  0.1000	  0.1600	  0.1900	   0.0000	   0.0000	   0.0000	   0.0000	   0.0000	   0.0000	   0.0000	   0.0000	   0.0000	  0.2590	  0.0000	        0.0000	        0.0000	        0.0000	        0.0000	        0.0000	        0.0000	        0.0000	  0.4076	  0.3668	-25.9863
2018	 36	  23	 55	 35.9965	  0.0000	2092.6724	  -13.2335	 -1.9836	  0.0000	  2.0000	   0.0000	   0.0000	   0.0000	-450.0000	-450.0000	-450.0000	 -9.1000	 -2.9000	 26.3333	   4.0082	   1.0156	   1.6159	  0.3017	  0.5986	  0.1000	  0.1600	  0.1900	   0.0000	   0.0000	   0.0000	   0.0000	   0.0000	   0.0000	   0.0000	   0.0000	   0.0000	  0.2590	  0.0000	        0.0000	        0.0000	        0.0000	        0.0000	        0.0000	        0.0000	        0.0000	  0.4076	  0.3668	-25.9863
2018	 37	  23	 55	 36.9965	  0.0000	1429.3051	   -4.7994	 -2.5467	  0.3500	  0.0000	   0.0000	   0.0000	   0.0000	-450.0000	-450.0000	-450.0000	 -8.5000	 -0.8000	 10.2500	   4.0082	   1.0156	   1.6159	  0.3017	  0.5986	  0.1000	  0.1600	  0.1900	   0.0000	   0.0000	   0.0000	   0.0000	   0.0000	   0.0000	   0.0000	   0.0000	   0.0000	  0.2590	  0.0000	        0.0000	        0.0000	        0.0000	        0.0000	        0.0000	        0.0000	        0.0000	  0.4076	  0.3668	-25.9863
2018	 38	  23	 55	 37.9965	  0.0000	1771.1370	   -0.6087	 -2.1591	  6.3417	  0.0000	   0.0000	   0.0000	   0.0000	-450.0000	-450.0000	-450.0000	 -3.7000	  2.0000	 17.2500	   4.0082	   1.0156	   1.6159	  0.3017	  0.5986	  0.1000	  0.1600	  0.1900	   0.0000	   0.0000	   0.0000	   0.0000	   0.0000	   0.0000	   0.0000	   0.0000	   0.0000	  0.2590	  0.0000	        0.0000	        0.0000	        0.0000	        0.0000	        0.0000	        0.0000	        0.0000	  0.4076	  0.3668	-25.9863
2018	 39	  23	 55	 38.9965	  0.0000	1721.8063	    2.2732	 -1.2727	  0.0000	  1.0000	   0.0000	   0.0000	   0.0000	-450.0000	-450.0000	-450.0000	 -0.1000	  2.5000	 17.1667	   4.0082	   1.0156	   1.6159	  0.3017	  0.5986	  0.1000	  0.1600	  0.1900	   0.0000	   0.0000	   0.0000	   0.0000	   0.0000	   0.0000	   0.0000	   0.0000	   0.0000	  0.2590	  0.0000	        0.0000	        0.0000	        0.0000	        0.0000	        0.0000	        0.0000	        0.0000	  0.4076	  0.3668	-25.9863
2018	 40	  23	 55	 39.9965	  0.0000	  9.4046	   -0.0070	 -0.8081	  0.0000	  3.0000	   0.0000	   0.0000	   0.0000	-450.0000	-450.0000	-450.0000	 -2.7000	  1.6000	 20.7500	   4.0082	   1.0156	   1.6159	  0.3017	  0.5986	  0.1000	  0.1600	  0.1900	   0.0000	   0.0000	   0.0000	   0.0000	   0.0000	   0.0000	   0.0000	   0.0000	   0.0000	  0.2590	  0.0000	        0.0000	        0.0000	        0.0000	        0.0000	        0.0000	        0.0000	        0.0000	  0.4076	  0.3668	-25.9863
2018	 41	  23	 55	 40.9965	  0.0000	1440.5591	   -0.5071	 -0.7479	  0.0000	  4.0000	   0.0000	   0.0000	   0.0000	-450.0000	-450.0000	-450.0000	 -2.0000	  0.9000	 16.5000	   4.0082	   1.0156	   1.6159	  0.3017	  0.5986	  0.1000	  0.1600	  0.1900	   0.0000	   0.0000	   0.0000	   0.0000	   0.0000	   0.0000	   0.0000	   0.0000	   0.0000	  0.2590	  0.0000	        0.0000	        0.0000	        0.0000	        0.0000	        0.0000	        0.0000	        0.0000	  0.4076	  0.3668	-25.9863
2018	 42	  23	 55	 41.9965	  0.0000	1553.0326	    0.5796	 -0.4824	  7.0083	  0.0000	   0.0000	   0.0000	   0.0000	-450.0000	-450.0000	-450.0000	 -1.5000	  2.6000	 14.9167	   4.0082	   1.0156	   1.6159	  0.3017	  0.5986	  0.1000	  0.1600	  0.1900	   0.0000	   0.0000	   0.0000	   0.0000	   0.0000	   0.0000	   0.0000	   0.0000	   0.0000	  0.2590	  0.0000	        0.0000	        0.0000	        0.0000	        0.0000	        0.0000	        0.0000	        0.0000	  0.4076	  0.3668	-25.9863
2018	 43	  23	 55	 42.9965	  0.0000	4951.3008	   11.9942	  2.0129	 46.2833	  0.0000	   0.0000	   0.0000	   0.0000	-450.0000	-450.0000	-450.0000	  0.6000	  3.2000	 18.8333	   4.0082	   1.0156	   1.6159	  0.3017	  0.5986	  0.1000	  0.1600	  0.1900	   0.0000	   0.0000	   0.0000	   0.0000	   0.0000	   0.0000	   0.0000	   0.0000	   0.0000	  0.2590	  0.0000	        0.0000	        0.0000	        0.0000	        0.0000	        0.0000	        0.0000	        0.0000	  0.4076	  0.3668	-25.9863
2018	 44	  23	 55	 43.9965	  0.0000	5026.1415	   10.2565	  3.6616	  0.3083	  0.0000	   0.0000	   0.0000	   0.0000	-450.0000	-450.0000	-450.0000	  1.5000	  2.7000	 16.0833	   4.0082	   1.0156	   1.6159	  0.3017	  0.5986	  0.1000	  0.1600	  0.1900	   0.0000	   0.0000	   0.0000	   0.0000	   0.0000	   0.0000	   0.0000	   0.0000	   0.0000	  0.2590	  0.0000	        0.0000	        0.0000	        0.0000	        0.0000	        0.0000	        0.0000	        0.0000	  0.4076	  0.3668	-25.9863
2018	 45	  23	 55	 44.9965	  0.0000	1859.2559	    3.9702	  3.7233	  0.0000	  1.0000	   0.0000	   0.0000	   0.0000	-450.0000	-450.0000	-450.0000	 -0.3583	  4.2000	 26.8333	   4.0082	   1.0156	   1.6159	  0.3017	  0.5986	  0.1000	  0.1600	  0.1900	   0.0000	   0.0000	   0.0000	   0.0000	   0.0000	   0.0000	   0.0000	   0.0000	   0.0000	  0.2590	  0.0000	        0.0000	        0.0000	        0.0000	        0.0000	        0.0000	        0.0000	        0.0000	  0.4076	  0.3668	-25.9863
2018	 46	  23	 55	 45.9965	  0.0000	1633.7838	    1.2716	  3.2330	  3.6083	  0.0000	   0.0000	   0.0000	   0.0000	-450.0000	-450.0000	-450.0000	 -0.6000	  2.7000	 18.8333	   4.0082	   1.0156	   1.6159	  0.3017	  0.5986	  0.1000	  0.1600	  0.1900	   0.0000	   0.0000	   0.0000	   0.0000	   0.0000	   0.0000	   0.0000	   0.0000	   0.0000	  0.2590	  0.0000	        0.0000	        0.0000	        0.0000	        0.0000	        0.0000	        0.0000	        0.0000	  0.4076	  0.3668	-25.9863
2018	 47	  23	 55	 46.9965	  0.0000	 15.1032	    0.0155	  2.7629	 11.7000	  0.0000	   0.0000	   0.0000	   0.0000	-450.0000	-450.0000	-450.0000	 -0.3000	  3.3000	 24.6667	   4.0082	   1.0156	   1.6159	  0.3017	  0.5986	  0.1000	  0.1600	  0.1900	   0.0000	   0.0000	   0.0000	   0.0000	   0.0000	   0.0000	   0.0000	   0.0000	   0.0000	  0.2590	  0.0000	        0.0000	        0.0000	        0.0000	        0.0000	        0.0000	        0.0000	        0.0000	  0.4076	  0.3668	-25.9863
2018	 48	  23	 55	 47.9965	  0.0000	2262.8082	    0.2647	  2.2633	  0.0000	  1.0000	   0.0000	   0.0000	   0.0000	-450.0000	-450.0000	-450.0000	 -3.3000	  2.0000	 33.5000	   4.0082	   1.0156	   1.6159	  0.3017	  0.5986	  0.1000	  0.1600	  0.1900	   0.0000	   0.0000	   0.0000	   0.0000	   0.0000	   0.0000	   0.0000	   0.0000	   0.0000	  0.2590	  0.0000	        0.0000	        0.0000	        0.0000	        0.0000	        0.0000	        0.0000	        0.0000	  0.4076	  0.3668	-25.9863
2018	 49	  23	 55	 48.9965	  0.0000	 38.3610	    0.0597	  3.9402	129.7167	  0.0000	   0.0000	   0.0000	   0.0000	-450.0000	-450.0000	-450.0000	  0.8000	  3.0000	 24.1667	   4.0082	   1.0156	   1.6159	  0.3017	  0.5986	  0.1000	  0.1600	  0.1900	   0.0000	   0.0000	   0.0000	   0.0000	   0.0000	   0.0000	   0.0000	   0.0000	   0.0000	  0.2590	  0.0000	        0.0000	        0.0000	        0.0000	        0.0000	        0.0000	        0.0000	        0.0000	  0.4076	  0.3668	-25.9863
2018	 50	  23	 55	 49.9965	  0.0000	 37.9595	    0.0463	  4.4957	 47.6667	  0.0000	   0.0000	   0.0000	   0.0000	-450.0000	-450.0000	-450.0000	  0.5000	  1.6000	 29.7500	   4.0082	   1.0156	   1.6159	  0.3017	  0.5986	  0.1000	  0.1600	  0.1900	   0.0000	   0.0000	   0.0000	   0.0000	   0.0000	   0.0000	   0.0000	   0.0000	   0.0000	  0.2590	  0.0000	        0.0000	        0.0000	        0.0000	        0.0000	        0.0000	        0.0000	        0.0000	  0.4076	  0.3668	-25.9863
2018	 51	  23	 55	 50.9965	  0.0000	2690.8085	    0.1221	  3.6210	  0.0000	  1.0000	   0.0000	   0.0000	   0.0000	-450.0000	-450.0000	-450.0000	 -0.8000	  1.6000	 22.0000	   4.0082	   1.0156	   1.6159	  0.3017	  0.5986	  0.1000	  0.1600	  0.1900	   0.0000	   0.0000	   0.0000	   0.0000	   0.0000	   0.0000	   0.0000	   0.0000	   0.0000	  0.2590	  0.0000	        0.0000	        0.0000	        0.0000	        0.0000	        0.0000	        0.0000	        0.0000	  0.4076	  0.3668	-25.9863
2018	 52	  23	 55	 51.9965	  0.0000	 12.6438	   -0.0182	  2.1403	  3.1583	  0.0000	   0.0000	   0.0000	   0.0000	-450.0000	-450.0000	-450.0000	 -4.1333	  0.6000	 28.0000	   4.0082	   1.0156	   1.6159	  0.3017	  0.5986	  0.1000	  0.1600	  0.1900	   0.0000	   0.0000	   0.0000	   0.0000	   0.0000	   0.0000	   0.0000	   0.0000	   0.0000	  0.2590	  0.0000	        0.0000	        0.0000	        0.0000	        0.0000	        0.0000	        0.0000	        0.0000	  0.4076	  0.3668	-25.9863
2018	 53	  23	 55	 52.9965	  0.0000	2031.6250	   -8.1450	  0.0832	  0.0000	  1.0000	   0.0000	   0.0000	   0.0000	-450.0000	-450.0000	-450.0000	 -6.6000	 -1.2000	 24.3333	   4.0082	   1.0156	   1.6159	  0.3017	  0.5986	  0.1000	  0.1600	  0.1900	   0.0000	   0.0000	   0.0000	   0.0000	   0.0000	   0.0000	   0.0000	   0.0000	   0.0000	  0.2590	  0.0000	        0.0000	        0.0000	        0.0000	        0.0000	        0.0000	        0.0000	        0.0000	  0.4076	  0.3668	-25.9863
2018	 54	  23	 55	 53.9965	  0.0000	  3.5062	   -0.0076	 -0.1419	  0.0000	  4.0000	   0.0000	   0.0000	   0.0000	-450.0000	-450.0000	-450.0000	 -3.0000	  0.7000	 18.5833	   4.0082	   1.0156	   1.6159	  0.3017	  0.5986	  0.1000	  0.1600	  0.1900	   0.0000	   0.0000	   0.0000	   0.0000	   0.0000	   0.0000	   0.0000	   0.0000	   0.0000	  0.2590	  0.0000	        0.0000	        0.0000	        0.0000	        0.0000	        0.0000	        0.0000	        0.0000	  0.4076	  0.3668	-25.9863
2018	 55	  23	 55	 54.9965	  0.0000	 10.5860	   -0.0384	 -1.0213	  0.0000	  6.0000	   0.0000	   0.0000	   0.0000	-450.0000	-450.0000	-450.0000	 -5.2583	 -0.7000	 28.4167	   4.0082	   1.0156	   1.6159	  0.3017	  0.5986	  0.1000	  0.1600	  0.1900	   0.0000	   0.0000	   0.0000	   0.0000	   0.0000	   0.0000	   0.0000	   0.0000	   0.0000	  0.2590	  0.0000	        0.0000	        0.0000	        0.0000	        0.0000	        0.0000	        0.0000	        0.0000	  0.4076	  0.3668	-25.9863
2018	 56	  23	 55	 55.9965	  0.0000	1854.7309	  -10.9974	 -3.0165	  0.0000	  7.0000	   0.0000	   0.0000	   0.0000	-450.0000	-450.0000	-450.0000	 -8.5000	 -4.3000	 25.9167	   4.0082	   1.0156	   1.6159	  0.3017	  0.5986	  0.1000	  0.1600	  0.1900	   0.0000	   0.0000	   0.0000	   0.0000	   0.0000	   0.0000	   0.0000	   0.0000	   0.0000	  0.2590	  0.0000	        0.0000	        0.0000	        0.0000	        0.0000	        0.0000	        0.0000	        0.0000	  0.4076	  0.3668	-25.9863
2018	 57	  23	 55	 56.9965	  0.0000	 10.8879	   -0.0640	 -3.9166	  0.0000	  9.0000	   0.0000	   0.0000	   0.0000	-450.0000	-450.0000	-450.0000	 -9.4000	 -2.5000	 32.6667	   4.0082	   1.0156	   1.6159	  0.3017	  0.5986	  0.1000	  0.1600	  0.1900	   0.0000	   0.0000	   0.0000	   0.0000	   0.0000	   0.0000	   0.0000	   0.0000	   0.0000	  0.2590	  0.0000	        0.0000	        0.0000	        0.0000	        0.0000	        0.0000	        0.0000	        0.0000	  0.4076	  0.3668	-25.9863
2018	 58	  23	 55	 57.9965	  0.0000	 10.2948	   -0.0992	 -5.0906	  0.2250	  0.0000	   0.0000	   0.0000	   0.0000	-450.0000	-450.0000	-450.0000	-12.4500	 -6.1000	 26.8333	   4.0082	   1.0156	   1.6159	  0.3017	  0.5986	  0.1000	  0.1600	  0.1900	   0.0000	   0.0000	   0.0000	   0.0000	   0.0000	   0.0000	   0.0000	   0.0000	   0.0000	  0.2590	  0.0000	        0.0000	        0.0000	        0.0000	        0.0000	        0.0000	        0.0000	        0.0000	  0.4076	  0.3668	-25.9863
2018	 59	  23	 55	 58.9965	  0.0000	1823.7274	  -17.6350	 -7.5995	  0.0000	  1.0000	   0.0000	   0.0000	   0.0000	-450.0000	-450.0000	-450.0000	-12.5000	 -6.9000	 28.5000	   4.0082	   1.0156	   1.6159	  0.3017	  0.5986	  0.1000	  0.1600	  0.1900	   0.0000	   0.0000	   0.0000	   0.0000	   0.0000	   0.0000	   0.0000	   0.0000	   0.0000	  0.2590	  0.0000	        0.0000	        0.0000	        0.0000	        0.0000	        0.0000	        0.0000	        0.0000	  0.4076	  0.3668	-25.9863
2018	 60	  23	 55	 59.9965	  0.0000	 10.5720	   -0.0767	 -7.4468	  0.0000	  3.0000	   0.0000	   0.0000	   0.0000	-450.0000	-450.0000	-450.0000	-12.0000	 -4.8000	 30.5833	   4.0082	   1.0156	   1.6159	  0.3017	  0.5986	  0.1000	  0.1600	  0.1900	   0.0000	   0.0000	   0.0000	   0.0000	   0.0000	   0.0000	   0.0000	   0.0000	   0.0000	  0.2590	  0.0000	        0.0000	        0.0000	        0.0000	        0.0000	        0.0000	        0.0000	        0.0000	  0.4076	  0.3668	-25.9863
2018	 61	  23	 55	 60.9965	  0.0000	1493.2618	   -6.9786	 -7.3532	  0.0000	  4.0000	   0.0000	   0.0000	   0.0000	-450.0000	-450.0000	-450.0000	 -6.7000	 -3.4083	 20.4167	   4.0082	   1.0156	   1.6159	  0.3017	  0.5986	  0.1000	  0.1600	  0.1900	   0.0000	   0.0000	   0.0000	   0.0000	   0.0000	   0.0000	   0.0000	   0.0000	   0.0000	  0.2590	  0.0000	        0.0000	        0.0000	        0.0000	        0.0000	        0.0000	        0.0000	        0.0000	  0.4076	  0.3668	-25.9863
2018	 62	  23	 55	 61.9965	  0.0000	1589.8626	   -4.3604	 -6.7546	  0.0000	  5.0000	   0.0000	   0.0000	   0.0000	-450.0000	-450.0000	-450.0000	 -3.8000	 -0.8000	 20.7500	   4.0082	   1.0156	   1.6159	  0.3017	  0.5986	  0.1000	  0.1600	  0.1900	   0.0000	   0.0000	   0.0000	   0.0000	   0.0000	   0.0000	   0.0000	   0.0000	   0.0000	  0.2590	  0.0000	        0.0000	        0.0000	        0.0000	        0.0000	        0.0000	        0.0000	        0.0000	  0.4076	  0.3668	-25.9863
2018	 63	  23	 55	 62.9965	  0.0000	1632.9600	   -3.0330	 -6.0103	  0.0000	  6.0000	   0.0000	   0.0000	   0.0000	-450.0000	-450.0000	-450.0000	 -3.8000	 -0.4000	 22.4167	   4.0082	   1.0156	   1.6159	  0.3017	  0.5986	  0.1000	  0.1600	  0.1900	   0.0000	   0.0000	   0.0000	   0.0000	   0.0000	   0.0000	   0.0000	   0.0000	   0.0000	  0.2590	  0.0000	        0.0000	        0.0000	        0.0000	        0.0000	        0.0000	        0.0000	        0.0000	  0.4076	  0.3668	-25.9863
2018	 64	  23	 55	 63.9965	  0.0000	 25.9971	   -0.0303	 -5.0051	 45.6500	  0.0000	   0.0000	   0.0000	   0.0000	-450.0000	-450.0000	-450.0000	 -2.1000	 -0.1000	 25.5000	   4.0082	   1.0156	   1.6159	  0.3017	  0.5986	  0.1000	  0.1600	  0.1900	   0.0000	   0.0000	   0.0000	   0.0000	   0.0000	   0.0000	   0.0000	   0.0000	   0.0000	  0.2590	  0.0000	        0.0000	        0.0000	        0.0000	        0.0000	        0.0000	        0.0000	        0.0000	  0.4076	  0.3668	-25.9863
2018	 65	  23	 55	 64.9965	  0.0000	2200.8659	    0.9774	 -3.8086	  4.1750	  0.0000	   0.0000	   0.0000	   0.0000	-450.0000	-450.0000	-450.0000	 -1.5000	  2.0000	 26.2500	   4.0082	   1.0156	   1.6159	  0.3017	  0.5986	  0.1000	  0.1600	  0.1900	   0.0000	   0.0000	   0.0000	   0.0000	   0.0000	   0.0000	   0.0000	   0.0000	   0.0000	  0.2590	  0.0000	        0.0000	        0.0000	        0.0000	        0.0000	        0.0000	        0.0000	        0.0000	  0.4076	  0.3668	-25.9863
2018	 66	  23	 55	 65.9965	  0.0000	1971.7970	    5.1245	 -2.0220	  1.5000	  0.0000	   0.0000	   0.0000	   0.0000	-450.0000	-450.0000	-450.0000	 -0.0333	  4.5000	 29.8333	   4.0082	   1.0156	   1.6159	  0.3017	  0.5986	  0.1000	  0.1600	  0.1900	   0.0000	   0.0000	   0.0000	   0.0000	   0.0000	   0.0000	   0.0000	   0.0000	   0.0000	  0.2590	  0.0000	        0.0000	        0.0000	        0.0000	        0.0000	        0.0000	        0.0000	        0.0000	  0.4076	  0.3668	-25.9863
2018	 67	  23	 55	 66.9965	  0.0000	2380.8052	   -0.0868	 -1.6349	  9.3417	  0.0000	   0.0000	   0.0000	   0.0000	-450.0000	-450.0000	-450.0000	 -1.1000	  0.7000	 34.8333	   4.0082	   1.0156	   1.6159	  0.3017	  0.5986	  0.1000	  0.1600	  0.1900	   0.0000	   0.0000	   0.0000	   0.0000	   0.0000	   0.0000	   0.0000	   0.0000	   0.0000	  0.2590	  0.0000	        0.0000	        0.0000	        0.0000	        0.0000	        0.0000	        0.0000	        0.0000	  0.4076	  0.3668	-25.9863
2018	 68	  23	 55	 67.9965	  0.0000	  3.5064	   -0.0077	 -1.2259	  0.0000	  3.0000	   0.0000	   0.0000	   0.0000	-450.0000	-450.0000	-450.0000	 -3.5000	  0.2000	 21.3333	   4.0082	   1.0156	   1.6159	  0.3017	  0.5986	  0.1000	  0.1600	  0.1900	   0.0000	   0.0000	   0.0000	   0.0000	   0.0000	   0.0000	   0.0000	   0.0000	   0.0000	  0.2590	  0.0000	        0.0000	        0.0000	        0.0000	        0.0000	        0.0000	        0.0000	        0.0000	  0.4076	  0.3668	-25.9863
2018	 69	  23	 55	 68.9965	  0.0000	2481.8561	   -3.4610	 -1.6729	  0.0000	  4.0000	   0.0000	   0.0000	   0.0000	-450.0000	-450.0000	-450.0000	 -6.0000	  2.2000	 38.5833	   4.0082	   1.0156	   1.6159	  0.3017	  0.5986	  0.1000	  0.1600	  0.1900	   0.0000	   0.0000	   0.0000	   0.0000	   0.0000	   0.0000	   0.0000	   0.0000	   0.0000	  0.2590	  0.0000	        0.0000	        0.0000	        0.0000	        0.0000	        0.0000	        0.0000	        0.0000	  0.4076	  0.3668	-25.9863
2018	 70	  23	 55	 69.9965	  0.0000	  3.6265	    0.0110	  1.7950	163.9250	  0.0000	   0.0000	   0.0000	   0.0000	-450.0000	-450.0000	-450.0000	 -2.2000	  3.0833	 44.8333	   4.0082	   1.0156	   1.6159	  0.3017	  0.5986	  0.1000	  0.1600	  0.1900	   0.0000	   0.0000	   0.0000	   0.0000	   0.0000	   0.0000	   0.0000	   0.0000	   0.0000	  0.2590	  0.0000	        0.0000	        0.0000	        0.0000	        0.0000	        0.0000	        0.0000	        0.0000	  0.4076	  0.3668	-25.9863
2018	 71	  23	 55	 70.9965	  0.0000	 16.6354	    0.0680	  3.8216	 27.0250	  0.0000	   0.0000	   0.0000	   0.0000	-450.0000	-450.0000	-450.0000	  2.8000	  5.9000	 27.1667	   4.0082	   1.0156	   1.6159	  0.3017	  0.5986	  0.1000	  0.1600	  0.1900	   0.0000	   0.0000	   0.0000	   0.0000	   0.0000	   0.0000	   0.0000	   0.0000	   0.0000	  0.2590	  0.0000	        0.0000	        0.0000	        0.0000	        0.0000	        0.0000	        0.0000	        0.0000	  0.4076	  0.3668	-25.9863
2018	 72	  23	 55	 71.9965	  0.0000	  9.2952	    0.0170	  3.0228	  0.0000	  2.0000	   0.0000	   0.0000	   0.0000	-450.0000	-450.0000	-450.0000	  1.3083	  2.9000	 14.5000	   4.0082	   1.0156	   1.6159	  0.3017	  0.5986	  0.1000	  0.1600	  0.1900	   0.0000	   0.0000	   0.0000	   0.0000	   0.0000	   0.0000	   0.0000	   0.0000	   0.0000	  0.2590	  0.0000	        0.0000	        0.0000	        0.0000	        0.0000	        0.0000	        0.0000	        0.0000	  0.4076	  0.3668	-25.9863
2018	 73	  23	 55	 72.9965	  0.0000	2265.8948	    3.3513	  3.0885	  0.0000	  3.0000	   0.0000	   0.0000	   0.0000	-450.0000	-450.0000	-450.0000	 -2.1667	  3.5000	 34.9167	   4.0082	   1.0156	   1.6159	  0.3017	  0.5986	  0.1000	  0.1600	  0.1900	   0.0000	   0.0000	   0.0000	   0.0000	   0.0000	   0.0000	   0.0000	   0.0000	   0.0000	  0.2590	  0.0000	        0.0000	        0.0000	        0.0000	        0.0000	        0.0000	        0.0000	        0.0000	  0.4076	  0.3668	-25.9863
2018	 74	  23	 55	 73.9965	  0.0000	 10.3216	   -0.0238	  1.5227	  0.0000	  5.0000	   0.0000	   0.0000	   0.0000	-450.0000	-450.0000	-450.0000	 -4.0333	  0.7000	 27.6667	   4.0082	   1.0156	   1.6159	  0.3017	  0.5986	  0.1000	  0.1600	  0.1900	   0.0000	   0.0000	   0.0000	   0.0000	   0.0000	   0.0000	   0.0000	   0.0000	   0.0000	  0.2590	  0.0000	        0.0000	        0.0000	        0.0000	        0.0000	        0.0000	        0.0000	        0.0000	  0.4076	  0.3668	-25.9863
2018	 75	  23	 55	 74.9965	  0.0000	2209.5177	   -7.7750	 -0.3368	  0.0000	  6.0000	   0.0000	   0.0000	   0.0000	-450.0000	-450.0000	-450.0000	 -6.7000	 -0.5000	 35.0833	   4.0082	   1.0156	   1.6159	  0.3017	  0.5986	  0.1000	  0.1600	  0.1900	   0.0000	   0.0000	   0.0000	   0.0000	   0.0000	   0.0000	   0.0000	   0.0000	   0.0000	  0.2590	  0.0000	        0.0000	        0.0000	        0.0000	        0.0000	        0.0000	        0.0000	        0.0000	  0.4076	  0.3668	-25.9863
2018	 76	  23	 55	 75.9965	  0.0000	 11.7224	   -0.0542	 -1.6852	  0.0000	  8.0000	   0.0000	   0.0000	   0.0000	-450.0000	-450.0000	-450.0000	 -7.6000	 -0.4000	 35.3333	   4.0082	   1.0156	   1.6159	  0.3017	  0.5986	  0.1000	  0.1600	  0.1900	   0.0000	   0.0000	   0.0000	   0.0000	   0.0000	   0.0000	   0.0000	   0.0000	   0.0000	  0.2590	  0.0000	        0.0000	        0.0000	        0.0000	        0.0000	        0.0000	        0.0000	        0.0000	  0.4076	  0.3668	-25.9863
2018	 77	  23	 55	 76.9965	  0.0000	 13.7728	   -0.0536	 -2.5669	  0.0000	 10.0000	   0.0000	   0.0000	   0.0000	-450.0000	-450.0000	-450.0000	-10.0000	  2.1000	 47.5833	   4.0082	   1.0156	   1.6159	  0.3017	  0.5986	  0.1000	  0.1600	  0.1900	   0.0000	   0.0000	   0.0000	   0.0000	   0.0000	   0.0000	   0.0000	   0.0000	   0.0000	  0.2590	  0.0000	        0.0000	        0.0000	        0.0000	        0.0000	        0.0000	        0.0000	        0.0000	  0.4076	  0.3668	-25.9863
2018	 78	  23	 55	 77.9965	  0.0000	2365.4651	   -1.5035	 -2.3543	  1.9583	  0.0000	   0.0000	   0.0000	   0.0000	-450.0000	-450.0000	-450.0000	 -7.2000	  3.0000	 30.0000	   4.0082	   1.0156	   1.6159	  0.3017	  0.5986	  0.1000	  0.1600	  0.1900	   0.0000	   0.0000	   0.0000	   0.0000	   0.0000	   0.0000	   0.0000	   0.0000	   0.0000	  0.2590	  0.0000	        0.0000	        0.0000	        0.0000	        0.0000	        0.0000	        0.0000	        0.0000	  0.4076	  0.3668	-25.9863
2018	 79	  23	 55	 78.9965	  0.0000	2606.3309	    2.6654	 -1.3503	  0.0000	  1.0000	   0.0000	   0.0000	   0.0000	-450.0000	-450.0000	-450.0000	 -3.1000	  5.4000	 41.0000	   4.0082	   1.0156	   1.6159	  0.3017	  0.5986	  0.1000	  0.1600	  0.1900	   0.0000	   0.0000	   0.0000	   0.0000	   0.0000	   0.0000	   0.0000	   0.0000	   0.0000	  0.2590	  0.0000	        0.0000	        0.0000	        0.0000	        0.0000	        0.0000	        0.0000	        0.0000	  0.4076	  0.3668	-25.9863
2018	 80	  23	 55	 79.9965	  0.0000	2226.1640	    5.3905	 -0.0022	  4.9083	  0.0000	   0.0000	   0.0000	   0.0000	-450.0000	-450.0000	-450.0000	 -2.1000	  5.0000	 32.4167	   4.0082	   1.0156	   1.6159	  0.3017	  0.5986	  0.1000	  0.1600	  0.1900	   0.0000	   0.0000	   0.0000	   0.0000	   0.0000	   0.0000	   0.0000	   0.0000	   0.0000	  0.2590	  0.0000	        0.0000	        0.0000	        0.0000	        0.0000	        0.0000	        0.0000	        0.0000	  0.4076	  0.3668	-25.9863
2018	 81	  23	 55	 80.9965	  0.0000	2004.1281	    2.6473	  0.5277	  1.2667	  0.0000	   0.0000	   0.0000	   0.0000	-450.0000	-450.0000	-450.0000	 -0.5000	  3.4000	 28.2500	   4.0082	   1.0156	   1.6159	  0.3017	  0.5986	  0.1000	  0.1600	  0.1900	   0.0000	   0.0000	   0.0000	   0.0000	   0.0000	   0.0000	   0.0000	   0.0000	   0.0000	  0.2590	  0.0000	        0.0000	        0.0000	        0.0000	        0.0000	        0.0000	        0.0000	        0.0000	  0.4076	  0.3668	-25.9863
2018	 82	  23	 55	 81.9965	  0.0000	1661.1786	    0.8197	  0.5861	  0.0000	  1.0000	   0.0000	   0.0000	   0.0000	-450.0000	-450.0000	-450.0000	 -1.5000	  2.0000	 24.6667	   4.0082	   1.0156	   1.6159	  0.3017	  0.5986	  0.1000	  0.1600	  0.1900	   0.0000	   0.0000	   0.0000	   0.0000	   0.0000	   0.0000	   0.0000	   0.0000	   0.0000	  0.2590	  0.0000	        0.0000	        0.0000	        0.0000	        0.0000	        0.0000	        0.0000	        0.0000	  0.4076	  0.3668	-25.9863
2018	 83	  23	 55	 82.9965	  0.0000	1318.3668	    2.6107	  0.9910	  1.5250	  0.0000	   0.0000	   0.0000	   0.0000	-450.0000	-450.0000	-450.0000	  0.9000	  3.1000	 16.5000	   4.0082	   1.0156	   1.6159	  0.3017	  0.5986	  0.1000	  0.1600	  0.1900	   0.0000	   0.0000	   0.0000	   0.0000	   0.0000	   0.0000	   0.0000	   0.0000	   0.0000	  0.2590	  0.0000	        0.0000	        0.0000	        0.0000	        0.0000	        0.0000	        0.0000	        0.0000	  0.4076	  0.3668	-25.9863
2018	 84	  23	 55	 83.9965	  0.0000	2272.8014	   10.2579	  2.8444	  0.0000	  1.0000	   0.0000	   0.0000	   0.0000	-450.0000	-450.0000	-450.0000	  2.1000	  7.2000	 37.8333	   4.0082	   1.0156	   1.6159	  0.3017	  0.5986	  0.1000	  0.1600	  0.1900	   0.0000	   0.0000	   0.0000	   0.0000	   0.0000	   0.0000	   0.0000	   0.0000	   0.0000	  0.2590	  0.0000	        0.0000	        0.0000	        0.0000	        0.0000	        0.0000	        0.0000	        0.0000	  0.4076	  0.3668	-25.9863
2018	 85	  23	 55	 84.9965	  0.0000	1912.1470	    4.6487	  3.2053	  3.9333	  0.0000	   0.0000	   0.0000	   0.0000	-450.0000	-450.0000	-450.0000	 -1.6917	  5.6000	 30.5000	   4.0082	   1.0156	   1.6159	  0.3017	  0.5986	  0.1000	  0.1600	  0.1900	   0.0000	   0.0000	   0.0000	   0.0000	   0.0000	   0.0000	   0.0000	   0.0000	   0.0000	  0.2590	  0.0000	        0.0000	        0.0000	        0.0000	        0.0000	        0.0000	        0.0000	        0.0000	  0.4076	  0.3668	-25.9863
2018	 86	  23	 55	 85.9965	  0.0000	 19.9590	   -0.0164	  1.7468	  2.7500	  0.0000	   0.0000	   0.0000	   0.0000	-450.0000	-450.0000	-450.0000	 -2.8333	  1.3000	 30.7500	   4.0082	   1.0156	   1.6159	  0.3017	  0.5986	  0.1000	  0.1600	  0.1900	   0.0000	   0.0000	   0.0000	   0.0000	   0.0000	   0.0000	   0.0000	   0.0000	   0.0000	  0.2590	  0.0000	        0.0000	        0.0000	        0.0000	        0.0000	        0.0000	        0.0000	        0.0000	  0.4076	  0.3668	-25.9863
2018	 87	  23	 55	 86.9965	  0.0000	2810.3078	   -2.2079	  0.9558	  0.0000	  1.0000	   0.0000	   0.0000	   0.0000	-450.0000	-450.0000	-450.0000	 -5.4000	  2.6000	 47.2500	   4.0082	   1.0156	   1.6159	  0.3017	  0.5986	  0.1000	  0.1600	  0.1900	   0.0000	   0.0000	   0.0000	   0.0000	   0.0000	   0.0000	   0.0000	   0.0000	   0.0000	  0.2590	  0.0000	        0.0000	        0.0000	        0.0000	        0.0000	        0.0000	        0.0000	        0.0000	  0.4076	  0.3668	-25.9863
2018	 88	  23	 55	 87.9965	  0.0000	2501.2391	    1.9986	  1.1644	  0.0000	  2.0000	   0.0000	   0.0000	   0.0000	-450.0000	-450.0000	-450.0000	 -3.3000	  4.5000	 41.5000	   4.0082	   1.0156	   1.6159	  0.3017	  0.5986	  0.1000	  0.1600	  0.1900	   0.0000	   0.0000	   0.0000	   0.0000	   0.0000	   0.0000	   0.0000	   0.0000	   0.0000	  0.2590	  0.0000	        0.0000	        0.0000	        0.0000	        0.0000	        0.0000	        0.0000	        0.0000	  0.4076	  0.3668	-25.9863
2018	 89	  23	 55	 88.9965	  0.0000	 13.6255	    0.0054	  1.3680	  0.0000	  4.0000	   0.0000	   0.0000	   0.0000	-450.0000	-450.0000	-450.0000	 -4.0000	  5.9000	 46.5000	   4.0082	   1.0156	   1.6159	  0.3017	  0.5986	  0.1000	  0.1600	  0.1900	   0.0000	   0.0000	   0.0000	   0.0000	   0.0000	   0.0000	   0.0000	   0.0000	   0.0000	  0.2590	  0.0000	        0.0000	        0.0000	        0.0000	        0.0000	        0.0000	        0.0000	        0.0000	  0.4076	  0.3668	-25.9863
2018	 90	  23	 55	 89.9965	  0.0000	 13.0967	    0.0224	  1.8981	  0.0000	  6.0000	   0.0000	   0.0000	   0.0000	-450.0000	-450.0000	-450.0000	 -4.7000	  7.3000	 46.0000	   4.0082	   1.0156	   1.6159	  0.3017	  0.5986	  0.1000	  0.1600	  0.1900	   0.0000	   0.0000	   0.0000	   0.0000	   0.0000	   0.0000	   0.0000	   0.0000	   0.0000	  0.2590	  0.0000	        0.0000	        0.0000	        0.0000	        0.0000	        0.0000	        0.0000	        0.0000	  0.4076	  0.3668	-25.9863
2018	 91	  23	 55	 90.9965	  0.0000	 12.2688	    0.0192	  2.3345	  0.0000	  8.0000	   0.0000	   0.0000	   0.0000	-450.0000	-450.0000	-450.0000	 -1.4667	  6.4000	 40.4167	   4.0082	   1.0156	   1.6159	  0.3017	  0.5986	  0.1000	  0.1600	  0.1900	   0.0000	   0.0000	   0.0000	   0.0000	   0.0000	   0.0000	   0.0000	   0.0000	   0.0000	  0.2590	  0.0000	        0.0000	        0.0000	        0.0000	        0.0000	        0.0000	        0.0000	        0.0000	  0.4076	  0.3668	-25.9863
2018	 92	  23	 55	 91.9965	  0.0000	 13.9043	    0.0052	  2.1410	  0.0000	 10.0000	   0.0000	   0.0000	   0.0000	-450.0000	-450.0000	-450.0000	 -4.0000	  6.3000	 50.6667	   4.0082	   1.0156	   1.6159	  0.3017	  0.5986	  0.1000	  0.1600	  0.1900	   0.0000	   0.0000	   0.0000	   0.0000	   0.0000	   0.0000	   0.0000	   0.0000	   0.0000	  0.2590	  0.0000	        0.0000	        0.0000	        0.0000	        0.0000	        0.0000	        0.0000	        0.0000	  0.4076	  0.3668	-25.9863
2018	 93	  23	 55	 92.9965	  0.0000	2151.1848	    3.5089	  2.4146	 10.5167	  0.0000	   0.0000	   0.0000	   0.0000	-450.0000	-450.0000	-450.0000	 -3.1000	  4.1667	 29.0000	   4.0082	   1.0156	   1.6159	  0.3017	  0.5986	  0.1000	  0.1600	  0.1900	   0.0000	   0.0000	   0.0000	   0.0000	   0.0000	   0.0000	   0.0000	   0.0000	   0.0000	  0.2590	  0.0000	        0.0000	        0.0000	        0.0000	        0.0000	        0.0000	        0.0000	        0.0000	  0.4076	  0.3668	-25.9863
2018	 94	  23	 55	 93.9965	  0.0000	4309.0432	   31.0954	  8.1508	 96.0333	  0.0000	   1.9500	   1.9500	   1.9500	-450.0000	-450.0000	-450.0000	  4.2000	  9.7000	 52.3333	   4.0103	   1.0195	   1.6199	  0.3022	  0.5983	  0.1000	  0.1600	  0.1900	   0.0000	   0.0000	   0.0000	   0.0000	   0.0000	   0.0000	   0.0000	   0.0000	   0.0000	  0.2596	  0.0000	        0.0000	        0.0000	        0.0000	        0.0000	        0.0000	        0.0000	        0.0000	  0.4076	  0.3668	-25.9863
2018	 95	  23	 55	 94.9965	  0.0000	2392.9853	   15.5742	  9.6354	 27.7833	  0.0000	   3.4042	   3.4042	   3.4042	-450.0000	-450.0000	-450.0000	  3.9083	  9.0000	 34.1667	   4.0139	   1.0263	   1.6268	  0.3029	  0.5977	  0.1000	  0.1600	  0.1900	   0.0000	   0.0000	   0.0000	   0.0000	   0.0000	   0.0000	   0.0000	   0.0000	   0.0000	  0.2608	  0.0000	        0.0000	        0.0000	        0.0000	        0.0000	        0.0000	        0.0000	        0.0000	  0.4076	  0.3668	-25.9863
2018	 96	  23	 55	 95.9965	  0.0000	2988.1836	   15.5495	 10.8183	  0.0000	  1.0000	   0.0000	   0.0000	   0.0000	-450.0000	-450.0000	-450.0000	  2.3000	  7.3000	 55.0833	   4.0139	   1.0263	   1.6268	  0.3029	  0.5977	  0.1000	  0.1600	  0.1900	   0.0000	   0.0000	   0.0000	   0.0000	   0.0000	   0.0000	   0.0000	   0.0000	   0.0000	  0.2608	  0.0000	        0.0000	        0.0000	        0.0000	        0.0000	        0.0000	        0.0000	        0.0000	  0.4076	  0.3668	-25.9863
2018	 97	  23	 55	 96.9965	  0.0000	 13.2489	    0.1017	 10.7423	  0.0000	  3.0000	   5.8000	   5.8000	   5.8000	-450.0000	-450.0000	-450.0000	  2.3000	 13.5000	 47.8333	   4.0231	   1.0437	   1.6446	  0.3049	  0.5961	  0.1000	  0.1600	  0.1900	   0.0000	   0.0000	   0.0000	   0.0000	   0.0000	   0.0000	   0.0000	   0.0000	   0.0000	  0.2618	  0.0000	        0.0000	        0.0000	        0.0000	        0.0000	        0.0000	        0.0000	        0.0000	  0.4076	  0.3668	-25.9863
2018	 98	  23	 55	 97.9965	  0.0000	2881.2757	   33.9516	 15.3842	  0.0000	  4.0000	  11.9000	  11.9000	  11.9000	-450.0000	-450.0000	-450.0000	  4.6000	 17.6000	 51.5000	   4.0357	   1.0676	   1.6688	  0.3075	  0.5940	  0.1000	  0.1600	  0.1900	   0.0000	   0.0000	   0.0000	   0.0000	   0.0000	   0.0000	   0.0000	   0.0000	   0.0000	  0.2680	  0.0000	        0.0000	        0.0000	        0.0000	        0.0000	        0.0000	        0.0000	        0.0000	  0.4076	  0.3668	-25.9863
2018	 99	  23	 55	 98.9965	  0.0000	  3.5449	    0.0181	 11.2738	  0.0000	  7.0000	  23.1500	  23.1500	  23.1500	-450.0000	-450.0000	-450.0000	  4.6000	 12.9000	 51.5000	   4.0972	   1.1844	   1.7878	  0.3205	  0.5836	  0.1000	  0.1600	  0.1900	   0.0000	   0.0000	   0.0000	   0.0000	   0.0000	   0.0000	   0.0000	   0.0000	   0.0000	  0.2735	  0.0000	        0.0000	        0.0000	        0.0000	        0.0000	        0.0000	        0.0000	        0.0000	  0.4076	  0.3668	-25.9863
2018	100	  23	 55	 99.9965	  0.0000	 12.0433	    0.0727	  9.9835	  0.0000	  9.0000	  27.8917	  27.8917	  27.8917	-450.0000	-450.0000	-450.0000	  3.6417	 11.1000	 38.5000	   4.1538	   1.2921	   1.8972	  0.3325	  0.5740	  0.1000	  0.1600	  0.1900	   0.0000	   0.0000	   0.0000	   0.0000	   0.0000	   0.0000	   0.0000	   0.0000	   0.0000	  0.2972	  0.0000	        0.0000	        0.0000	        0.0000	        0.0000	        0.0000	        0.0000	        0.0000	  0.4076	  0.3668	-25.9863
2018	101	  23	 55	100.9965	  0.0000	  3.5439	    0.0149	  8.0478	  0.0000	 12.0000	  34.6417	  34.6417	  34.6417	-450.0000	-450.0000	-450.0000	  1.1000	 13.4000	 49.1667	   4.2567	   1.4888	   2.0968	  0.3543	  0.5565	  0.1000	  0.1600	  0.1900	   0.0000	   0.0000	   0.0000	   0.0000	   0.0000	   0.0000	   0.0000	   0.0000	   0.0000	  0.3176	  0.0000	        0.0000	        0.0000	        0.0000	        0.0000	        0.0000	        0.0000	        0.0000	  0.4076	  0.3668	-25.9863
2018	102	  23	 55	101.9965	  0.0000	2954.5677	   27.1844	 11.8751	  0.0000	 13.0000	  38.4917	  38.4917	  38.4917	-450.0000	-450.0000	-450.0000	  2.1000	 15.6000	 48.9167	   4.2974	   1.5670	   2.1761	  0.3630	  0.5496	  0.1000	  0.1600	  0.1900	   0.0000	   0.0000	   0.0000	   0.0000	   0.0000	   0.0000	   0.0000	   0.0000	   0.0000	  0.3547	  0.0000	        0.0000	        0.0000	        0.0000	        0.0000	        0.0000	        0.0000	        0.0000	  0.4076	  0.3668	-25.9863
2018	103	  23	 55	102.9965	  0.0000	  3.5290	    0.0358	  8.8247	  0.0000	 17.0000	  67.4917	  67.4917	  67.4917	   0.0000	   0.0000	   0.0000	  4.5000	 20.0000	 51.5833	   4.5377	   2.0301	   2.6448	  0.4145	  0.5084	  0.1000	  0.1600	  0.1900	   0.0000	   0.0000	   0.0000	   0.0000	   0.0000	   0.0000	   0.0000	   0.0000	   0.0000	  0.3708	  0.0000	        0.0000	        0.0000	        0.0000	        0.0000	        0.0000	        0.0000	        0.0000	  0.4076	  0.3668	-25.9863
2018	104	  23	 55	103.9965	  0.0000	 14.7438	    0.1776	 12.4070	  0.0000	 19.0000	  83.4917	  83.4917	  83.4917	   0.0000	   0.0000	   0.0000	  6.1000	 19.9000	 49.7500	   4.7067	   2.3577	   2.9758	  0.4509	  0.4793	  0.1000	  0.1600	  0.1900	   0.0000	   0.0000	   0.0000	   0.0000	   0.0000	   0.0000	   0.0000	   0.0000	   0.0000	  0.4617	  0.0000	        0.0000	        0.0000	        0.0000	        0.0000	        0.0000	        0.0000	        0.0000	  0.4076	  0.3668	-25.9863
2018	105	  23	 55	104.9965	  0.0000	2465.8419	   22.2949	 14.3846	 32.5000	  0.0000	  87.9417	  87.9417	  87.9417	   0.0000	   0.0000	   0.0000	  7.4000	 11.5000	 41.0000	   4.8002	   2.5397	   3.1595	  0.4711	  0.4631	  0.1000	  0.1600	  0.1900	   0.0000	   0.0000	   0.0000	   0.0000	   0.0000	   0.0000	   0.0000	   0.0000	   0.0000	  0.5229	  0.0000	        0.0000	        0.0000	        0.0000	        0.0000	        0.0000	        0.0000	        0.0000	  0.4076	  0.3668	-25.9863
2018	106	  23	 55	105.9965	  0.0000	  3.5221	    0.0291	  6.6601	  0.1917	  0.0000	 114.4417	 114.4417	 114.4417	   0.0000	   0.0000	   0.0000	  8.2000	 12.4000	 39.1667	   5.1000	   3.6242	   4.2523	  0.5916	  0.3667	  0.1000	  0.1600	  0.1900	   0.0000	   0.0000	   0.0000	   0.0000	   0.0000	   0.0000	   0.0000	   0.0000	   0.0000	  0.5563	  0.0000	        0.0000	        0.0000	        0.0000	        0.0000	        0.0000	        0.0000	        0.0000	  0.4076	  0.3668	-25.9863
2018	107	  23	 55	106.9965	  0.0000	1941.4977	   16.5952	  8.6471	  0.0083	  0.0000	 117.9917	 117.9917	 117.9917	   0.0000	   0.0000	   0.0000	  6.5000	 10.6000	 32.2500	   5.1000	   3.8726	   4.5023	  0.6192	  0.3447	  0.1000	  0.1600	  0.1900	   0.0000	   0.0000	   0.0000	   0.0000	   0.0000	   0.0000	   0.0000	   0.0000	   0.0000	  0.7517	  0.0000	        0.0000	        0.0000	        0.0000	        0.0000	        0.0000	        0.0000	        0.0000	  0.4076	  0.3668	-25.9863
2018	108	  23	 55	107.9965	  0.0000	2563.9427	   29.8939	 12.8965	  0.0000	  1.0000	 124.6417	 124.6417	 124.6417	   0.0000	   0.0000	   0.0000	  8.1000	 15.2000	 41.4167	   5.1000	   4.1358	   4.7671	  0.6484	  0.3213	  0.1000	  0.1600	  0.1900	   0.0000	   0.0000	   0.0000	   0.0000	   0.0000	   0.0000	   0.0000	   0.0000	   0.0000	  0.7966	  0.0000	        0.0000	        0.0000	        0.0000	        0.0000	        0.0000	        0.0000	        0.0000	  0.4076	  0.3668	-25.9863
2018	109	  23	 55	108.9965	  0.0000	2642.8171	   32.1899	 16.7552	  0.0000	  2.0000	 131.6917	 131.6917	 131.6917	   0.0000	   0.0000	   0.0000	  8.7000	 15.4000	 41.2500	   5.1000	   4.4145	   5.0474	  0.6794	  0.2965	  0.1000	  0.1600	  0.1900	   0.0000	   0.0000	   0.0000	   0.0000	   0.0000	   0.0000	   0.0000	   0.0000	   0.0000	  0.8442	  0.0000	        0.0000	        0.0000	        0.0000	        0.0000	        0.0000	        0.0000	        0.0000	  0.4076	  0.3668	-25.9863
2018	110	  23	 55	109.9965	  0.0000	2914.4265	   46.2175	 22.6476	  0.0000	  3.0000	 142.6417	 142.6417	 142.6417	   0.0000	   0.0000	   0.0000	  9.8000	 22.1000	 52.5833	   5.1000	   4.7173	   5.3518	  0.7130	  0.2696	  0.1000	  0.1600	  0.1900	   0.0000	   0.0000	   0.0000	   0.0000	   0.0000	   0.0000	   0.0000	   0.0000	   0.0000	  0.8959	  0.0000	        0.0000	        0.0000	        0.0000	        0.0000	        0.0000	        0.0000	        0.0000	  0.4076	  0.3668	-25.9863
2018	111	  23	 55	110.9965	  0.0000	2638.4446	   27.8175	 23.6816	  0.0000	  4.0000	 147.7958	 147.7958	 147.7958	   0.0000	   0.0000	   0.0000	  6.9083	 13.4000	 49.6667	   5.1000	   5.0318	   5.6679	  0.7480	  0.2416	  0.1000	  0.1600	  0.1900	   0.0000	   0.0000	   0.0000	   0.0000	   0.0000	   0.0000	   0.0000	   0.0000	   0.0000	  0.9495	  0.0000	        0.0000	        0.0000	        0.0000	        0.0000	        0.0000	        0.0000	        0.0000	  0.4076	  0.3668	-25.9863
2018	112	  23	 55	111.9965	  0.0000	2908.4659	   26.3335	 24.2120	  0.0000	  5.0000	 151.7958	 151.7958	 151.7958	   0.0000	   0.0000	   0.0000	  6.0000	 12.0000	 52.7500	   5.1000	   5.3557	   5.9000	  0.7840	  0.2128	  0.1000	  0.1600	  0.1900	   0.0000	   0.0000	   0.0000	   0.0000	   0.0000	   0.0000	   0.0000	   0.0000	   0.0000	  0.9933	  0.0000	        0.0000	        0.0000	        0.0000	        0.0000	        0.0000	        0.0000	        0.0000	  0.4076	  0.3668	-25.9863
2018	113	  23	 55	112.9965	  0.0000	4146.3052	   38.9184	 27.1533	167.0250	  0.0000	 157.0500	 157.0500	 157.0500	   0.0000	   0.0000	   0.0000	  7.5083	 13.0000	 85.8333	   5.1000	   5.5000	   5.9000	  0.8000	  0.2000	  0.1000	  0.1600	  0.1900	   0.0000	   0.0000	   0.0000	   0.0000	   0.0000	   0.0000	   0.0000	   0.0000	   0.0000	  1.0000	  0.0000	        0.0000	        0.0000	        0.0000	        0.0000	        0.0000	        0.0000	        0.0000	  0.4076	  0.3668	-25.9863
2018	114	  23	 55	113.9965	  0.0000	1649.1100	   13.1169	 24.3460	 12.0250	  0.0000	 160.1625	 160.1625	 160.1625	   0.0000	   0.0000	   0.0000	  6.8250	  9.4000	 26.3333	   5.1000	   5.5000	   5.9000	  0.8000	  0.2000	  0.1000	  0.1600	  0.1900	   0.0000	   0.0000	   0.0000	   0.0000	   0.0000	   0.0000	   0.0000	   0.0000	   0.0000	  1.0000	  0.0000	        0.0000	        0.0000	        0.0000	        0.0000	        0.0000	        0.0000	        0.0000	  0.4076	  0.3668	-25.9863
2018	115	  23	 55	114.9965	  0.0000	2703.6755	   23.4316	 24.1631	  0.0000	  1.0000	 164.1125	 164.1125	 164.1125	   0.0000	   0.0000	   0.0000	  6.7000	 11.2000	 51.8333	   5.1000	   5.5000	   5.9000	  0.8000	  0.2000	  0.1000	  0.1600	  0.1900	   0.0000	   0.0000	   0.0000	   0.0000	   0.0000	   0.0000	   0.0000	   0.0000	   0.0000	  1.0000	  0.0000	        0.0000	        0.0000	        0.0000	        0.0000	        0.0000	        0.0000	        0.0000	  0.4076	  0.3668	-25.9863
2018	116	  23	 55	115.9965	  0.0000	2143.6531	   16.8622	 22.7029	  5.2667	  0.0000	 166.8625	 166.8625	 166.8625	   0.0000	   0.0000	   0.0000	  6.3000	  9.2000	 41.1667	   5.1000	   5.5000	   5.9000	  0.8000	  0.2000	  0.1000	  0.1600	  0.1900	   0.0000	   0.0000	   0.0000	   0.0000	   0.0000	   0.0000	   0.0000	   0.0000	   0.0000	  1.0000	  0.0000	        0.0000	        0.0000	        0.0000	        0.0000	        0.0000	        0.0000	        0.0000	  0.4076	  0.3668	-25.9863
2018	117	  23	 55	116.9965	  0.0000	2557.4132	   23.3645	 22.8352	  1.0750	  0.0000	 170.8625	 170.8625	 170.8625	   0.0000	   0.0000	   0.0000	  6.6000	 11.4000	 47.0833	   5.1000	   5.5000	   5.9000	  0.8000	  0.2000	  0.1000	  0.1600	  0.1900	   0.0000	   0.0000	   0.0000	   0.0000	   0.0000	   0.0000	   0.0000	   0.0000	   0.0000	  1.0000	  0.0000	        0.0000	        0.0000	        0.0000	        0.0000	        0.0000	        0.0000	        0.0000	  0.4076	  0.3668	-25.9863
2018	118	  23	 55	117.9965	  0.0000	2852.9820	   26.5429	 23.5768	  5.5000	  0.0000	 175.1625	 175.1625	 175.1625	   0.0000	   0.0000	   0.0000	  5.9000	 12.7000	 46.9167	   5.1000	   5.5000	   5.9000	  0.8000	  0.2000	  0.1000	  0.1600	  0.1900	   0.0000	   0.0000	   0.0000	   0.0000	   0.0000	   0.0000	   0.0000	   0.0000	   0.0000	  1.0000	  0.0000	        0.0000	        0.0000	        0.0000	        0.0000	        0.0000	        0.0000	        0.0000	  0.4076	  0.3668	-25.9863
2018	119	  23	 55	118.9965	  0.0000	3025.6877	   32.1685	 25.2951	  0.2250	  0.0000	 180.4625	 180.4625	 180.4625	   0.0000	   0.0000	   0.0000	  6.9000	 13.7000	 55.1667	   5.1000	   5.5000	   5.9000	  0.8000	  0.2000	  0.1000	  0.1600	  0.1900	   0.0000	   0.0000	   0.0000	   0.0000	   0.0000	   0.0000	   0.0000	   0.0000	   0.0000	  1.0000	  0.0000	        0.0000	        0.0000	        0.0000	        0.0000	        0.0000	        0.0000	        0.0000	  0.4076	  0.3668	-25.9863
2018	120	  23	 55	119.9965	  0.0000	2569.4297	   24.9384	 25.2238	 57.2167	  0.0000	 185.5625	 185.5625	 185.5625	   0.0000	   0.0000	   0.0000	  6.9000	 13.3000	 41.8333	   5.1000	   5.5000	   5.9000	  0.8000	  0.2000	  0.1000	  0.1600	  0.1900	   0.0000	   0.0000	   0.0000	   0.0000	   0.0000	   0.0000	   0.0000	   0.0000	   0.0000	  1.0000	  0.0000	        0.0000	        0.0000	        0.0000	        0.0000	        0.0000	        0.0000	        0.0000	  0.4076	  0.3668	-25.9863
2018	121	  23	 55	120.9965	  0.0000	2986.8274	   28.1166	 25.8024	 12.6083	  0.0000	 190.6125	 190.6125	 190.6125	   0.0000	   0.0000	   0.0000	  6.9000	 13.2000	 53.8333	   5.1000	   5.5000	   5.9000	  0.8000	  0.2000	  0.1000	  0.1600	  0.1900	   0.0000	   0.0000	   0.0000	   0.0000	   0.0000	   0.0000	   0.0000	   0.0000	   0.0000	  1.0000	  0.0000	        0.0000	        0.0000	        0.0000	        0.0000	        0.0000	        0.0000	        0.0000	  0.4076	  0.3668	-25.9863
2018	122	  23	 55	121.9965	  0.0000	3170.9953	   34.7618	 27.5943	  0.0000	  1.0000	 196.1792	 196.1792	 196.1792	   0.0000	   0.0000	   0.0000	  7.6333	 13.5000	 58.8333	   5.1000	   5.5000	   5.9000	  0.8000	  0.2000	  0.1000	  0.1600	  0.1900	   0.0000	   0.0000	   0.0000	   0.0000	   0.0000	   0.0000	   0.0000	   0.0000	   0.0000	  1.0000	  0.0000	        0.0000	        0.0000	        0.0000	        0.0000	        0.0000	        0.0000	        0.0000	  0.4076	  0.3668	-25.9863
2018	123	  23	 55	122.9965	  0.0000	3250.0185	   30.2450	 28.1244	 11.7833	  0.0000	 200.5292	 200.5292	 200.5292	   0.0000	   0.0000	   0.0000	  6.7000	 12.0000	 65.8333	   5.1000	   5.5000	   5.9000	  0.8000	  0.2000	  0.1000	  0.1600	  0.1900	   0.0000	   0.0000	   0.0000	   0.0000	   0.0000	   0.0000	   0.0000	   0.0000	   0.0000	  1.0000	  0.0000	        0.0000	        0.0000	        0.0000	        0.0000	        0.0000	        0.0000	        0.0000	  0.4076	  0.3668	-25.9863
2018	124	  23	 55	123.9965	  0.0000	2721.3577	   27.1905	 27.9376	  0.0000	  1.0000	 204.9792	 204.9792	 204.9792	   0.0000	   0.0000	   0.0000	  6.5000	 12.4000	 52.9167	   5.1000	   5.5000	   5.9000	  0.8000	  0.2000	  0.1000	  0.1600	  0.1900	   0.0000	   0.0000	   0.0000	   0.0000	   0.0000	   0.0000	   0.0000	   0.0000	   0.0000	  1.0000	  0.0000	        0.0000	        0.0000	        0.0000	        0.0000	        0.0000	        0.0000	        0.0000	  0.4076	  0.3668	-25.9863
2018	125	  23	 55	124.9965	  0.0000	2904.1385	   35.9294	 29.5360	  0.0000	  2.0000	 211.9792	 211.9792	 211.9792	   0.0000	   0.0000	   0.0000	  8.1000	 15.9000	 53.7500	   5.1000	   5.5000	   5.9000	  0.8000	  0.2000	  0.1000	  0.1600	  0.1900	   0.0000	   0.0000	   0.0000	   0.0000	   0.0000	   0.0000	   0.0000	   0.0000	   0.0000	  1.0000	  0.0000	        0.0000	        0.0000	        0.0000	        0.0000	        0.0000	        0.0000	        0.0000	  0.4076	  0.3668	-25.9863
2018	126	  23	 55	125.9965	  0.0000	  3.5711	    0.0374	 21.2872	  0.0000	  5.0000	 234.9292	 234.9292	 234.9292	   0.0000	   0.0000	   0.0000	  6.6000	 18.7000	 63.2500	   5.1000	   5.5000	   5.9000	  0.8000	  0.2000	  0.1000	  0.1600	  0.1900	   0.0000	   0.0000	   0.0000	   0.0000	   0.0000	   0.0000	   0.0000	   0.0000	   0.0000	  1.0000	  0.0000	        0.0000	        0.0000	        0.0000	        0.0000	        0.0000	        0.0000	        0.0000	  0.4076	  0.3668	-25.9863
2018	127	  23	 55	126.9965	  0.0000	  3.5338	    0.0408	  9.7239	  0.0000	 11.0000	 300.0000	 300.0000	 300.0000	   0.0000	   0.0000	   0.0000	  9.8000	 22.0000	 64.9167	   5.1000	   5.5000	   5.9000	  0.8000	  0.2000	  0.1000	  0.1600	  0.1900	   0.0000	   0.0000	   0.0000	   0.0000	   0.0000	   0.0000	   0.0000	   0.0000	   0.0000	  1.0000	  0.0000	        0.0000	        0.0000	        0.0000	        0.0000	        0.0000	        0.0000	        0.0000	  0.4076	  0.3668	-25.9863
2018	128	  23	 55	127.9965	  0.0000	  3.5370	    0.0440	  8.9422	  0.0000	 16.0000	 300.0000	 300.0000	 300.0000	   0.0000	   0.0000	   0.0000	  9.7000	 24.2000	 66.3333	   5.1000	   5.5000	   5.9000	  0.8000	  0.2000	  0.1000	  0.1600	  0.1900	   0.0000	   0.0000	   0.0000	   0.0000	   0.0000	   0.0000	   0.0000	   0.0000	   0.0000	  1.0000	  0.0000	        0.0000	        0.0000	        0.0000	        0.0000	        0.0000	        0.0000	        0.0000	  0.4076	  0.3668	-25.9863
2018	129	  23	 55	128.9965	  0.0000	  3.5956	    0.0568	 14.5937	  0.0000	 19.0000	 300.0000	 300.0000	 300.0000	   0.0000	   0.0000	   0.0000	 11.2000	 25.9000	 69.7500	   5.1000	   5.5000	   5.9000	  0.8000	  0.2000	  0.1000	  0.1600	  0.1900	   0.0000	   0.0000	   0.0000	   0.0000	   0.0000	   0.0000	   0.0000	   0.0000	   0.0000	  1.0000	  0.0000	        0.0000	        0.0000	        0.0000	        0.0000	        0.0000	        0.0000	        0.0000	  0.4076	  0.3668	-25.9863
2018	130	  23	 55	129.9965	  0.0000	  3.5895	    0.0486	 17.7081	  8.4500	  0.0000	 300.0000	 300.0000	 300.0000	   0.0000	   0.0000	   0.0000	 12.2000	 27.6000	 63.4167	   5.1000	   5.5000	   5.9000	  0.8000	  0.2000	  0.1000	  0.1600	  0.1900	   0.0000	   0.0000	   0.0000	   0.0000	   0.0000	   0.0000	   0.0000	   0.0000	   0.0000	  1.0000	  0.0000	        0.0000	        0.0000	        0.0000	        0.0000	        0.0000	        0.0000	        0.0000	  0.4076	  0.3668	-25.9863
2018	131	  23	 55	130.9965	  0.0000	3286.2266	   45.5681	 23.2801	  8.9583	  0.0000	 300.0000	 300.0000	 300.0000	   0.0000	   0.0000	   0.0000	 10.7000	 16.7000	 61.5833	   5.1000	   5.5000	   5.9000	  0.8000	  0.2000	  0.1000	  0.1600	  0.1900	   0.0000	   0.0000	   0.0000	   0.0000	   0.0000	   0.0000	   0.0000	   0.0000	   0.0000	  1.0000	  0.0000	        0.0000	        0.0000	        0.0000	        0.0000	        0.0000	        0.0000	        0.0000	  0.4076	  0.3668	-25.9863
2018	132	  23	 55	131.9965	  0.0000	3152.5555	   51.1304	 28.8501	  0.0000	  1.0000	 300.0000	 300.0000	 300.0000	   0.0000	   0.0000	   0.0000	 10.3000	 19.9000	 61.8333	   5.1000	   5.5000	   5.9000	  0.8000	  0.2000	  0.1000	  0.1600	  0.1900	   0.0000	   0.0000	   0.0000	   0.0000	   0.0000	   0.0000	   0.0000	   0.0000	   0.0000	  1.0000	  0.0000	        0.0000	        0.0000	        0.0000	        0.0000	        0.0000	        0.0000	        0.0000	  0.4076	  0.3668	-25.9863
2018	133	  23	 55	132.9965	  0.0000	3464.7841	   70.9688	 37.2739	  0.0000	  2.0000	 300.0000	 300.0000	 300.0000	   0.0000	   0.0000	   0.0000	 14.9167	 25.6000	 61.0833	   5.1000	   5.5000	   5.9000	  0.8000	  0.2000	  0.1000	  0.1600	  0.1900	   0.0000	   0.0000	   0.0000	   0.0000	   0.0000	   0.0000	   0.0000	   0.0000	   0.0000	  1.0000	  0.0000	        0.0000	        0.0000	        0.0000	        0.0000	        0.0000	        0.0000	        0.0000	  0.4076	  0.3668	-25.9863
2018	134	  23	 55	133.9965	  0.0000	  3.6029	    0.0632	 30.2744	  0.0000	  5.0000	 300.0000	 300.0000	 300.0000	   0.0000	   0.0000	   0.0000	 12.3000	 28.2000	 70.8333	   5.1000	   5.5000	   5.9000	  0.8000	  0.2000	  0.1000	  0.1600	  0.1900	   0.0000	   0.0000	   0.0000	   0.0000	   0.0000	   0.0000	   0.0000	   0.0000	   0.0000	  1.0000	  0.0000	        0.0000	        0.0000	        0.0000	        0.0000	        0.0000	        0.0000	        0.0000	  0.4076	  0.3668	-25.9863
2018	135	  23	 55	134.9965	  0.0000	  3.6005	    0.0602	 26.6237	  0.0000	  8.0000	 300.0000	 300.0000	 300.0000	   0.0000	   0.0000	   0.0000	 13.8000	 28.1000	 70.5833	   5.1000	   5.5000	   5.9000	  0.8000	  0.2000	  0.1000	  0.1600	  0.1900	   0.0000	   0.0000	   0.0000	   0.0000	   0.0000	   0.0000	   0.0000	   0.0000	   0.0000	  1.0000	  0.0000	        0.0000	        0.0000	        0.0000	        0.0000	        0.0000	        0.0000	        0.0000	  0.4076	  0.3668	-25.9863
2018	136	  23	 55	135.9965	  0.0000	 16.4233	    0.3169	 29.3817	  0.0000	 10.0000	 300.0000	 300.0000	 300.0000	   0.0000	   0.0000	   0.0000	 14.1917	 26.4000	 70.3333	   5.1000	   5.5000	   5.9000	  0.8000	  0.2000	  0.1000	  0.1600	  0.1900	   0.0000	   0.0000	   0.0000	   0.0000	   0.0000	   0.0000	   0.0000	   0.0000	   0.0000	  1.0000	  0.0000	        0.0000	        0.0000	        0.0000	        0.0000	        0.0000	        0.0000	        0.0000	  0.4076	  0.3668	-25.9863
2018	137	  23	 55	136.9965	  0.0000	 13.8437	    0.2236	 26.8693	  0.2833	  0.0000	 300.0000	 300.0000	 300.0000	   0.0000	   0.0000	   0.0000	 13.4000	 20.5000	 56.9167	   5.1000	   5.5000	   5.9000	  0.8000	  0.2000	  0.1000	  0.1600	  0.1900	   0.0000	   0.0000	   0.0000	   0.0000	   0.0000	   0.0000	   0.0000	   0.0000	   0.0000	  1.0000	  0.0000	        0.0000	        0.0000	        0.0000	        0.0000	        0.0000	        0.0000	        0.0000	  0.4076	  0.3668	-25.9863
2018	138	  23	 55	137.9965	  0.0000	  3.5269	    0.0337	 18.4829	  3.3000	  0.0000	 300.0000	 300.0000	 300.0000	   0.0000	   0.0000	   0.0000	  9.6250	 20.9000	 85.1667	   5.1000	   5.5000	   5.9000	  0.8000	  0.2000	  0.1000	  0.1600	  0.1900	   0.0000	   0.0000	   0.0000	   0.0000	   0.0000	   0.0000	   0.0000	   0.0000	   0.0000	  1.0000	  0.0000	        0.0000	        0.0000	        0.0000	        0.0000	        0.0000	        0.0000	        0.0000	  0.4076	  0.3668	-25.9863
2018	139	  23	 55	138.9965	  0.0000	  3.5369	    0.0437	 14.3355	  0.0000	  4.0000	 300.0000	 300.0000	 300.0000	   0.0000	   0.0000	   0.0000	  7.2000	 22.1000	 75.8333	   5.1000	   5.5000	   5.9000	  0.8000	  0.2000	  0.1000	  0.1600	  0.1900	   0.0000	   0.0000	   0.0000	   0.0000	   0.0000	   0.0000	   0.0000	   0.0000	   0.0000	  1.0000	  0.0000	        0.0000	        0.0000	        0.0000	        0.0000	        0.0000	        0.0000	        0.0000	  0.4076	  0.3668	-25.9863
2018	140	  23	 55	139.9965	  0.0000	  3.5830	    0.0442	 16.0570	  0.0000	  7.0000	 300.0000	 300.0000	 300.0000	   0.0000	   0.0000	   0.0000	 10.2000	 22.2000	 70.1667	   5.1000	   5.5000	   5.9000	  0.8000	  0.2000	  0.1000	  0.1600	  0.1900	   0.0000	   0.0000	   0.0000	   0.0000	   0.0000	   0.0000	   0.0000	   0.0000	   0.0000	  1.0000	  0.0000	        0.0000	        0.0000	        0.0000	        0.0000	        0.0000	        0.0000	        0.0000	  0.4076	  0.3668	-25.9863
2018	141	  23	 55	140.9965	  0.0000	  3.5869	    0.0501	 16.7608	  0.0000	 10.0000	 300.0000	 300.0000	 300.0000	   0.0000	   0.0000	   0.0000	 10.6000	 22.7000	 70.0000	   5.1000	   5.5000	   5.9000	  0.8000	  0.2000	  0.1000	  0.1600	  0.1900	   0.0000	   0.0000	   0.0000	   0.0000	   0.0000	   0.0000	   0.0000	   0.0000	   0.0000	  1.0000	  0.0000	        0.0000	        0.0000	        0.0000	        0.0000	        0.0000	        0.0000	        0.0000	  0.4076	  0.3668	-25.9863
2018	142	  23	 55	141.9965	  0.0000	  3.5843	    0.0447	 17.8780	  0.0000	 13.0000	 300.0000	 300.0000	 300.0000	   0.0000	   0.0000	   0.0000	 11.2000	 23.0000	 72.6667	   5.1000	   5.5000	   5.9000	  0.8000	  0.2000	  0.1000	  0.1600	  0.1900	   0.0000	   0.0000	   0.0000	   0.0000	   0.0000	   0.0000	   0.0000	   0.0000	   0.0000	  1.0000	  0.0000	        0.0000	        0.0000	        0.0000	        0.0000	        0.0000	        0.0000	        0.0000	  0.4076	  0.3668	-25.9863
2018	143	  23	 55	142.9965	  0.0000	  3.5905	    0.0509	 19.0468	  0.0000	 16.0000	 300.0000	 300.0000	 300.0000	   0.0000	   0.0000	   0.0000	 10.5000	 24.9000	 71.9167	   5.1000	   5.5000	   5.9000	  0.8000	  0.2000	  0.1000	  0.1600	  0.1900	   0.0000	   0.0000	   0.0000	   0.0000	   0.0000	   0.0000	   0.0000	   0.0000	   0.0000	  1.0000	  0.0000	        0.0000	        0.0000	        0.0000	        0.0000	        0.0000	        0.0000	        0.0000	  0.4076	  0.3668	-25.9863
2018	144	  23	 55	143.9965	  0.0000	 16.7913	    0.3331	 25.0160	  0.0000	 18.0000	 300.0000	 300.0000	 300.0000	   0.0000	   0.0000	   0.0000	 12.0000	 25.8000	 70.9167	   5.1000	   5.5000	   5.9000	  0.8000	  0.2000	  0.1000	  0.1600	  0.1900	   0.0000	   0.0000	   0.0000	   0.0000	   0.0000	   0.0000	   0.0000	   0.0000	   0.0000	  1.0000	  0.0000	        0.0000	        0.0000	        0.0000	        0.0000	        0.0000	        0.0000	        0.0000	  0.4076	  0.3668	-25.9863
2018	145	  23	 55	144.9965	  0.0000	 16.1915	    0.3397	 28.8343	  0.0000	 20.0000	 300.0000	 300.0000	 300.0000	   0.0000	   0.0000	   0.0000	 15.5000	 27.4000	 66.6667	   5.1000	   5.5000	   5.9000	  0.8000	  0.2000	  0.1000	  0.1600	  0.1900	   0.0000	   0.0000	   0.0000	   0.0000	   0.0000	   0.0000	   0.0000	   0.0000	   0.0000	  1.0000	  0.0000	        0.0000	        0.0000	        0.0000	        0.0000	        0.0000	        0.0000	        0.0000	  0.4076	  0.3668	-25.9863
2018	146	  23	 55	145.9965	  0.0000	  3.5547	    0.0617	 16.5090	  0.0000	 25.0000	 300.0000	 300.0000	 300.0000	   0.0000	   0.0000	   0.0000	 14.0000	 26.9000	 77.2500	   5.1000	   5.5000	   5.9000	  0.8000	  0.2000	  0.1000	  0.1600	  0.1900	   0.0000	   0.0000	   0.0000	   0.0000	   0.0000	   0.0000	   0.0000	   0.0000	   0.0000	  1.0000	  0.0000	        0.0000	        0.0000	        0.0000	        0.0000	        0.0000	        0.0000	        0.0000	  0.4076	  0.3668	-25.9863
2018	147	  23	 55	146.9965	  0.0000	  3.5553	    0.0622	 14.1948	  5.1917	  0.0000	 300.0000	 300.0000	 300.0000	   0.0000	   0.0000	   0.0000	 16.6000	 26.9000	 55.9167	   5.1000	   5.5000	   5.9000	  0.8000	  0.2000	  0.1000	  0.1600	  0.1900	   0.0000	   0.0000	   0.0000	   0.0000	   0.0000	   0.0000	   0.0000	   0.0000	   0.0000	  1.0000	  0.0000	        0.0000	        0.0000	        0.0000	        0.0000	        0.0000	        0.0000	        0.0000	  0.4076	  0.3668	-25.9863
2018	148	  23	 55	147.9965	  0.0000	4058.2409	   69.2026	 25.1964	 84.0583	  0.0000	 300.0000	 300.0000	 300.0000	   0.0000	   0.0000	   0.0000	 15.1333	 21.2000	 76.6667	   5.1000	   5.5000	   5.9000	  0.8000	  0.2000	  0.1000	  0.1600	  0.1900	   0.0000	   0.0000	   0.0000	   0.0000	   0.0000	   0.0000	   0.0000	   0.0000	   0.0000	  1.0000	  0.0000	        0.0000	        0.0000	        0.0000	        0.0000	        0.0000	        0.0000	        0.0000	  0.4076	  0.3668	-25.9863
2018	149	  23	 55	148.9965	  0.0000	4429.3998	   95.7587	 39.3088	  4.6500	  0.0000	 300.0000	 300.0000	 300.0000	   0.0000	   0.0000	   0.0000	 15.1000	 28.3000	 86.5000	   5.1000	   5.5000	   5.9000	  0.8000	  0.2000	  0.1000	  0.1600	  0.1900	   0.0000	   0.0000	   0.0000	   0.0000	   0.0000	   0.0000	   0.0000	   0.0000	   0.0000	  1.0000	  0.0000	        0.0000	        0.0000	        0.0000	        0.0000	        0.0000	        0.0000	        0.0000	  0.4076	  0.3668	-25.9863
2018	150	  23	 55	149.9965	  0.0000	 16.9150	    0.4083	 40.4779	  0.0000	  2.0000	 300.0000	 300.0000	 300.0000	   0.0000	   0.0000	   0.0000	 16.6000	 30.6000	 70.5000	   5.1000	   5.5000	   5.9000	  0.8000	  0.2000	  0.1000	  0.1600	  0.1900	   0.0000	   0.0000	   0.0000	   0.0000	   0.0000	   0.0000	   0.0000	   0.0000	   0.0000	  1.0000	  0.0000	        0.0000	        0.0000	        0.0000	        0.0000	        0.0000	        0.0000	        0.0000	  0.4076	  0.3668	-25.9863
2018	151	  23	 55	150.9965	  0.0000	  3.6075	    0.0696	 32.6594	  0.0000	  5.0000	 300.0000	 300.0000	 300.0000	   0.0000	   0.0000	   0.0000	 18.6000	 29.1000	 70.4167	   5.1000	   5.5000	   5.9000	  0.8000	  0.2000	  0.1000	  0.1600	  0.1900	   0.0000	   0.0000	   0.0000	   0.0000	   0.0000	   0.0000	   0.0000	   0.0000	   0.0000	  1.0000	  0.0000	        0.0000	        0.0000	        0.0000	        0.0000	        0.0000	        0.0000	        0.0000	  0.4076	  0.3668	-25.9863
2018	152	  23	 55	151.9965	  0.0000	4023.6267	   90.2818	 44.1839	  0.0000	  6.0000	 300.0000	 300.0000	 300.0000	   0.0000	   0.0000	   0.0000	 16.8000	 26.5000	 76.4167	   5.1000	   5.5000	   5.9000	  0.8000	  0.2000	  0.1000	  0.1600	  0.1900	 368.1362	 167.3250	 200.8111	 368.1362	 167.3250	 200.8111	 368.1362	 167.3250	 200.8111	  1.0000	  0.0000	        0.0000	        0.0000	        0.0000	        0.0000	        0.0000	        0.0000	        0.0000	  0.4076	  0.3668	-25.9863
2018	153	  23	 55	152.9965	  0.0000	  3.6091	    0.0648	 35.4578	  0.0000	  9.0000	 300.0000	 300.0000	 300.0000	   0.0000	   0.0000	   0.0000	 15.4000	 27.9000	 83.9167	   5.1000	   5.5000	   5.9000	  0.8000	  0.2000	  0.1000	  0.1600	  0.1900	   0.0000	   0.0000	   0.0000	   0.0000	   0.0000	   0.0000	   0.0000	   0.0000	   0.0000	  1.0000	  0.0000	        0.0000	        0.0000	        0.0000	        0.0000	        0.0000	        0.0000	        0.0000	  0.4076	  0.3668	-25.9863
2018	154	  23	 55	153.9965	  0.0000	3393.7726	   76.5357	 43.6734	  0.0000	 10.0000	 300.0000	 300.0000	 300.0000	   0.0000	   0.0000	   0.0000	 16.9000	 26.7000	 65.3333	   5.1000	   5.5000	   5.9000	  0.8000	  0.2000	  0.1000	  0.1600	  0.1900	 314.3636	 142.8847	 171.4788	 314.3636	 142.8847	 171.4788	 314.3636	 142.8847	 171.4788	  1.0000	  0.0000	        0.0000	        0.0000	        0.0000	        0.0000	        0.0000	        0.0000	        0.0000	  0.4076	  0.3668	-25.9863
2018	155	  23	 55	154.9965	  0.0000	3831.5657	   86.1859	 52.1759	  0.0000	 11.0000	 300.0000	 300.0000	 300.0000	   0.0000	   0.0000	   0.0000	 17.2417	 27.1000	 74.8333	   5.1000	   5.5000	   5.9000	  0.8000	  0.2000	  0.1000	  0.1600	  0.1900	 358.2693	 162.8409	 195.4284	 358.2693	 162.8409	 195.4284	 358.2693	 162.8409	 195.4284	  1.0000	  0.0000	        0.0000	        0.0000	        0.0000	        0.0000	        0.0000	        0.0000	        0.0000	  0.4076	  0.3668	-25.9863
2018	156	  23	 55	155.9965	  0.0000	3293.6952	   53.0367	 52.3481	  0.0000	 12.0000	 300.0000	 300.0000	 300.0000	   0.0000	   0.0000	   0.0000	 12.3000	 18.9000	 62.6667	   5.1000	   5.5000	   5.9000	  0.8000	  0.2000	  0.1000	  0.1600	  0.1900	 214.6191	  97.5490	 117.0701	 214.6191	  97.5490	 117.0701	 214.6191	  97.5490	 117.0701	  1.0000	  0.0000	        0.0000	        0.0000	        0.0000	        0.0000	        0.0000	        0.0000	        0.0000	  0.4076	  0.3668	-25.9863
2018	157	  23	 55	156.9965	  0.0000	  3.5488	    0.0557	 27.1903	  0.0000	 16.0000	 300.0000	 300.0000	 300.0000	   0.0000	   0.0000	   0.0000	 13.0000	 21.2000	 61.5833	   5.1000	   5.5000	   5.9000	  0.8000	  0.2000	  0.1000	  0.1600	  0.1900	   0.0000	   0.0000	   0.0000	   0.0000	   0.0000	   0.0000	   0.0000	   0.0000	   0.0000	  1.0000	  0.0000	        0.0000	        0.0000	        0.0000	        0.0000	        0.0000	        0.0000	        0.0000	  0.4076	  0.3668	-25.9863
2018	158	  23	 55	157.9965	  0.0000	3279.9529	   67.1411	 35.1804	  0.0000	 17.0000	 300.0000	 300.0000	 300.0000	   0.0000	   0.0000	   0.0000	 15.5000	 24.0000	 66.9167	   5.1000	   5.5000	   5.9000	  0.8000	  0.2000	  0.1000	  0.1600	  0.1900	 284.5095	 129.3162	 155.1933	 284.5095	 129.3162	 155.1933	 284.5095	 129.3162	 155.1933	  1.0000	  0.0000	        0.0000	        0.0000	        0.0000	        0.0000	        0.0000	        0.0000	        0.0000	  0.4076	  0.3668	-25.9863
2018	159	  23	 55	158.9965	  0.0000	  3.5960	    0.0557	 29.2941	  0.0000	 20.0000	 300.0000	 300.0000	 300.0000	   0.0000	   0.0000	   0.0000	 15.5000	 26.5000	 76.5833	   5.1000	   5.5000	   5.9000	  0.8000	  0.2000	  0.1000	  0.1600	  0.1900	   0.0000	   0.0000	   0.0000	   0.0000	   0.0000	   0.0000	   0.0000	   0.0000	   0.0000	  1.0000	  0.0000	        0.0000	        0.0000	        0.0000	        0.0000	        0.0000	        0.0000	        0.0000	  0.4076	  0.3668	-25.9863
2018	160	  23	 55	159.9965	  0.0000	  3.6038	    0.0642	 26.0445	  0.0000	 23.0000	 300.0000	 300.0000	 300.0000	   0.0000	   0.0000	   0.0000	 13.5000	 26.3000	 76.7500	   5.1000	   5.5000	   5.9000	  0.8000	  0.2000	  0.1000	  0.1600	  0.1900	   0.2635	   0.1212	   0.1422	   0.2635	   0.1212	   0.1422	   0.2635	   0.1212	   0.1422	  1.0000	  0.0000	        0.0000	        0.0000	        0.0000	        0.0000	        0.0000	        0.0000	        0.0000	  0.4076	  0.3668	-25.9863
2018	161	  23	 55	160.9965	  0.0000	  3.5490	    0.0559	  0.1391	 17.4333	  0.0000	 300.0000	 300.0000	 300.0000	   0.0000	   0.0000	   0.0000	 15.1000	 25.3000	 72.6667	   5.1000	   5.5000	   5.9000	  0.8000	  0.2000	  0.1000	  0.1600	  0.1900	   0.0000	   0.0000	   0.0000	   0.0000	   0.0000	   0.0000	   0.0000	   0.0000	   0.0000	  1.0000	  0.0000	        0.0000	        0.0000	        0.0000	        0.0000	        0.0000	        0.0000	        0.0000	  0.4076	  0.3668	-25.9863
2018	162	  23	 55	161.9965	  0.0000	  3.6145	    0.0494	 12.0447	 13.7667	  0.0000	 300.0000	 300.0000	 300.0000	   0.0000	   0.0000	   0.0000	 13.7000	 16.9000	 84.8333	   5.1000	   5.5000	   5.9000	  0.8000	  0.2000	  0.1000	  0.1600	  0.1900	   0.0000	   0.0000	   0.0000	   0.0000	   0.0000	   0.0000	   0.0000	   0.0000	   0.0000	  1.0000	  0.0000	        0.0000	        0.0000	        0.0000	        0.0000	        0.0000	        0.0000	        0.0000	  0.4076	  0.3668	-25.9863
2018	163	  23	 55	162.9965	  0.0000	 17.1443	    0.2981	 19.1897	  0.0000	  2.0000	 300.0000	 300.0000	 300.0000	   0.0000	   0.0000	   0.0000	 13.6000	 21.7000	 76.1667	   5.1000	   5.5000	   5.9000	  0.8000	  0.2000	  0.1000	  0.1600	  0.1900	   0.0000	   0.0000	   0.0000	   0.0000	   0.0000	   0.0000	   0.0000	   0.0000	   0.0000	  1.0000	  0.0000	        0.0000	        0.0000	        0.0000	        0.0000	        0.0000	        0.0000	        0.0000	  0.4076	  0.3668	-25.9863
2018	164	  23	 55	163.9965	  0.0000	3710.5860	   66.1505	 28.5819	  0.0000	  3.0000	 300.0000	 300.0000	 300.0000	   0.0000	   0.0000	   0.0000	 12.5000	 21.9000	 73.7500	   5.1000	   5.5000	   5.9000	  0.8000	  0.2000	  0.1000	  0.1600	  0.1900	 257.5388	 117.0559	 140.4829	 257.5388	 117.0559	 140.4829	 257.5388	 117.0559	 140.4829	  1.0000	  0.0000	        0.0000	        0.0000	        0.0000	        0.0000	        0.0000	        0.0000	        0.0000	  0.4076	  0.3668	-25.9863
2018	165	  23	 55	164.9965	  0.0000	 14.0772	    0.2266	 26.3079	 40.3000	  0.0000	 300.0000	 300.0000	 300.0000	   0.0000	   0.0000	   0.0000	 13.8000	 20.6000	 54.0833	   5.1000	   5.5000	   5.9000	  0.8000	  0.2000	  0.1000	  0.1600	  0.1900	   0.0000	   0.0000	   0.0000	   0.0000	   0.0000	   0.0000	   0.0000	   0.0000	   0.0000	  1.0000	  0.0000	        0.0000	        0.0000	        0.0000	        0.0000	        0.0000	        0.0000	        0.0000	  0.4076	  0.3668	-25.9863
2018	166	  23	 55	165.9965	  0.0000	5169.0167	   80.0341	 37.0531	  0.0000	  1.0000	 300.0000	 300.0000	 300.0000	   0.0000	   0.0000	   0.0000	 13.6000	 18.9000	 90.9167	   5.1000	   5.5000	   5.9000	  0.8000	  0.2000	  0.1000	  0.1600	  0.1900	 315.1468	 143.2397	 171.9071	 315.1468	 143.2397	 171.9071	 315.1468	 143.2397	 171.9071	  1.0000	  0.0000	        0.0000	        0.0000	        0.0000	        0.0000	        0.0000	        0.0000	        0.0000	  0.4076	  0.3668	-25.9863
2018	167	  23	 55	166.9965	  0.0000	  3.6083	    0.0501	 30.4326	 10.8417	  0.0000	 300.0000	 300.0000	 300.0000	   0.0000	   0.0000	   0.0000	 13.9000	 22.2000	 69.2500	   5.1000	   5.5000	   5.9000	  0.8000	  0.2000	  0.1000	  0.1600	  0.1900	   0.0000	   0.0000	   0.0000	   0.0000	   0.0000	   0.0000	   0.0000	   0.0000	   0.0000	  1.0000	  0.0000	        0.0000	        0.0000	        0.0000	        0.0000	        0.0000	        0.0000	        0.0000	  0.4076	  0.3668	-25.9863
2018	168	  23	 55	167.9965	  0.0000	  3.5434	    0.0503	  0.1649	131.3167	  0.0000	 300.0000	 300.0000	 300.0000	   0.0000	   0.0000	   0.0000	 13.9000	 18.4000	115.0833	   5.1000	   5.5000	   5.9000	  0.8000	  0.2000	  0.1000	  0.1600	  0.1900	   0.0000	   0.0000	   0.0000	   0.0000	   0.0000	   0.0000	   0.0000	   0.0000	   0.0000	  1.0000	  0.0000	        0.0000	        0.0000	        0.0000	        0.0000	        0.0000	        0.0000	        0.0000	  0.4076	  0.3668	-25.9863
2018	169	  23	 55	168.9965	  0.0000	  3.5962	    0.0507	  8.8218	  7.1417	  0.0000	 300.0000	 300.0000	 300.0000	   0.0000	   0.0000	   0.0000	 14.1000	 18.2000	 58.6667	   5.1000	   5.5000	   5.9000	  0.8000	  0.2000	  0.1000	  0.1600	  0.1900	   0.0000	   0.0000	   0.0000	   0.0000	   0.0000	   0.0000	   0.0000	   0.0000	   0.0000	  1.0000	  0.0000	        0.0000	        0.0000	        0.0000	        0.0000	        0.0000	        0.0000	        0.0000	  0.4076	  0.3668	-25.9863
2018	170	  23	 55	169.9965	  0.0000	3103.7398	   47.5655	 16.5705	  7.2417	  0.0000	 300.0000	 300.0000	 300.0000	   0.0000	   0.0000	   0.0000	 12.9250	 17.4000	 65.4167	   5.1000	   5.5000	   5.9000	  0.8000	  0.2000	  0.1000	  0.1600	  0.1900	 171.2467	  77.8340	  93.4127	 171.2467	  77.8340	  93.4127	 171.2467	  77.8340	  93.4127	  1.0000	  0.0000	        0.0000	        0.0000	        0.0000	        0.0000	        0.0000	        0.0000	        0.0000	  0.4076	  0.3668	-25.9863
2018	171	  23	 55	170.9965	  0.0000	  3.5441	    0.0510	 10.9728	 50.6417	  0.0000	 300.0000	 300.0000	 300.0000	   0.0000	   0.0000	   0.0000	 11.4000	 16.9000	 56.4167	   5.1000	   5.5000	   5.9000	  0.8000	  0.2000	  0.1000	  0.1600	  0.1900	   0.0000	   0.0000	   0.0000	   0.0000	   0.0000	   0.0000	   0.0000	   0.0000	   0.0000	  1.0000	  0.0000	        0.0000	        0.0000	        0.0000	        0.0000	        0.0000	        0.0000	        0.0000	  0.4076	  0.3668	-25.9863
2018	172	  23	 55	171.9965	  0.0000	 16.7672	    0.2120	 15.2305	 38.2417	  0.0000	 300.0000	 300.0000	 300.0000	   0.0000	   0.0000	   0.0000	  9.8000	 16.0000	 60.6667	   5.1000	   5.5000	   5.9000	  0.8000	  0.2000	  0.1000	  0.1600	  0.1900	   0.0000	   0.0000	   0.0000	   0.0000	   0.0000	   0.0000	   0.0000	   0.0000	   0.0000	  1.0000	  0.0000	        0.0000	        0.0000	        0.0000	        0.0000	        0.0000	        0.0000	        0.0000	  0.4076	  0.3668	-25.9863
2018	173	  23	 55	172.9965	  0.0000	  3.5353	    0.0422	 11.4306	  0.0000	  4.0000	 300.0000	 300.0000	 300.0000	   0.0000	   0.0000	   0.0000	  9.4000	 17.3000	 67.7500	   5.1000	   5.5000	   5.9000	  0.8000	  0.2000	  0.1000	  0.1600	  0.1900	   0.0000	   0.0000	   0.0000	   0.0000	   0.0000	   0.0000	   0.0000	   0.0000	   0.0000	  1.0000	  0.0000	        0.0000	        0.0000	        0.0000	        0.0000	        0.0000	        0.0000	        0.0000	  0.4076	  0.3668	-25.9863
2018	174	  23	 55	173.9965	  0.0000	  3.5343	    0.0413	  8.2602	  0.0000	  9.0000	 300.0000	 300.0000	 300.0000	   0.0000	   0.0000	   0.0000	  8.6000	 19.1000	 68.5833	   5.1000	   5.5000	   5.9000	  0.8000	  0.2000	  0.1000	  0.1600	  0.1900	   0.0000	   0.0000	   0.0000	   0.0000	   0.0000	   0.0000	   0.0000	   0.0000	   0.0000	  1.0000	  0.0000	        0.0000	        0.0000	        0.0000	        0.0000	        0.0000	        0.0000	        0.0000	  0.4076	  0.3668	-25.9863
2018	175	  23	 55	174.9965	  0.0000	3856.3255	   69.1756	 20.4433	  0.0000	 10.0000	 300.0000	 300.0000	 300.0000	   0.0000	   0.0000	   0.0000	 10.4000	 22.3000	 77.5833	   5.1000	   5.5000	   5.9000	  0.8000	  0.2000	  0.1000	  0.1600	  0.1900	 282.1105	 128.2250	 153.8854	 282.1105	 128.2250	 153.8854	 282.1105	 128.2250	 153.8854	  1.0000	  0.0000	        0.0000	        0.0000	        0.0000	        0.0000	        0.0000	        0.0000	        0.0000	  0.4076	  0.3668	-25.9863
2018	176	  23	 55	175.9965	  0.0000	 15.6698	    0.3032	 24.4663	  0.0000	 12.0000	 300.0000	 300.0000	 300.0000	   0.0000	   0.0000	   0.0000	 15.0000	 24.6000	 70.0000	   5.1000	   5.5000	   5.9000	  0.8000	  0.2000	  0.1000	  0.1600	  0.1900	   0.0000	   0.0000	   0.0000	   0.0000	   0.0000	   0.0000	   0.0000	   0.0000	   0.0000	  1.0000	  0.0000	        0.0000	        0.0000	        0.0000	        0.0000	        0.0000	        0.0000	        0.0000	  0.4076	  0.3668	-25.9863
2018	177	  23	 55	176.9965	  0.0000	  3.5576	    0.0645	 19.9328	  0.0000	 16.0000	 300.0000	 300.0000	 300.0000	   0.0000	   0.0000	   0.0000	 14.2000	 27.1000	 81.0833	   5.1000	   5.5000	   5.9000	  0.8000	  0.2000	  0.1000	  0.1600	  0.1900	   0.0000	   0.0000	   0.0000	   0.0000	   0.0000	   0.0000	   0.0000	   0.0000	   0.0000	  1.0000	  0.0000	        0.0000	        0.0000	        0.0000	        0.0000	        0.0000	        0.0000	        0.0000	  0.4076	  0.3668	-25.9863
2018	178	  23	 55	177.9965	  0.0000	 16.1071	    0.3403	 25.4172	  0.0000	 18.0000	 300.0000	 300.0000	 300.0000	   0.0000	   0.0000	   0.0000	 16.4000	 25.9000	 70.8333	   5.1000	   5.5000	   5.9000	  0.8000	  0.2000	  0.1000	  0.1600	  0.1900	   0.0000	   0.0000	   0.0000	   0.0000	   0.0000	   0.0000	   0.0000	   0.0000	   0.0000	  1.0000	  0.0000	        0.0000	        0.0000	        0.0000	        0.0000	        0.0000	        0.0000	        0.0000	  0.4076	  0.3668	-25.9863
2018	179	  23	 55	178.9965	  0.0000	3759.8034	   84.0403	 37.1418	  0.0000	 19.0000	 300.0000	 300.0000	 300.0000	   0.0000	   0.0000	   0.0000	 17.4000	 26.3000	 75.9167	   5.1000	   5.5000	   5.9000	  0.8000	  0.2000	  0.1000	  0.1600	  0.1900	 361.7980	 164.4457	 197.3523	 361.7980	 164.4457	 197.3523	 361.7980	 164.4457	 197.3523	  1.0000	  0.0000	        0.0000	        0.0000	        0.0000	        0.0000	        0.0000	        0.0000	        0.0000	  0.4076	  0.3668	-25.9863
