1 2 3 4 5 6 7 8 9 10 11 12 13 14 15 16 17 18 19 20 21 22 23 24 25 26 27 28 29 30 31 32 33 34 35 36 37 38 39
Code AlbedoMin AlbedoMax Emissivity StorageMin StorageMax WetThreshold StateLimit DrainageEq DrainageCoef1 DrainageCoef2 SoilTypeCode SnowLimPatch BaseT BaseTe GDDFull SDDFull LAIMin LAIMax PorosityMin PorosityMax MaxConductance LAIEq LeafGrowthPower1 LeafGrowthPower2 LeafOffPower1 LeafOffPower2 OHMCode_SummerWet OHMCode_SummerDry OHMCode_WinterWet OHMCode_WinterDry OHMThresh_SW OHMThresh_WD ESTMCode AnOHM_Cp AnOHM_Kk AnOHM_Ch BiogenCO2Code BiogenCO2Code
300          0.1000           0.1000           0.9800           1.3000           1.3000           1.3000           1.3000           2.0000           0.0130           1.7100         70.0000       190.0000           5.0000         10.0000       300.0000     -450.0000           4.0000           5.1000     -999.0000     -999.0000           7.4000           1.0000           0.0400           0.0010         -1.5000           0.0015       200.0000       200.0000       200.0000       200.0000         10.0000           0.9000       200.0000  1000000.0000          1.2000           4.0000  31        31.0000 
330          0.1600           0.1600           0.9800           0.3000           0.8000           0.8000           0.8000           2.0000           0.0130           1.7100         70.0000       190.0000           5.0000         10.0000       300.0000     -450.0000           1.0000           5.5000           0.2000           0.6000         11.7000           1.0000           0.0400           0.0010         -1.5000           0.0015       200.0000       200.0000       200.0000       200.0000         10.0000           0.9000       200.0000  1000000.0000          1.2000           4.0000  31        31.0000 
360          0.1900           0.1900           0.9300           1.9000           1.9000           1.9000           1.9000           3.0000         10.0000           3.0000         70.0000       190.0000           5.0000         10.0000       300.0000     -450.0000           1.6000           5.9000     -999.0000     -999.0000         40.0000           1.0000           0.0400           0.0010         -1.5000           0.0015       200.0000       200.0000       200.0000       200.0000         10.0000           0.9000       200.0000  1000000.0000          1.2000           4.0000  31        31.0000 
361          0.1900           0.1900           0.9300           1.9000           1.9000           1.9000           1.9000           2.0000           0.1300           1.7100         70.0000       190.0000           5.0000         10.0000       300.0000     -450.0000           1.6000           5.9000     -999.0000     -999.0000         33.1000           1.0000           0.0400           0.0010         -1.5000           0.0015       200.0000       200.0000       200.0000       200.0000         10.0000           0.9000       200.0000  1000000.0000          1.2000           4.0000  31        31.0000 
551          0.1000           0.1000           0.9800           1.3000           1.3000           1.8000           1.3000           2.0000           0.0130           1.7100       553.0000     -999.0000           6.0000         11.0000       300.0000     -450.0000           4.0000           5.1000     -999.0000     -999.0000           7.4000           1.0000           0.0400           0.0010         -1.5000           0.0015       200.0000       200.0000       200.0000       200.0000         10.0000           0.9000       810.0000  1000000.0000          1.2000           4.0000  31        31.0000 
552          0.1200           0.1800           0.9800           0.3000           0.8000           1.0000           0.8000           2.0000           0.0130           1.7100       553.0000     -999.0000           6.0000         11.0000       300.0000     -450.0000           1.0000           5.5000           0.2000           0.6000         11.7000           1.0000           0.0400           0.0010         -1.5000           0.0015       200.0000       200.0000       200.0000       200.0000         10.0000           0.9000       811.0000  1000000.0000          1.2000           4.0000  31        31.0000 
553          0.1800           0.2100           0.9300           1.9000           1.9000           2.0000           1.9000           2.0000           0.0130           1.7100       553.0000     -999.0000           6.0000         11.0000       300.0000     -450.0000           1.6000           5.9000     -999.0000     -999.0000         33.1000           1.0000           0.0400           0.0010         -1.5000           0.0015       200.0000       200.0000       200.0000       200.0000         10.0000           0.9000       812.0000  1000000.0000          1.2000           4.0000  31        31.0000 
661          0.1000           0.1000           0.9800           1.3000           1.3000           1.3000           1.3000           2.0000           0.0130           1.7100       661.0000       120.0000           5.0000         11.0000       300.0000     -450.0000           4.0000           5.1000     -999.0000     -999.0000           7.4000           0.0000           0.0300           0.0005           0.0300           0.0005       200.0000       200.0000       200.0000       200.0000         10.0000           0.9000       810.0000  1000000.0000          1.2000           4.0000  31        31.0000 
662          0.1200           0.1800           0.9800           0.3000           0.8000           0.8000           0.8000           2.0000           0.0130           1.7100       661.0000       120.0000           5.0000         11.0000       300.0000     -450.0000           1.0000           5.5000           0.2000           0.6000         11.7000           0.0000           0.0300           0.0005           0.0300           0.0005       200.0000       200.0000       200.0000       200.0000         10.0000           0.9000       811.0000  1000000.0000          1.2000           4.0000  31        31.0000 
663          0.1800           0.2100           0.9300           1.9000           1.9000           1.9000           1.9000           2.0000           0.0130           1.7100       661.0000       120.0000           5.0000         11.0000       300.0000     -450.0000           1.6000           5.9000     -999.0000     -999.0000         33.1000           0.0000           0.0300           0.0005           0.0300           0.0005       200.0000       200.0000       200.0000       200.0000         10.0000           0.9000       812.0000  1000000.0000          1.2000           4.0000  31        31.0000 
700          0.1000           0.1000           0.9800           1.3000           1.3000           1.3000           1.3000           2.0000           0.0130           1.7100       661.0000       120.0000           5.0000         11.0000       300.0000     -450.0000           4.0000           5.1000     -999.0000     -999.0000           7.4000           0.0000           0.0300           0.0005           0.0300           0.0005       201.0000       201.0000       201.0000       201.0000         10.0000           0.9000       810.0000  1000000.0000          1.2000           4.0000  31        31.0000 
701          0.1200           0.1800           0.9800           0.3000           0.8000           0.8000           0.8000           2.0000           0.0130           1.7100       661.0000       120.0000           5.0000         11.0000       300.0000     -450.0000           1.0000           5.5000           0.2000           0.6000         11.7000           0.0000           0.0300           0.0005           0.0300           0.0005       201.0000       201.0000       201.0000       201.0000         10.0000           0.9000       811.0000  1000000.0000          1.2000           4.0000  31        31.0000 
702          0.1800           0.2100           0.9300           1.9000           1.9000           1.9000           1.9000           2.0000           0.0130           1.7100       661.0000       120.0000           5.0000         11.0000       300.0000     -450.0000           1.6000           5.9000     -999.0000     -999.0000         33.1000           0.0000           0.0300           0.0005           0.0300           0.0005       201.0000       201.0000       201.0000       201.0000         10.0000           0.9000       812.0000  500000.0000          0.2000           1.0000  31        31.0000 
-9                                      
-9                                      
