Year	DOY	Hour	Min	 Dectime	 azimuth	altitude	GlobalRad	DiffuseRad	DirectRad	 Kdown2d	   Kup2d	  Ksouth	   Kwest	  Knorth	   Keast	 Ldown2d	   Lup2d	  Lsouth	   Lwest	  Lnorth	   Least	    Tmrt	      I0	      CI	SH_Ground	SH_Walls	SVF_Ground	SVF_Roof	SVF_BdVeg	Emis_Sky	      Ta	      Tg	      Tw
2018	179	   0	  0	178.0000	356.4783	 -8.9671	   0.0200	    0.0000	   0.0000	  0.0000	  0.0000	  0.0000	  0.0000	  0.0000	  0.0000	399.9199	391.1206	383.9667	383.9667	383.9667	383.9667	 13.9672	 51.3840	  0.5056	   0.0000	  0.0000	    0.9236	  0.9608	   0.9236	  0.8405	 18.9000	  0.0000	  0.0000
2018	179	   1	  0	178.0417	 94.0217	 -8.8688	   0.1496	    0.0000	   0.0000	  0.0000	  0.0000	  0.0000	  0.0000	  0.0000	  0.0000	396.6480	389.6724	382.2535	382.2535	382.2535	382.2535	 13.6329	 51.4449	  0.5081	   0.0000	  0.0000	    0.9236	  0.9608	   0.9236	  0.8374	 18.6292	  0.0000	  0.0000
2018	179	   2	  0	178.0833	 17.8290	 -7.3504	   2.4581	    0.0000	   0.0000	  0.0000	  0.0000	  0.0000	  0.0000	  0.0000	  0.0000	392.4988	385.8593	377.2367	377.2367	377.2367	377.2367	 12.7132	 51.5215	  0.5529	   0.0000	  0.0000	    0.9236	  0.9608	   0.9236	  0.8337	 17.9125	  0.0000	  0.0000
2018	179	   3	  0	178.1250	 31.2511	 -3.7147	  20.5810	    0.0000	   0.0000	  0.0000	  0.0000	  0.0000	  0.0000	  0.0000	  0.0000	393.7178	383.3888	368.6745	368.6745	368.6745	368.6745	 11.2656	 51.5026	  0.8350	   0.0000	  0.0000	    0.9236	  0.9608	   0.9236	  0.8349	 17.4458	  0.0000	  0.0000
2018	179	   4	  0	178.1667	 44.1271	  1.3363	  85.2542	  124.9249	  64.6127	 69.3822	  5.4771	 27.0953	 27.0953	 33.6148	 34.4828	396.7687	387.1476	368.0761	368.0761	368.4328	368.4328	 15.4728	 40.2706	  1.0000	   0.0518	  0.0964	    0.9236	  0.9608	   0.9236	  0.8377	 17.9417	  3.0106	  0.0000
2018	179	   5	  0	178.2083	 56.4837	  7.1887	 193.9660	  623.7974	 114.9540	190.2009	 10.6068	 48.9610	 48.9610	 88.6545	111.6864	400.6810	399.0656	378.2646	378.4115	378.5482	378.5482	 23.1197	131.1989	  1.0000	   0.1186	  0.3164	    0.9236	  0.9608	   0.9236	  0.8408	 19.4833	  7.2203	  0.5645
2018	179	   6	  0	178.2500	 68.5121	 14.2045	 323.6306	  681.8581	 156.0081	318.6657	 17.2940	 67.4369	 67.4369	129.9461	231.4190	397.9390	420.9050	393.9730	395.2780	393.6976	393.6976	 31.6083	257.2311	  1.0000	   0.2658	  0.4600	    0.9236	  0.9608	   0.9236	  0.8334	 21.6458	  9.8528	  3.0328
2018	179	   7	  0	178.2917	 80.5401	 21.8676	 456.5967	  712.4624	 191.2042	450.6555	 27.5362	 84.6804	 84.6804	133.1676	390.0674	397.4865	448.7032	410.9806	414.4717	410.8516	410.8516	 39.7650	390.8552	  1.0000	   0.4694	  0.5000	    0.9236	  0.9608	   0.9236	  0.8275	 23.2417	 12.3726	  5.5526
2018	179	   8	  0	178.3333	 93.0500	 29.8171	 581.4260	  734.4676	 216.3152	574.8603	 39.2008	124.1287	 98.8871	101.8059	500.1011	404.1968	474.9855	427.0599	432.7029	427.1457	427.1487	 45.8626	520.6154	  1.0000	   0.6330	  0.5000	    0.9236	  0.9608	   0.9236	  0.8326	 24.0792	 14.7356	  7.9156
2018	179	   9	  0	178.3750	106.7017	 37.6653	 687.2823	  755.6972	 225.6777	680.6261	 49.4122	231.9928	107.1994	107.1994	522.0046	404.6466	498.3916	440.4783	447.4793	442.1775	440.4783	 51.3832	640.5809	  1.0000	   0.7272	  0.5000	    0.9236	  0.9608	   0.9236	  0.8293	 24.8333	 16.9004	 10.0804
2018	179	  10	  0	178.4167	122.3540	 44.9111	 766.0317	  774.0398	 219.7654	759.7821	 57.4859	339.2136	109.3043	109.3043	472.9729	397.0975	520.2793	451.1827	458.6234	455.6597	451.1827	 54.5261	744.6049	  1.0000	   0.7887	  0.5000	    0.9236	  0.9608	   0.9236	  0.8137	 25.6333	 18.8292	 12.0092
2018	179	  11	  0	178.4583	140.9635	 50.8631	 811.1337	  822.4445	 172.8952	806.7174	 62.4504	428.6974	 96.0360	 96.0360	364.7831	390.1542	538.1814	459.3886	465.5820	467.2962	459.3886	 54.9547	822.5430	  1.0000	   0.8293	  0.5000	    0.9236	  0.9608	   0.9236	  0.7995	 26.1625	 20.4882	 13.6682
2018	179	  12	  0	178.5000	162.9356	 54.6126	 822.4575	  801.3840	 169.3356	818.1993	 64.5159	470.2737	 95.7972	 95.7972	212.8537	384.0935	548.9760	463.3302	466.1600	474.3797	463.3302	 53.2796	868.0105	  0.9985	   0.8511	  0.5000	    0.9236	  0.9608	   0.9236	  0.7896	 26.1375	 21.8485	 15.0285
2018	179	  13	  0	178.5417	186.9420	 55.3149	 796.4375	  721.1060	 203.4224	790.8624	 62.9619	451.9654	150.5824	106.1985	109.5917	378.9600	555.8783	466.4826	466.4610	478.8873	467.7031	 52.3404	878.4752	  0.9701	   0.8549	  0.5000	    0.9236	  0.9608	   0.9236	  0.7809	 26.1625	 22.8861	 16.0661
2018	179	  14	  0	178.5833	210.0644	 52.7812	 726.1021	  617.2374	 234.0307	719.2316	 57.1166	383.7071	267.1317	113.0951	113.0951	384.2383	550.7471	466.6829	466.6829	477.2226	472.2910	 53.1937	848.0714	  0.9262	   0.8406	  0.5000	    0.9236	  0.9608	   0.9236	  0.7888	 26.2458	 22.2774	 15.8325
2018	179	  15	  0	178.6250	230.1294	 47.6445	 585.1885	  423.4316	 271.7725	576.5908	 45.7956	267.1179	294.3414	119.2997	119.2997	387.9780	515.3174	452.3351	452.3351	457.8828	459.0578	 48.7527	784.3269	  0.8311	   0.8085	  0.5000	    0.9236	  0.9608	   0.9236	  0.7972	 26.0917	 16.8668	 12.0586
2018	179	  16	  0	178.6667	246.9299	 40.8481	 491.1592	  374.8099	 245.8595	483.2895	 37.4979	190.2632	302.6850	106.1668	106.1668	387.3560	501.3793	444.2591	444.2591	447.2053	452.1103	 45.0200	693.2449	  0.8164	   0.7574	  0.5000	    0.9236	  0.9608	   0.9236	  0.8008	 25.3500	 16.1767	 11.5630
2018	179	  17	  0	178.7083	261.3122	 33.1845	 383.1725	  312.6437	 211.2832	376.3162	 28.3444	117.5437	264.0696	 89.6868	 89.6868	396.7390	483.0602	435.4800	435.4800	436.1999	443.2520	 39.8663	576.1843	  0.8029	   0.6768	  0.5000	    0.9236	  0.9608	   0.9236	  0.8194	 24.4750	 15.1174	 10.7384
2018	179	  18	  0	178.7500	274.2161	 25.2224	 253.0598	  202.2471	 165.8027	247.5650	 18.3818	 69.2999	170.3080	 75.3546	 68.9054	389.6212	456.6666	421.3221	421.3117	421.2459	427.1846	 32.5312	449.5367	  0.7397	   0.5515	  0.5000	    0.9236	  0.9608	   0.9236	  0.8132	 23.8208	 11.8856	  8.3352
2018	179	  19	  0	178.7917	286.3802	 17.3903	 132.9092	   78.2821	 108.1026	129.2496	  9.9360	 44.5535	 71.4129	 51.3766	 44.5535	376.5827	429.5781	406.9194	406.3094	406.3094	409.8197	 24.7139	317.2173	  0.6484	   0.3451	  0.4892	    0.9236	  0.9608	   0.9236	  0.7995	 22.9583	  8.0984	  5.5640
2018	179	  20	  0	178.8333	298.3578	 10.0498	  43.2283	   10.5227	  41.2408	 41.8143	  3.4997	 17.0673	 18.8618	 17.9512	 17.0673	367.3183	413.2330	398.5026	397.4208	397.4208	399.8661	 18.5414	185.9330	  0.5404	   0.1768	  0.3869	    0.9236	  0.9608	   0.9236	  0.7922	 21.7417	  6.8532	  4.5544
2018	179	  21	  0	178.8750	310.5449	  3.6063	   6.0204	    1.5573	   5.8872	  5.8182	  0.4955	  2.4594	  2.5678	  2.5433	  2.4594	368.5153	403.4915	391.4134	389.1751	389.1751	391.8390	 15.1475	 67.8089	  0.5599	   0.0860	  0.1992	    0.9236	  0.9608	   0.9236	  0.7991	 20.3958	  9.0751	  5.7468
2018	179	  22	  0	178.9167	323.1882	 -1.5706	   0.2792	    0.1675	   0.1635	  0.1593	  0.0137	  0.0689	  0.0689	  0.0689	  0.0689	377.7908	391.8845	381.7641	380.9689	380.9689	381.6771	 13.3051	 44.8150	  0.5729	   0.0000	  0.0087	    0.9236	  0.9608	   0.9236	  0.8162	 19.0417	  2.6318	  1.6104
2018	179	  23	  0	178.9583	336.3878	 -6.1681	   0.0000	    0.0000	   0.0000	  0.0000	  0.0000	  0.0000	  0.0000	  0.0000	  0.0000	379.5863	386.4333	377.8067	377.8067	377.8067	377.8067	 12.6689	 51.7854	  0.5052	   0.0000	  0.0000	    0.9236	  0.9608	   0.9236	  0.8205	 18.0208	  0.0000	  0.0000
2018	180	   0	  0	179.0000	350.0668	 -8.4955	   0.0000	    0.0000	   0.0000	  0.0000	  0.0000	  0.0000	  0.0000	  0.0000	  0.0000	371.3686	386.4551	377.0869	377.0869	377.0869	377.0869	 12.4564	 51.9310	  0.5052	   0.0000	  0.0000	    0.9236	  0.9608	   0.9236	  0.8113	 18.0250	  0.0000	  0.0000
2018	180	   1	  0	179.0417	 93.9757	 -8.9121	   0.1531	    0.0000	   0.0000	  0.0000	  0.0000	  0.0000	  0.0000	  0.0000	  0.0000	356.4050	388.4935	377.4210	377.4210	377.4210	377.4210	 12.3652	 52.0151	  0.5090	   0.0000	  0.0000	    0.9236	  0.9608	   0.9236	  0.7920	 18.4083	  0.0000	  0.0000
2018	180	   2	  0	179.0833	 17.7897	 -7.4005	   2.9312	    0.0000	   0.0000	  0.0000	  0.0000	  0.0000	  0.0000	  0.0000	  0.0000	343.1987	384.6708	370.9543	370.9543	370.9543	370.9543	 11.0825	 52.2931	  0.5620	   0.0000	  0.0000	    0.9236	  0.9608	   0.9236	  0.7772	 17.6875	  0.0000	  0.0000
2018	180	   3	  0	179.1250	 31.2188	 -3.7520	  23.7140	    0.0000	   0.0000	  0.0000	  0.0000	  0.0000	  0.0000	  0.0000	  0.0000	335.7840	375.9527	353.4052	353.4052	353.4052	353.4052	  7.8733	 52.3722	  0.8579	   0.0000	  0.0000	    0.9236	  0.9608	   0.9236	  0.7734	 16.0250	  0.0000	  0.0000
2018	180	   4	  0	179.1667	 44.1012	  1.2842	  89.7579	  148.6585	  65.9774	 71.9060	  5.6002	 27.6857	 27.6857	 35.3790	 36.4026	333.8447	373.8822	346.3376	346.3376	346.6818	346.6818	 11.1976	 40.3890	  1.0000	   0.0513	  0.0943	    0.9236	  0.9608	   0.9236	  0.7729	 15.4167	  3.0167	  0.0000
2018	180	   5	  0	179.2083	 56.4630	  7.1295	 187.3952	  692.3994	 100.8833	184.1321	  9.5030	 43.1959	 43.1959	 86.6523	111.6909	331.8551	378.0037	348.3541	348.4907	348.6265	348.6265	 17.1415	133.7637	  1.0000	   0.1175	  0.3147	    0.9236	  0.9608	   0.9236	  0.7698	 15.5458	  7.1977	  0.5494
2018	180	   6	  0	179.2500	 68.4952	 14.1432	 383.6417	  742.5250	 201.8174	377.1348	 21.4752	 86.5074	 86.5074	154.3030	264.2720	331.7468	390.8181	356.4073	357.6307	356.1432	356.1432	 28.2768	262.8246	  1.0000	   0.2645	  0.4592	    0.9236	  0.9608	   0.9236	  0.7666	 16.2042	  9.8305	  3.0105
2018	180	   7	  0	179.2917	 80.5252	 21.8053	 499.7950	  775.7102	 211.6606	493.2047	 30.1928	 93.5843	 93.5843	146.2820	424.9492	334.0223	412.6799	369.0999	372.3625	368.9700	368.9700	 35.2927	399.3715	  1.0000	   0.4677	  0.5000	    0.9236	  0.9608	   0.9236	  0.7657	 17.0167	 12.3509	  5.5309
2018	180	   8	  0	179.3333	 93.0349	 29.7544	 620.2725	  796.6546	 225.0465	613.4787	 41.6346	130.6814	103.4441	106.6388	538.2452	337.9483	438.6685	384.5176	389.8221	384.6009	384.5981	 41.2379	533.3727	  1.0000	   0.6321	  0.5000	    0.9236	  0.9608	   0.9236	  0.7659	 18.0667	 14.7146	  7.8946
2018	180	   9	  0	179.3750	106.6830	 37.6027	 724.5892	  813.5858	 228.3847	717.9229	 51.8928	243.8118	109.6769	109.6769	556.3115	340.7865	461.8994	398.4292	405.0301	400.0338	398.4292	 47.0002	655.9949	  1.0000	   0.7266	  0.5000	    0.9236	  0.9608	   0.9236	  0.7649	 19.0167	 16.8802	 10.0602
2018	180	  10	  0	179.4167	122.3266	 44.8497	 804.6000	  826.7439	 221.8064	798.3678	 60.2422	357.1400	111.6945	111.6945	500.4879	340.4740	480.0865	408.1722	415.1661	412.3767	408.1722	 50.1728	759.2026	  1.0000	   0.7883	  0.5000	    0.9236	  0.9608	   0.9236	  0.7617	 19.4167	 18.8099	 11.9899
2018	180	  11	  0	179.4583	140.9198	 50.8047	 853.0533	  830.8554	 209.3665	847.3953	 65.8834	445.6475	110.3502	110.3502	383.9470	341.4432	498.2242	418.6317	424.4704	426.0759	418.6317	 51.2512	835.4043	  1.0000	   0.8290	  0.5000	    0.9236	  0.9608	   0.9236	  0.7588	 20.1417	 20.4697	 13.6497
2018	180	  12	  0	179.5000	162.8689	 54.5606	 860.1140	  835.1140	 179.7051	855.5645	 67.4782	491.9166	101.0703	101.0703	221.5795	341.0152	513.7106	427.4696	430.1697	437.9581	427.4696	 49.6471	880.3739	  1.0000	   0.8508	  0.5000	    0.9236	  0.9608	   0.9236	  0.7531	 20.9250	 21.8306	 15.0106
2018	180	  13	  0	179.5417	186.8546	 55.2734	 833.0752	  803.8250	 172.3663	828.7310	 65.5780	483.2125	146.4798	 97.4072	101.3282	337.6995	524.1081	432.9731	432.9584	444.8215	434.1295	 48.3482	891.5249	  0.9935	   0.8547	  0.5000	    0.9236	  0.9608	   0.9236	  0.7438	 21.5250	 22.8689	 16.0489
2018	180	  14	  0	179.5833	209.9688	 52.7515	 767.6838	  715.3050	 198.0686	762.2366	 59.9750	416.1860	282.5689	102.7979	102.7979	339.4999	530.4234	438.8066	438.8066	449.5426	444.6126	 50.3657	863.9406	  0.9589	   0.8404	  0.5000	    0.9236	  0.9608	   0.9236	  0.7420	 22.2333	 23.5364	 16.7249
2018	180	  15	  0	179.6250	230.0371	 47.6245	 668.4963	  617.0521	 212.2593	662.2888	 51.2485	317.9931	358.2054	102.6656	102.6656	341.9195	521.6478	436.7851	436.7851	444.1814	445.7442	 48.9814	800.7983	  0.9199	   0.8084	  0.5000	    0.9236	  0.9608	   0.9236	  0.7442	 22.5458	 22.4442	 16.0420
2018	180	  16	  0	179.6667	246.8451	 40.8342	 545.3215	  511.1582	 210.4331	538.8856	 40.6919	211.9174	363.7048	 96.2060	 96.2060	341.7344	501.6468	428.0180	428.0180	431.7531	437.7102	 44.4772	708.3915	  0.8773	   0.7573	  0.5000	    0.9236	  0.9608	   0.9236	  0.7453	 22.4458	 20.0511	 14.3288
2018	180	  17	  0	179.7083	261.2348	 33.1735	 408.6377	  388.1159	 195.1706	402.4355	 29.5595	120.0437	301.3966	 84.9936	 84.9936	352.6286	477.5871	419.3328	419.3328	420.2218	428.0707	 38.2817	588.3072	  0.8322	   0.6766	  0.5000	    0.9236	  0.9608	   0.9236	  0.7647	 22.2375	 17.1189	 12.1569
2018	180	  18	  0	179.7500	274.1442	 25.2116	 268.6896	  249.2245	 161.0472	263.4073	 19.0308	 68.2412	192.8256	 75.4249	 67.7141	356.4699	449.0354	407.0824	407.0327	406.9731	413.5437	 30.8314	456.1762	  0.7655	   0.5513	  0.5000	    0.9236	  0.9608	   0.9236	  0.7744	 21.7750	 13.2509	  9.2904
2018	180	  19	  0	179.7917	286.3123	 17.3776	 135.4973	   86.6614	 108.0020	131.8476	 10.0225	 44.5857	 74.3872	 52.0862	 44.5857	346.4253	420.1170	394.0918	393.4729	393.4729	397.0195	 22.5276	321.3511	  0.6508	   0.3446	  0.4891	    0.9236	  0.9608	   0.9236	  0.7632	 21.2292	  8.2832	  5.6894
2018	180	  20	  0	179.8333	298.2926	 10.0335	  46.8062	   12.7884	  44.4195	 45.2838	  3.7735	 18.3894	 20.5406	 19.4543	 18.3894	339.3646	405.2751	387.3315	386.2524	386.2524	388.6925	 16.5877	188.1656	  0.5576	   0.1766	  0.3865	    0.9236	  0.9608	   0.9236	  0.7578	 20.2958	  6.9164	  4.5943
2018	180	  21	  0	179.8750	310.4820	  3.5856	   6.9567	    2.2867	   6.7709	  6.7242	  0.5701	  2.8291	  2.9862	  2.9527	  2.8291	336.5379	395.5703	379.9496	377.7366	377.7366	380.3770	 12.8781	 68.3251	  0.5734	   0.0854	  0.1985	    0.9236	  0.9608	   0.9236	  0.7603	 18.9417	  9.1096	  5.7652
2018	180	  22	  0	179.9167	323.1279	 -1.6017	   0.3567	    0.2071	   0.1997	  0.1946	  0.0168	  0.0842	  0.0842	  0.0842	  0.0842	335.1856	384.4706	370.0813	369.2858	369.2858	369.9963	 10.7822	 45.3084	  0.5767	   0.0000	  0.0084	    0.9236	  0.9608	   0.9236	  0.7657	 17.6500	  2.6712	  1.6334
2018	180	  23	  0	179.9583	336.3310	 -6.1819	   0.0021	    0.0000	   0.0000	  0.0000	  0.0000	  0.0000	  0.0000	  0.0000	  0.0000	332.0698	374.2301	362.0117	362.0117	362.0117	362.0117	  9.3066	 52.4432	  0.5061	   0.0000	  0.0000	    0.9236	  0.9608	   0.9236	  0.7696	 15.6917	  0.0000	  0.0000
2018	181	   0	  0	180.0000	350.0151	 -8.5386	   0.0058	    0.0000	   0.0000	  0.0000	  0.0000	  0.0000	  0.0000	  0.0000	  0.0000	330.6564	364.7650	353.1874	353.1874	353.1874	353.1874	  7.6473	 52.3588	  0.5062	   0.0000	  0.0000	    0.9236	  0.9608	   0.9236	  0.7735	 13.8500	  0.0000	  0.0000
2018	181	   1	  0	180.0417	 93.9306	 -8.9622	   0.1802	    0.0000	   0.0000	  0.0000	  0.0000	  0.0000	  0.0000	  0.0000	  0.0000	328.4509	357.8893	346.5009	346.5009	346.5009	346.5009	  6.3576	 52.1245	  0.5102	   0.0000	  0.0000	    0.9236	  0.9608	   0.9236	  0.7740	 12.4875	  0.0000	  0.0000
2018	181	   2	  0	180.0833	 17.7523	 -7.4572	   2.7046	    0.0000	   0.0000	  0.0000	  0.0000	  0.0000	  0.0000	  0.0000	  0.0000	324.0281	351.7659	339.0501	339.0501	339.0501	339.0501	  4.8944	 52.1795	  0.5586	   0.0000	  0.0000	    0.9236	  0.9608	   0.9236	  0.7714	 11.2583	  0.0000	  0.0000
2018	181	   3	  0	180.1250	 31.1891	 -3.8248	  22.5377	    0.0000	   0.0000	  0.0000	  0.0000	  0.0000	  0.0000	  0.0000	  0.0000	323.3358	348.1707	327.6229	327.6229	327.6229	327.6229	  2.7521	 52.1773	  0.8447	   0.0000	  0.0000	    0.9236	  0.9608	   0.9236	  0.7717	 10.5292	  0.0000	  0.0000
2018	181	   4	  0	180.1667	 44.0786	  1.2269	  95.1450	   86.3546	  74.8042	 77.1783	  6.3161	 31.3348	 31.3348	 35.5609	 36.1967	327.6565	354.6817	328.9227	328.9227	329.2504	329.2504	  8.1570	 39.4834	  1.0000	   0.0506	  0.0920	    0.9236	  0.9608	   0.9236	  0.7745	 11.6542	  2.8139	  0.0000
2018	181	   5	  0	180.2083	 56.4462	  7.0649	 209.4506	  655.8203	 127.2815	205.2689	 11.6690	 54.1457	 54.1457	 95.3159	119.3277	336.2122	370.4758	342.7832	342.9148	343.0538	343.0538	 17.4970	132.0626	  1.0000	   0.1163	  0.3129	    0.9236	  0.9608	   0.9236	  0.7793	 14.1000	  7.1719	  0.5322
2018	181	   6	  0	180.2500	 68.4827	 14.0765	 344.0331	  728.7788	 166.5518	338.7291	 18.3790	 71.9611	 71.9611	138.2027	245.3566	343.1253	390.5599	358.3352	359.5482	358.0771	358.0771	 26.7221	260.1135	  1.0000	   0.2631	  0.4583	    0.9236	  0.9608	   0.9236	  0.7815	 16.1750	  9.8051	  2.9851
2018	181	   7	  0	180.2917	 80.5151	 21.7378	 481.2310	  757.7521	 200.5422	475.0054	 28.8957	 88.8762	 88.8762	140.1800	411.5100	347.6435	416.6612	375.0074	378.2810	374.8803	374.8803	 35.4055	395.7704	  1.0000	   0.4658	  0.5000	    0.9236	  0.9608	   0.9236	  0.7814	 17.7583	 12.3260	  5.5060
2018	181	   8	  0	180.3333	 93.0250	 29.6866	 609.8123	  785.9417	 220.5917	603.1573	 40.8847	128.3567	101.4579	104.6024	530.0590	346.2572	442.9680	389.6195	394.9455	389.7011	389.7013	 41.5905	530.5443	  1.0000	   0.6311	  0.5000	    0.9236	  0.9608	   0.9236	  0.7743	 18.8333	 14.6905	  7.8705
2018	181	   9	  0	180.3750	106.6699	 37.5350	 718.7002	  809.0102	 226.0378	712.1062	 51.4328	241.8959	108.6053	108.6053	552.7457	343.6627	465.1556	401.5534	408.1745	403.1605	401.5534	 47.2193	654.5332	  1.0000	   0.7259	  0.5000	    0.9236	  0.9608	   0.9236	  0.7663	 19.5792	 16.8571	 10.0371
2018	181	  10	  0	180.4167	122.3048	 44.7827	 797.7846	  822.6381	 218.5657	791.6553	 59.6891	354.4892	110.2722	110.2722	497.4316	341.7305	484.6479	411.8632	418.8964	416.0871	411.8632	 50.4255	758.8467	  1.0000	   0.7878	  0.5000	    0.9236	  0.9608	   0.9236	  0.7596	 20.1708	 18.7877	 11.9677
2018	181	  11	  0	180.4583	140.8812	 50.7402	 842.1588	  823.7694	 204.5666	836.6512	 64.9998	440.7405	108.2085	108.2085	379.9956	343.8087	504.6260	423.8680	429.7594	431.3701	423.8680	 51.5824	835.1601	  1.0000	   0.8286	  0.5000	    0.9236	  0.9608	   0.9236	  0.7567	 21.1583	 20.4484	 13.6284
2018	181	  12	  0	180.5000	162.8057	 54.5022	 849.4985	  832.4109	 171.8083	845.2143	 66.5854	487.7185	 97.8916	 97.8916	218.9412	347.5190	519.3185	433.0751	435.8070	443.6324	433.0751	 50.0529	877.7724	  1.0000	   0.8505	  0.5000	    0.9236	  0.9608	   0.9236	  0.7583	 21.8000	 21.8101	 14.9901
2018	181	  13	  0	180.5417	186.7679	 55.2250	 820.4858	  771.5432	 186.6860	815.5844	 64.6836	472.3679	148.3983	101.6553	105.5666	345.9595	527.2404	437.4259	437.4146	449.3172	438.5711	 48.8689	887.1290	  0.9878	   0.8544	  0.5000	    0.9236	  0.9608	   0.9236	  0.7541	 22.0167	 22.8490	 16.0290
2018	181	  14	  0	180.5833	209.8712	 52.7150	 760.5281	  695.0941	 207.3033	754.7240	 59.4915	410.5651	279.9963	105.5977	105.5977	342.7120	528.2278	438.3808	438.3808	449.0346	444.0986	 50.2213	861.0905	  0.9536	   0.8402	  0.5000	    0.9236	  0.9608	   0.9236	  0.7485	 22.0375	 23.3846	 16.6112
2018	181	  15	  0	180.6250	229.9414	 47.5981	 665.6319	  606.7616	 217.2569	659.2336	 51.0825	316.3642	355.3620	104.2436	104.2436	337.3909	512.8498	430.0454	430.0454	437.2223	438.7093	 48.0277	800.7978	  0.9165	   0.8082	  0.5000	    0.9236	  0.9608	   0.9236	  0.7431	 21.5750	 22.0028	 15.7215
2018	181	  16	  0	180.6667	246.7565	 40.8142	 547.3062	  513.1907	 211.2774	540.8441	 40.8341	213.1010	365.0330	 96.5809	 96.5809	335.9657	494.3400	421.3497	421.3497	425.0443	430.9015	 43.6384	708.8484	  0.8797	   0.7571	  0.5000	    0.9236	  0.9608	   0.9236	  0.7428	 21.3542	 19.9977	 14.2860
2018	181	  17	  0	180.7083	261.1534	 33.1565	 410.9950	  396.3510	 193.1978	404.8710	 29.6526	120.3711	305.2911	 84.3848	 84.3848	337.8082	470.7859	411.1557	411.1557	412.0506	419.8049	 37.1139	591.8687	  0.8321	   0.6764	  0.5000	    0.9236	  0.9608	   0.9236	  0.7479	 21.1292	 17.1375	 12.1660
2018	181	  18	  0	180.7500	274.0687	 25.1948	 271.7258	  262.1230	 158.7699	266.5347	 19.0989	 67.5697	198.3247	 75.0885	 66.9848	336.1065	442.8048	398.1887	398.1330	398.0762	404.6724	 29.4626	460.4779	  0.7670	   0.5510	  0.5000	    0.9236	  0.9608	   0.9236	  0.7492	 20.6292	 13.4430	  9.4209
2018	181	  19	  0	180.7917	286.2411	 17.3588	 143.2396	  110.9129	 108.5530	139.5882	 10.2965	 44.9869	 82.3580	 54.5874	 44.9869	338.6092	415.7812	387.9904	387.2655	387.2655	391.1853	 21.8550	321.9640	  0.6743	   0.3440	  0.4890	    0.9236	  0.9608	   0.9236	  0.7567	 20.1833	  9.1115	  6.2547
2018	181	  20	  0	180.8333	298.2246	 10.0109	  47.4771	   12.6478	  45.0963	 45.9313	  3.8307	 18.6679	 20.8239	 19.7236	 18.6679	342.8096	399.5020	382.5849	381.5210	381.5210	383.9368	 15.8402	187.0021	  0.5619	   0.1764	  0.3860	    0.9236	  0.9608	   0.9236	  0.7685	 19.2417	  6.9145	  4.5907
2018	181	  21	  0	180.8750	310.4169	  3.5589	   6.8281	    2.0007	   6.6646	  6.5992	  0.5610	  2.7847	  2.9218	  2.8919	  2.7847	342.4120	390.5038	376.1970	374.0060	374.0060	376.6262	 12.2582	 67.4920	  0.5742	   0.0848	  0.1976	    0.9236	  0.9608	   0.9236	  0.7732	 18.0042	  9.1174	  5.7659
2018	181	  22	  0	180.9167	323.0659	 -1.6401	   0.3388	    0.1998	   0.1928	  0.1877	  0.0162	  0.0813	  0.0813	  0.0813	  0.0813	339.6005	380.2573	366.8391	366.0490	366.0490	366.7566	 10.2338	 44.8588	  0.5778	   0.0000	  0.0081	    0.9236	  0.9608	   0.9236	  0.7750	 16.8500	  2.6787	  1.6366
2018	181	  23	  0	180.9583	336.2734	 -6.2270	   0.0010	    0.0000	   0.0000	  0.0000	  0.0000	  0.0000	  0.0000	  0.0000	  0.0000	336.4225	373.7224	361.9590	361.9590	361.9590	361.9590	  9.3446	 52.0733	  0.5068	   0.0000	  0.0000	    0.9236	  0.9608	   0.9236	  0.7756	 15.5958	  0.0000	  0.0000
2018	182	   0	  0	181.0000	349.9635	 -8.5886	   0.0000	    0.0000	   0.0000	  0.0000	  0.0000	  0.0000	  0.0000	  0.0000	  0.0000	333.1130	367.8666	356.2603	356.2603	356.2603	356.2603	  8.2502	 52.0735	  0.5068	   0.0000	  0.0000	    0.9236	  0.9608	   0.9236	  0.7749	 14.4583	  0.0000	  0.0000
2018	182	   1	  0	181.0417	 93.8866	 -9.0190	   0.1415	    0.0000	   0.0000	  0.0000	  0.0000	  0.0000	  0.0000	  0.0000	  0.0000	329.7984	362.5033	350.9061	350.9061	350.9061	350.9061	  7.2091	 51.8873	  0.5102	   0.0000	  0.0000	    0.9236	  0.9608	   0.9236	  0.7736	 13.4042	  0.0000	  0.0000
2018	182	   2	  0	181.0833	 17.7168	 -7.5204	   2.5767	    0.0000	   0.0000	  0.0000	  0.0000	  0.0000	  0.0000	  0.0000	  0.0000	329.0097	355.8888	343.3604	343.3604	343.3604	343.3604	  5.7797	 51.8621	  0.5571	   0.0000	  0.0000	    0.9236	  0.9608	   0.9236	  0.7753	 12.0875	  0.0000	  0.0000
2018	182	   3	  0	181.1250	 31.1622	 -3.9057	  21.8960	    0.0000	   0.0000	  0.0000	  0.0000	  0.0000	  0.0000	  0.0000	  0.0000	327.6826	350.8584	330.6754	330.6754	330.6754	330.6754	  3.4016	 51.8644	  0.8399	   0.0000	  0.0000	    0.9236	  0.9608	   0.9236	  0.7754	 11.0750	  0.0000	  0.0000
2018	182	   4	  0	181.1667	 44.0594	  1.1642	  93.6165	   82.4147	  67.8602	 70.1702	  5.7304	 28.4125	 28.4125	 32.3898	 32.9904	328.3394	354.1705	328.6190	328.6190	328.9096	328.9096	  7.6534	 42.6433	  1.0000	   0.0498	  0.0888	    0.9236	  0.9608	   0.9236	  0.7754	 11.5583	  2.4949	  0.0000
2018	182	   5	  0	181.2083	 56.4334	  6.9948	 207.5388	  654.2228	 126.3252	203.3876	 11.5684	 53.7367	 53.7367	 94.3548	118.0607	335.6621	366.7760	339.5214	339.6477	339.7955	339.7955	 16.8324	130.7146	  1.0000	   0.1149	  0.3109	    0.9236	  0.9608	   0.9236	  0.7801	 13.3917	  7.1430	  0.5137
2018	182	   6	  0	181.2500	 68.4746	 14.0046	 341.9927	  732.0080	 164.5468	336.7576	 18.1873	 71.1390	 71.1390	137.3365	244.4294	338.4189	388.4972	355.7738	356.9716	355.5229	355.5229	 26.1795	259.3228	  1.0000	   0.2616	  0.4573	    0.9236	  0.9608	   0.9236	  0.7765	 15.8083	  9.7765	  2.9565
2018	182	   7	  0	181.2917	 80.5099	 21.6653	 477.9906	  762.5697	 196.4426	471.9081	 28.5375	 87.2477	 87.2477	138.6938	410.6512	340.2522	419.2192	375.6062	378.8806	375.4826	375.4826	 35.2813	396.2825	  1.0000	   0.4638	  0.5000	    0.9236	  0.9608	   0.9236	  0.7691	 18.2458	 12.2981	  5.4781
2018	182	   8	  0	181.3333	 93.0204	 29.6137	 604.2425	  786.4107	 215.7197	597.7535	 40.3951	126.3146	 99.4995	102.6581	527.8941	342.3933	447.7650	392.5255	397.8756	392.6057	392.6084	 41.7426	531.1785	  1.0000	   0.6300	  0.5000	    0.9236	  0.9608	   0.9236	  0.7646	 19.6792	 14.6635	  7.8435
2018	182	   9	  0	181.3750	106.6624	 37.4620	 709.6719	  804.0571	 220.8690	703.2464	 50.7114	238.7952	106.4169	106.4169	547.8516	344.6510	470.1987	405.5967	412.2543	407.2101	405.5967	 47.4262	654.0332	  1.0000	   0.7252	  0.5000	    0.9236	  0.9608	   0.9236	  0.7634	 20.4333	 16.8310	 10.0110
2018	182	  10	  0	181.4167	122.2886	 44.7102	 790.0912	  814.9936	 216.9994	784.0012	 59.0923	351.3507	109.3852	109.3852	493.2493	348.0291	490.4910	417.6526	424.7365	421.9036	417.6526	 50.9492	756.3569	  1.0000	   0.7872	  0.5000	    0.9236	  0.9608	   0.9236	  0.7641	 21.1250	 18.7626	 11.9426
2018	182	  11	  0	181.4583	140.8477	 50.6698	 838.4217	  818.0727	 205.8574	832.8577	 64.7072	438.9037	108.4690	108.4690	378.7784	350.5021	509.1759	428.7838	434.7111	436.3192	428.7838	 52.1522	832.1044	  1.0000	   0.8281	  0.5000	    0.9236	  0.9608	   0.9236	  0.7630	 21.8875	 20.4243	 13.6043
2018	182	  12	  0	181.5000	162.7459	 54.4371	 846.7088	  835.6113	 166.9637	842.5961	 66.3152	487.7777	 96.1123	 96.1123	218.2256	352.6579	524.6279	438.1522	440.9096	448.7738	438.1522	 50.6167	875.7860	  1.0000	   0.8501	  0.5000	    0.9236	  0.9608	   0.9236	  0.7615	 22.6250	 21.7870	 14.9670
2018	182	  13	  0	181.5417	186.6819	 55.1698	 817.4787	  770.5888	 184.8803	812.6365	 64.4221	471.6154	147.0893	100.8973	104.9476	351.3794	534.4741	443.9750	443.9668	455.9778	445.1155	 49.6402	885.6866	  0.9862	   0.8541	  0.5000	    0.9236	  0.9608	   0.9236	  0.7560	 23.1167	 22.8265	 16.0065
2018	182	  14	  0	181.5833	209.7719	 52.6718	 753.9377	  682.2725	 211.2022	747.9742	 59.0100	406.5103	277.2648	106.6136	106.6136	350.2926	533.8958	444.5176	444.5176	455.2240	450.2288	 50.8890	858.2415	  0.9490	   0.8400	  0.5000	    0.9236	  0.9608	   0.9236	  0.7549	 22.9750	 23.2753	 16.5271
2018	182	  15	  0	181.6250	229.8424	 47.5651	 660.4602	  599.1616	 217.9675	654.0234	 50.7013	314.1684	352.0201	104.2508	104.2508	350.0264	524.3241	441.3086	441.3086	448.6215	450.1191	 49.3929	797.0411	  0.9140	   0.8080	  0.5000	    0.9236	  0.9608	   0.9236	  0.7528	 23.2958	 22.0299	 15.7352
2018	182	  16	  0	181.6667	246.6640	 40.7880	 540.7937	  504.9177	 210.3423	534.3503	 40.3658	211.0771	359.9257	 95.9778	 95.9778	347.8342	508.3954	434.6442	434.6442	438.4227	444.3576	 45.2441	706.7519	  0.8729	   0.7569	  0.5000	    0.9236	  0.9608	   0.9236	  0.7479	 23.5833	 19.9331	 14.2346
2018	182	  17	  0	181.7083	261.0682	 33.1335	 406.6156	  393.3079	 190.6725	400.5741	 29.3185	119.2920	302.4325	 83.3185	 83.3185	346.0642	483.8576	423.0280	423.0280	423.9494	431.8510	 38.6692	591.3120	  0.8254	   0.6761	  0.5000	    0.9236	  0.9608	   0.9236	  0.7481	 23.2375	 17.1386	 12.1621
2018	182	  18	  0	181.7500	273.9895	 25.1720	 269.0827	  263.1642	 155.8083	263.9942	 18.8604	 66.4423	197.5767	 73.8305	 65.8170	344.3150	456.8441	410.8721	410.8214	410.7647	417.5669	 31.3154	460.1767	  0.7619	   0.5506	  0.5000	    0.9236	  0.9608	   0.9236	  0.7482	 22.9375	 13.5512	  9.4926
2018	182	  19	  0	181.7917	286.1666	 17.3339	 142.0198	  113.9611	 106.4668	138.4423	 10.1464	 44.1629	 82.4313	 53.9619	 44.1629	342.8481	427.1465	398.1616	397.4152	397.4152	401.4746	 23.4678	322.0453	  0.6707	   0.3432	  0.4889	    0.9236	  0.9608	   0.9236	  0.7519	 22.1500	  9.2358	  6.3370
2018	182	  20	  0	181.8333	298.1538	  9.9822	  46.9571	   13.2058	  44.4844	 45.4326	  3.7808	 18.4171	 20.6584	 19.5131	 18.4171	341.7775	409.1838	390.9752	389.8951	389.8951	392.3599	 17.2447	187.2196	  0.5593	   0.1760	  0.3853	    0.9236	  0.9608	   0.9236	  0.7576	 21.0042	  6.9334	  4.6005
2018	182	  21	  0	181.8750	310.3495	  3.5261	   6.5377	    2.1439	   6.3618	  6.3190	  0.5356	  2.6586	  2.8044	  2.7720	  2.6586	340.2695	399.9070	384.3249	382.0618	382.0618	384.7684	 13.6636	 67.1696	  0.5716	   0.0840	  0.1965	    0.9236	  0.9608	   0.9236	  0.7618	 19.7417	  9.2474	  5.8418
2018	182	  22	  0	181.9167	323.0024	 -1.6857	   0.2979	    0.1787	   0.1719	  0.1673	  0.0144	  0.0725	  0.0725	  0.0725	  0.0725	336.9009	385.8463	371.4565	370.6570	370.6570	371.3749	 11.0488	 44.6768	  0.5781	   0.0000	  0.0076	    0.9236	  0.9608	   0.9236	  0.7669	 17.9083	  2.6777	  1.6345
2018	182	  23	  0	181.9583	336.2151	 -6.2788	   0.0000	    0.0000	   0.0000	  0.0000	  0.0000	  0.0000	  0.0000	  0.0000	  0.0000	334.4814	376.2756	364.0774	364.0774	364.0774	364.0774	  9.7155	 51.9190	  0.5074	   0.0000	  0.0000	    0.9236	  0.9608	   0.9236	  0.7714	 16.0875	  0.0000	  0.0000
2018	183	   0	  0	182.0000	349.9120	 -8.6453	   0.0000	    0.0000	   0.0000	  0.0000	  0.0000	  0.0000	  0.0000	  0.0000	  0.0000	332.9078	367.9773	356.3207	356.3207	356.3207	356.3207	  8.2590	 51.8544	  0.5075	   0.0000	  0.0000	    0.9236	  0.9608	   0.9236	  0.7745	 14.4792	  0.0000	  0.0000
2018	183	   1	  0	182.0417	 93.8436	 -9.0825	   0.0510	    0.0000	   0.0000	  0.0000	  0.0000	  0.0000	  0.0000	  0.0000	  0.0000	332.2807	361.2605	349.9983	349.9983	349.9983	349.9983	  7.0642	 51.6461	  0.5090	   0.0000	  0.0000	    0.9236	  0.9608	   0.9236	  0.7769	 13.1583	  0.0000	  0.0000
2018	183	   2	  0	182.0833	 17.6834	 -7.5901	   1.9965	    0.0000	   0.0000	  0.0000	  0.0000	  0.0000	  0.0000	  0.0000	  0.0000	331.1457	356.5099	344.4123	344.4123	344.4123	344.4123	  6.0018	 51.6432	  0.5467	   0.0000	  0.0000	    0.9236	  0.9608	   0.9236	  0.7774	 12.2125	  0.0000	  0.0000
2018	183	   3	  0	182.1250	 31.1381	 -3.9905	  20.9546	    0.0000	   0.0000	  0.0000	  0.0000	  0.0000	  0.0000	  0.0000	  0.0000	329.7998	352.8377	332.9896	332.9896	332.9896	332.9896	  3.8762	 51.6542	  0.8306	   0.0000	  0.0000	    0.9236	  0.9608	   0.9236	  0.7770	 11.4750	  0.0000	  0.0000
2018	183	   4	  0	182.1667	 44.0437	  1.0961	  91.9506	   74.8737	  67.2192	 69.0624	  5.6727	 28.1424	 28.1424	 31.6876	 32.2289	333.1215	357.4924	332.2384	332.2384	332.5321	332.5321	  8.3060	 41.6610	  1.0000	   0.0488	  0.0867	    0.9236	  0.9608	   0.9236	  0.7794	 12.2292	  2.4673	  0.0000
2018	183	   5	  0	182.2083	 56.4246	  6.9193	 206.7933	  648.5944	 126.9653	202.6169	 11.5974	 53.9870	 53.9870	 93.8053	117.1168	338.3771	371.3179	343.8857	344.0088	344.1702	344.1702	 17.5704	129.3066	  1.0000	   0.1134	  0.3088	    0.9236	  0.9608	   0.9236	  0.7813	 14.2917	  7.1109	  0.4950
2018	183	   6	  0	182.2500	 68.4710	 13.9275	 342.7708	  731.2220	 166.4836	337.4663	 18.2950	 71.9065	 71.9065	137.6515	243.9685	340.1027	391.4274	358.5595	359.7508	358.3160	358.3160	 26.6710	257.9075	  1.0000	   0.2599	  0.4562	    0.9236	  0.9608	   0.9236	  0.7769	 16.3833	  9.7448	  2.9248
2018	183	   7	  0	182.2917	 80.5096	 21.5877	 481.5717	  761.1799	 201.4896	475.3119	 28.8470	 89.2204	 89.2204	140.3355	410.7429	344.7151	419.4522	376.7764	380.0339	376.6562	376.6562	 35.6368	394.0947	  1.0000	   0.4617	  0.5000	    0.9236	  0.9608	   0.9236	  0.7751	 18.3292	 12.2671	  5.4471
2018	183	   8	  0	182.3333	 93.0210	 29.5358	 612.5781	  786.9055	 224.7114	605.7782	 41.0730	129.8545	103.0142	106.1631	531.2128	348.2184	448.8977	394.7167	400.0564	394.7956	394.7997	 42.4327	528.5013	  1.0000	   0.6288	  0.5000	    0.9236	  0.9608	   0.9236	  0.7722	 19.9042	 14.6334	  7.8134
2018	183	   9	  0	182.3750	106.6604	 37.3839	 721.9688	  810.5810	 230.0064	715.2365	 51.6553	243.6424	110.1097	110.1097	555.0901	344.7277	471.7265	406.7954	413.4494	408.4059	406.7954	 48.0688	653.4441	  1.0000	   0.7244	  0.5000	    0.9236	  0.9608	   0.9236	  0.7619	 20.7167	 16.8020	  9.9820
2018	183	  10	  0	182.4167	122.2782	 44.6322	 803.9000	  825.4569	 224.2401	797.5766	 60.1388	357.6434	112.4741	112.4741	501.5333	342.5975	493.6899	418.7323	425.8352	422.9944	418.7323	 51.5618	759.0137	  1.0000	   0.7866	  0.5000	    0.9236	  0.9608	   0.9236	  0.7524	 21.6583	 18.7348	 11.9148
2018	183	  11	  0	182.4583	140.8195	 50.5933	 855.2206	  832.5408	 212.1489	849.4654	 65.9970	447.9167	111.3719	111.3719	386.8450	339.3446	515.2265	430.3815	436.3547	437.9675	430.3815	 52.8579	839.6099	  1.0000	   0.8277	  0.5000	    0.9236	  0.9608	   0.9236	  0.7390	 22.8417	 20.3976	 13.5776
2018	183	  12	  0	182.5000	162.6897	 54.3656	 862.5298	  837.3000	 181.9892	857.9021	 67.6148	494.8278	101.9328	101.9328	224.2896	341.5533	529.6687	438.9677	441.7517	449.6456	438.9677	 51.2655	883.5336	  1.0000	   0.8497	  0.5000	    0.9236	  0.9608	   0.9236	  0.7384	 23.4083	 21.7611	 14.9411
2018	183	  13	  0	182.5417	186.5969	 55.1077	 826.3996	  803.2785	 167.4439	822.2205	 64.9762	482.4060	142.8189	 95.4091	 99.8184	347.5609	539.4584	446.4212	446.4163	458.4944	447.5541	 49.9046	889.2587	  0.9900	   0.8538	  0.5000	    0.9236	  0.9608	   0.9236	  0.7448	 23.8792	 22.8015	 15.9815
2018	183	  14	  0	182.5833	209.6709	 52.6218	 752.9192	  684.6623	 208.5558	747.0506	 58.9013	407.3086	276.1247	105.6664	105.6664	355.9889	540.3494	450.4652	450.4652	461.2788	456.2088	 51.6115	856.7982	  0.9494	   0.8397	  0.5000	    0.9236	  0.9608	   0.9236	  0.7580	 23.9292	 23.2783	 16.5223
2018	183	  15	  0	182.6250	229.7403	 47.5257	 654.2779	  573.9239	 230.5082	647.3647	 50.3809	310.1394	344.9944	108.2700	108.2700	370.3637	523.7408	445.7590	445.7590	452.9832	454.4063	 49.9506	787.2276	  0.9166	   0.8078	  0.5000	    0.9236	  0.9608	   0.9236	  0.7838	 23.4833	 21.6904	 15.4863
2018	183	  16	  0	182.6667	246.5679	 40.7556	 533.9317	  470.8881	 225.9310	526.8981	 40.1251	208.8871	347.0772	101.0880	101.0880	373.0292	502.5432	436.2736	436.2736	439.9214	445.6091	 45.4323	694.8378	  0.8762	   0.7566	  0.5000	    0.9236	  0.9608	   0.9236	  0.7905	 23.1375	 19.3381	 13.8042
2018	183	  17	  0	182.7083	260.9793	 33.1044	 399.8567	  358.3633	 203.1139	393.3410	 29.1788	120.7009	287.0136	 87.4562	 87.4562	371.9569	476.4570	423.3139	423.3139	424.1837	431.6414	 38.6698	580.9341	  0.8262	   0.6757	  0.5000	    0.9236	  0.9608	   0.9236	  0.7926	 22.5667	 16.3830	 11.6210
2018	183	  18	  0	182.7500	273.9069	 25.1432	 263.2919	  231.3543	 163.7251	257.8981	 18.8258	 69.0988	184.3540	 75.3503	 68.5041	371.5677	449.7491	411.0045	410.9900	410.9343	417.2421	 31.3109	451.5744	  0.7602	   0.5500	  0.5000	    0.9236	  0.9608	   0.9236	  0.7948	 22.2000	 12.7546	  8.9305
2018	183	  19	  0	182.7917	286.0890	 17.3030	 137.3244	   89.6119	 109.1526	133.6368	 10.1299	 45.0743	 75.5002	 52.6840	 45.0743	367.6975	421.2802	397.7950	397.1635	397.1635	400.8143	 23.3952	316.3920	  0.6639	   0.3422	  0.4887	    0.9236	  0.9608	   0.9236	  0.7940	 21.3875	  8.4820	  5.8170
2018	183	  20	  0	182.8333	298.0803	  9.9473	  44.2815	   10.6318	  42.2798	 42.8317	  3.5873	 17.4982	 19.3202	 18.3807	 17.4982	366.2513	404.1266	389.9361	388.8857	388.8857	391.2971	 17.1465	183.8064	  0.5498	   0.1756	  0.3845	    0.9236	  0.9608	   0.9236	  0.7978	 20.1042	  6.8587	  4.5477
2018	183	  21	  0	182.8750	310.2799	  3.4872	   5.5558	    1.2272	   5.4468	  5.3687	  0.4582	  2.2759	  2.3602	  2.3390	  2.2759	369.4100	396.1112	384.8301	382.6073	382.6073	385.2764	 13.9783	 65.4434	  0.5600	   0.0827	  0.1952	    0.9236	  0.9608	   0.9236	  0.8050	 19.0583	  9.1843	  5.7974
2018	183	  22	  0	182.9167	322.9373	 -1.7386	   0.2225	    0.1231	   0.1199	  0.1166	  0.0101	  0.0505	  0.0505	  0.0505	  0.0505	372.7781	386.3465	376.0122	375.2265	375.2265	375.9337	 12.2295	 43.6886	  0.5770	   0.0000	  0.0071	    0.9236	  0.9608	   0.9236	  0.8126	 18.0042	  2.6507	  1.6163
2018	183	  23	  0	182.9583	336.1559	 -6.3380	   0.0031	    0.0000	   0.0000	  0.0000	  0.0000	  0.0000	  0.0000	  0.0000	  0.0000	367.9541	381.1089	371.6946	371.6946	371.6946	371.6946	 11.4531	 51.0463	  0.5081	   0.0000	  0.0000	    0.9236	  0.9608	   0.9236	  0.8094	 17.0125	  0.0000	  0.0000
2018	184	   0	  0	183.0000	349.8607	 -8.7088	   0.0000	    0.0000	   0.0000	  0.0000	  0.0000	  0.0000	  0.0000	  0.0000	  0.0000	360.5088	376.1210	366.3518	366.3518	366.3518	366.3518	 10.4056	 51.1554	  0.5080	   0.0000	  0.0000	    0.9236	  0.9608	   0.9236	  0.8028	 16.0583	  0.0000	  0.0000
2018	184	   1	  0	183.0417	 93.8018	 -9.1526	   0.0612	    0.0000	   0.0000	  0.0000	  0.0000	  0.0000	  0.0000	  0.0000	  0.0000	360.0187	370.9459	361.3696	361.3696	361.3696	361.3696	  9.4877	 50.9722	  0.5098	   0.0000	  0.0000	    0.9236	  0.9608	   0.9236	  0.8036	 15.0583	  0.0000	  0.0000
2018	184	   2	  0	183.0833	 17.6520	 -7.6663	   1.9979	    0.0000	   0.0000	  0.0000	  0.0000	  0.0000	  0.0000	  0.0000	  0.0000	358.3216	365.8243	355.3944	355.3944	355.3944	355.3944	  8.3737	 50.9940	  0.5477	   0.0000	  0.0000	    0.9236	  0.9608	   0.9236	  0.8027	 14.0583	  0.0000	  0.0000
2018	184	   3	  0	183.1250	 31.1169	 -4.0824	  19.9498	    0.0000	   0.0000	  0.0000	  0.0000	  0.0000	  0.0000	  0.0000	  0.0000	355.3438	362.6695	345.0102	345.0102	345.0102	345.0102	  6.4744	 51.0433	  0.8272	   0.0000	  0.0000	    0.9236	  0.9608	   0.9236	  0.8002	 13.4375	  0.0000	  0.0000
2018	184	   4	  0	183.1667	 44.0315	  1.0228	  87.2527	   71.3417	  64.0547	 65.7203	  5.4046	 26.8205	 26.8205	 30.1386	 30.6457	359.3807	368.6585	345.9475	345.9475	346.2505	346.2505	 10.8934	 40.3303	  1.0000	   0.0476	  0.0844	    0.9236	  0.9608	   0.9236	  0.8035	 14.4375	  2.4684	  0.0000
2018	184	   5	  0	183.2083	 56.4199	  6.8385	 200.7819	  624.8723	 124.7564	196.6723	 11.3568	 53.0158	 53.0158	 90.8173	112.9809	367.6553	384.3784	359.9901	360.1117	360.2933	360.2933	 20.2251	126.4802	  1.0000	   0.1117	  0.3065	    0.9236	  0.9608	   0.9236	  0.8093	 16.8083	  7.0758	  0.4746
2018	184	   6	  0	183.2500	 68.4719	 13.8453	 333.2404	  699.0759	 165.7660	327.9394	 17.9908	 71.4273	 71.4273	133.8877	234.7993	377.4317	405.3583	377.0942	378.3030	376.8575	376.8575	 29.3761	252.6467	  1.0000	   0.2582	  0.4550	    0.9236	  0.9608	   0.9236	  0.8158	 18.9750	  9.7101	  2.8901
2018	184	   7	  0	183.2917	 80.5142	 21.5051	 466.3940	  726.1742	 200.1236	460.1481	 28.0937	 88.2590	 88.2590	136.7377	393.7327	384.1251	432.5467	395.2586	398.5727	395.1436	395.1436	 37.8870	386.2850	  1.0000	   0.4594	  0.4999	    0.9236	  0.9608	   0.9236	  0.8188	 20.6667	 12.2331	  5.4131
2018	184	   8	  0	183.3333	 93.0270	 29.4530	 589.2752	  748.3627	 221.4224	582.5404	 39.6066	126.4378	100.9667	103.9576	507.6689	389.8702	463.8607	415.3863	420.8350	415.4644	415.4727	 44.5946	517.7150	  1.0000	   0.6275	  0.5000	    0.9236	  0.9608	   0.9236	  0.8197	 22.4292	 14.6004	  7.7804
2018	184	   9	  0	183.3750	106.6641	 37.3007	 690.0942	  762.9876	 227.9581	683.3608	 49.4855	233.7119	108.0706	108.0706	526.9150	395.6590	486.2424	429.2192	436.0031	430.8566	429.2192	 50.1152	636.8536	  1.0000	   0.7236	  0.5000	    0.9236	  0.9608	   0.9236	  0.8243	 23.0833	 16.7702	  9.9502
2018	184	  10	  0	183.4167	122.2735	 44.5488	 768.1867	  775.7748	 224.1996	761.7790	 57.5634	341.4486	110.8836	110.8836	476.7533	395.8206	502.8109	437.7133	444.8976	442.0198	437.7133	 53.0720	737.5162	  1.0000	   0.7860	  0.5000	    0.9236	  0.9608	   0.9236	  0.8238	 23.1167	 18.7041	 11.8841
2018	184	  11	  0	183.4583	140.7965	 50.5110	 812.3587	  801.7611	 193.5330	807.1858	 62.5977	427.8444	103.0705	103.0705	368.0249	395.0838	519.0891	446.4336	452.4326	454.0422	446.4336	 53.7346	812.3971	  1.0000	   0.8272	  0.5000	    0.9236	  0.9608	   0.9236	  0.8208	 23.4625	 20.3681	 13.5481
2018	184	  12	  0	183.5000	162.6373	 54.2876	 803.7115	  733.9313	 208.0240	797.9844	 63.2438	452.3573	107.9886	107.9886	217.8143	395.5912	531.8289	453.6055	456.4019	464.2942	453.6055	 52.2494	855.2428	  0.9969	   0.8493	  0.5000	    0.9236	  0.9608	   0.9236	  0.8198	 23.7625	 21.7327	 14.9127
2018	184	  13	  0	183.5417	186.5130	 55.0389	 788.8735	  691.5285	 222.1115	782.5924	 62.4209	445.7056	153.5458	112.1401	115.8953	389.1946	545.3220	461.3402	461.3385	473.4965	462.4684	 51.8819	868.0103	  0.9730	   0.8534	  0.5000	    0.9236	  0.9608	   0.9236	  0.8050	 24.7667	 22.7739	 15.9539
2018	184	  14	  0	183.5833	209.5686	 52.5650	 732.9027	  639.7237	 224.8046	726.3881	 57.4868	392.3895	269.8258	110.2477	110.2477	375.6343	550.2008	463.4146	463.4146	474.1821	469.0875	 52.9251	849.3885	  0.9337	   0.8393	  0.5000	    0.9236	  0.9608	   0.9236	  0.7780	 25.7708	 22.7990	 16.1739
2018	184	  15	  0	183.6250	229.6352	 47.4797	 641.0037	  554.4952	 231.8906	634.0078	 49.4123	303.6838	336.6355	108.1445	108.1445	372.7599	531.4645	453.4904	453.4904	460.5941	461.9511	 50.5127	788.4661	  0.8986	   0.8074	  0.5000	    0.9236	  0.9608	   0.9236	  0.7776	 25.1875	 21.0105	 14.9941
2018	184	  16	  0	183.6667	246.4682	 40.7169	 522.4590	  449.2312	 228.7530	515.2940	 39.3751	204.9829	336.0301	101.5790	101.5790	378.2809	506.7858	442.0151	442.0151	445.5614	451.0572	 45.8129	693.9420	  0.8608	   0.7563	  0.5000	    0.9236	  0.9608	   0.9236	  0.7920	 24.3375	 18.6250	 13.2892
2018	184	  17	  0	183.7083	260.8868	 33.0692	 388.5742	  335.1443	 204.7174	381.9724	 28.5133	119.0073	274.1106	 87.5814	 87.5814	378.5652	481.2974	429.9285	429.9285	430.7551	437.9084	 39.1948	579.6070	  0.8084	   0.6753	  0.5000	    0.9236	  0.9608	   0.9236	  0.7958	 23.8750	 15.6071	 11.0655
2018	184	  18	  0	183.7500	273.8209	 25.1084	 252.9848	  206.8338	 163.9121	247.5594	 18.3098	 68.8155	171.8913	 74.1049	 68.2304	376.8950	451.6327	414.9694	414.9971	414.9404	420.8079	 31.4819	450.3657	  0.7391	   0.5494	  0.5000	    0.9236	  0.9608	   0.9236	  0.7988	 23.0042	 11.8731	  8.3093
2018	184	  19	  0	183.7917	286.0083	 17.2660	 130.6910	   70.6058	 108.3254	127.0179	  9.8687	 44.5980	 68.8431	 50.5112	 44.5980	377.9851	424.0108	402.5872	402.0504	402.0504	405.3786	 23.9312	314.4113	  0.6460	   0.3410	  0.4885	    0.9236	  0.9608	   0.9236	  0.8054	 22.1208	  7.7983	  5.3448
2018	184	  20	  0	183.8333	298.0041	  9.9062	  41.9871	    9.4849	  40.2062	 40.6081	  3.4090	 16.6388	 18.2633	 17.4223	 16.6388	379.4369	408.3472	395.5190	394.4742	394.4742	396.8884	 18.0893	182.0728	  0.5407	   0.1751	  0.3836	    0.9236	  0.9608	   0.9236	  0.8124	 20.8792	  6.8256	  4.5223
2018	184	  21	  0	183.8750	310.2081	  3.4422	   5.7925	    1.2951	   5.6868	  5.5971	  0.4784	  2.3765	  2.4632	  2.4432	  2.3765	378.6786	398.2003	387.4944	385.2445	385.2445	387.9499	 14.5517	 64.3516	  0.5709	   0.0813	  0.1936	    0.9236	  0.9608	   0.9236	  0.8154	 19.4500	  9.2648	  5.8415
2018	184	  22	  0	183.9167	322.8708	 -1.7989	   0.3021	    0.1640	   0.1442	  0.1402	  0.0121	  0.0609	  0.0609	  0.0609	  0.0609	377.5092	389.6724	379.5086	378.7015	378.7015	379.4305	 12.9020	 43.3195	  0.5820	   0.0000	  0.0064	    0.9236	  0.9608	   0.9236	  0.8168	 18.6292	  2.7120	  1.6519
2018	184	  23	  0	183.9583	336.0961	 -6.4011	   0.0052	    0.0000	   0.0000	  0.0000	  0.0000	  0.0000	  0.0000	  0.0000	  0.0000	375.8080	386.4333	377.3897	377.3897	377.3897	377.3897	 12.5567	 50.7265	  0.5087	   0.0000	  0.0000	    0.9236	  0.9608	   0.9236	  0.8164	 18.0208	  0.0000	  0.0000
2018	185	   0	  0	184.0000	349.8096	 -8.7789	   0.0000	    0.0000	   0.0000	  0.0000	  0.0000	  0.0000	  0.0000	  0.0000	  0.0000	374.8029	382.7306	373.8013	373.8013	373.8013	373.8013	 11.9042	 50.7182	  0.5086	   0.0000	  0.0000	    0.9236	  0.9608	   0.9236	  0.8164	 17.3208	  0.0000	  0.0000
2018	185	   1	  0	184.0417	 93.7612	 -9.2293	   0.0277	    0.0000	   0.0000	  0.0000	  0.0000	  0.0000	  0.0000	  0.0000	  0.0000	376.4620	379.3378	370.6846	370.6846	370.6846	370.6846	 11.3608	 50.5250	  0.5096	   0.0000	  0.0000	    0.9236	  0.9608	   0.9236	  0.8187	 16.6750	  0.0000	  0.0000
2018	185	   2	  0	184.0833	 17.6227	 -7.7488	   1.4258	    0.0000	   0.0000	  0.0000	  0.0000	  0.0000	  0.0000	  0.0000	  0.0000	378.2889	377.0519	367.9798	367.9798	367.9798	367.9798	 10.8987	 50.4916	  0.5373	   0.0000	  0.0000	    0.9236	  0.9608	   0.9236	  0.8207	 16.2375	  0.0000	  0.0000
2018	185	   3	  0	184.1250	 31.0986	 -4.1854	  15.1613	    0.0000	   0.0000	  0.0000	  0.0000	  0.0000	  0.0000	  0.0000	  0.0000	376.5739	375.4908	360.3721	360.3721	360.3721	360.3721	  9.5608	 50.5210	  0.7858	   0.0000	  0.0000	    0.9236	  0.9608	   0.9236	  0.8192	 15.9375	  0.0000	  0.0000
2018	185	   4	  0	184.1667	 44.0230	  0.9441	  70.7835	  120.2352	  50.1913	 54.3864	  4.2550	 21.0533	 21.0533	 26.8456	 27.6123	376.5077	378.2900	357.1237	357.1237	357.4338	357.4338	 12.4591	 39.0720	  1.0000	   0.0461	  0.0819	    0.9236	  0.9608	   0.9236	  0.8190	 16.2875	  2.6965	  0.0000
2018	185	   5	  0	184.2083	 56.4193	  6.7524	 185.6379	  636.1593	 109.8043	182.0423	 10.0820	 46.7823	 46.7823	 84.3645	106.2719	378.7309	388.5882	365.5067	365.6236	365.8222	365.8222	 20.4076	124.4331	  1.0000	   0.1099	  0.3041	    0.9236	  0.9608	   0.9236	  0.8200	 17.6208	  7.0377	  0.4524
2018	185	   6	  0	184.2500	 68.4774	 13.7580	 321.0569	  691.6857	 156.3781	316.0722	 17.1072	 67.5163	 67.5163	128.8868	228.0809	382.6741	406.5082	379.0429	380.2390	378.8162	378.8162	 29.1307	250.5870	  1.0000	   0.2564	  0.4537	    0.9236	  0.9608	   0.9236	  0.8213	 19.2125	  9.6723	  2.8523
2018	185	   7	  0	184.2917	 80.5238	 21.4176	 452.5294	  718.6103	 190.0399	446.6213	 27.0319	 84.0870	 84.0870	131.7469	384.9970	385.8690	432.2265	395.4007	398.6917	395.2907	395.2907	 37.3108	384.5029	  1.0000	   0.4570	  0.4999	    0.9236	  0.9608	   0.9236	  0.8210	 20.6583	 12.1961	  5.3761
2018	185	   8	  0	184.3333	 93.0383	 29.3653	 578.1358	  743.8611	 213.4354	571.6682	 38.7144	123.0898	 97.6874	100.6281	501.4360	387.5823	457.7168	410.0187	415.3871	410.0969	410.1051	 43.4487	516.3241	  1.0000	   0.6262	  0.5000	    0.9236	  0.9608	   0.9236	  0.8201	 21.4625	 14.5645	  7.7445
2018	185	   9	  0	184.3750	106.6735	 37.2125	 685.6917	  769.5176	 220.4163	679.2253	 49.0270	232.1999	105.2467	105.2467	527.5901	381.5439	481.1258	422.2251	428.9324	423.8480	422.2251	 48.9904	639.7137	  1.0000	   0.7227	  0.5000	    0.9236	  0.9608	   0.9236	  0.8080	 22.3042	 16.7355	  9.9155
2018	185	  10	  0	184.4167	122.2746	 44.4601	 765.2435	  787.9863	 213.5788	759.2197	 57.1848	341.4313	107.0879	107.0879	478.9829	373.4293	502.2092	432.3836	439.5412	436.6738	432.3836	 52.1719	745.2311	  1.0000	   0.7854	  0.5000	    0.9236	  0.9608	   0.9236	  0.7922	 23.0625	 18.6707	 11.8507
2018	185	  11	  0	184.4583	140.7788	 50.4228	 809.9577	  822.6716	 175.6250	805.4381	 62.2306	430.6948	 96.8531	 96.8531	368.6059	368.5811	519.6176	440.8378	446.8293	448.4338	440.8378	 52.7193	823.6161	  1.0000	   0.8266	  0.5000	    0.9236	  0.9608	   0.9236	  0.7813	 23.5792	 20.3359	 13.5159
2018	185	  12	  0	184.5000	162.5886	 54.2032	 819.8944	  799.7604	 171.4437	815.5525	 64.2007	472.1043	 96.3413	 96.3413	216.4130	367.6838	532.8746	447.9259	450.7302	458.6062	447.9259	 51.4023	868.2034	  0.9985	   0.8488	  0.5000	    0.9236	  0.9608	   0.9236	  0.7772	 23.9542	 21.7016	 14.8816
2018	185	  13	  0	184.5417	186.4304	 54.9633	 794.4004	  716.6056	 207.5966	788.6668	 62.7298	453.7457	149.4102	107.4812	111.6058	364.7996	539.0311	451.2211	451.2229	463.2467	452.3174	 50.4217	878.0437	  0.9691	   0.8530	  0.5000	    0.9236	  0.9608	   0.9236	  0.7727	 23.8917	 22.7352	 15.9177
2018	185	  14	  0	184.5833	209.4649	 52.5015	 731.1321	  630.0467	 231.0516	724.3833	 57.3896	390.8841	268.6928	112.2863	112.2863	368.5622	536.8985	452.7491	452.7491	463.1195	458.1831	 51.5677	849.3830	  0.9318	   0.8390	  0.5000	    0.9236	  0.9608	   0.9236	  0.7765	 24.2333	 22.3290	 15.8322
2018	185	  15	  0	184.6250	229.5273	 47.4273	 636.4204	  539.9688	 238.4162	629.1733	 49.1324	301.0269	332.5487	110.1674	110.1674	374.1501	524.9754	449.7194	449.7194	456.6184	457.9114	 49.9436	786.0500	  0.8954	   0.8071	  0.5000	    0.9236	  0.9608	   0.9236	  0.7836	 24.6000	 20.5554	 14.6621
2018	185	  16	  0	184.6667	246.3651	 40.6719	 517.3769	  441.9950	 228.6758	510.2025	 39.0143	203.4894	331.8695	101.3336	101.3336	370.8000	504.2332	439.3687	439.3687	442.8335	448.1588	 45.2364	696.2524	  0.8512	   0.7559	  0.5000	    0.9236	  0.9608	   0.9236	  0.7809	 24.2750	 18.1957	 12.9765
2018	185	  17	  0	184.7083	260.7908	 33.0278	 384.7867	  330.3833	 203.7700	378.2107	 28.2492	118.3461	270.8636	 87.0981	 87.0981	369.3559	478.5353	426.6664	426.6664	427.4725	434.4281	 38.5306	581.8770	  0.7995	   0.6747	  0.5000	    0.9236	  0.9608	   0.9236	  0.7830	 23.6750	 15.2649	 10.8172
2018	185	  18	  0	184.7500	273.7316	 25.0675	 252.8996	  211.3604	 162.1141	247.5402	 18.2349	 68.1950	173.2982	 73.5077	 67.5721	369.6121	452.2063	414.1792	414.2096	414.1548	420.0613	 31.3030	451.6115	  0.7377	   0.5486	  0.5000	    0.9236	  0.9608	   0.9236	  0.7876	 23.0750	 11.9486	  8.3571
2018	185	  19	  0	184.7917	285.9246	 17.2228	 130.5185	   72.9704	 107.4311	126.8779	  9.8168	 44.2588	 69.2788	 50.3091	 44.2588	373.5924	424.5776	402.4031	401.8651	401.8651	405.2288	 23.8521	314.5117	  0.6455	   0.3397	  0.4883	    0.9236	  0.9608	   0.9236	  0.7987	 22.2042	  7.8623	  5.3854
2018	185	  20	  0	184.8333	297.9254	  9.8589	  40.9210	    9.1063	  39.2109	 39.5762	  3.3242	 16.2268	 17.7910	 16.9760	 16.2268	379.9752	408.6532	395.9769	394.9390	394.9390	397.3498	 18.1144	181.2260	  0.5363	   0.1744	  0.3825	    0.9236	  0.9608	   0.9236	  0.8128	 20.9417	  6.8152	  4.5117
2018	185	  21	  0	184.8750	310.1344	  3.3913	   5.1708	    1.0262	   5.0825	  4.9962	  0.4275	  2.1242	  2.1925	  2.1754	  2.1242	382.9377	398.9101	388.8068	386.5636	386.5636	389.2712	 14.7855	 63.3327	  0.5641	   0.0796	  0.1919	    0.9236	  0.9608	   0.9236	  0.8200	 19.5958	  9.2583	  5.8315
2018	185	  22	  0	184.9167	322.8029	 -1.8665	   0.1979	    0.0660	   0.0649	  0.0632	  0.0055	  0.0274	  0.0274	  0.0274	  0.0274	382.9324	390.2068	381.1458	380.7797	380.7797	381.1188	 13.2746	 47.0097	  0.5410	   0.0000	  0.0050	    0.9236	  0.9608	   0.9236	  0.8230	 18.7292	  1.2546	  0.7657
2018	185	  23	  0	184.9583	336.0358	 -6.4741	   0.0000	    0.0000	   0.0000	  0.0000	  0.0000	  0.0000	  0.0000	  0.0000	  0.0000	380.8523	385.5294	376.9621	376.9621	376.9621	376.9621	 12.5321	 50.4638	  0.5091	   0.0000	  0.0000	    0.9236	  0.9608	   0.9236	  0.8221	 17.8500	  0.0000	  0.0000
2018	186	   0	  0	185.0000	349.7589	 -8.8558	   0.0000	    0.0000	   0.0000	  0.0000	  0.0000	  0.0000	  0.0000	  0.0000	  0.0000	378.9903	382.3344	373.7639	373.7639	373.7639	373.7639	 11.9413	 50.4794	  0.5091	   0.0000	  0.0000	    0.9236	  0.9608	   0.9236	  0.8208	 17.2458	  0.0000	  0.0000
2018	186	   1	  0	185.0417	 93.7219	 -9.3126	   0.0977	    0.0000	   0.0000	  0.0000	  0.0000	  0.0000	  0.0000	  0.0000	  0.0000	379.0677	380.9542	372.3959	372.3959	372.3959	372.3959	 11.6970	 50.3437	  0.5115	   0.0000	  0.0000	    0.9236	  0.9608	   0.9236	  0.8211	 16.9833	  0.0000	  0.0000
2018	186	   2	  0	185.0833	 17.5956	 -7.8377	   1.3046	    0.0000	   0.0000	  0.0000	  0.0000	  0.0000	  0.0000	  0.0000	  0.0000	377.6697	380.5602	371.3240	371.3240	371.3240	371.3240	 11.4964	 50.3686	  0.5354	   0.0000	  0.0000	    0.9236	  0.9608	   0.9236	  0.8197	 16.9083	  0.0000	  0.0000
2018	186	   3	  0	185.1250	 31.0833	 -4.2954	   8.3598	    0.0000	   0.0000	  0.0000	  0.0000	  0.0000	  0.0000	  0.0000	  0.0000	375.9435	381.0414	368.2060	368.2060	368.2060	368.2060	 10.9553	 50.4010	  0.6754	   0.0000	  0.0000	    0.9236	  0.9608	   0.9236	  0.8179	 17.0000	  0.0000	  0.0000
2018	186	   4	  0	185.1667	 44.0180	  0.8600	  38.6004	  262.2583	  20.1305	 30.0288	  1.7680	  8.5538	  8.5538	 22.8950	 24.1654	371.8733	383.0251	361.1436	361.1436	361.4570	361.4570	 11.9634	 38.0555	  0.9808	   0.0442	  0.0793	    0.9236	  0.9608	   0.9236	  0.8134	 17.1625	  3.0415	  0.0000
2018	186	   5	  0	185.2083	 56.4228	  6.6612	 117.9542	  753.9522	  28.1814	117.2001	  3.3827	 13.0139	 13.0139	 57.4635	 83.6440	370.5064	387.9228	363.6485	363.7592	363.9728	363.9728	 16.1799	123.1820	  1.0000	   0.1079	  0.3016	    0.9236	  0.9608	   0.9236	  0.8113	 17.5167	  6.9966	  0.4284
2018	186	   6	  0	185.2500	 68.4874	 13.6657	 190.7323	  540.2334	  68.6440	188.6637	  8.5421	 30.5396	 30.5396	 78.0032	148.2575	370.9040	399.2473	371.8278	372.9046	371.6494	371.6494	 21.5499	250.1019	  0.9702	   0.2544	  0.4523	    0.9236	  0.9608	   0.9236	  0.8102	 18.0792	  9.1301	  2.6308
2018	186	   7	  0	185.2917	 80.5384	 21.3252	 179.0048	  110.1469	 141.5790	174.2238	 13.3097	 57.9123	 57.9123	 66.2986	 99.6591	370.6973	397.7093	378.1731	379.3123	378.3995	378.3995	 22.3042	384.6670	  0.6775	   0.4544	  0.4999	    0.9236	  0.9608	   0.9236	  0.8101	 18.0750	  4.7046	  2.0097
2018	186	   8	  0	185.3333	 93.0549	 29.2727	 159.8365	   14.1092	 152.9420	154.5913	 13.2340	 61.1273	 60.6315	 60.6988	 68.2669	370.8821	394.5587	381.8030	382.4034	381.6179	381.9142	 21.7862	516.9898	  0.4667	   0.6247	  0.5000	    0.9236	  0.9608	   0.9236	  0.8108	 17.9083	  2.6143	  1.3832
2018	186	   9	  0	185.3750	106.6886	 37.1194	 275.5544	   44.5101	 247.8200	267.0951	 22.6630	106.5023	 97.9791	 97.9791	122.0846	371.7338	400.3252	383.5614	384.3578	383.4893	383.5614	 27.5768	637.9848	  0.5516	   0.7218	  0.5000	    0.9236	  0.9608	   0.9236	  0.8109	 18.2708	  3.2037	  1.9038
2018	186	  10	  0	185.4167	122.2816	 44.3661	 468.7685	  226.8022	 308.8446	458.5270	 37.3524	196.4846	126.9146	126.9146	232.1485	371.8295	426.5506	393.7354	396.3205	395.2600	393.7354	 37.0317	739.9173	  0.7279	   0.7846	  0.5000	    0.9236	  0.9608	   0.9236	  0.8086	 18.9333	  8.0677	  5.1296
2018	186	  11	  0	185.4583	140.7665	 50.3288	 617.6531	  397.3585	 311.4421	607.6734	 49.0648	296.1370	134.3388	134.3388	265.1671	371.6571	458.4004	408.8932	412.3728	413.3844	408.8932	 43.7023	815.7780	  0.8342	   0.8260	  0.5000	    0.9236	  0.9608	   0.9236	  0.8046	 19.8417	 13.1541	  8.7397
2018	186	  12	  0	185.5000	162.5439	 54.1124	 685.7044	  459.4448	 313.2662	675.8208	 54.9038	354.8545	138.1401	138.1401	204.4656	372.6495	474.2436	416.8390	418.5646	423.9219	416.8390	 45.3962	858.9002	  0.8649	   0.8483	  0.5000	    0.9236	  0.9608	   0.9236	  0.8044	 20.1375	 15.5216	 10.6413
2018	186	  13	  0	185.5417	186.3491	 54.8810	 774.4560	  633.0193	 256.7238	766.8665	 61.4956	429.3734	162.2435	123.1640	126.3794	374.7384	508.8236	432.3467	432.3352	443.3750	433.3778	 48.3068	866.8587	  0.9581	   0.8525	  0.5000	    0.9236	  0.9608	   0.9236	  0.8055	 20.2167	 21.7382	 15.2136
2018	186	  14	  0	185.5833	209.3602	 52.4312	 743.8369	  625.4279	 247.9072	736.4983	 58.4705	395.7158	273.6434	118.5930	118.5930	375.7119	513.0554	435.2261	435.2261	445.3335	440.4933	 49.9599	839.8255	  0.9569	   0.8386	  0.5000	    0.9236	  0.9608	   0.9236	  0.8055	 20.5083	 22.5231	 15.9608
2018	186	  15	  0	185.6250	229.4167	 47.3683	 637.0071	  510.7790	 260.7330	628.9400	 49.4093	299.1209	327.6970	117.8359	117.8359	373.4961	493.1822	426.0806	426.0806	432.4124	433.5448	 47.0706	779.9428	  0.9026	   0.8067	  0.5000	    0.9236	  0.9608	   0.9236	  0.8034	 20.4375	 19.6806	 14.0305
2018	186	  16	  0	185.6667	246.2587	 40.6206	 515.5550	  410.4809	 247.6900	507.6765	 39.1711	203.1737	321.7887	107.8485	107.8485	372.3030	474.9849	417.8760	417.8760	421.0161	425.8221	 42.3985	690.3192	  0.8551	   0.7555	  0.5000	    0.9236	  0.9608	   0.9236	  0.8025	 20.4083	 17.2212	 12.2749
2018	186	  17	  0	185.7083	260.6915	 32.9804	 382.1804	  301.4869	 217.0954	375.1078	 28.3832	120.6386	259.3036	 91.7116	 91.7116	372.9862	453.9685	408.5529	408.5529	409.2747	415.5486	 35.9476	576.7504	  0.8010	   0.6741	  0.5000	    0.9236	  0.9608	   0.9236	  0.8045	 20.2833	 14.3451	 10.1599
2018	186	  18	  0	185.7500	273.6391	 25.0205	 245.9952	  175.5166	 170.3755	240.3152	 18.1687	 70.9415	158.4320	 74.9241	 70.3577	371.8127	428.1919	395.9805	396.0604	396.0077	401.0447	 28.2772	447.9676	  0.7266	   0.5476	  0.5000	    0.9236	  0.9608	   0.9236	  0.8058	 19.6667	 10.6819	  7.4674
2018	186	  19	  0	185.7917	285.8381	 17.1736	 117.8775	   40.7552	 104.8952	114.2999	  9.2617	 42.9665	 57.1310	 46.2861	 42.9665	372.1415	404.5694	386.4033	386.0286	386.0286	388.6958	 20.6131	312.5704	  0.6077	   0.3382	  0.4880	    0.9236	  0.9608	   0.9236	  0.8087	 19.0833	  6.6533	  4.5520
2018	186	  20	  0	185.8333	297.8442	  9.8054	  36.0175	    6.3583	  34.8258	 34.8222	  2.9463	 14.4071	 15.5004	 14.9276	 14.4071	375.3473	395.5683	384.1105	383.1191	383.1191	385.4327	 15.7725	180.2357	  0.5123	   0.1736	  0.3812	    0.9236	  0.9608	   0.9236	  0.8138	 18.5750	  6.7152	  4.4412
2018	186	  21	  0	185.8750	310.0587	  3.3343	   4.6217	    0.7065	   4.5629	  4.4648	  0.3836	  1.9071	  1.9536	  1.9422	  1.9071	374.9978	389.2304	379.0278	376.8158	376.8158	379.4907	 12.9553	 62.4155	  0.5629	   0.0778	  0.1899	    0.9236	  0.9608	   0.9236	  0.8146	 17.8125	  9.2995	  5.8501
2018	186	  22	  0	185.9167	322.7337	 -1.9417	   0.3312	    0.0701	   0.0689	  0.0670	  0.0058	  0.0290	  0.0290	  0.0290	  0.0290	371.1753	382.8613	373.0075	372.6313	372.6313	372.9809	 11.7022	 46.9782	  0.5470	   0.0000	  0.0045	    0.9236	  0.9608	   0.9236	  0.8123	 17.3458	  1.3053	  0.7956
2018	186	  23	  0	185.9583	335.9749	 -6.5518	   0.0208	    0.0000	   0.0000	  0.0000	  0.0000	  0.0000	  0.0000	  0.0000	  0.0000	368.5471	380.9109	371.5109	371.5109	371.5109	371.5109	 11.4271	 50.5416	  0.5099	   0.0000	  0.0000	    0.9236	  0.9608	   0.9236	  0.8101	 16.9750	  0.0000	  0.0000
2018	187	   0	  0	186.0000	349.1275	 -8.8909	   0.0000	    0.0000	   0.0000	  0.0000	  0.0000	  0.0000	  0.0000	  0.0000	  0.0000	365.9148	378.9446	369.4389	369.4389	369.4389	369.4389	 11.0248	 50.5844	  0.5095	   0.0000	  0.0000	    0.9236	  0.9608	   0.9236	  0.8079	 16.6000	  0.0000	  0.0000
