Year	DOY	Hour	Min	 Dectime	 azimuth	altitude	GlobalRad	DiffuseRad	DirectRad	 Kdown2d	   Kup2d	  Ksouth	   Kwest	  Knorth	   Keast	 Ldown2d	   Lup2d	  Lsouth	   Lwest	  Lnorth	   Least	    Tmrt	      I0	      CI	SH_Ground	SH_Walls	SVF_Ground	SVF_Roof	SVF_BdVeg	Emis_Sky	      Ta	      Tg	      Tw
2018	179	   0	  0	178.0000	356.4783	 -8.9707	   0.0200	    0.0000	   0.0000	  0.0000	  0.0000	  0.0000	  0.0000	  0.0000	  0.0000	400.3351	380.6738	378.2040	378.2040	378.2040	378.2040	 12.9046	 51.3711	  0.5056	   0.0000	  0.0000	    0.7869	  0.9259	   0.7869	  0.8405	 18.9000	  0.0000	  0.0000
2018	179	   1	  0	178.0417	 94.0217	 -8.8723	   0.1496	    0.0000	   0.0000	  0.0000	  0.0000	  0.0000	  0.0000	  0.0000	  0.0000	397.1206	379.2643	376.6123	376.6123	376.6123	376.6123	 12.5878	 51.4319	  0.5081	   0.0000	  0.0000	    0.7869	  0.9259	   0.7869	  0.8374	 18.6292	  0.0000	  0.0000
2018	179	   2	  0	178.0833	 17.8292	 -7.3538	   2.4581	    0.0000	   0.0000	  0.0000	  0.0000	  0.0000	  0.0000	  0.0000	  0.0000	392.9756	375.5530	372.2096	372.2096	372.2096	372.2096	 11.7626	 51.5085	  0.5529	   0.0000	  0.0000	    0.7869	  0.9259	   0.7869	  0.8337	 17.9125	  0.0000	  0.0000
2018	179	   3	  0	178.1250	 31.2513	 -3.6786	  20.5810	    0.0000	   0.0000	  0.0000	  0.0000	  0.0000	  0.0000	  0.0000	  0.0000	394.0687	373.1485	366.4524	366.4524	366.4524	366.4524	 10.7768	 51.4896	  0.8351	   0.0000	  0.0000	    0.7869	  0.9259	   0.7869	  0.8349	 17.4458	  0.0000	  0.0000
2018	179	   4	  0	178.1667	 44.1271	  1.3340	  85.2542	  124.5807	  64.6343	 67.8577	  4.8514	 21.4894	 21.4894	 21.4894	 21.4894	397.1103	375.8705	365.3655	365.3655	367.1862	367.1862	 13.9713	 40.2358	  1.0000	   0.0117	  0.0409	    0.7869	  0.9259	   0.7869	  0.8377	 17.9417	  3.0092	  0.0000
2018	179	   5	  0	178.2083	 56.4833	  7.1867	 193.9660	  623.7100	 114.9831	187.8471	  8.7949	 40.1996	 40.1996	 41.0867	 41.8596	401.2869	383.8628	373.0532	373.3284	375.1510	375.1510	 18.5877	131.1639	  1.0000	   0.0029	  0.1049	    0.7869	  0.9259	   0.7869	  0.8408	 19.4833	  7.2194	  0.5639
2018	179	   6	  0	178.2500	 68.5113	 14.2032	 323.6306	  681.8611	 156.0223	315.7976	 13.3219	 56.4035	 56.4035	 77.5025	109.8255	399.5288	399.8201	386.6989	389.1461	387.7946	387.7946	 25.5043	257.2080	  1.0000	   0.0871	  0.1870	    0.7869	  0.9259	   0.7869	  0.8334	 21.6458	  9.8522	  3.0322
2018	179	   7	  0	178.2917	 80.5387	 21.8670	 456.5967	  712.4654	 191.2099	447.4633	 16.6551	 71.0256	 71.0256	 78.3139	119.0893	399.9195	408.9022	394.3598	400.9079	395.7650	395.7650	 28.8295	390.8451	  1.0000	   0.0738	  0.2649	    0.7869	  0.9259	   0.7869	  0.8275	 23.2417	 12.3723	  5.5523
2018	179	   8	  0	178.3333	 93.0479	 29.8173	 581.4260	  734.4667	 216.3136	571.5979	 21.1483	 88.0421	 82.8346	 83.3932	163.7698	407.0774	418.8924	402.9566	412.2907	402.2811	403.5382	 33.0066	520.6184	  1.0000	   0.1278	  0.3300	    0.7869	  0.9259	   0.7869	  0.8326	 24.0792	 14.7356	  7.9156
2018	179	   9	  0	178.3750	106.6990	 37.6663	 687.2823	  755.6930	 225.6696	677.6565	 25.1757	120.5930	 89.7602	 89.7602	189.5278	408.1410	429.3555	410.5468	421.9969	412.0504	410.5468	 36.6752	640.5957	  1.0000	   0.1757	  0.3882	    0.7869	  0.9259	   0.7869	  0.8293	 24.8333	 16.9007	 10.0807
2018	179	  10	  0	178.4167	122.3510	 44.9131	 766.0317	  774.0330	 219.7520	757.4106	 28.8474	158.9257	 91.7529	 91.7529	197.0220	401.4444	441.6996	417.4333	429.6906	424.1296	417.4333	 39.4934	744.6298	  1.0000	   0.2293	  0.4418	    0.7869	  0.9259	   0.7869	  0.8137	 25.6333	 18.8298	 12.0098
2018	179	  11	  0	178.4583	140.9607	 50.8659	 811.1337	  822.3908	 172.9124	805.9702	 31.1468	199.8822	 81.6626	 81.6626	176.4296	395.2256	454.8423	424.2179	434.1236	437.3380	424.2179	 40.8578	822.5753	  1.0000	   0.2938	  0.4806	    0.7869	  0.9259	   0.7869	  0.7995	 26.1625	 20.4891	 13.6691
2018	179	  12	  0	178.5000	162.9341	 54.6160	 822.4575	  801.2861	 169.3878	817.6158	 34.4438	235.4585	 82.3253	 82.3253	129.6974	389.6720	464.2001	428.1154	431.7117	447.1306	428.1154	 41.2359	868.0472	  0.9985	   0.3482	  0.4982	    0.7869	  0.9259	   0.7869	  0.7896	 26.1375	 21.8495	 15.0295
2018	179	  13	  0	178.5417	186.9426	 55.3184	 796.4375	  721.0150	 203.4719	789.1327	 35.7457	237.1855	109.2126	 90.7652	 92.2269	384.9555	468.4035	430.0522	429.5839	451.6094	431.0563	 41.2807	878.5128	  0.9700	   0.3618	  0.4998	    0.7869	  0.9259	   0.7869	  0.7809	 26.1625	 22.8873	 16.0673
2018	179	  14	  0	178.5833	210.0667	 52.7843	 726.1021	  617.1608	 234.0716	716.2208	 32.6874	198.5260	153.3358	 95.4428	 95.4428	390.0251	461.8728	428.3817	428.3817	446.4362	437.1866	 41.0407	848.1061	  0.9261	   0.3182	  0.4910	    0.7869	  0.9259	   0.7869	  0.7888	 26.2458	 22.2766	 15.8323
2018	179	  15	  0	178.6250	230.1324	 47.6468	 585.1885	  423.3815	 271.7982	571.7094	 28.3159	147.2731	155.3196	 99.6042	 99.6042	392.7388	444.6468	421.3673	421.3673	430.0608	432.2661	 37.9225	784.3553	  0.8310	   0.2580	  0.4602	    0.7869	  0.9259	   0.7869	  0.7972	 26.0917	 16.8657	 12.0581
2018	179	  16	  0	178.6667	246.9327	 40.8495	 491.1592	  374.7755	 245.8751	478.6685	 23.3810	111.0929	140.8414	 88.4689	 88.4689	391.8600	433.9587	414.4746	414.4746	418.3053	427.5073	 34.4696	693.2644	  0.8164	   0.2021	  0.4121	    0.7869	  0.9259	   0.7869	  0.8008	 25.3500	 16.1761	 11.5628
2018	179	  17	  0	178.7083	261.3145	 33.1850	 383.1725	  312.6289	 211.2890	372.1365	 18.3775	 80.5094	111.2266	 74.5903	 74.5903	400.5591	422.5976	408.1174	408.1174	407.7923	421.0217	 30.5357	576.1925	  0.8029	   0.1420	  0.3545	    0.7869	  0.9259	   0.7869	  0.8194	 24.4750	 15.1176	 10.7387
2018	179	  18	  0	178.7500	274.2178	 25.2221	 253.0598	  202.2539	 165.8007	244.0295	 13.4054	 57.0516	 75.6529	 58.0770	 56.9733	393.0166	413.6727	400.9341	402.2967	401.8955	411.6540	 26.0623	449.5322	  0.7397	   0.1004	  0.2935	    0.7869	  0.9259	   0.7869	  0.8132	 23.8208	 11.8865	  8.3361
2018	179	  19	  0	178.7917	286.3813	 17.3893	 132.9092	   78.2976	 108.0990	126.7722	  8.2803	 36.1653	 40.7365	 37.4099	 36.1653	379.6491	405.3900	395.7493	396.2457	396.2457	401.1904	 21.3387	317.1994	  0.6484	   0.0731	  0.2210	    0.7869	  0.9259	   0.7869	  0.7995	 22.9583	  8.0996	  5.5649
2018	179	  20	  0	178.8333	298.3583	 10.0482	  43.2283	   10.5261	  41.2405	 40.8289	  3.1026	 13.5822	 14.1406	 13.8354	 13.5822	370.2369	397.1421	390.6949	390.2793	390.2793	393.2528	 16.8094	185.9021	  0.5405	   0.0402	  0.1425	    0.7869	  0.9259	   0.7869	  0.7922	 21.7417	  6.8541	  4.5551
2018	179	  21	  0	178.8750	310.5450	  3.6041	   6.0204	    1.5591	   5.8871	  5.6767	  0.4409	  1.9459	  1.9514	  1.9513	  1.9459	371.3642	389.2141	385.6294	383.0141	383.0141	386.4279	 13.9964	 67.7684	  0.5601	   0.0121	  0.0714	    0.7869	  0.9259	   0.7869	  0.7991	 20.3958	  9.0777	  5.7486
2018	179	  22	  0	178.9167	323.1881	 -1.5737	   0.2792	    0.1675	   0.1634	  0.1553	  0.0122	  0.0541	  0.0541	  0.0541	  0.0541	379.2799	381.4174	377.7215	376.4882	376.4882	377.5579	 12.4927	 44.7965	  0.5732	   0.0000	  0.0020	    0.7869	  0.9259	   0.7869	  0.8162	 19.0417	  2.6365	  1.6133
2018	179	  23	  0	178.9583	336.3876	 -6.1348	   0.0000	    0.0000	   0.0000	  0.0000	  0.0000	  0.0000	  0.0000	  0.0000	  0.0000	380.5083	376.1118	372.5535	372.5535	372.5535	372.5535	 11.6844	 51.7723	  0.5052	   0.0000	  0.0000	    0.7869	  0.9259	   0.7869	  0.8205	 18.0208	  0.0000	  0.0000
2018	180	   0	  0	179.0000	350.0667	 -8.4990	   0.0000	    0.0000	   0.0000	  0.0000	  0.0000	  0.0000	  0.0000	  0.0000	  0.0000	372.5620	376.1330	372.0295	372.0295	372.0295	372.0295	 11.5057	 51.9202	  0.5053	   0.0000	  0.0000	    0.7869	  0.9259	   0.7869	  0.8113	 18.0250	  0.0000	  0.0000
2018	180	   1	  0	179.0417	 93.9757	 -8.9157	   0.1531	    0.0000	   0.0000	  0.0000	  0.0000	  0.0000	  0.0000	  0.0000	  0.0000	358.1620	378.1169	372.7992	372.7992	372.7992	372.7992	 11.4928	 52.0305	  0.5089	   0.0000	  0.0000	    0.7869	  0.9259	   0.7869	  0.7920	 18.4083	  0.0000	  0.0000
2018	180	   2	  0	179.0833	 17.7899	 -7.4039	   2.9312	    0.0000	   0.0000	  0.0000	  0.0000	  0.0000	  0.0000	  0.0000	  0.0000	345.2579	374.3963	367.4391	367.4391	367.4391	367.4391	 10.3923	 52.3087	  0.5620	   0.0000	  0.0000	    0.7869	  0.9259	   0.7869	  0.7772	 17.6875	  0.0000	  0.0000
2018	180	   3	  0	179.1250	 31.2189	 -3.7557	  23.7140	    0.0000	   0.0000	  0.0000	  0.0000	  0.0000	  0.0000	  0.0000	  0.0000	337.7845	365.9111	354.0114	354.0114	354.0114	354.0114	  7.8867	 52.3877	  0.8579	   0.0000	  0.0000	    0.7869	  0.9259	   0.7869	  0.7734	 16.0250	  0.0000	  0.0000
2018	180	   4	  0	179.1667	 44.1011	  1.2819	  89.7579	  148.3164	  65.9991	 70.3550	  4.9559	 21.9726	 21.9726	 21.9726	 21.9726	335.7993	362.9926	346.9664	346.9664	348.7229	348.7229	 10.1254	 40.3605	  1.0000	   0.0113	  0.0401	    0.7869	  0.9259	   0.7869	  0.7729	 15.4167	  3.0155	  0.0000
2018	180	   5	  0	179.2083	 56.4626	  7.1276	 187.3952	  692.3636	 100.9098	182.1587	  7.7575	 35.7692	 35.7692	 36.6808	 37.4754	333.9976	363.6006	347.0438	347.2997	349.0380	349.0380	 12.8651	133.7277	  1.0000	   0.0027	  0.1041	    0.7869	  0.9259	   0.7869	  0.7698	 15.5458	  7.1968	  0.5488
2018	180	   6	  0	179.2500	 68.4944	 14.1418	 383.6417	  742.5102	 201.8371	373.2362	 16.8871	 71.8248	 71.8248	 94.7520	129.8706	334.4668	371.1612	353.1478	355.4423	354.1492	354.1492	 21.8300	262.8009	  1.0000	   0.0869	  0.1865	    0.7869	  0.9259	   0.7869	  0.7666	 16.2042	  9.8299	  3.0099
2018	180	   7	  0	179.2917	 80.5238	 21.8047	 499.7950	  775.7116	 211.6675	489.6405	 18.3745	 78.4471	 78.4471	 86.3467	130.4510	337.2998	375.6753	356.9587	363.0782	358.2281	358.2281	 23.6628	399.3613	  1.0000	   0.0734	  0.2644	    0.7869	  0.9259	   0.7869	  0.7657	 17.0167	 12.3506	  5.5306
2018	180	   8	  0	179.3333	 93.0329	 29.7546	 620.2725	  796.6538	 225.0447	610.1672	 22.2019	 92.3176	 86.7025	 87.3137	174.3781	341.7680	386.1897	365.5605	374.3560	364.9425	366.0921	 27.7084	533.3757	  1.0000	   0.1275	  0.3295	    0.7869	  0.9259	   0.7869	  0.7659	 18.0667	 14.7146	  7.8946
2018	180	   9	  0	179.3750	106.6804	 37.6038	 724.5892	  813.5816	 228.3758	715.0739	 25.9794	124.9750	 91.8871	 91.8871	199.1393	345.1448	397.0550	373.8203	384.6474	375.2744	373.8203	 31.5647	656.0101	  1.0000	   0.1753	  0.3877	    0.7869	  0.9259	   0.7869	  0.7649	 19.0167	 16.8805	 10.0605
2018	180	  10	  0	179.4167	122.3236	 44.8516	 804.6000	  826.7369	 221.7918	796.1435	 29.8003	165.3921	 93.8103	 93.8103	206.1560	345.3287	406.4814	379.3825	390.9389	385.7051	379.3825	 34.4148	759.2280	  1.0000	   0.2287	  0.4414	    0.7869	  0.9259	   0.7869	  0.7617	 19.4167	 18.8104	 11.9904
2018	180	  11	  0	179.4583	140.9171	 50.8075	 853.0533	  830.8464	 209.3481	845.7989	 33.9569	212.2202	 93.4724	 93.4724	189.6176	346.7754	419.9011	387.7863	397.1605	400.1709	387.7863	 36.8380	835.4372	  1.0000	   0.2931	  0.4803	    0.7869	  0.9259	   0.7869	  0.7588	 20.1417	 20.4705	 13.6505
2018	180	  12	  0	179.5000	162.8675	 54.5641	 860.1140	  835.0719	 179.7108	854.8802	 36.0886	246.3715	 86.7943	 86.7943	135.4861	346.8294	433.2980	396.0694	399.5387	414.1486	396.0694	 37.3166	880.4112	  1.0000	   0.3471	  0.4981	    0.7869	  0.9259	   0.7869	  0.7531	 20.9250	 21.8317	 15.0117
2018	180	  13	  0	179.5417	186.8552	 55.2769	 833.0752	  803.7250	 172.4201	828.1149	 35.7058	246.9052	104.2764	 83.9270	 85.6115	343.9871	440.6224	400.5454	400.1166	421.1628	401.5066	 36.9383	891.5631	  0.9935	   0.3608	  0.4998	    0.7869	  0.9259	   0.7869	  0.7438	 21.5250	 22.8700	 16.0500
2018	180	  14	  0	179.5833	209.9711	 52.7546	 767.6838	  715.2188	 198.1139	760.5108	 32.3149	206.2030	154.5730	 87.2727	 87.2727	346.0404	440.2419	402.5303	402.5303	421.0445	411.7975	 37.3148	863.9760	  0.9588	   0.3177	  0.4909	    0.7869	  0.9259	   0.7869	  0.7420	 22.2333	 23.5372	 16.7259
2018	180	  15	  0	179.6250	230.0401	 47.6268	 668.4963	  616.9852	 212.2923	659.6118	 27.4589	155.4732	167.3666	 86.2393	 86.2393	348.2957	432.3757	400.1389	400.1389	412.3794	415.3126	 35.3088	800.8275	  0.9199	   0.2578	  0.4601	    0.7869	  0.9259	   0.7869	  0.7442	 22.5458	 22.4429	 16.0414
2018	180	  16	  0	179.6667	246.8480	 40.8356	 545.3215	  511.1147	 210.4522	535.6015	 22.5592	111.5727	151.7999	 80.4139	 80.4139	347.7103	421.9273	395.3836	395.3836	400.7591	411.9347	 31.8053	708.4115	  0.8773	   0.2021	  0.4119	    0.7869	  0.9259	   0.7869	  0.7453	 22.4458	 20.0505	 14.3286
2018	180	  17	  0	179.7083	261.2371	 33.1740	 408.6377	  388.0984	 195.1773	398.8683	 17.7938	 78.2616	116.2910	 70.8105	 70.8105	357.7230	411.7034	392.0197	392.0197	392.0614	406.7859	 27.9015	588.3157	  0.8322	   0.1420	  0.3544	    0.7869	  0.9259	   0.7869	  0.7647	 22.2375	 17.1191	 12.1573
2018	180	  18	  0	179.7500	274.1459	 25.2113	 268.6896	  249.2322	 161.0451	260.0962	 13.2853	 56.2053	 79.1917	 57.4218	 56.1008	360.7269	403.2140	387.2130	388.4643	388.0823	399.0639	 23.8071	456.1717	  0.7655	   0.1004	  0.2934	    0.7869	  0.9259	   0.7869	  0.7744	 21.7750	 13.2520	  9.2913
2018	180	  19	  0	179.7917	286.3134	 17.3766	 135.4973	   86.6776	 107.9983	129.3871	  8.2922	 36.2177	 41.2404	 37.5724	 36.2177	350.1586	396.0569	384.2621	384.7038	384.7038	389.7545	 19.2074	321.3330	  0.6509	   0.0725	  0.2210	    0.7869	  0.9259	   0.7869	  0.7632	 21.2292	  8.2844	  5.6903
2018	180	  20	  0	179.8333	298.2932	 10.0318	  46.8062	   12.7925	  44.4191	 44.2238	  3.3433	 14.6380	 15.2915	 14.9344	 14.6380	342.9238	389.4488	380.8703	380.4287	380.4287	383.4237	 15.0020	188.1344	  0.5577	   0.0408	  0.1424	    0.7869	  0.9259	   0.7869	  0.7578	 20.2958	  6.9174	  4.5950
2018	180	  21	  0	179.8750	310.4822	  3.5834	   6.9567	    2.2894	   6.7708	  6.5616	  0.5072	  2.2388	  2.2495	  2.2495	  2.2388	340.1544	381.5695	375.5733	372.9744	372.9744	376.3753	 11.9354	 68.2841	  0.5736	   0.0121	  0.0708	    0.7869	  0.9259	   0.7869	  0.7603	 18.9417	  9.1122	  5.7670
2018	180	  22	  0	179.9167	323.1278	 -1.6048	   0.3567	    0.2071	   0.1997	  0.1897	  0.0150	  0.0661	  0.0661	  0.0661	  0.0661	337.8193	374.2015	367.5417	366.3049	366.3049	367.3823	 10.2203	 45.3138	  0.5767	   0.0000	  0.0019	    0.7869	  0.9259	   0.7869	  0.7657	 17.6500	  2.6725	  1.6342
2018	180	  23	  0	179.9583	336.3309	 -6.1854	   0.0021	    0.0000	   0.0000	  0.0000	  0.0000	  0.0000	  0.0000	  0.0000	  0.0000	334.1328	364.2345	358.0659	358.0659	358.0659	358.0659	  8.5310	 52.4588	  0.5060	   0.0000	  0.0000	    0.7869	  0.9259	   0.7869	  0.7696	 15.6917	  0.0000	  0.0000
2018	181	   0	  0	180.0000	350.0150	 -8.5422	   0.0058	    0.0000	   0.0000	  0.0000	  0.0000	  0.0000	  0.0000	  0.0000	  0.0000	332.4372	355.0222	349.3061	349.3061	349.3061	349.3061	  6.8688	 52.3744	  0.5062	   0.0000	  0.0000	    0.7869	  0.9259	   0.7869	  0.7735	 13.8500	  0.0000	  0.0000
2018	181	   1	  0	180.0417	 93.9307	 -8.9658	   0.1802	    0.0000	   0.0000	  0.0000	  0.0000	  0.0000	  0.0000	  0.0000	  0.0000	330.0654	348.3301	342.7697	342.7697	342.7697	342.7697	  5.5954	 52.1402	  0.5102	   0.0000	  0.0000	    0.7869	  0.9259	   0.7869	  0.7740	 12.4875	  0.0000	  0.0000
2018	181	   2	  0	180.0833	 17.7525	 -7.4606	   2.7046	    0.0000	   0.0000	  0.0000	  0.0000	  0.0000	  0.0000	  0.0000	  0.0000	325.5757	342.3703	336.0741	336.0741	336.0741	336.0741	  4.2589	 52.1952	  0.5585	   0.0000	  0.0000	    0.7869	  0.9259	   0.7869	  0.7714	 11.2583	  0.0000	  0.0000
2018	181	   3	  0	180.1250	 31.1893	 -3.8284	  22.5377	    0.0000	   0.0000	  0.0000	  0.0000	  0.0000	  0.0000	  0.0000	  0.0000	324.7812	338.8712	328.2342	328.2342	328.2342	328.2342	  2.7684	 52.1930	  0.8446	   0.0000	  0.0000	    0.7869	  0.9259	   0.7869	  0.7717	 10.5292	  0.0000	  0.0000
2018	181	   4	  0	180.1667	 44.0785	  1.2245	  95.1450	   86.0549	  74.8234	 75.3969	  5.6098	 24.7918	 24.7918	 24.7918	 24.7918	329.1531	344.4380	329.5858	329.5858	331.2587	331.2587	  7.1847	 39.4550	  1.0000	   0.0109	  0.0392	    0.7869	  0.9259	   0.7869	  0.7745	 11.6542	  2.8131	  0.0000
2018	181	   5	  0	180.2083	 56.4458	  7.0629	 209.4506	  655.6773	 127.3168	202.6340	  9.7226	 44.3595	 44.3595	 45.2025	 45.9382	337.9498	356.3782	341.0795	341.3261	343.0410	343.0410	 13.0411	132.0267	  1.0000	   0.0026	  0.1032	    0.7869	  0.9259	   0.7869	  0.7793	 14.1000	  7.1710	  0.5316
2018	181	   6	  0	180.2500	 68.4819	 14.0752	 344.0331	  728.7775	 166.5680	335.6592	 14.2032	 60.1681	 60.1681	 82.6639	117.0545	345.4607	370.9951	354.3588	356.6337	355.3708	355.3708	 20.5060	260.0899	  1.0000	   0.0867	  0.1858	    0.7869	  0.9259	   0.7869	  0.7815	 16.1750	  9.8045	  2.9845
2018	181	   7	  0	180.2917	 80.5137	 21.7372	 481.2310	  757.7545	 200.5485	471.6697	 17.4646	 74.5652	 74.5652	 82.2337	125.0521	350.6119	379.4841	362.0115	368.1516	363.3018	363.3018	 23.9812	395.7602	  1.0000	   0.0729	  0.2639	    0.7869	  0.9259	   0.7869	  0.7814	 17.7583	 12.3258	  5.5058
2018	181	   8	  0	180.3333	 93.0230	 29.6868	 609.8123	  785.9408	 220.5899	599.9212	 21.7796	 90.5878	 85.0467	 85.6482	171.4508	349.9519	390.2027	370.1369	378.9621	369.5106	370.6764	 28.2015	530.5473	  1.0000	   0.1273	  0.3289	    0.7869	  0.9259	   0.7869	  0.7743	 18.8333	 14.6906	  7.8706
2018	181	   9	  0	180.3750	106.6673	 37.5360	 718.7002	  809.0060	 226.0290	709.2948	 25.7223	123.8265	 90.9936	 90.9936	197.4992	348.0379	400.0339	376.7807	387.6337	378.2273	376.7807	 31.8708	654.5484	  1.0000	   0.1749	  0.3872	    0.7869	  0.9259	   0.7869	  0.7663	 19.5792	 16.8574	 10.0374
2018	181	  10	  0	180.4167	122.3018	 44.7846	 797.7846	  822.6310	 218.5514	789.4900	 29.4481	163.7171	 92.6216	 92.6216	204.2996	346.6988	410.5431	383.0153	394.6291	389.3579	383.0153	 34.7628	758.8721	  1.0000	   0.2282	  0.4409	    0.7869	  0.9259	   0.7869	  0.7596	 20.1708	 18.7882	 11.9682
2018	181	  11	  0	180.4583	140.8785	 50.7430	 842.1588	  823.7602	 204.5486	835.1379	 33.3730	209.1347	 91.6698	 91.6698	186.9362	349.2792	425.5029	392.8428	402.2939	405.3140	392.8428	 37.2801	835.1931	  1.0000	   0.2922	  0.4800	    0.7869	  0.9259	   0.7869	  0.7567	 21.1583	 20.4492	 13.6292
2018	181	  12	  0	180.5000	162.8042	 54.5056	 849.4985	  832.3460	 171.8327	844.7048	 35.3333	242.8040	 84.1466	 84.1466	132.9195	353.3081	438.1538	401.1020	404.6119	419.2912	401.1020	 37.7362	877.8096	  1.0000	   0.3460	  0.4980	    0.7869	  0.9259	   0.7869	  0.7583	 21.8000	 21.8112	 14.9912
2018	181	  13	  0	180.5417	186.7685	 55.2285	 820.4858	  771.4462	 186.7385	814.4779	 35.7838	243.3965	106.5696	 87.2391	 88.9141	352.0810	443.2975	404.1541	403.7287	424.8413	405.0867	 37.5431	887.1670	  0.9877	   0.3597	  0.4997	    0.7869	  0.9259	   0.7869	  0.7541	 22.0167	 22.8502	 16.0302
2018	181	  14	  0	180.5833	209.8735	 52.7181	 760.5281	  695.0094	 207.3480	752.6870	 32.4683	205.0139	154.6667	 89.4995	 89.4995	349.0762	438.7665	402.0044	402.0044	420.3684	411.1102	 37.2786	861.1259	  0.9536	   0.3171	  0.4907	    0.7869	  0.9259	   0.7869	  0.7485	 22.0375	 23.3848	 16.6117
2018	181	  15	  0	180.6250	229.9444	 47.6004	 665.6319	  606.6952	 217.2897	656.3936	 27.6175	155.6362	167.1464	 87.5194	 87.5194	343.6259	426.1477	394.5959	394.5959	406.4461	409.2370	 34.4824	800.8270	  0.9164	   0.2575	  0.4600	    0.7869	  0.9259	   0.7869	  0.7431	 21.5750	 22.0015	 15.7209
2018	181	  16	  0	180.6667	246.7593	 40.8156	 547.3062	  513.1467	 211.2968	537.5457	 22.6415	112.0890	152.3493	 80.7273	 80.7273	341.8805	415.7363	389.3366	389.3366	394.6602	405.6483	 30.9082	708.8685	  0.8797	   0.2020	  0.4118	    0.7869	  0.9259	   0.7869	  0.7428	 21.3542	 19.9971	 14.2858
2018	181	  17	  0	180.7083	261.1557	 33.1570	 410.9950	  396.3332	 193.2046	401.3748	 17.7083	 77.9683	116.7342	 70.3197	 70.3197	343.1531	405.6197	384.8839	384.8839	384.9609	399.5079	 26.6685	591.8773	  0.8320	   0.1419	  0.3542	    0.7869	  0.9259	   0.7869	  0.7479	 21.1292	 17.1377	 12.1664
2018	181	  18	  0	180.7500	274.0704	 25.1946	 271.7258	  262.1309	 158.7677	263.3072	 13.1725	 55.6486	 79.7501	 56.9173	 55.5328	340.8214	397.0998	379.4069	380.6265	380.2541	391.3043	 22.3723	460.4734	  0.7670	   0.1004	  0.2933	    0.7869	  0.9259	   0.7869	  0.7492	 20.6292	 13.4441	  9.4219
2018	181	  19	  0	180.7917	286.2421	 17.3578	 143.2396	  110.9349	 108.5482	137.1531	  8.3914	 36.6271	 43.1871	 38.4492	 36.6271	342.5030	390.7595	378.3403	378.5605	378.5605	384.3342	 18.3130	321.9460	  0.6744	   0.0718	  0.2210	    0.7869	  0.9259	   0.7869	  0.7567	 20.1833	  9.1129	  6.2558
2018	181	  20	  0	180.8333	298.2252	 10.0092	  47.4771	   12.6518	  45.0959	 44.8550	  3.3947	 14.8571	 15.5439	 15.1670	 14.8571	346.0473	383.9145	376.0116	375.5756	375.5756	378.5477	 14.2159	186.9711	  0.5620	   0.0414	  0.1422	    0.7869	  0.9259	   0.7869	  0.7685	 19.2417	  6.9155	  4.5915
2018	181	  21	  0	180.8750	310.4170	  3.5567	   6.8281	    2.0033	   6.6646	  6.4391	  0.4992	  2.2032	  2.2123	  2.2122	  2.2032	345.6511	376.7008	371.5674	368.9899	368.9899	372.3727	 11.2664	 67.4512	  0.5743	   0.0121	  0.0701	    0.7869	  0.9259	   0.7869	  0.7732	 18.0042	  9.1200	  5.7677
2018	181	  22	  0	180.9167	323.0659	 -1.6432	   0.3388	    0.1998	   0.1928	  0.1831	  0.0144	  0.0638	  0.0638	  0.0638	  0.0638	341.9406	370.1007	364.1015	362.8719	362.8719	363.9468	  9.6326	 44.8642	  0.5778	   0.0000	  0.0018	    0.7869	  0.9259	   0.7869	  0.7750	 16.8500	  2.6801	  1.6375
2018	181	  23	  0	180.9583	336.2733	 -6.2305	   0.0010	    0.0000	   0.0000	  0.0000	  0.0000	  0.0000	  0.0000	  0.0000	  0.0000	338.3245	363.7403	357.9014	357.9014	357.9014	357.9014	  8.5481	 52.0890	  0.5067	   0.0000	  0.0000	    0.7869	  0.9259	   0.7869	  0.7756	 15.5958	  0.0000	  0.0000
2018	182	   0	  0	181.0000	349.9634	 -8.5921	   0.0000	    0.0000	   0.0000	  0.0000	  0.0000	  0.0000	  0.0000	  0.0000	  0.0000	334.9206	358.0409	352.3096	352.3096	352.3096	352.3096	  7.4639	 52.0892	  0.5068	   0.0000	  0.0000	    0.7869	  0.9259	   0.7869	  0.7749	 14.4583	  0.0000	  0.0000
2018	182	   1	  0	181.0417	 93.8866	 -9.0226	   0.1415	    0.0000	   0.0000	  0.0000	  0.0000	  0.0000	  0.0000	  0.0000	  0.0000	331.5289	352.8209	347.1082	347.1082	347.1082	347.1082	  6.4419	 51.9032	  0.5101	   0.0000	  0.0000	    0.7869	  0.9259	   0.7869	  0.7736	 13.4042	  0.0000	  0.0000
2018	182	   2	  0	181.0833	 17.7170	 -7.5239	   2.5767	    0.0000	   0.0000	  0.0000	  0.0000	  0.0000	  0.0000	  0.0000	  0.0000	330.5364	346.3831	340.2198	340.2198	340.2198	340.2198	  5.1191	 51.8781	  0.5571	   0.0000	  0.0000	    0.7869	  0.9259	   0.7869	  0.7753	 12.0875	  0.0000	  0.0000
2018	182	   3	  0	181.1250	 31.1624	 -3.9096	  21.8960	    0.0000	   0.0000	  0.0000	  0.0000	  0.0000	  0.0000	  0.0000	  0.0000	329.0783	341.4871	331.0897	331.0897	331.0897	331.0897	  3.3804	 51.8803	  0.8398	   0.0000	  0.0000	    0.7869	  0.9259	   0.7869	  0.7754	 11.0750	  0.0000	  0.0000
2018	182	   4	  0	181.1667	 44.0594	  1.1618	  93.6165	   82.0987	  67.8797	 68.5548	  5.0896	 22.4941	 22.4941	 22.4941	 22.4941	329.7967	343.9596	329.4048	329.4048	330.8882	330.8882	  6.7837	 42.6202	  1.0000	   0.0104	  0.0381	    0.7869	  0.9259	   0.7869	  0.7754	 11.5583	  2.4935	  0.0000
2018	182	   5	  0	181.2083	 56.4330	  6.9928	 207.5388	  654.0760	 126.3606	200.7706	  9.6471	 44.0167	 44.0167	 44.8034	 45.4913	337.2888	352.8669	337.8350	338.0717	339.7885	339.7885	 12.3930	130.6788	  1.0000	   0.0024	  0.1022	    0.7869	  0.9259	   0.7869	  0.7801	 13.3917	  7.1420	  0.5132
2018	182	   6	  0	181.2500	 68.4738	 14.0033	 341.9927	  732.0070	 164.5630	333.7359	 14.0494	 59.5113	 59.5113	 82.0521	116.5230	340.8363	369.1085	352.1141	354.3604	353.1319	353.1319	 20.0073	259.2991	  1.0000	   0.0865	  0.1852	    0.7869	  0.9259	   0.7869	  0.7765	 15.8083	  9.7759	  2.9559
2018	182	   7	  0	181.2917	 80.5085	 21.6647	 477.9906	  762.5723	 196.4489	468.6760	 17.1505	 73.2481	 73.2481	 80.9091	123.6718	343.5543	381.9901	363.2578	369.3994	364.5650	364.5650	 23.9515	396.2722	  1.0000	   0.0723	  0.2633	    0.7869	  0.9259	   0.7869	  0.7691	 18.2458	 12.2978	  5.4778
2018	182	   8	  0	181.3333	 93.0183	 29.6139	 604.2425	  786.4098	 215.7179	594.6313	 21.3958	 88.9544	 83.4357	 84.0405	169.7738	346.3808	394.6755	373.4752	382.3322	372.8375	374.0216	 28.4775	531.1815	  1.0000	   0.1270	  0.3282	    0.7869	  0.9259	   0.7869	  0.7646	 19.6792	 14.6635	  7.8435
2018	182	   9	  0	181.3750	106.6597	 37.4630	 709.6719	  804.0527	 220.8603	700.5392	 25.2461	121.7305	 89.1749	 89.1749	194.8642	349.1662	404.6125	380.8373	391.7404	382.2774	380.8373	 32.2103	654.0484	  1.0000	   0.1745	  0.3866	    0.7869	  0.9259	   0.7869	  0.7634	 20.4333	 16.8313	 10.0113
2018	182	  10	  0	181.4167	122.2857	 44.7121	 790.0912	  814.9864	 216.9852	781.8407	 29.1608	162.1689	 91.8702	 91.8702	202.3805	352.9884	415.7391	388.3293	400.0176	394.7021	388.3293	 35.4028	756.3823	  1.0000	   0.2276	  0.4404	    0.7869	  0.9259	   0.7869	  0.7641	 21.1250	 18.7632	 11.9432
2018	182	  11	  0	181.4583	140.8450	 50.6725	 838.4217	  818.0636	 205.8395	831.2862	 33.2734	208.2600	 91.8547	 91.8547	186.3488	355.9063	429.4920	397.1994	406.7020	409.7173	397.1994	 37.8902	832.1373	  1.0000	   0.2912	  0.4796	    0.7869	  0.9259	   0.7869	  0.7630	 21.8875	 20.4252	 13.6052
2018	182	  12	  0	181.5000	162.7444	 54.4405	 846.7088	  835.5385	 166.9943	842.2143	 34.9605	241.5497	 82.6723	 82.6723	131.7224	358.4569	442.7443	405.7224	409.2618	424.0141	405.7224	 38.2779	875.8232	  1.0000	   0.3447	  0.4979	    0.7869	  0.9259	   0.7869	  0.7615	 22.6250	 21.7880	 14.9680
2018	182	  13	  0	181.5417	186.6825	 55.1733	 817.4787	  770.4920	 184.9326	811.5672	 35.5354	242.2539	105.6329	 86.5881	 88.3165	357.5663	449.5412	410.1928	409.7672	431.0649	411.0983	 38.3321	885.7246	  0.9862	   0.3584	  0.4997	    0.7869	  0.9259	   0.7869	  0.7560	 23.1167	 22.8277	 16.0077
2018	182	  14	  0	181.5833	209.7742	 52.6749	 753.9377	  682.1889	 211.2463	745.7868	 32.4064	203.6708	153.9348	 90.2844	 90.2844	356.6012	443.9412	407.5730	407.5730	426.0146	416.6454	 38.0552	858.2768	  0.9489	   0.3164	  0.4906	    0.7869	  0.9259	   0.7869	  0.7549	 22.9750	 23.2753	 16.5275
2018	182	  15	  0	181.6250	229.8454	 47.5674	 660.4602	  599.0958	 218.0000	651.1347	 27.5050	154.8240	165.9712	 87.5053	 87.5053	356.2359	435.9653	404.6566	404.6566	416.7239	419.5348	 35.9514	797.0702	  0.9140	   0.2572	  0.4598	    0.7869	  0.9259	   0.7869	  0.7528	 23.2958	 22.0286	 15.7346
2018	182	  16	  0	181.6667	246.6669	 40.7894	 540.7937	  504.8743	 210.3614	531.0446	 22.4526	111.1711	150.5975	 80.2152	 80.2152	353.8424	428.2047	401.6746	401.6746	407.1063	418.2402	 32.6986	706.7720	  0.8729	   0.2019	  0.4116	    0.7869	  0.9259	   0.7869	  0.7479	 23.5833	 19.9324	 14.2345
2018	182	  17	  0	181.7083	261.0705	 33.1340	 406.6156	  393.2902	 190.6792	397.1289	 17.4895	 77.0788	115.4613	 69.4345	 69.4345	351.5941	417.2608	396.0920	396.0920	396.1723	410.9956	 28.3419	591.3207	  0.8254	   0.1418	  0.3539	    0.7869	  0.9259	   0.7869	  0.7481	 23.2375	 17.1388	 12.1625
2018	182	  18	  0	181.7500	273.9912	 25.1718	 269.0827	  263.1719	 155.8062	260.8399	 12.9539	 54.7006	 78.8801	 55.9442	 54.5770	349.2608	409.7238	391.4451	392.7165	392.3360	403.7304	 24.2770	460.1723	  0.7619	   0.1004	  0.2931	    0.7869	  0.9259	   0.7869	  0.7482	 22.9375	 13.5522	  9.4935
2018	182	  19	  0	181.7917	286.1677	 17.3329	 142.0198	  113.9829	 106.4620	136.0622	  8.2404	 35.9730	 42.6651	 37.8264	 35.9730	347.0187	401.3355	388.2903	388.5129	388.5129	394.5058	 19.9472	322.0273	  0.6707	   0.0711	  0.2208	    0.7869	  0.9259	   0.7869	  0.7519	 22.1500	  9.2372	  6.3381
2018	182	  20	  0	181.8333	298.1544	  9.9805	  46.9571	   13.2100	  44.4840	 44.3715	  3.3497	 14.6581	 15.3758	 14.9811	 14.6581	345.3991	393.2680	384.5024	384.0740	384.0740	387.1001	 15.6677	187.1885	  0.5594	   0.0419	  0.1419	    0.7869	  0.9259	   0.7869	  0.7576	 21.0042	  6.9344	  4.6012
2018	182	  21	  0	181.8750	310.3496	  3.5239	   6.5377	    2.1458	   6.3617	  6.1663	  0.4765	  2.1037	  2.1133	  2.1133	  2.1037	343.9372	385.7764	379.8582	377.1821	377.1821	380.6902	 12.7158	 67.1287	  0.5718	   0.0121	  0.0693	    0.7869	  0.9259	   0.7869	  0.7618	 19.7417	  9.2503	  5.8437
2018	182	  22	  0	181.9167	323.0023	 -1.6888	   0.2979	    0.1787	   0.1719	  0.1631	  0.0129	  0.0569	  0.0569	  0.0569	  0.0569	339.5283	375.5404	368.8936	367.6516	367.6516	368.7405	 10.4834	 44.6824	  0.5782	   0.0000	  0.0017	    0.7869	  0.9259	   0.7869	  0.7669	 17.9083	  2.6792	  1.6354
2018	182	  23	  0	181.9583	336.2149	 -6.2823	   0.0000	    0.0000	   0.0000	  0.0000	  0.0000	  0.0000	  0.0000	  0.0000	  0.0000	336.5361	366.2253	360.0811	360.0811	360.0811	360.0811	  8.9337	 51.9350	  0.5074	   0.0000	  0.0000	    0.7869	  0.9259	   0.7869	  0.7714	 16.0875	  0.0000	  0.0000
2018	183	   0	  0	182.0000	349.9119	 -8.6488	   0.0000	    0.0000	   0.0000	  0.0000	  0.0000	  0.0000	  0.0000	  0.0000	  0.0000	334.7261	358.1487	352.3845	352.3845	352.3845	352.3845	  7.4754	 51.8680	  0.5075	   0.0000	  0.0000	    0.7869	  0.9259	   0.7869	  0.7745	 14.4792	  0.0000	  0.0000
2018	183	   1	  0	182.0417	 93.8437	 -9.0860	   0.0510	    0.0000	   0.0000	  0.0000	  0.0000	  0.0000	  0.0000	  0.0000	  0.0000	333.8862	351.6113	346.1393	346.1393	346.1393	346.1393	  6.2838	 51.6333	  0.5090	   0.0000	  0.0000	    0.7869	  0.9259	   0.7869	  0.7769	 13.1583	  0.0000	  0.0000
2018	183	   2	  0	182.0833	 17.6835	 -7.5936	   1.9965	    0.0000	   0.0000	  0.0000	  0.0000	  0.0000	  0.0000	  0.0000	  0.0000	332.6236	346.9876	341.0896	341.0896	341.0896	341.0896	  5.3091	 51.6304	  0.5467	   0.0000	  0.0000	    0.7869	  0.9259	   0.7869	  0.7774	 12.2125	  0.0000	  0.0000
2018	183	   3	  0	182.1250	 31.1383	 -3.9996	  20.9546	    0.0000	   0.0000	  0.0000	  0.0000	  0.0000	  0.0000	  0.0000	  0.0000	331.1945	343.4135	333.2101	333.2101	333.2101	333.2101	  3.8191	 51.6415	  0.8306	   0.0000	  0.0000	    0.7869	  0.9259	   0.7869	  0.7770	 11.4750	  0.0000	  0.0000
2018	183	   4	  0	182.1667	 44.0437	  1.0938	  91.9506	   74.5342	  67.2391	 67.4599	  5.0406	 22.2715	 22.2715	 22.2715	 22.2715	334.5375	347.2090	332.8377	332.8377	334.3368	334.3368	  7.4447	 41.6285	  1.0000	   0.0098	  0.0371	    0.7869	  0.9259	   0.7869	  0.7794	 12.2292	  2.4658	  0.0000
2018	183	   5	  0	182.2083	 56.4243	  6.9174	 206.7933	  648.4378	 127.0013	199.9769	  9.6902	 44.1884	 44.1884	 44.9194	 45.5605	340.0708	357.3135	342.1309	342.3616	344.1222	344.1222	 13.2011	129.2708	  1.0000	   0.0022	  0.1012	    0.7869	  0.9259	   0.7869	  0.7813	 14.2917	  7.1100	  0.4946
2018	183	   6	  0	182.2500	 68.4702	 13.9262	 342.7708	  731.2200	 166.5001	334.3916	 14.1794	 60.1067	 60.1067	 82.5704	116.9180	342.5654	372.0145	354.8924	357.1264	355.9361	355.9361	 20.5492	257.8839	  1.0000	   0.0862	  0.1845	    0.7869	  0.9259	   0.7869	  0.7769	 16.3833	  9.7442	  2.9242
2018	183	   7	  0	182.2917	 80.5082	 21.5871	 481.5717	  761.1822	 201.4960	471.9501	 17.5001	 74.8497	 74.8497	 82.4286	124.7793	347.8801	382.3689	364.1865	370.2963	365.5018	365.5018	 24.3173	394.0844	  1.0000	   0.0717	  0.2627	    0.7869	  0.9259	   0.7869	  0.7751	 18.3292	 12.2668	  5.4468
2018	183	   8	  0	182.3333	 93.0190	 29.5360	 612.5781	  786.9047	 224.7096	602.4353	 22.0512	 91.8540	 86.3353	 86.9395	172.6287	352.0539	395.8463	375.2985	384.1313	374.6538	375.8453	 29.1497	528.5043	  1.0000	   0.1268	  0.3275	    0.7869	  0.9259	   0.7869	  0.7722	 19.9042	 14.6335	  7.8135
2018	183	   9	  0	182.3750	106.6578	 37.3849	 721.9688	  810.5769	 229.9974	712.3256	 25.9691	125.0389	 92.2415	 92.2415	198.6500	349.2934	406.0872	382.1191	393.0094	383.5476	382.1191	 32.8084	653.4594	  1.0000	   0.1740	  0.3860	    0.7869	  0.9259	   0.7869	  0.7619	 20.7167	 16.8024	  9.9824
2018	183	  10	  0	182.4167	122.2752	 44.6341	 803.9000	  825.4500	 224.2254	795.2766	 29.8169	165.5176	 94.4400	 94.4400	206.2117	347.8448	418.6223	389.9652	401.6776	396.3473	389.9652	 35.9818	759.0392	  1.0000	   0.2269	  0.4398	    0.7869	  0.9259	   0.7869	  0.7524	 21.6583	 18.7354	 11.9154
2018	183	  11	  0	182.4583	140.8167	 50.5961	 855.2206	  832.5318	 212.1304	847.7985	 33.9818	212.4820	 94.2767	 94.2767	190.2947	345.3209	434.7967	399.9083	409.4757	412.4998	399.9083	 38.6071	839.6432	  1.0000	   0.2902	  0.4792	    0.7869	  0.9259	   0.7869	  0.7390	 22.8417	 20.3984	 13.5784
2018	183	  12	  0	182.5000	162.6883	 54.3690	 862.5298	  843.5808	 176.8199	857.5066	 35.8123	246.0828	 86.0223	 86.0223	135.2651	347.8884	447.0993	407.6221	411.1941	426.0019	407.6221	 38.9123	883.5712	  1.0000	   0.3433	  0.4977	    0.7869	  0.9259	   0.7869	  0.7384	 23.4083	 21.7622	 14.9422
2018	183	  13	  0	182.5417	186.5975	 55.1113	 826.3996	  803.1787	 167.4974	821.7139	 35.0548	244.1615	101.6886	 82.2075	 84.0817	354.0419	453.8179	413.0774	412.6543	434.0645	413.9554	 38.5256	889.2970	  0.9900	   0.3570	  0.4997	    0.7869	  0.9259	   0.7869	  0.7448	 23.8792	 22.8027	 15.9827
2018	183	  14	  0	182.5833	209.6732	 52.6249	 752.9192	  684.5786	 208.5999	744.9359	 32.2272	203.3529	152.9737	 89.5058	 89.5058	362.3276	449.4369	412.9750	412.9750	431.5965	422.0872	 38.7820	856.8336	  0.9493	   0.3155	  0.4904	    0.7869	  0.9259	   0.7869	  0.7580	 23.9292	 23.2783	 16.5226
2018	183	  15	  0	182.6250	229.7433	 47.5280	 654.2779	  573.8595	 230.5402	644.0725	 27.9664	155.4970	165.7301	 90.7810	 90.7810	375.8897	436.5226	408.1114	408.1114	420.0082	422.6793	 36.6898	787.2565	  0.9166	   0.2568	  0.4595	    0.7869	  0.9259	   0.7869	  0.7838	 23.4833	 21.6890	 15.4857
2018	183	  16	  0	182.6667	246.5707	 40.7570	 533.9317	  470.8461	 225.9497	523.0952	 23.1576	113.3660	149.9526	 84.3982	 84.3982	378.0116	424.9679	402.5160	402.5160	407.7124	418.3826	 33.1673	694.8577	  0.8762	   0.2016	  0.4113	    0.7869	  0.9259	   0.7869	  0.7905	 23.1375	 19.3374	 13.8040
2018	183	  17	  0	182.7083	260.9816	 33.1049	 399.8567	  358.3462	 203.1205	389.4921	 18.1346	 79.8709	114.7297	 72.8058	 72.8058	376.3700	412.9290	395.8410	395.8410	395.8395	409.8298	 28.6433	580.9427	  0.8262	   0.1417	  0.3536	    0.7869	  0.9259	   0.7869	  0.7926	 22.5667	 16.3831	 11.6214
2018	183	  18	  0	182.7500	273.9086	 25.1430	 263.2919	  231.3613	 163.7231	254.4789	 13.3913	 56.8228	 78.1063	 57.8723	 56.7053	375.3405	405.2316	390.8599	392.1859	391.8106	402.2904	 24.4812	451.5702	  0.7603	   0.1004	  0.2928	    0.7869	  0.9259	   0.7869	  0.7948	 22.2000	 12.7555	  8.9314
2018	183	  19	  0	182.7917	286.0900	 17.3020	 137.3244	   89.6299	 109.1485	131.1521	  8.3805	 36.6227	 41.7300	 37.9949	 36.6227	370.7886	396.9003	386.9481	387.3697	387.3697	392.6127	 19.9144	316.3743	  0.6639	   0.0704	  0.2206	    0.7869	  0.9259	   0.7869	  0.7940	 21.3875	  8.4833	  5.8180
2018	183	  20	  0	182.8333	298.0809	  9.9456	  44.2815	   10.6353	  42.2795	 41.8213	  3.1813	 13.9188	 14.5254	 14.1906	 13.9188	368.8780	388.4818	382.3556	381.9635	381.9635	384.9088	 15.4161	183.7759	  0.5498	   0.0425	  0.1415	    0.7869	  0.9259	   0.7869	  0.7978	 20.1042	  6.8596	  4.5485
2018	183	  21	  0	182.8750	310.2800	  3.4850	   5.5558	    1.2286	   5.4467	  5.2377	  0.4079	  1.8001	  1.8027	  1.8027	  1.8001	371.9737	382.1188	379.0787	376.4637	376.4637	379.9160	 12.8237	 65.4033	  0.5602	   0.0108	  0.0685	    0.7869	  0.9259	   0.7869	  0.8050	 19.0583	  9.1873	  5.7994
2018	183	  22	  0	182.9167	322.9373	 -1.7417	   0.2225	    0.1231	   0.1199	  0.1136	  0.0090	  0.0396	  0.0396	  0.0396	  0.0396	374.2365	376.0272	372.1928	370.9755	370.9755	372.0456	 11.4482	 43.6705	  0.5771	   0.0000	  0.0016	    0.7869	  0.9259	   0.7869	  0.8126	 18.0042	  2.6521	  1.6172
2018	183	  23	  0	182.9583	336.1558	 -6.3416	   0.0031	    0.0000	   0.0000	  0.0000	  0.0000	  0.0000	  0.0000	  0.0000	  0.0000	369.0742	370.9295	366.8120	366.8120	366.8120	366.8120	 10.5229	 51.0337	  0.5081	   0.0000	  0.0000	    0.7869	  0.9259	   0.7869	  0.8094	 17.0125	  0.0000	  0.0000
2018	184	   0	  0	183.0000	349.8606	 -8.7123	   0.0000	    0.0000	   0.0000	  0.0000	  0.0000	  0.0000	  0.0000	  0.0000	  0.0000	361.7009	366.0749	361.7023	361.7023	361.7023	361.7023	  9.5074	 51.1428	  0.5081	   0.0000	  0.0000	    0.7869	  0.9259	   0.7869	  0.8028	 16.0583	  0.0000	  0.0000
2018	184	   1	  0	183.0417	 93.8019	 -9.1562	   0.0612	    0.0000	   0.0000	  0.0000	  0.0000	  0.0000	  0.0000	  0.0000	  0.0000	361.0472	361.0380	356.8295	356.8295	356.8295	356.8295	  8.5993	 50.9598	  0.5098	   0.0000	  0.0000	    0.7869	  0.9259	   0.7869	  0.8036	 15.0583	  0.0000	  0.0000
2018	184	   2	  0	183.0833	 17.6521	 -7.6697	   1.9979	    0.0000	   0.0000	  0.0000	  0.0000	  0.0000	  0.0000	  0.0000	  0.0000	359.2281	356.0533	351.4042	351.4042	351.4042	351.4042	  7.5717	 50.9816	  0.5478	   0.0000	  0.0000	    0.7869	  0.9259	   0.7869	  0.8027	 14.0583	  0.0000	  0.0000
2018	184	   3	  0	183.1250	 31.1171	 -4.0864	  19.9498	    0.0000	   0.0000	  0.0000	  0.0000	  0.0000	  0.0000	  0.0000	  0.0000	356.2387	352.9827	344.2871	344.2871	344.2871	344.2871	  6.2413	 51.0309	  0.8273	   0.0000	  0.0000	    0.7869	  0.9259	   0.7869	  0.8002	 13.4375	  0.0000	  0.0000
2018	184	   4	  0	183.1667	 44.0315	  1.0205	  87.2527	   71.0022	  64.0740	 64.1927	  4.8032	 21.2229	 21.2229	 21.2229	 21.2229	360.3198	358.0736	345.3621	345.3621	346.9088	346.9088	  9.8943	 40.2981	  1.0000	   0.0092	  0.0360	    0.7869	  0.9259	   0.7869	  0.8035	 14.4375	  2.4670	  0.0000
2018	184	   5	  0	183.2083	 56.4195	  6.8366	 200.7819	  624.7176	 124.7912	194.0653	  9.5147	 43.3502	 43.3502	 44.0108	 44.5916	368.8359	369.9896	356.7464	356.9743	358.8245	358.8245	 15.8944	126.4447	  1.0000	   0.0021	  0.1001	    0.7869	  0.9259	   0.7869	  0.8093	 16.8083	  7.0749	  0.4741
2018	184	   6	  0	183.2500	 68.4711	 13.8440	 333.2404	  699.0738	 165.7818	324.8347	 14.0361	 59.5869	 59.5869	 81.0146	113.7577	379.1490	385.4438	371.2737	373.5406	372.3846	372.3846	 23.3147	252.6233	  1.0000	   0.0860	  0.1837	    0.7869	  0.9259	   0.7869	  0.8158	 18.9750	  9.7095	  2.8895
2018	184	   7	  0	183.2917	 80.5129	 21.5045	 466.3940	  726.1765	 200.1297	456.7451	 17.2633	 73.9618	 73.9618	 81.1156	121.1949	386.4478	394.6834	380.0351	386.2511	381.4102	381.4102	 26.8538	386.2749	  1.0000	   0.0710	  0.2621	    0.7869	  0.9259	   0.7869	  0.8188	 20.6667	 12.2328	  5.4128
2018	184	   8	  0	183.3333	 93.0249	 29.4532	 589.2752	  748.3619	 221.4207	579.1694	 21.5250	 89.8108	 84.5794	 85.1547	166.5304	392.8477	409.5394	392.8562	401.8509	392.1798	393.4216	 31.6491	517.7180	  1.0000	   0.1265	  0.3267	    0.7869	  0.9259	   0.7869	  0.8197	 22.4292	 14.6005	  7.7805
2018	184	   9	  0	183.3750	106.6615	 37.3017	 690.0942	  762.9835	 227.9498	680.3390	 25.2628	121.2916	 90.4898	 90.4898	190.4664	399.0420	419.1128	400.4609	411.5430	401.8881	400.4609	 35.2560	636.8685	  1.0000	   0.1736	  0.3853	    0.7869	  0.9259	   0.7869	  0.8243	 23.0833	 16.7705	  9.9505
2018	184	  10	  0	183.4167	122.2706	 44.5508	 768.1867	  775.7681	 224.1860	759.2883	 28.9778	159.7315	 93.0416	 93.0416	197.9141	399.6245	426.7216	404.4935	416.3263	410.9266	404.4935	 37.7798	737.5411	  1.0000	   0.2262	  0.4392	    0.7869	  0.9259	   0.7869	  0.8238	 23.1167	 18.7047	 11.8847
2018	184	  11	  0	183.4583	140.7937	 50.5138	 812.3587	  801.7152	 193.5444	805.8362	 31.8569	201.0889	 87.3325	 87.3325	179.4390	399.3556	438.1955	411.0571	420.6593	423.6774	411.0571	 39.4222	812.4294	  1.0000	   0.2891	  0.4788	    0.7869	  0.9259	   0.7869	  0.8208	 23.4625	 20.3689	 13.5489
2018	184	  12	  0	183.5000	162.6358	 54.2910	 803.7115	  733.8375	 208.0747	796.1579	 35.0766	230.4346	 91.9491	 91.9491	135.6856	400.2203	448.9337	417.3572	420.9446	435.7495	417.3572	 40.1545	855.2793	  0.9969	   0.3417	  0.4975	    0.7869	  0.9259	   0.7869	  0.8198	 23.7625	 21.7337	 14.9137
2018	184	  13	  0	183.5417	186.5136	 55.0425	 788.8735	  691.4386	 222.1607	780.2703	 35.9125	234.4325	112.3505	 95.4033	 96.9939	394.5026	458.8709	423.9417	423.5214	445.0646	424.7937	 40.6664	868.0478	  0.9730	   0.3556	  0.4996	    0.7869	  0.9259	   0.7869	  0.8050	 24.7667	 22.7750	 15.9550
2018	184	  14	  0	183.5833	209.5708	 52.5681	 732.9027	  639.6442	 224.8467	723.6862	 32.2749	199.2010	152.3100	 93.1063	 93.1063	381.6718	459.3960	424.7909	424.7909	443.2828	433.7280	 40.4455	849.4237	  0.9337	   0.3146	  0.4902	    0.7869	  0.9259	   0.7869	  0.7780	 25.7708	 22.7974	 16.1731
2018	184	  15	  0	183.6250	229.6382	 47.4821	 641.0037	  554.4329	 231.9215	630.6035	 27.6801	153.2154	162.8616	 90.6329	 90.6329	378.4844	445.3836	416.6231	416.6231	428.2556	430.8028	 37.6569	788.4951	  0.8986	   0.2563	  0.4593	    0.7869	  0.9259	   0.7869	  0.7776	 25.1875	 21.0091	 14.9935
2018	184	  16	  0	183.6667	246.4710	 40.7183	 522.4590	  449.1907	 228.7711	511.3461	 23.0741	112.5377	147.2231	 84.7727	 84.7727	383.2434	430.9526	408.9324	408.9324	413.9116	424.2219	 33.9612	693.9620	  0.8608	   0.2014	  0.4110	    0.7869	  0.9259	   0.7869	  0.7920	 24.3375	 18.6243	 13.2890
2018	184	  17	  0	183.7083	260.8891	 33.0697	 388.5742	  335.1280	 204.7237	378.0156	 18.0608	 79.5544	112.0563	 72.8771	 72.8771	382.9245	419.5972	403.0553	403.0553	402.9437	416.3632	 29.6032	579.6157	  0.8083	   0.1416	  0.3533	    0.7869	  0.9259	   0.7869	  0.7958	 23.8750	 15.6072	 11.0659
2018	184	  18	  0	183.7500	273.8226	 25.1081	 252.9848	  206.8400	 163.9103	244.0793	 13.2882	 56.5357	 75.6192	 57.4211	 56.4204	380.5316	409.1626	395.4081	396.8264	396.4447	406.0854	 25.0475	450.3616	  0.7391	   0.1003	  0.2926	    0.7869	  0.9259	   0.7869	  0.7988	 23.0042	 11.8740	  8.3101
2018	184	  19	  0	183.7917	286.0094	 17.2650	 130.6910	   70.6192	 108.3223	124.5220	  8.2717	 36.1726	 40.0809	 37.1919	 36.1726	380.7895	400.5771	391.5124	392.1278	392.1278	396.7494	 20.6160	314.3939	  0.6460	   0.0696	  0.2204	    0.7869	  0.9259	   0.7869	  0.8054	 22.1208	  7.7993	  5.3457
2018	184	  20	  0	183.8333	298.0047	  9.9045	  41.9871	    9.4881	  40.2060	 39.6466	  3.0245	 13.2313	 13.7820	 13.4771	 13.2313	381.7778	392.6162	387.3726	387.0078	387.0078	389.9416	 16.3100	182.0425	  0.5407	   0.0431	  0.1411	    0.7869	  0.9259	   0.7869	  0.8124	 20.8792	  6.8266	  4.5230
2018	184	  21	  0	183.8750	310.2083	  3.4400	   5.7925	    1.2970	   5.6868	  5.4603	  0.4258	  1.8792	  1.8834	  1.8834	  1.8792	381.0235	384.0812	381.5489	378.8911	378.8911	382.4034	 13.3647	 64.3117	  0.5711	   0.0092	  0.0676	    0.7869	  0.9259	   0.7869	  0.8154	 19.4500	  9.2683	  5.8438
2018	184	  22	  0	183.9167	322.8707	 -1.8020	   0.3021	    0.1640	   0.1433	  0.1360	  0.0108	  0.0479	  0.0479	  0.0479	  0.0479	378.9358	379.2643	375.5863	374.3299	374.3299	375.4398	 12.1063	 43.3015	  0.5821	   0.0000	  0.0014	    0.7869	  0.9259	   0.7869	  0.8168	 18.6292	  2.7137	  1.6529
2018	184	  23	  0	183.9583	336.0960	 -6.4062	   0.0052	    0.0000	   0.0000	  0.0000	  0.0000	  0.0000	  0.0000	  0.0000	  0.0000	376.8544	376.1118	372.2605	372.2605	372.2605	372.2605	 11.5933	 50.7141	  0.5087	   0.0000	  0.0000	    0.7869	  0.9259	   0.7869	  0.8164	 18.0208	  0.0000	  0.0000
2018	185	   0	  0	184.0000	349.8095	 -8.7825	   0.0000	    0.0000	   0.0000	  0.0000	  0.0000	  0.0000	  0.0000	  0.0000	  0.0000	375.7538	372.5080	368.7504	368.7504	368.7504	368.7504	 10.9474	 50.7058	  0.5087	   0.0000	  0.0000	    0.7869	  0.9259	   0.7869	  0.8164	 17.3208	  0.0000	  0.0000
2018	185	   1	  0	184.0417	 93.7613	 -9.2329	   0.0277	    0.0000	   0.0000	  0.0000	  0.0000	  0.0000	  0.0000	  0.0000	  0.0000	377.2404	369.2058	365.6708	365.6708	365.6708	365.6708	 10.4039	 50.5129	  0.5097	   0.0000	  0.0000	    0.7869	  0.9259	   0.7869	  0.8187	 16.6750	  0.0000	  0.0000
2018	185	   2	  0	184.0833	 17.6228	 -7.7523	   1.4258	    0.0000	   0.0000	  0.0000	  0.0000	  0.0000	  0.0000	  0.0000	  0.0000	378.9278	366.9809	363.2693	363.2693	363.2693	363.2693	  9.9881	 50.4794	  0.5374	   0.0000	  0.0000	    0.7869	  0.9259	   0.7869	  0.8207	 16.2375	  0.0000	  0.0000
2018	185	   3	  0	184.1250	 31.0988	 -4.1891	  15.1613	    0.0000	   0.0000	  0.0000	  0.0000	  0.0000	  0.0000	  0.0000	  0.0000	377.2150	365.4615	358.3643	358.3643	358.3643	358.3643	  9.1069	 50.5088	  0.7858	   0.0000	  0.0000	    0.7869	  0.9259	   0.7869	  0.8192	 15.9375	  0.0000	  0.0000
2018	185	   4	  0	184.1667	 44.0229	  0.9418	  70.7835	  119.8006	  50.2138	 53.2044	  3.7700	 16.7157	 16.7157	 16.7157	 16.7157	377.2143	367.3572	355.6582	355.6582	357.2407	357.2407	 11.3166	 39.0400	  1.0000	   0.0084	  0.0349	    0.7869	  0.9259	   0.7869	  0.8190	 16.2875	  2.6948	  0.0000
2018	185	   5	  0	184.2083	 56.4189	  6.7505	 185.6379	  636.0585	 109.8344	179.7957	  8.3938	 38.4097	 38.4097	 39.0421	 39.5981	379.6914	374.1414	361.7037	361.9228	363.8219	363.8219	 16.1635	124.3978	  1.0000	   0.0020	  0.0989	    0.7869	  0.9259	   0.7869	  0.8200	 17.6208	  7.0368	  0.4519
2018	185	   6	  0	184.2500	 68.4766	 13.7567	 321.0569	  691.6872	 156.3929	313.1792	 13.3020	 56.4276	 56.4276	 77.5618	109.8696	384.2569	386.6612	372.9634	375.2064	374.0980	374.0980	 23.1745	250.5636	  1.0000	   0.0857	  0.1829	    0.7869	  0.9259	   0.7869	  0.8213	 19.2125	  9.6717	  2.8517
2018	185	   7	  0	184.2917	 80.5224	 21.4170	 452.5294	  718.6132	 190.0457	443.4416	 16.4595	 70.5377	 70.5377	 77.5321	116.8382	388.1251	394.5752	380.1623	386.3351	381.5466	381.5466	 26.4032	384.4928	  1.0000	   0.0703	  0.2615	    0.7869	  0.9259	   0.7869	  0.8210	 20.6583	 12.1959	  5.3759
2018	185	   8	  0	184.3333	 93.0362	 29.3655	 578.1358	  743.8602	 213.4337	568.4732	 20.8760	 87.0828	 81.8714	 82.4386	163.2297	390.4262	404.1802	387.8181	396.6813	387.1589	388.3814	 30.5198	516.3271	  1.0000	   0.1262	  0.3259	    0.7869	  0.9259	   0.7869	  0.8201	 21.4625	 14.5645	  7.7445
2018	185	   9	  0	184.3750	106.6709	 37.2135	 685.6917	  769.5132	 220.4080	676.4025	 24.7387	119.2487	 88.1615	 88.1615	188.8658	385.2187	414.7010	394.7077	405.6633	396.1247	394.7077	 34.0902	639.7288	  1.0000	   0.1731	  0.3846	    0.7869	  0.9259	   0.7869	  0.8080	 22.3042	 16.7358	  9.9158
2018	185	  10	  0	184.4167	122.2717	 44.4620	 765.2435	  787.9791	 213.5652	757.0267	 28.3166	157.5181	 89.9099	 89.9099	196.2394	377.9515	426.2896	401.0516	412.8357	407.4555	401.0516	 36.8799	745.2563	  1.0000	   0.2255	  0.4386	    0.7869	  0.9259	   0.7869	  0.7922	 23.0625	 18.6713	 11.8513
2018	185	  11	  0	184.4583	140.7761	 50.4256	 809.9577	  822.6243	 175.6367	804.6043	 30.8950	198.8301	 82.2393	 82.2393	176.4327	373.7446	438.6818	407.7303	417.3158	420.3243	407.7303	 38.4078	823.6489	  1.0000	   0.2879	  0.4784	    0.7869	  0.9259	   0.7869	  0.7813	 23.5792	 20.3367	 13.5167
2018	185	  12	  0	184.5000	162.5872	 54.2066	 819.8944	  799.6611	 171.4965	814.8928	 33.9777	233.1270	 82.6112	 82.6112	130.2501	373.2684	449.7996	414.0877	417.6857	432.4599	414.0877	 39.1344	868.2405	  0.9985	   0.3402	  0.4973	    0.7869	  0.9259	   0.7869	  0.7772	 23.9542	 21.7026	 14.8826
2018	185	  13	  0	184.5417	186.4309	 54.9669	 794.4004	  716.5134	 207.6467	786.8028	 35.4375	235.5143	108.7703	 91.6715	 93.4118	370.7009	453.3604	415.9280	415.5155	436.8253	416.7388	 39.2068	878.0818	  0.9691	   0.3541	  0.4994	    0.7869	  0.9259	   0.7869	  0.7727	 23.8917	 22.7361	 15.9187
2018	185	  14	  0	184.5833	209.4672	 52.5046	 731.1321	  629.9675	 231.0937	721.4874	 32.4616	199.2693	152.6433	 94.7484	 94.7484	374.3973	449.2238	415.6308	415.6308	433.4124	424.1546	 39.1730	849.4183	  0.9317	   0.3135	  0.4900	    0.7869	  0.9259	   0.7869	  0.7765	 24.2333	 22.3271	 15.8312
2018	185	  15	  0	184.6250	229.5302	 47.4296	 636.4204	  539.9072	 238.4469	625.5517	 27.8640	153.2251	162.4229	 92.2711	 92.2711	379.6178	441.1752	413.5908	413.5908	424.8526	427.2796	 37.2467	786.0791	  0.8954	   0.2557	  0.4589	    0.7869	  0.9259	   0.7869	  0.7836	 24.6000	 20.5540	 14.6615
2018	185	  16	  0	184.6667	246.3679	 40.6733	 517.3769	  441.9549	 228.6937	506.2297	 22.9581	111.9529	145.9026	 84.5582	 84.5582	375.9251	430.0719	407.5397	407.5397	412.3675	422.3578	 33.5859	696.2726	  0.8511	   0.2011	  0.4107	    0.7869	  0.9259	   0.7869	  0.7809	 24.2750	 18.1951	 12.9763
2018	185	  17	  0	184.7083	260.7931	 33.0284	 384.7867	  330.3670	 203.7762	374.2615	 17.9447	 79.1075	111.0528	 72.4703	 72.4703	373.9207	418.1867	400.9358	400.9358	400.7901	413.8387	 29.1080	581.8858	  0.7995	   0.1414	  0.3529	    0.7869	  0.9259	   0.7869	  0.7830	 23.6750	 15.2650	 10.8175
2018	185	  18	  0	184.7500	273.7333	 25.0672	 252.8996	  211.3666	 162.1123	244.1127	 13.1716	 56.0124	 75.4787	 56.8987	 55.8897	373.5131	409.5810	394.9707	396.3963	396.0183	405.7302	 24.8768	451.6074	  0.7377	   0.1003	  0.2922	    0.7869	  0.9259	   0.7869	  0.7876	 23.0750	 11.9495	  8.3579
2018	185	  19	  0	184.7917	285.9257	 17.2219	 130.5185	   72.9839	 107.4280	124.4075	  8.2084	 35.9046	 39.8883	 36.9334	 35.9046	376.5670	401.0144	391.4894	392.1042	392.1042	396.7906	 20.5462	314.4943	  0.6456	   0.0687	  0.2201	    0.7869	  0.9259	   0.7869	  0.7987	 22.2042	  7.8634	  5.3862
2018	185	  20	  0	184.8333	297.9260	  9.8573	  40.9210	    9.1093	  39.2106	 38.6383	  2.9496	 12.9015	 13.4439	 13.1427	 12.9015	382.3086	392.9587	387.7791	387.4284	387.4284	390.3546	 16.3403	181.1958	  0.5363	   0.0435	  0.1407	    0.7869	  0.9259	   0.7869	  0.8128	 20.9417	  6.8161	  4.5124
2018	185	  21	  0	184.8750	310.1345	  3.3891	   5.1708	    1.0276	   5.0825	  4.8739	  0.3806	  1.6794	  1.6814	  1.6814	  1.6794	385.1692	384.7851	382.6440	380.0021	380.0021	383.5153	 13.5726	 63.2930	  0.5643	   0.0080	  0.0662	    0.7869	  0.9259	   0.7869	  0.8200	 19.5958	  9.2616	  5.8337
2018	185	  22	  0	184.9167	322.8028	 -1.8697	   0.1979	    0.0660	   0.0649	  0.0616	  0.0049	  0.0215	  0.0215	  0.0215	  0.0215	384.0252	379.7845	376.3463	375.7880	375.7880	376.2956	 12.3554	 46.9949	  0.5411	   0.0000	  0.0011	    0.7869	  0.9259	   0.7869	  0.8230	 18.7292	  1.2563	  0.7668
2018	185	  23	  0	184.9583	336.0356	 -6.4780	   0.0000	    0.0000	   0.0000	  0.0000	  0.0000	  0.0000	  0.0000	  0.0000	  0.0000	381.7012	375.2320	371.7382	371.7382	371.7382	371.7382	 11.5506	 50.4517	  0.5091	   0.0000	  0.0000	    0.7869	  0.9259	   0.7869	  0.8221	 17.8500	  0.0000	  0.0000
2018	186	   0	  0	185.0000	349.7588	 -8.8593	   0.0000	    0.0000	   0.0000	  0.0000	  0.0000	  0.0000	  0.0000	  0.0000	  0.0000	379.7895	372.1223	368.6367	368.6367	368.6367	368.6367	 10.9705	 50.4673	  0.5092	   0.0000	  0.0000	    0.7869	  0.9259	   0.7869	  0.8208	 17.2458	  0.0000	  0.0000
2018	186	   1	  0	185.0417	 93.7219	 -9.3162	   0.0977	    0.0000	   0.0000	  0.0000	  0.0000	  0.0000	  0.0000	  0.0000	  0.0000	379.8164	370.7790	367.3185	367.3185	367.3185	367.3185	 10.7319	 50.3318	  0.5115	   0.0000	  0.0000	    0.7869	  0.9259	   0.7869	  0.8211	 16.9833	  0.0000	  0.0000
2018	186	   2	  0	185.0833	 17.5957	 -7.8411	   1.3046	    0.0000	   0.0000	  0.0000	  0.0000	  0.0000	  0.0000	  0.0000	  0.0000	378.4508	370.3955	366.5390	366.5390	366.5390	366.5390	 10.5794	 50.3567	  0.5355	   0.0000	  0.0000	    0.7869	  0.9259	   0.7869	  0.8197	 16.9083	  0.0000	  0.0000
2018	186	   3	  0	185.1250	 31.0834	 -4.2995	   8.3598	    0.0000	   0.0000	  0.0000	  0.0000	  0.0000	  0.0000	  0.0000	  0.0000	376.7982	370.8638	364.9631	364.9631	364.9631	364.9631	 10.2974	 50.3891	  0.6755	   0.0000	  0.0000	    0.7869	  0.9259	   0.7869	  0.8179	 17.0000	  0.0000	  0.0000
2018	186	   4	  0	185.1667	 44.0180	  0.8577	  38.6004	  262.1986	  20.1466	 29.6061	  1.5354	  6.9621	  6.9621	  8.6130	  8.6453	372.8917	371.8691	359.6411	359.6411	361.2406	361.2406	 10.7085	 38.0234	  0.9808	   0.0075	  0.0336	    0.7869	  0.9259	   0.7869	  0.8134	 17.1625	  3.0415	  0.0000
2018	186	   5	  0	185.2083	 56.4224	  6.6593	 117.9542	  754.2787	  28.1646	117.0030	  2.3110	 11.8660	 11.8660	 12.5482	 13.1485	371.7136	373.5957	360.3306	360.5379	362.4629	362.4629	 12.1702	123.1466	  1.0000	   0.0020	  0.0976	    0.7869	  0.9259	   0.7869	  0.8113	 17.5167	  6.9957	  0.4279
2018	186	   6	  0	185.2500	 68.4866	 13.6644	 190.7323	  540.3872	  68.6230	187.6633	  6.3454	 26.3878	 26.3878	 43.8008	 68.7282	372.6151	380.5116	366.4789	368.4983	367.6800	367.6800	 17.2494	250.0785	  0.9702	   0.0854	  0.1821	    0.7869	  0.9259	   0.7869	  0.8102	 18.0792	  9.1299	  2.6304
2018	186	   7	  0	185.2917	 80.5370	 21.3246	 179.0048	  110.1622	 141.5752	171.0057	 10.8708	 47.5107	 47.5107	 48.6627	 53.3864	372.2970	377.9540	368.5809	370.7178	370.5411	370.5411	 18.4270	384.6568	  0.6775	   0.0695	  0.2608	    0.7869	  0.9259	   0.7869	  0.8101	 18.0750	  4.7049	  2.0097
2018	186	   8	  0	185.3333	 93.0529	 29.2729	 159.8365	   14.1090	 152.9420	150.9344	 11.5390	 50.0834	 49.9815	 49.9945	 51.5202	372.3266	377.2293	372.2773	372.2542	371.1633	372.8685	 18.7143	516.9929	  0.4667	   0.1259	  0.3250	    0.7869	  0.9259	   0.7869	  0.8108	 17.9083	  2.6143	  1.3832
2018	186	   9	  0	185.3750	106.6860	 37.1204	 275.5544	   44.5016	 247.8245	261.2583	 19.0782	 83.3994	 81.1809	 81.1809	 87.3403	373.3164	380.3742	374.1456	374.0999	372.4707	374.1456	 23.4800	637.9998	  0.5516	   0.1726	  0.3839	    0.7869	  0.9259	   0.7869	  0.8109	 18.2708	  3.2035	  1.9037
2018	186	  10	  0	185.4167	122.2786	 44.3680	 468.7685	  226.7705	 308.8615	451.9259	 26.7329	125.7506	105.5009	105.5009	135.8696	374.1579	390.5322	378.2914	381.5865	379.5969	378.2914	 29.4559	739.9425	  0.7279	   0.2247	  0.4379	    0.7869	  0.9259	   0.7869	  0.8086	 18.9333	  8.0669	  5.1292
2018	186	  11	  0	185.4583	140.7638	 50.3316	 617.6531	  397.3032	 311.4725	601.7948	 31.8577	168.4277	112.0622	112.0622	157.3124	374.8969	405.9191	386.5894	391.5430	393.4396	386.5894	 33.9486	815.8106	  0.8342	   0.2866	  0.4779	    0.7869	  0.9259	   0.7869	  0.8046	 19.8417	 13.1527	  8.7390
2018	186	  12	  0	185.5000	162.5424	 54.1158	 685.7044	  459.3780	 313.3044	670.2535	 35.5687	202.2621	115.6129	115.6129	141.8704	376.3122	415.7319	391.9431	393.6005	403.6483	391.9431	 35.8973	858.9371	  0.8649	   0.3385	  0.4971	    0.7869	  0.9259	   0.7869	  0.8044	 20.1375	 15.5199	 10.6404
2018	186	  13	  0	185.5417	186.3497	 54.8845	 774.4560	  632.9331	 256.7718	763.4450	 36.6740	230.6799	120.0146	104.1454	105.4965	379.3310	429.6604	398.1350	397.7188	417.2395	398.8824	 37.3064	866.8964	  0.9580	   0.3526	  0.4992	    0.7869	  0.9259	   0.7869	  0.8055	 20.2167	 21.7367	 15.2128
2018	186	  14	  0	185.5833	209.3624	 52.4343	 743.8369	  625.3467	 247.9509	733.1728	 33.5416	203.5252	157.1241	 99.9198	 99.9198	380.5003	427.8400	397.8821	397.8821	415.2524	406.1751	 37.2595	839.8605	  0.9568	   0.3124	  0.4897	    0.7869	  0.9259	   0.7869	  0.8055	 20.5083	 22.5211	 15.9598
2018	186	  15	  0	185.6250	229.4196	 47.3706	 637.0071	  510.7181	 260.7639	624.6627	 28.9755	156.3882	164.6885	 98.5571	 98.5571	377.9185	416.1413	392.2214	392.2214	402.5113	404.6368	 34.5518	779.9718	  0.9025	   0.2551	  0.4586	    0.7869	  0.9259	   0.7869	  0.8034	 20.4375	 19.6792	 14.0298
2018	186	  16	  0	185.6667	246.2615	 40.6221	 515.5550	  410.4416	 247.7079	503.1324	 23.9511	115.4369	146.7771	 89.9079	 89.9079	376.3799	407.2828	388.1517	388.1517	392.4557	401.4718	 31.0283	690.3393	  0.8550	   0.2007	  0.4103	    0.7869	  0.9259	   0.7869	  0.8025	 20.4083	 17.2205	 12.2747
2018	186	  17	  0	185.7083	260.6938	 32.9810	 382.1804	  301.4709	 217.1017	370.7511	 18.7038	 82.3857	111.4251	 76.2428	 76.2428	376.5679	398.8156	384.4041	384.4041	384.1749	395.9445	 26.8129	576.7593	  0.8010	   0.1412	  0.3524	    0.7869	  0.9259	   0.7869	  0.8045	 20.2833	 14.3452	 10.1601
2018	186	  18	  0	185.7500	273.6408	 25.0202	 245.9952	  175.5219	 170.3740	236.6067	 13.6232	 58.1994	 74.5094	 58.8627	 58.0846	374.7533	390.4696	378.3474	379.8037	379.4420	387.5849	 22.2641	447.9636	  0.7266	   0.1002	  0.2918	    0.7869	  0.9259	   0.7869	  0.8058	 19.6667	 10.6827	  7.4682
2018	186	  19	  0	185.7917	285.8391	 17.1726	 117.8775	   40.7627	 104.8934	111.8363	  7.9451	 34.7668	 37.0010	 35.3323	 34.7668	374.3750	383.9581	376.1269	376.9806	376.9806	380.4277	 17.6464	312.5532	  0.6077	   0.0678	  0.2198	    0.7869	  0.9259	   0.7869	  0.8087	 19.0833	  6.6541	  4.5527
2018	186	  20	  0	185.8333	297.8448	  9.8038	  36.0175	    6.3605	  34.8255	 33.9875	  2.6170	 11.4475	 11.8338	 11.6186	 11.4475	377.3543	380.4458	375.9698	375.6557	375.6557	378.4502	 14.0219	180.2056	  0.5123	   0.0439	  0.1401	    0.7869	  0.9259	   0.7869	  0.8138	 18.5750	  6.7161	  4.4418
2018	186	  21	  0	185.8750	310.0588	  3.3321	   4.6217	    0.7077	   4.5629	  4.3549	  0.3416	  1.5072	  1.5086	  1.5086	  1.5072	377.1432	375.4396	373.2225	370.6011	370.6011	374.0910	 11.7873	 62.3758	  0.5631	   0.0070	  0.0647	    0.7869	  0.9259	   0.7869	  0.8146	 17.8125	  9.3030	  5.8524
2018	186	  22	  0	185.9167	322.7336	 -1.9448	   0.3312	    0.0701	   0.0688	  0.0653	  0.0052	  0.0228	  0.0228	  0.0228	  0.0228	372.4039	372.6352	368.6739	368.0937	368.0937	368.6238	 10.8496	 46.9636	  0.5471	   0.0000	  0.0010	    0.7869	  0.9259	   0.7869	  0.8123	 17.3458	  1.3074	  0.7969
2018	186	  23	  0	185.9583	335.9747	 -6.5552	   0.0208	    0.0000	   0.0000	  0.0000	  0.0000	  0.0000	  0.0000	  0.0000	  0.0000	369.6409	370.7368	366.6392	366.6392	366.6392	366.6392	 10.4982	 50.5296	  0.5100	   0.0000	  0.0000	    0.7869	  0.9259	   0.7869	  0.8101	 16.9750	  0.0000	  0.0000
2018	187	   0	  0	186.0000	349.1274	 -8.8944	   0.0000	    0.0000	   0.0000	  0.0000	  0.0000	  0.0000	  0.0000	  0.0000	  0.0000	367.0269	368.8231	364.6489	364.6489	364.6489	364.6489	 10.1067	 50.5725	  0.5096	   0.0000	  0.0000	    0.7869	  0.9259	   0.7869	  0.8079	 16.6000	  0.0000	  0.0000
