Year	DOY	Hour	Min	 Dectime	 azimuth	altitude	GlobalRad	DiffuseRad	DirectRad	 Kdown2d	   Kup2d	  Ksouth	   Kwest	  Knorth	   Keast	 Ldown2d	   Lup2d	  Lsouth	   Lwest	  Lnorth	   Least	    Tmrt	      I0	      CI	SH_Ground	SH_Walls	SVF_Ground	SVF_Roof	SVF_BdVeg	Emis_Sky	      Ta	      Tg	      Tw
2018	179	   0	  0	178.0000	356.4783	 -8.9743	   0.0200	    0.0000	   0.0000	  0.0000	  0.0000	  0.0000	  0.0000	  0.0000	  0.0000	400.3199	383.0064	379.4083	379.4083	379.4083	379.4083	 13.1301	 51.3861	  0.5056	   0.0000	  0.0000	    0.7914	  0.9272	   0.7914	  0.8405	 18.9000	  0.0000	  0.0000
2018	179	   1	  0	178.0417	 94.0218	 -8.8759	   0.1496	    0.0000	   0.0000	  0.0000	  0.0000	  0.0000	  0.0000	  0.0000	  0.0000	397.1033	381.5882	377.8098	377.8098	377.8098	377.8098	 12.8129	 51.4469	  0.5081	   0.0000	  0.0000	    0.7914	  0.9272	   0.7914	  0.8374	 18.6292	  0.0000	  0.0000
2018	179	   2	  0	178.0833	 17.8293	 -7.3573	   2.4581	    0.0000	   0.0000	  0.0000	  0.0000	  0.0000	  0.0000	  0.0000	  0.0000	392.9582	377.8542	373.3828	373.3828	373.3828	373.3828	 11.9852	 51.5235	  0.5529	   0.0000	  0.0000	    0.7914	  0.9272	   0.7914	  0.8337	 17.9125	  0.0000	  0.0000
2018	179	   3	  0	178.1250	 31.2514	 -3.6897	  20.5810	    0.0000	   0.0000	  0.0000	  0.0000	  0.0000	  0.0000	  0.0000	  0.0000	394.0559	375.4349	367.5546	367.5546	367.5546	367.5546	 10.9897	 51.5047	  0.8350	   0.0000	  0.0000	    0.7914	  0.9272	   0.7914	  0.8349	 17.4458	  0.0000	  0.0000
2018	179	   4	  0	178.1667	 44.1271	  1.3317	  85.2542	  124.2354	  64.6559	 67.4912	  4.7629	 20.0686	 20.0686	 20.0686	 20.0686	397.0978	378.1772	366.4990	366.4990	368.2632	368.2632	 14.0086	 40.2081	  1.0000	   0.0119	  0.0418	    0.7914	  0.9272	   0.7914	  0.8377	 17.9417	  3.0079	  0.0000
2018	179	   5	  0	178.2083	 56.4830	  7.1848	 193.9660	  623.6223	 115.0122	186.9771	  8.5852	 36.8733	 36.8733	 37.9203	 38.8273	401.2646	386.2378	374.2408	374.5129	376.2663	376.2663	 18.4223	131.1289	  1.0000	   0.0034	  0.1077	    0.7914	  0.9272	   0.7914	  0.8408	 19.4833	  7.2185	  0.5633
2018	179	   6	  0	178.2500	 68.5104	 14.2019	 323.6306	  681.8641	 156.0365	314.4204	 12.9934	 51.1760	 51.1760	 72.5390	105.2753	399.4705	402.3291	387.9347	390.3553	388.9671	388.9671	 25.1663	257.1849	  1.0000	   0.0882	  0.1907	    0.7914	  0.9272	   0.7914	  0.8334	 21.6458	  9.8516	  3.0316
2018	179	   7	  0	178.2917	 80.5372	 21.8664	 456.5967	  712.4684	 191.2155	445.5794	 16.2901	 63.9175	 63.9175	 71.6948	114.9647	399.8305	411.7228	395.7531	402.2310	397.0902	397.0902	 28.3944	390.8351	  1.0000	   0.0784	  0.2694	    0.7914	  0.9272	   0.7914	  0.8275	 23.2417	 12.3720	  5.5520
2018	179	   8	  0	178.3333	 93.0459	 29.8175	 581.4260	  734.4659	 216.3119	569.2542	 20.6504	 79.3626	 74.0321	 74.6060	156.7924	406.9722	421.7002	404.2981	413.5732	403.6563	404.8601	 32.3799	520.6214	  1.0000	   0.1306	  0.3365	    0.7914	  0.9272	   0.7914	  0.8326	 24.0792	 14.7356	  7.9156
2018	179	   9	  0	178.3750	106.6964	 37.6673	 687.2823	  755.6889	 225.6614	674.9469	 24.6796	111.2996	 79.6625	 79.6625	182.0362	408.0136	432.4354	412.0034	423.3865	413.5447	412.0034	 35.9974	640.6106	  1.0000	   0.1803	  0.3949	    0.7914	  0.9272	   0.7914	  0.8293	 24.8333	 16.9010	 10.0810
2018	179	  10	  0	178.4167	122.3480	 44.9150	 766.0317	  774.0261	 219.7386	754.4546	 28.4677	150.2516	 80.8565	 80.8565	189.5835	401.2860	445.2468	419.1089	431.2919	425.7885	419.1089	 38.8415	744.6546	  1.0000	   0.2368	  0.4478	    0.7914	  0.9272	   0.7914	  0.8137	 25.6333	 18.8304	 12.0104
2018	179	  11	  0	178.4583	140.9580	 50.8686	 811.1337	  822.3371	 172.9295	802.9581	 31.0318	193.5852	 70.8047	 70.8047	169.1966	395.0408	459.0257	426.2026	436.0597	439.2386	426.2026	 40.3193	822.6076	  1.0000	   0.3052	  0.4848	    0.7914	  0.9272	   0.7914	  0.7995	 26.1625	 20.4899	 13.6699
2018	179	  12	  0	178.5000	162.9327	 54.6194	 822.4575	  801.1883	 169.4400	814.5712	 34.6474	231.9655	 71.5206	 71.5206	121.0820	389.4688	469.2788	430.5526	434.1668	449.4220	430.5526	 40.7998	868.0838	  0.9985	   0.3649	  0.4994	    0.7914	  0.9272	   0.7914	  0.7896	 26.1375	 21.8505	 15.0305
2018	179	  13	  0	178.5417	186.9433	 55.3220	 796.4375	  720.9241	 203.5213	786.1053	 35.9510	233.7143	 99.3187	 79.9398	 81.4745	384.7372	473.8416	432.6742	432.2246	454.0591	433.7095	 40.8435	878.5503	  0.9700	   0.3801	  0.5000	    0.7914	  0.9272	   0.7914	  0.7809	 26.1625	 22.8885	 16.0685
2018	179	  14	  0	178.5833	210.0691	 52.7874	 726.1021	  617.0844	 234.1124	713.3634	 32.5616	192.4069	145.2970	 84.9984	 84.9984	389.8137	466.5207	430.6166	430.6166	448.5333	439.3835	 40.5419	848.1407	  0.9261	   0.3316	  0.4941	    0.7914	  0.9272	   0.7914	  0.7888	 26.2458	 22.2756	 15.8319
2018	179	  15	  0	178.6250	230.1355	 47.6491	 585.1885	  423.3314	 271.8239	569.2399	 27.9491	139.6335	147.9549	 90.3286	 90.3286	392.5648	448.2594	423.1067	423.1067	431.7616	433.9447	 37.3741	784.3838	  0.8310	   0.2669	  0.4656	    0.7914	  0.9272	   0.7914	  0.7972	 26.0917	 16.8645	 12.0575
2018	179	  16	  0	178.6667	246.9356	 40.8509	 491.1592	  374.7412	 245.8908	476.5606	 22.9848	103.7838	134.3958	 80.4925	 80.4925	391.6955	437.1748	416.0178	416.0178	419.8615	428.9666	 33.9689	693.2838	  0.8164	   0.2081	  0.4183	    0.7914	  0.9272	   0.7914	  0.8008	 25.3500	 16.1756	 11.5627
2018	179	  17	  0	178.7083	261.3169	 33.1855	 383.1725	  312.6141	 211.2948	370.4533	 18.0100	 74.2343	105.6975	 68.1729	 68.1729	400.4198	425.4844	409.5150	409.5150	409.2468	422.3366	 30.1242	576.2006	  0.8029	   0.1455	  0.3613	    0.7914	  0.9272	   0.7914	  0.8194	 24.4750	 15.1177	 10.7391
2018	179	  18	  0	178.7500	274.2195	 25.2219	 253.0598	  202.2607	 165.7988	242.8655	 13.1421	 52.5684	 71.8154	 53.6492	 52.4882	392.8930	416.4486	402.3471	403.6503	403.2622	412.9627	 25.8257	449.5277	  0.7397	   0.1042	  0.2989	    0.7914	  0.9272	   0.7914	  0.8132	 23.8208	 11.8875	  8.3369
2018	179	  19	  0	178.7917	286.3824	 17.3883	 132.9092	   78.3131	 108.0954	126.1188	  8.1265	 33.6183	 38.4442	 34.9225	 33.6183	379.5376	408.0028	397.0920	397.5298	397.5298	402.4760	 21.2858	317.1816	  0.6484	   0.0757	  0.2252	    0.7914	  0.9272	   0.7914	  0.7995	 22.9583	  8.1008	  5.5658
2018	179	  20	  0	178.8333	298.3589	 10.0465	  43.2283	   10.5294	  41.2402	 40.6041	  3.0474	 12.7011	 13.2683	 12.9588	 12.7011	370.1307	399.6098	391.9793	391.5157	391.5157	394.5104	 16.9321	185.8713	  0.5406	   0.0412	  0.1457	    0.7914	  0.9272	   0.7914	  0.7922	 21.7417	  6.8551	  4.5558
2018	179	  21	  0	178.8750	310.5452	  3.6019	   6.0204	    1.5609	   5.8870	  5.6451	  0.4331	  1.8218	  1.8275	  1.8274	  1.8218	371.2609	391.6126	386.8520	384.2119	384.2119	387.6422	 14.2049	 67.7279	  0.5603	   0.0123	  0.0732	    0.7914	  0.9272	   0.7914	  0.7991	 20.3958	  9.0803	  5.7503
2018	179	  22	  0	178.9167	323.1880	 -1.5769	   0.2792	    0.1675	   0.1634	  0.1544	  0.0120	  0.0506	  0.0506	  0.0506	  0.0506	379.2259	383.7544	378.8929	377.6634	377.6634	378.7309	 12.7133	 44.8017	  0.5732	   0.0000	  0.0020	    0.7914	  0.9272	   0.7914	  0.8162	 19.0417	  2.6379	  1.6142
2018	179	  23	  0	178.9583	336.3875	 -6.1466	   0.0000	    0.0000	   0.0000	  0.0000	  0.0000	  0.0000	  0.0000	  0.0000	  0.0000	380.4746	378.4163	373.7331	373.7331	373.7331	373.7331	 11.9082	 51.7875	  0.5052	   0.0000	  0.0000	    0.7914	  0.9272	   0.7914	  0.8205	 18.0208	  0.0000	  0.0000
2018	180	   0	  0	179.0000	350.0666	 -8.5025	   0.0000	    0.0000	   0.0000	  0.0000	  0.0000	  0.0000	  0.0000	  0.0000	  0.0000	372.5185	378.4377	373.2046	373.2046	373.2046	373.2046	 11.7291	 51.9354	  0.5052	   0.0000	  0.0000	    0.7914	  0.9272	   0.7914	  0.8113	 18.0250	  0.0000	  0.0000
2018	180	   1	  0	179.0417	 93.9758	 -8.9193	   0.1531	    0.0000	   0.0000	  0.0000	  0.0000	  0.0000	  0.0000	  0.0000	  0.0000	358.0978	380.4338	373.9698	373.9698	373.9698	373.9698	 11.7153	 52.0460	  0.5089	   0.0000	  0.0000	    0.7914	  0.9272	   0.7914	  0.7920	 18.4083	  0.0000	  0.0000
2018	180	   2	  0	179.0833	 17.7900	 -7.4074	   2.9312	    0.0000	   0.0000	  0.0000	  0.0000	  0.0000	  0.0000	  0.0000	  0.0000	345.1827	376.6903	368.5740	368.5740	368.5740	368.5740	 10.6109	 52.3242	  0.5619	   0.0000	  0.0000	    0.7914	  0.9272	   0.7914	  0.7772	 17.6875	  0.0000	  0.0000
2018	180	   3	  0	179.1250	 31.2191	 -3.7594	  23.7140	    0.0000	   0.0000	  0.0000	  0.0000	  0.0000	  0.0000	  0.0000	  0.0000	337.7115	368.1531	355.0278	355.0278	355.0278	355.0278	  8.0899	 52.4033	  0.8578	   0.0000	  0.0000	    0.7914	  0.9272	   0.7914	  0.7734	 16.0250	  0.0000	  0.0000
2018	180	   4	  0	179.1667	 44.1011	  1.2796	  89.7579	  147.9731	  66.0209	 69.9774	  4.8647	 20.5090	 20.5090	 20.5090	 20.5090	335.7280	365.2205	347.9859	347.9859	349.6879	349.6879	 10.1378	 40.3321	  1.0000	   0.0116	  0.0410	    0.7914	  0.9272	   0.7914	  0.7729	 15.4167	  3.0143	  0.0000
2018	180	   5	  0	179.2083	 56.4623	  7.1256	 187.3952	  692.3276	 100.9363	181.3387	  7.5599	 32.6450	 32.6450	 33.7327	 34.6748	333.9191	365.8505	348.0849	348.3378	350.0105	350.0105	 12.6901	133.6917	  1.0000	   0.0033	  0.1069	    0.7914	  0.9272	   0.7914	  0.7698	 15.5458	  7.1959	  0.5482
2018	180	   6	  0	179.2500	 68.4935	 14.1405	 383.6417	  742.4953	 201.8568	371.5696	 16.4887	 65.4788	 65.4788	 88.6949	124.2648	334.3673	373.4914	354.2138	356.4833	355.1566	355.1566	 21.3292	262.7771	  1.0000	   0.0880	  0.1902	    0.7914	  0.9272	   0.7914	  0.7666	 16.2042	  9.8293	  3.0093
2018	180	   7	  0	179.2917	 80.5224	 21.8041	 499.7950	  775.7130	 211.6743	487.5735	 17.9721	 70.6448	 70.6448	 79.0710	125.8737	337.1801	378.2704	358.1632	364.2171	359.3703	359.3703	 23.1053	399.3510	  1.0000	   0.0779	  0.2689	    0.7914	  0.9272	   0.7914	  0.7657	 17.0167	 12.3503	  5.5303
2018	180	   8	  0	179.3333	 93.0308	 29.7548	 620.2725	  796.6529	 225.0429	607.6784	 21.6732	 83.1114	 77.3631	 77.9907	166.9857	341.6286	388.7791	366.7132	375.4524	366.1263	367.2268	 26.9650	533.3787	  1.0000	   0.1304	  0.3360	    0.7914	  0.9272	   0.7914	  0.7659	 18.0667	 14.7146	  7.8946
2018	180	   9	  0	179.3750	106.6778	 37.6048	 724.5892	  813.5774	 228.3668	712.2364	 25.4650	115.2838	 81.3286	 81.3286	191.3954	344.9858	399.9118	375.0890	385.8517	376.5772	375.0890	 30.7835	656.0253	  1.0000	   0.1799	  0.3944	    0.7914	  0.9272	   0.7914	  0.7649	 19.0167	 16.8809	 10.0609
2018	180	  10	  0	179.4167	122.3206	 44.8535	 804.6000	  826.7300	 221.7773	793.0568	 29.4107	156.3997	 82.4493	 82.4493	198.4834	345.1517	409.7592	380.8639	392.3490	387.1694	380.8639	 33.6644	759.2534	  1.0000	   0.2363	  0.4473	    0.7914	  0.9272	   0.7914	  0.7617	 19.4167	 18.8110	 11.9910
2018	180	  11	  0	179.4583	140.9143	 50.8102	 853.0533	  830.8374	 209.3298	842.5784	 33.7898	205.1019	 81.7736	 81.7736	181.5949	346.5811	423.7878	389.5775	398.9044	401.8816	389.5775	 36.1704	835.4700	  1.0000	   0.3044	  0.4845	    0.7914	  0.9272	   0.7914	  0.7588	 20.1417	 20.4713	 13.6513
2018	180	  12	  0	179.5000	162.8660	 54.5675	 860.1140	  835.0299	 179.7165	851.6945	 36.2958	242.6899	 75.4586	 75.4586	126.4089	346.6176	438.0661	398.3095	401.7942	416.2490	398.3095	 36.7945	880.4484	  1.0000	   0.3638	  0.4993	    0.7914	  0.9272	   0.7914	  0.7531	 20.9250	 21.8327	 15.0127
2018	180	  13	  0	179.5417	186.8559	 55.2804	 833.0752	  803.6251	 172.4740	825.0292	 36.0047	244.2014	 94.3938	 73.0173	 74.7862	343.7581	445.7722	402.9727	402.5614	423.4244	403.9631	 36.4693	891.6012	  0.9934	   0.3791	  0.5000	    0.7914	  0.9272	   0.7914	  0.7438	 21.5250	 22.8712	 16.0512
2018	180	  14	  0	179.5833	209.9734	 52.7577	 767.6838	  715.1326	 198.1592	757.5888	 32.2608	200.6347	146.8101	 76.7147	 76.7147	345.8020	444.7824	404.6484	404.6484	423.0187	413.8708	 36.7952	864.0113	  0.9588	   0.3311	  0.4940	    0.7914	  0.9272	   0.7914	  0.7420	 22.2333	 23.5379	 16.7268
2018	180	  15	  0	179.6250	230.0431	 47.6291	 668.4963	  616.9182	 212.3252	656.9878	 27.1627	148.1917	160.4916	 76.5766	 76.5766	348.0627	436.1814	401.8915	401.8915	414.0528	416.9565	 34.7474	800.8566	  0.9199	   0.2667	  0.4655	    0.7914	  0.9272	   0.7914	  0.7442	 22.5458	 22.4415	 16.0408
2018	180	  16	  0	179.6667	246.8508	 40.8370	 545.3215	  511.0711	 210.4714	533.3866	 22.1820	104.2208	145.6177	 72.1388	 72.1388	347.4920	425.1922	396.8735	396.8735	402.2433	413.3013	 31.2720	708.4314	  0.8773	   0.2080	  0.4182	    0.7914	  0.9272	   0.7914	  0.7453	 22.4458	 20.0499	 14.3285
2018	180	  17	  0	179.7083	261.2394	 33.1746	 408.6377	  388.0810	 195.1839	397.1339	 17.4254	 71.8731	110.8334	 64.2408	 64.2408	357.5372	414.5592	393.3364	393.3364	393.4294	407.9986	 27.4565	588.3241	  0.8322	   0.1455	  0.3611	    0.7914	  0.9272	   0.7914	  0.7647	 22.2375	 17.1193	 12.1577
2018	180	  18	  0	179.7500	274.1476	 25.2111	 268.6896	  249.2398	 161.0430	258.8905	 13.0167	 51.5820	 75.3529	 52.8639	 51.4749	360.5719	405.9451	388.5570	389.7513	389.3820	400.2914	 23.5424	456.1672	  0.7655	   0.1041	  0.2988	    0.7914	  0.9272	   0.7914	  0.7744	 21.7750	 13.2530	  9.2922
2018	180	  19	  0	179.7917	286.3145	 17.3755	 135.4973	   86.6938	 107.9946	128.7254	  8.1374	 33.6409	 38.9547	 35.0634	 33.6409	350.0227	398.6173	385.5477	385.9326	385.9326	390.9825	 19.1416	321.3150	  0.6509	   0.0752	  0.2252	    0.7914	  0.9272	   0.7914	  0.7632	 21.2292	  8.2856	  5.6913
2018	180	  20	  0	179.8333	298.2937	 10.0301	  46.8062	   12.7965	  44.4187	 43.9809	  3.2837	 13.6860	 14.3502	 13.9878	 13.6860	342.7942	391.8686	382.1013	381.6129	381.6129	384.6278	 15.1091	188.1033	  0.5578	   0.0417	  0.1455	    0.7914	  0.9272	   0.7914	  0.7578	 20.2958	  6.9184	  4.5957
2018	180	  21	  0	179.8750	310.4824	  3.5812	   6.9567	    2.2921	   6.7707	  6.5252	  0.4982	  2.0958	  2.1067	  2.1067	  2.0958	340.0231	383.9210	376.7410	374.1181	374.1181	377.5346	 12.1361	 68.2430	  0.5738	   0.0124	  0.0726	    0.7914	  0.9272	   0.7914	  0.7603	 18.9417	  9.1149	  5.7687
2018	180	  22	  0	179.9167	323.1277	 -1.6080	   0.3567	    0.2071	   0.1996	  0.1886	  0.0147	  0.0619	  0.0619	  0.0619	  0.0619	337.7235	376.4943	368.6577	367.4248	367.4248	368.4999	 10.4358	 45.3191	  0.5768	   0.0000	  0.0020	    0.7914	  0.9272	   0.7914	  0.7657	 17.6500	  2.6739	  1.6351
2018	180	  23	  0	179.9583	336.3307	 -6.1889	   0.0021	    0.0000	   0.0000	  0.0000	  0.0000	  0.0000	  0.0000	  0.0000	  0.0000	334.0575	366.4662	359.1817	359.1817	359.1817	359.1817	  8.7499	 52.4744	  0.5060	   0.0000	  0.0000	    0.7914	  0.9272	   0.7914	  0.7696	 15.6917	  0.0000	  0.0000
2018	181	   0	  0	180.0000	350.0149	 -8.5457	   0.0058	    0.0000	   0.0000	  0.0000	  0.0000	  0.0000	  0.0000	  0.0000	  0.0000	332.3722	357.1976	350.3946	350.3946	350.3946	350.3946	  7.0863	 52.3900	  0.5061	   0.0000	  0.0000	    0.7914	  0.9272	   0.7914	  0.7735	 13.8500	  0.0000	  0.0000
2018	181	   1	  0	180.0417	 93.9307	 -8.9694	   0.1802	    0.0000	   0.0000	  0.0000	  0.0000	  0.0000	  0.0000	  0.0000	  0.0000	330.0065	350.4645	343.8361	343.8361	343.8361	343.8361	  5.8115	 52.1560	  0.5101	   0.0000	  0.0000	    0.7914	  0.9272	   0.7914	  0.7740	 12.4875	  0.0000	  0.0000
2018	181	   2	  0	180.0833	 17.7526	 -7.4641	   2.7046	    0.0000	   0.0000	  0.0000	  0.0000	  0.0000	  0.0000	  0.0000	  0.0000	325.5192	344.4682	337.1066	337.1066	337.1066	337.1066	  4.4716	 52.2110	  0.5585	   0.0000	  0.0000	    0.7914	  0.9272	   0.7914	  0.7714	 11.2583	  0.0000	  0.0000
2018	181	   3	  0	180.1250	 31.1894	 -3.8321	  22.5377	    0.0000	   0.0000	  0.0000	  0.0000	  0.0000	  0.0000	  0.0000	  0.0000	324.7285	340.9476	329.1747	329.1747	329.1747	329.1747	  2.9673	 52.2088	  0.8446	   0.0000	  0.0000	    0.7914	  0.9272	   0.7914	  0.7717	 10.5292	  0.0000	  0.0000
2018	181	   4	  0	180.1667	 44.0785	  1.2222	  95.1450	   85.7544	  74.8426	 74.9834	  5.5097	 23.1827	 23.1827	 23.1827	 23.1827	329.0984	346.5522	330.5530	330.5530	332.1740	332.1740	  7.1701	 39.4265	  1.0000	   0.0112	  0.0400	    0.7914	  0.9272	   0.7914	  0.7745	 11.6542	  2.8123	  0.0000
2018	181	   5	  0	180.2083	 56.4455	  7.0610	 209.4506	  655.5340	 127.3522	201.6879	  9.4950	 40.7409	 40.7409	 41.7591	 42.6414	337.8862	358.5838	342.1101	342.3539	344.0043	344.0043	 12.8034	131.9908	  1.0000	   0.0031	  0.1060	    0.7914	  0.9272	   0.7914	  0.7793	 14.1000	  7.1701	  0.5311
2018	181	   6	  0	180.2500	 68.4810	 14.0739	 344.0331	  728.7762	 166.5843	334.1937	 13.8538	 54.6050	 54.6050	 77.3866	112.2217	345.3753	373.3244	355.4421	357.6922	356.3953	356.3953	 20.0892	260.0663	  1.0000	   0.0878	  0.1895	    0.7914	  0.9272	   0.7914	  0.7815	 16.1750	  9.8039	  2.9839
2018	181	   7	  0	180.2917	 80.5123	 21.7367	 481.2310	  757.7569	 200.5549	469.6861	 17.0801	 67.0824	 67.0824	 75.2651	120.7219	350.5035	382.1044	363.2470	369.3213	364.4742	364.4742	 23.4635	395.7500	  1.0000	   0.0774	  0.2684	    0.7914	  0.9272	   0.7914	  0.7814	 17.7583	 12.3255	  5.5055
2018	181	   8	  0	180.3333	 93.0209	 29.6870	 609.8123	  785.9400	 220.5881	597.4757	 21.2587	 81.5434	 75.8704	 76.4874	164.1613	349.8170	392.8142	371.3097	380.0786	370.7148	371.8310	 27.4803	530.5504	  1.0000	   0.1301	  0.3354	    0.7914	  0.9272	   0.7914	  0.7743	 18.8333	 14.6906	  7.8706
2018	181	   9	  0	180.3750	106.6647	 37.5370	 718.7002	  809.0017	 226.0202	706.4813	 25.2130	114.2232	 80.5255	 80.5255	189.8402	347.8783	402.9120	378.0608	388.8494	379.5420	378.0608	 31.1027	654.5636	  1.0000	   0.1795	  0.3938	    0.7914	  0.9272	   0.7914	  0.7663	 19.5792	 16.8577	 10.0377
2018	181	  10	  0	180.4167	122.2988	 44.7865	 797.7846	  822.6239	 218.5370	786.4322	 29.0613	154.8099	 81.3688	 81.3688	196.7034	346.5177	413.8466	384.5053	396.0477	390.8311	384.5053	 34.0256	758.8975	  1.0000	   0.2357	  0.4468	    0.7914	  0.9272	   0.7914	  0.7596	 20.1708	 18.7888	 11.9688
2018	181	  11	  0	180.4583	140.8757	 50.7458	 842.1588	  823.7510	 204.5306	831.9628	 33.2109	202.1489	 80.1405	 80.1405	179.0595	349.0799	429.4357	394.6524	404.0560	407.0429	394.6524	 36.6329	835.2260	  1.0000	   0.3035	  0.4842	    0.7914	  0.9272	   0.7914	  0.7567	 21.1583	 20.4500	 13.6300
2018	181	  12	  0	180.5000	162.8028	 54.5090	 849.4985	  832.2811	 171.8571	841.5685	 35.5449	239.2637	 73.0102	 73.0102	124.0407	353.0972	442.9590	403.3654	406.8910	421.4145	403.3654	 37.2372	877.8468	  1.0000	   0.3626	  0.4992	    0.7914	  0.9272	   0.7914	  0.7583	 21.8000	 21.8122	 14.9922
2018	181	  13	  0	180.5417	186.7691	 55.2321	 820.4858	  771.3493	 186.7910	811.4049	 36.0422	240.3605	 96.6257	 76.3203	 78.0797	351.8580	448.4711	406.6081	406.2003	427.1292	407.5704	 37.0708	887.2050	  0.9877	   0.3779	  0.5000	    0.7914	  0.9272	   0.7914	  0.7541	 22.0167	 22.8513	 16.0313
2018	181	  14	  0	180.5833	209.8758	 52.7212	 760.5281	  694.9248	 207.3927	749.7701	 32.3960	199.2992	146.8085	 78.9303	 78.9303	348.8441	443.2826	404.1207	404.1207	422.3418	413.1829	 36.7522	861.1612	  0.9535	   0.3305	  0.4939	    0.7914	  0.9272	   0.7914	  0.7485	 22.0375	 23.3851	 16.6123
2018	181	  15	  0	180.6250	229.9474	 47.6027	 665.6319	  606.6288	 217.3225	653.7691	 27.3153	148.3059	160.2098	 77.8418	 77.8418	343.3980	429.8811	396.3138	396.3138	408.0884	410.8512	 33.9081	800.8562	  0.9164	   0.2664	  0.4653	    0.7914	  0.9272	   0.7914	  0.7431	 21.5750	 22.0001	 15.7203
2018	181	  16	  0	180.6667	246.7622	 40.8170	 547.3062	  513.1026	 211.3162	535.3226	 22.2628	104.7128	146.1438	 72.4214	 72.4214	341.6645	418.9537	390.8010	390.8010	396.1186	406.9911	 30.3634	708.8886	  0.8797	   0.2080	  0.4181	    0.7914	  0.9272	   0.7914	  0.7428	 21.3542	 19.9964	 14.2857
2018	181	  17	  0	180.7083	261.1580	 33.1576	 410.9950	  396.3153	 193.2113	399.6366	 17.3406	 71.5766	111.2970	 63.7403	 63.7403	342.9582	408.4370	386.1653	386.1653	386.2924	400.6859	 26.2124	591.8858	  0.8320	   0.1454	  0.3609	    0.7914	  0.9272	   0.7914	  0.7479	 21.1292	 17.1379	 12.1668
2018	181	  18	  0	180.7500	274.0720	 25.1943	 271.7258	  262.1387	 158.7656	262.0960	 12.9035	 51.0107	 75.9278	 52.3479	 50.8919	340.6496	399.7908	380.7061	381.8696	381.5097	392.4864	 22.0956	460.4690	  0.7671	   0.1041	  0.2987	    0.7914	  0.9272	   0.7914	  0.7492	 20.6292	 13.4451	  9.4228
2018	181	  19	  0	180.7917	286.2432	 17.3568	 143.2396	  110.9568	 108.5433	136.4650	  8.2318	 33.9534	 40.8705	 35.8594	 33.9534	342.3613	393.3004	379.6001	379.7665	379.7665	385.5312	 18.2333	321.9279	  0.6744	   0.0746	  0.2251	    0.7914	  0.9272	   0.7914	  0.7567	 20.1833	  9.1144	  6.2569
2018	181	  20	  0	180.8333	298.2257	 10.0075	  47.4771	   12.6559	  45.0956	 44.6085	  3.3342	 13.8913	 14.5882	 14.2062	 13.8913	345.9294	386.2994	377.2299	376.7478	376.7478	379.7393	 14.3201	186.9401	  0.5620	   0.0423	  0.1453	    0.7914	  0.9272	   0.7914	  0.7685	 19.2417	  6.9164	  4.5922
2018	181	  21	  0	180.8750	310.4172	  3.5545	   6.8281	    2.0058	   6.6645	  6.4033	  0.4903	  2.0626	  2.0719	  2.0719	  2.0626	345.5336	379.0223	372.7278	370.1268	370.1268	373.5247	 11.4674	 67.4104	  0.5745	   0.0124	  0.0719	    0.7914	  0.9272	   0.7914	  0.7732	 18.0042	  9.1227	  5.7695
2018	181	  22	  0	180.9167	323.0658	 -1.6463	   0.3388	    0.1998	   0.1927	  0.1820	  0.0142	  0.0597	  0.0597	  0.0597	  0.0597	341.8555	372.3684	365.2105	363.9849	363.9849	365.0573	  9.8480	 44.8697	  0.5778	   0.0000	  0.0019	    0.7914	  0.9272	   0.7914	  0.7750	 16.8500	  2.6816	  1.6384
2018	181	  23	  0	180.9583	336.2731	 -6.2339	   0.0010	    0.0000	   0.0000	  0.0000	  0.0000	  0.0000	  0.0000	  0.0000	  0.0000	338.2551	365.9691	359.0185	359.0185	359.0185	359.0185	  8.7673	 52.1047	  0.5067	   0.0000	  0.0000	    0.7914	  0.9272	   0.7914	  0.7756	 15.5958	  0.0000	  0.0000
2018	182	   0	  0	181.0000	349.9633	 -8.5956	   0.0000	    0.0000	   0.0000	  0.0000	  0.0000	  0.0000	  0.0000	  0.0000	  0.0000	334.8546	360.2348	353.4082	353.4082	353.4082	353.4082	  7.6820	 52.1050	  0.5067	   0.0000	  0.0000	    0.7914	  0.9272	   0.7914	  0.7749	 14.4583	  0.0000	  0.0000
2018	182	   1	  0	181.0417	 93.8867	 -9.0261	   0.1415	    0.0000	   0.0000	  0.0000	  0.0000	  0.0000	  0.0000	  0.0000	  0.0000	331.4657	354.9827	348.1887	348.1887	348.1887	348.1887	  6.6588	 51.9191	  0.5101	   0.0000	  0.0000	    0.7914	  0.9272	   0.7914	  0.7736	 13.4042	  0.0000	  0.0000
2018	182	   2	  0	181.0833	 17.7171	 -7.5273	   2.5767	    0.0000	   0.0000	  0.0000	  0.0000	  0.0000	  0.0000	  0.0000	  0.0000	330.4806	348.5055	341.2674	341.2674	341.2674	341.2674	  5.3328	 51.8940	  0.5570	   0.0000	  0.0000	    0.7914	  0.9272	   0.7914	  0.7753	 12.0875	  0.0000	  0.0000
2018	182	   3	  0	181.1250	 31.1625	 -3.9136	  21.8960	    0.0000	   0.0000	  0.0000	  0.0000	  0.0000	  0.0000	  0.0000	  0.0000	329.0274	343.5795	332.0422	332.0422	332.0422	332.0422	  3.5805	 51.8962	  0.8397	   0.0000	  0.0000	    0.7914	  0.9272	   0.7914	  0.7754	 11.0750	  0.0000	  0.0000
2018	182	   4	  0	181.1667	 44.0593	  1.1595	  93.6165	   81.7818	  67.8992	 68.1790	  4.9987	 21.0330	 21.0330	 21.0330	 21.0330	329.7435	346.0711	330.3659	330.3659	331.8032	331.8032	  6.7880	 42.5972	  1.0000	   0.0107	  0.0388	    0.7914	  0.9272	   0.7914	  0.7754	 11.5583	  2.4920	  0.0000
2018	182	   5	  0	181.2083	 56.4327	  6.9909	 207.5388	  653.9288	 126.3961	199.8328	  9.4216	 40.4293	 40.4293	 41.3928	 42.2285	337.2292	355.0510	338.8563	339.0903	340.7429	340.7429	 12.1561	130.6429	  1.0000	   0.0029	  0.1050	    0.7914	  0.9272	   0.7914	  0.7801	 13.3917	  7.1411	  0.5127
2018	182	   6	  0	181.2500	 68.4730	 14.0020	 341.9927	  732.0060	 164.5792	332.2811	 13.7027	 53.9903	 53.9903	 76.8200	111.7399	340.7478	371.4262	353.1860	355.4079	354.1452	354.1452	 19.5916	259.2754	  1.0000	   0.0876	  0.1888	    0.7914	  0.9272	   0.7914	  0.7765	 15.8083	  9.7753	  2.9553
2018	182	   7	  0	181.2917	 80.5071	 21.6641	 477.9906	  762.5750	 196.4552	466.7113	 16.7714	 65.8408	 65.8408	 74.0219	119.4501	343.4336	384.6277	364.4868	370.5625	365.7303	365.7303	 23.4420	396.2620	  1.0000	   0.0769	  0.2678	    0.7914	  0.9272	   0.7914	  0.7691	 18.2458	 12.2975	  5.4775
2018	182	   8	  0	181.3333	 93.0163	 29.6141	 604.2425	  786.4089	 215.7162	592.2138	 20.8799	 80.0193	 74.3684	 74.9876	162.5584	346.2352	397.3119	374.6470	383.4477	374.0411	375.1750	 27.7688	531.1845	  1.0000	   0.1298	  0.3347	    0.7914	  0.9272	   0.7914	  0.7646	 19.6792	 14.6635	  7.8435
2018	182	   9	  0	181.3750	106.6571	 37.4640	 709.6719	  804.0482	 220.8516	697.7657	 24.7458	112.2773	 78.8596	 78.8596	187.3508	349.0015	407.5228	382.1281	392.9670	383.6035	382.1281	 31.4618	654.0637	  1.0000	   0.1791	  0.3932	    0.7914	  0.9272	   0.7914	  0.7634	 20.4333	 16.8317	 10.0117
2018	182	  10	  0	181.4167	122.2827	 44.7140	 790.0912	  814.9793	 216.9710	778.8114	 28.7750	153.3313	 80.7198	 80.7198	194.8389	352.8076	419.0767	389.8400	401.4568	396.1963	389.8400	 34.6813	756.4077	  1.0000	   0.2351	  0.4463	    0.7914	  0.9272	   0.7914	  0.7641	 21.1250	 18.7638	 11.9438
2018	182	  11	  0	181.4583	140.8423	 50.6753	 838.4217	  818.0544	 205.8216	828.1208	 33.1088	201.2774	 80.3549	 80.3549	178.4838	355.7094	433.4566	399.0317	408.4867	411.4688	399.0317	 37.2519	832.1701	  1.0000	   0.3025	  0.4839	    0.7914	  0.9272	   0.7914	  0.7630	 21.8875	 20.4260	 13.6060
2018	182	  12	  0	181.5000	162.7430	 54.4439	 846.7088	  835.4657	 167.0249	839.0964	 35.1770	238.1047	 71.6155	 71.6155	122.9362	358.2457	447.5869	408.0072	411.5625	426.1582	408.0072	 37.7927	875.8603	  1.0000	   0.3612	  0.4992	    0.7914	  0.9272	   0.7914	  0.7615	 22.6250	 21.7890	 14.9690
2018	182	  13	  0	181.5417	186.6831	 55.1769	 817.4787	  770.3953	 184.9848	808.5078	 35.7946	239.2676	 95.7245	 75.7202	 77.5362	357.3410	454.7744	412.6776	412.2698	433.3824	413.6137	 37.8723	885.7627	  0.9861	   0.3766	  0.5000	    0.7914	  0.9272	   0.7914	  0.7560	 23.1167	 22.8289	 16.0089
2018	182	  14	  0	181.5833	209.7765	 52.6780	 753.9377	  682.1055	 211.2904	742.8837	 32.3253	197.9121	146.0544	 79.7505	 79.7505	356.3710	448.4962	409.7165	409.7165	428.0148	418.7463	 37.5368	858.3121	  0.9489	   0.3297	  0.4937	    0.7914	  0.9272	   0.7914	  0.7549	 22.9750	 23.2753	 16.5278
2018	182	  15	  0	181.6250	229.8484	 47.5697	 660.4602	  599.0301	 218.0324	648.5257	 27.2025	147.5245	159.0535	 77.8800	 77.8800	356.0089	439.7796	406.4244	406.4244	418.4149	421.1976	 35.3963	797.0994	  0.9139	   0.2661	  0.4651	    0.7914	  0.9272	   0.7914	  0.7528	 23.2958	 22.0272	 15.7340
2018	182	  16	  0	181.6667	246.6697	 40.7908	 540.7937	  504.8310	 210.3804	528.8448	 22.0772	103.8694	144.4443	 71.9934	 71.9934	353.6230	431.5125	403.1888	403.1888	408.6149	419.6317	 32.1784	706.7921	  0.8728	   0.2078	  0.4178	    0.7914	  0.9272	   0.7914	  0.7479	 23.5833	 19.9318	 14.2343
2018	182	  17	  0	181.7083	261.0728	 33.1346	 406.6156	  393.2724	 190.6859	395.4101	 17.1265	 70.7630	110.0963	 62.9295	 62.9295	351.3924	420.1584	397.4129	397.4129	397.5449	412.2118	 27.9075	591.3293	  0.8254	   0.1454	  0.3606	    0.7914	  0.9272	   0.7914	  0.7481	 23.2375	 17.1390	 12.1629
2018	182	  18	  0	181.7500	273.9929	 25.1715	 269.0827	  263.1795	 155.8041	259.6434	 12.6879	 50.1212	 75.1053	 51.4317	 49.9943	349.0807	412.4959	392.7848	393.9982	393.6305	404.9491	 24.0180	460.1679	  0.7619	   0.1040	  0.2985	    0.7914	  0.9272	   0.7914	  0.7482	 22.9375	 13.5532	  9.4945
2018	182	  19	  0	181.7917	286.1687	 17.3319	 142.0198	  114.0047	 106.4572	135.3823	  8.0832	 33.3325	 40.3960	 35.2729	 33.3325	346.8669	403.9495	389.5841	389.7516	389.7516	395.7345	 19.8789	322.0093	  0.6708	   0.0739	  0.2249	    0.7914	  0.9272	   0.7914	  0.7519	 22.1500	  9.2387	  6.3392
2018	182	  20	  0	181.8333	298.1549	  9.9788	  46.9571	   13.2141	  44.4836	 44.1279	  3.2899	 13.7039	 14.4320	 14.0322	 13.7039	345.2672	395.7103	385.7444	385.2686	385.2686	388.3148	 15.7758	187.1575	  0.5594	   0.0428	  0.1450	    0.7914	  0.9272	   0.7914	  0.7576	 21.0042	  6.9353	  4.6020
2018	182	  21	  0	181.8750	310.3498	  3.5217	   6.5377	    2.1478	   6.3616	  6.1320	  0.4681	  1.9693	  1.9791	  1.9791	  1.9693	343.8041	388.1536	381.0401	378.3402	378.3402	381.8635	 12.9186	 67.0878	  0.5720	   0.0124	  0.0711	    0.7914	  0.9272	   0.7914	  0.7618	 19.7417	  9.2532	  5.8456
2018	182	  22	  0	181.9167	323.0023	 -1.6920	   0.2979	    0.1787	   0.1718	  0.1621	  0.0126	  0.0532	  0.0532	  0.0532	  0.0532	339.4328	377.8415	370.0138	368.7758	368.7758	369.8623	 10.6992	 44.6880	  0.5782	   0.0000	  0.0018	    0.7914	  0.9272	   0.7914	  0.7669	 17.9083	  2.6807	  1.6364
2018	182	  23	  0	181.9583	336.2148	 -6.2857	   0.0000	    0.0000	   0.0000	  0.0000	  0.0000	  0.0000	  0.0000	  0.0000	  0.0000	336.4611	368.4693	361.2037	361.2037	361.2037	361.2037	  9.1531	 51.9509	  0.5074	   0.0000	  0.0000	    0.7914	  0.9272	   0.7914	  0.7714	 16.0875	  0.0000	  0.0000
2018	183	   0	  0	182.0000	349.9118	 -8.6523	   0.0000	    0.0000	   0.0000	  0.0000	  0.0000	  0.0000	  0.0000	  0.0000	  0.0000	334.6597	360.3432	353.4831	353.4831	353.4831	353.4831	  7.6934	 51.8839	  0.5074	   0.0000	  0.0000	    0.7914	  0.9272	   0.7914	  0.7745	 14.4792	  0.0000	  0.0000
2018	183	   1	  0	182.0417	 93.8437	 -9.0896	   0.0510	    0.0000	   0.0000	  0.0000	  0.0000	  0.0000	  0.0000	  0.0000	  0.0000	333.8276	353.7657	347.2177	347.2177	347.2177	347.2177	  6.5007	 51.6495	  0.5090	   0.0000	  0.0000	    0.7914	  0.9272	   0.7914	  0.7769	 13.1583	  0.0000	  0.0000
2018	183	   2	  0	182.0833	 17.6837	 -7.5970	   1.9965	    0.0000	   0.0000	  0.0000	  0.0000	  0.0000	  0.0000	  0.0000	  0.0000	332.5697	349.1137	342.1429	342.1429	342.1429	342.1429	  5.5235	 51.6466	  0.5466	   0.0000	  0.0000	    0.7914	  0.9272	   0.7914	  0.7774	 12.2125	  0.0000	  0.0000
2018	183	   3	  0	182.1250	 31.1384	 -3.9826	  20.9546	    0.0000	   0.0000	  0.0000	  0.0000	  0.0000	  0.0000	  0.0000	  0.0000	331.1436	345.5177	334.1724	334.1724	334.1724	334.1724	  4.0201	 51.6576	  0.8306	   0.0000	  0.0000	    0.7914	  0.9272	   0.7914	  0.7770	 11.4750	  0.0000	  0.0000
2018	183	   4	  0	182.1667	 44.0437	  1.0915	  91.9506	   74.1936	  67.2591	 67.0891	  4.9511	 20.8295	 20.8295	 20.8295	 20.8295	334.4858	349.3406	333.8127	333.8127	335.2653	335.2653	  7.4541	 41.6055	  1.0000	   0.0101	  0.0378	    0.7914	  0.9272	   0.7914	  0.7794	 12.2292	  2.4643	  0.0000
2018	183	   5	  0	182.2083	 56.4239	  6.9154	 206.7933	  648.2807	 127.0373	199.0402	  9.4651	 40.6044	 40.6044	 41.5138	 42.3039	340.0088	359.5251	343.1671	343.3951	345.0906	345.0906	 12.9693	129.2350	  1.0000	   0.0028	  0.1039	    0.7914	  0.9272	   0.7914	  0.7813	 14.2917	  7.1091	  0.4941
2018	183	   6	  0	182.2500	 68.4694	 13.9249	 342.7708	  731.2180	 166.5166	332.9303	 13.8313	 54.5591	 54.5591	 77.3135	112.1123	342.4753	374.3505	355.9738	358.1836	356.9582	356.9582	 20.1346	257.8602	  1.0000	   0.0874	  0.1881	    0.7914	  0.9272	   0.7914	  0.7769	 16.3833	  9.7436	  2.9236
2018	183	   7	  0	182.2917	 80.5068	 21.5865	 481.5717	  761.1845	 201.5024	469.9635	 17.1155	 67.3541	 67.3541	 75.4544	120.4776	347.7645	385.0094	365.4243	371.4685	366.6759	366.6759	 23.8017	394.0741	  1.0000	   0.0763	  0.2672	    0.7914	  0.9272	   0.7914	  0.7751	 18.3292	 12.2666	  5.4466
2018	183	   8	  0	182.3333	 93.0170	 29.5362	 612.5781	  786.9038	 224.7078	599.9724	 21.5221	 82.7397	 77.0882	 77.7047	165.1921	351.9139	398.4854	376.4806	385.2575	375.8679	377.0089	 28.4275	528.5073	  1.0000	   0.1294	  0.3340	    0.7914	  0.9272	   0.7914	  0.7722	 19.9042	 14.6335	  7.8135
2018	183	   9	  0	182.3750	106.6552	 37.3859	 721.9688	  810.5728	 229.9885	709.4934	 25.4563	115.3695	 81.6989	 81.6989	190.9441	349.1268	409.0082	383.4128	394.2392	384.8769	383.4128	 32.0431	653.4746	  1.0000	   0.1787	  0.3926	    0.7914	  0.9272	   0.7914	  0.7619	 20.7167	 16.8027	  9.9827
2018	183	  10	  0	182.4167	122.2723	 44.6360	 803.9000	  825.4431	 224.2108	792.1874	 29.4183	156.4711	 83.0614	 83.0614	198.4743	347.6535	421.9763	391.4678	403.1088	397.8336	391.4678	 35.2424	759.0647	  1.0000	   0.2344	  0.4458	    0.7914	  0.9272	   0.7914	  0.7524	 21.6583	 18.7359	 11.9159
2018	183	  11	  0	182.4583	140.8140	 50.5989	 855.2206	  832.5229	 212.1118	844.5653	 33.8110	205.3359	 82.5251	 82.5251	182.2513	345.1031	438.8047	401.7283	411.2482	414.2391	401.7283	 37.9518	839.6765	  1.0000	   0.3015	  0.4835	    0.7914	  0.9272	   0.7914	  0.7390	 22.8417	 20.3992	 13.5792
2018	183	  12	  0	182.5000	162.6868	 54.3724	 862.5298	  843.5382	 176.8256	854.3187	 36.0171	242.4365	 74.6846	 74.6846	126.2103	347.6576	451.9724	409.8893	413.4774	428.1281	409.8893	 38.4039	883.6088	  1.0000	   0.3597	  0.4991	    0.7914	  0.9272	   0.7914	  0.7384	 23.4083	 21.7632	 14.9432
2018	183	  13	  0	182.5417	186.5981	 55.1148	 826.3996	  803.0788	 167.5509	818.6601	 35.3556	241.5900	 91.8817	 71.4191	 73.3888	353.8059	459.0867	415.5619	415.1567	436.3810	416.4712	 38.0831	889.3353	  0.9900	   0.3752	  0.5000	    0.7914	  0.9272	   0.7914	  0.7448	 23.8792	 22.8038	 15.9838
2018	183	  14	  0	182.5833	209.6755	 52.6280	 752.9192	  684.4948	 208.6441	742.0414	 32.1512	197.6685	145.1325	 79.0097	 79.0097	362.0963	454.0432	415.1463	415.1463	433.6232	424.2160	 38.2756	856.8689	  0.9493	   0.3289	  0.4936	    0.7914	  0.9272	   0.7914	  0.7580	 23.9292	 23.2783	 16.5230
2018	183	  15	  0	182.6250	229.7462	 47.5303	 654.2779	  573.7951	 230.5722	641.4587	 27.6495	148.0670	158.6514	 81.1077	 81.1077	375.6877	440.3268	409.9103	409.9103	421.7323	424.3765	 36.1337	787.2854	  0.9165	   0.2657	  0.4649	    0.7914	  0.9272	   0.7914	  0.7838	 23.4833	 21.6876	 15.4850
2018	183	  16	  0	182.6667	246.5735	 40.7584	 533.9317	  470.8041	 225.9684	520.8867	 22.7691	105.9423	143.5963	 76.1114	 76.1114	377.8296	428.2326	404.0570	404.0570	409.2501	419.8079	 32.6421	694.8776	  0.8761	   0.2076	  0.4176	    0.7914	  0.9272	   0.7914	  0.7905	 23.1375	 19.3368	 13.8038
2018	183	  17	  0	182.7083	260.9839	 33.1055	 399.8567	  358.3291	 203.1270	387.7706	 17.7661	 73.5087	109.2363	 66.2672	 66.2672	376.2091	415.7846	397.1891	397.1891	397.2397	411.0824	 28.2081	580.9513	  0.8262	   0.1453	  0.3603	    0.7914	  0.9272	   0.7914	  0.7926	 22.5667	 16.3833	 11.6218
2018	183	  18	  0	182.7500	273.9103	 25.1427	 263.2919	  231.3683	 163.7211	253.2855	 13.1224	 52.2396	 74.2223	 53.3458	 52.1189	375.2032	407.9567	392.2226	393.4906	393.1279	403.5412	 24.2229	451.5660	  0.7603	   0.1039	  0.2983	    0.7914	  0.9272	   0.7914	  0.7948	 22.2000	 12.7565	  8.9323
2018	183	  19	  0	182.7917	286.0911	 17.3010	 137.3244	   89.6480	 109.1444	130.4821	  8.2241	 34.0132	 39.4269	 35.4562	 34.0132	370.6762	399.4751	388.2613	388.6261	388.6261	393.8664	 19.8505	316.3567	  0.6639	   0.0732	  0.2248	    0.7914	  0.9272	   0.7914	  0.7940	 21.3875	  8.4846	  5.8190
2018	183	  20	  0	182.8333	298.0814	  9.9440	  44.2815	   10.6388	  42.2792	 41.5910	  3.1248	 13.0162	 13.6309	 13.2920	 13.0162	368.7824	390.8935	383.6109	383.1716	383.1716	386.1373	 15.5327	183.7454	  0.5499	   0.0434	  0.1447	    0.7914	  0.9272	   0.7914	  0.7978	 20.1042	  6.8606	  4.5492
2018	183	  21	  0	182.8750	310.2802	  3.4828	   5.5558	    1.2300	   5.4467	  5.2086	  0.4007	  1.6855	  1.6882	  1.6882	  1.6855	371.8809	384.4756	380.2825	377.6433	377.6433	381.1109	 13.0325	 65.3631	  0.5604	   0.0111	  0.0702	    0.7914	  0.9272	   0.7914	  0.8050	 19.0583	  9.1903	  5.8014
2018	183	  22	  0	182.9167	322.9372	 -1.7449	   0.2225	    0.1231	   0.1198	  0.1130	  0.0088	  0.0371	  0.0371	  0.0371	  0.0371	374.1836	378.3313	373.3439	372.1303	372.1303	373.1981	 11.6676	 43.6761	  0.5771	   0.0000	  0.0016	    0.7914	  0.9272	   0.7914	  0.8126	 18.0042	  2.6535	  1.6180
2018	183	  23	  0	182.9583	336.1556	 -6.3452	   0.0031	    0.0000	   0.0000	  0.0000	  0.0000	  0.0000	  0.0000	  0.0000	  0.0000	369.0333	373.2023	367.9685	367.9685	367.9685	367.9685	 10.7451	 51.0497	  0.5080	   0.0000	  0.0000	    0.7914	  0.9272	   0.7914	  0.8094	 17.0125	  0.0000	  0.0000
2018	184	   0	  0	183.0000	349.8605	 -8.7158	   0.0000	    0.0000	   0.0000	  0.0000	  0.0000	  0.0000	  0.0000	  0.0000	  0.0000	361.6573	368.3180	362.8398	362.8398	362.8398	362.8398	  9.7283	 51.1588	  0.5080	   0.0000	  0.0000	    0.7914	  0.9272	   0.7914	  0.8028	 16.0583	  0.0000	  0.0000
2018	184	   1	  0	183.0417	 93.8019	 -9.1597	   0.0612	    0.0000	   0.0000	  0.0000	  0.0000	  0.0000	  0.0000	  0.0000	  0.0000	361.0096	363.2502	357.9503	357.9503	357.9503	357.9503	  8.8192	 50.9760	  0.5098	   0.0000	  0.0000	    0.7914	  0.9272	   0.7914	  0.8036	 15.0583	  0.0000	  0.0000
2018	184	   2	  0	183.0833	 17.6522	 -7.6732	   1.9979	    0.0000	   0.0000	  0.0000	  0.0000	  0.0000	  0.0000	  0.0000	  0.0000	359.1950	358.2349	352.4985	352.4985	352.4985	352.4985	  7.7890	 50.9978	  0.5477	   0.0000	  0.0000	    0.7914	  0.9272	   0.7914	  0.8027	 14.0583	  0.0000	  0.0000
2018	184	   3	  0	183.1250	 31.1172	 -4.0902	  19.9498	    0.0000	   0.0000	  0.0000	  0.0000	  0.0000	  0.0000	  0.0000	  0.0000	356.2061	355.1455	345.2980	345.2980	345.2980	345.2980	  6.4468	 51.0472	  0.8272	   0.0000	  0.0000	    0.7914	  0.9272	   0.7914	  0.8002	 13.4375	  0.0000	  0.0000
2018	184	   4	  0	183.1667	 44.0315	  1.0182	  87.2527	   70.6617	  64.0934	 63.8396	  4.7179	 19.8500	 19.8500	 19.8500	 19.8500	360.2855	360.2721	346.3959	346.3959	347.8946	347.8946	  9.9228	 40.2754	  1.0000	   0.0095	  0.0368	    0.7914	  0.9272	   0.7914	  0.8035	 14.4375	  2.4655	  0.0000
2018	184	   5	  0	183.2083	 56.4192	  6.8346	 200.7819	  624.5626	 124.8260	193.1529	  9.2951	 39.8572	 39.8572	 40.6806	 41.3976	368.7927	372.2783	357.8529	358.0782	359.8607	359.8607	 15.6909	126.4093	  1.0000	   0.0026	  0.1028	    0.7914	  0.9272	   0.7914	  0.8093	 16.8083	  7.0740	  0.4736
2018	184	   6	  0	183.2500	 68.4703	 13.8427	 333.2404	  699.0717	 165.7976	323.4063	 13.6956	 54.1587	 54.1587	 75.8664	109.0435	379.0861	387.8637	372.4431	374.6854	373.4923	373.4923	 22.9378	252.5999	  1.0000	   0.0871	  0.1874	    0.7914	  0.9272	   0.7914	  0.8158	 18.9750	  9.7089	  2.8889
2018	184	   7	  0	183.2917	 80.5115	 21.5039	 466.3940	  726.1788	 200.1358	454.8111	 16.8870	 66.6565	 66.6565	 74.3098	116.9519	386.3629	397.4069	381.3681	387.5175	382.6773	382.6773	 26.3821	386.2648	  1.0000	   0.0756	  0.2665	    0.7914	  0.9272	   0.7914	  0.8188	 20.6667	 12.2326	  5.4126
2018	184	   8	  0	183.3333	 93.0229	 29.4534	 589.2752	  748.3610	 221.4190	576.7896	 21.0103	 80.9941	 75.6360	 76.2209	159.2606	392.7391	412.2622	394.1383	403.0768	393.4952	394.6846	 30.9867	517.7210	  1.0000	   0.1291	  0.3333	    0.7914	  0.9272	   0.7914	  0.8197	 22.4292	 14.6005	  7.7805
2018	184	   9	  0	183.3750	106.6589	 37.3028	 690.0942	  762.9794	 227.9415	677.6155	 24.7661	111.9649	 80.3383	 80.3383	182.9950	398.9186	422.1242	401.8778	412.8956	403.3423	401.8778	 34.5599	636.8834	  1.0000	   0.1782	  0.3919	    0.7914	  0.9272	   0.7914	  0.8243	 23.0833	 16.7708	  9.9508
2018	184	  10	  0	183.4167	122.2676	 44.5527	 768.1867	  775.7614	 224.1724	756.3163	 28.5839	150.9472	 82.0745	 82.0745	190.3560	399.4859	430.1306	406.1152	417.8763	412.5325	406.1152	 37.1001	737.5660	  1.0000	   0.2336	  0.4452	    0.7914	  0.9272	   0.7914	  0.8238	 23.1167	 18.7053	 11.8853
2018	184	  11	  0	183.4583	140.7910	 50.5165	 812.3587	  801.6693	 193.5559	802.7790	 31.7111	194.4780	 76.2570	 76.2570	171.9471	399.2000	442.2319	412.9998	422.5545	425.5394	412.9998	 38.8462	812.4617	  1.0000	   0.3004	  0.4831	    0.7914	  0.9272	   0.7914	  0.8208	 23.4625	 20.3697	 13.5497
2018	184	  12	  0	183.5000	162.6343	 54.2944	 803.7115	  733.7438	 208.1254	793.0972	 35.1740	226.0335	 80.9513	 80.9513	126.6987	400.0517	453.8088	419.7352	423.3388	437.9866	419.7352	 39.6661	855.3157	  0.9969	   0.3581	  0.4990	    0.7914	  0.9272	   0.7914	  0.8198	 23.7625	 21.7347	 14.9147
2018	184	  13	  0	183.5417	186.5142	 55.0460	 788.8735	  691.3486	 222.2100	777.2302	 36.0602	230.5040	102.2623	 84.4632	 86.1339	394.3093	464.1645	426.5230	426.1208	447.4772	427.4072	 40.2003	868.0853	  0.9729	   0.3736	  0.5000	    0.7914	  0.9272	   0.7914	  0.8050	 24.7667	 22.7762	 15.9562
2018	184	  14	  0	183.5833	209.5731	 52.5712	 732.9027	  639.5647	 224.8888	720.8249	 32.1636	193.2619	144.3585	 82.6730	 82.6730	381.4511	464.0542	427.0159	427.0159	445.3644	435.9131	 39.9492	849.4588	  0.9336	   0.3280	  0.4934	    0.7914	  0.9272	   0.7914	  0.7780	 25.7708	 22.7958	 16.1723
2018	184	  15	  0	183.6250	229.6411	 47.4844	 641.0037	  554.3705	 231.9525	628.0306	 27.3625	145.8578	155.8358	 81.0981	 81.0981	378.2751	449.2258	418.4366	418.4366	429.9983	432.5200	 37.1182	788.5242	  0.8985	   0.2652	  0.4646	    0.7914	  0.9272	   0.7914	  0.7776	 25.1875	 21.0078	 14.9929
2018	184	  16	  0	183.6667	246.4738	 40.7197	 522.4590	  449.1502	 228.7892	509.1697	 22.6867	105.1880	140.8875	 76.5928	 76.5928	383.0622	434.2371	410.4883	410.4883	415.4674	425.6692	 33.4504	693.9819	  0.8608	   0.2074	  0.4173	    0.7914	  0.9272	   0.7914	  0.7920	 24.3375	 18.6237	 13.2888
2018	184	  17	  0	183.7083	260.8914	 33.0703	 388.5742	  335.1116	 204.7300	376.3279	 17.6975	 73.3018	106.6188	 66.4563	 66.4563	382.7655	422.4839	404.4270	404.4270	404.3696	417.6475	 29.1866	579.6243	  0.8083	   0.1451	  0.3599	    0.7914	  0.9272	   0.7914	  0.7958	 23.8750	 15.6074	 11.0662
2018	184	  18	  0	183.7500	273.8243	 25.1079	 252.9848	  206.8462	 163.9085	242.9194	 13.0245	 52.0723	 71.7684	 53.0054	 51.9537	380.3991	411.8934	396.7846	398.1434	397.7746	407.3579	 24.8035	450.3574	  0.7391	   0.1038	  0.2980	    0.7914	  0.9272	   0.7914	  0.7988	 23.0042	 11.8749	  8.3109
2018	184	  19	  0	183.7917	286.0104	 17.2640	 130.6910	   70.6326	 108.3192	123.8754	  8.1196	 33.6489	 37.8108	 34.7258	 33.6489	380.6875	403.1647	392.8487	393.4049	393.4049	398.0306	 20.5641	314.3764	  0.6460	   0.0724	  0.2245	    0.7914	  0.9272	   0.7914	  0.8054	 22.1208	  7.8004	  5.3465
2018	184	  20	  0	183.8333	298.0053	  9.9029	  41.9871	    9.4912	  40.2057	 39.4280	  2.9707	 12.3745	 12.9322	 12.6238	 12.3745	381.6927	395.0529	388.6531	388.2403	388.2403	391.1952	 16.4352	182.0123	  0.5408	   0.0440	  0.1443	    0.7914	  0.9272	   0.7914	  0.8124	 20.8792	  6.8275	  4.5237
2018	184	  21	  0	183.8750	310.2085	  3.4379	   5.7925	    1.2989	   5.6867	  5.4299	  0.4183	  1.7596	  1.7640	  1.7640	  1.7596	380.9388	386.4527	382.7636	380.0815	380.0815	383.6092	 13.5737	 64.2718	  0.5713	   0.0095	  0.0692	    0.7914	  0.9272	   0.7914	  0.8154	 19.4500	  9.2718	  5.8461
2018	184	  22	  0	183.9167	322.8707	 -1.8052	   0.3021	    0.1640	   0.1424	  0.1343	  0.0105	  0.0444	  0.0444	  0.0444	  0.0444	378.8842	381.5882	376.7489	375.4964	375.4964	376.6039	 12.3262	 43.3073	  0.5822	   0.0000	  0.0015	    0.7914	  0.9272	   0.7914	  0.8168	 18.6292	  2.7154	  1.6540
2018	184	  23	  0	183.9583	336.0958	 -6.4053	   0.0052	    0.0000	   0.0000	  0.0000	  0.0000	  0.0000	  0.0000	  0.0000	  0.0000	376.8162	378.4163	373.4372	373.4372	373.4372	373.4372	 11.8168	 50.7303	  0.5087	   0.0000	  0.0000	    0.7914	  0.9272	   0.7914	  0.8164	 18.0208	  0.0000	  0.0000
2018	185	   0	  0	184.0000	349.8094	 -8.7860	   0.0000	    0.0000	   0.0000	  0.0000	  0.0000	  0.0000	  0.0000	  0.0000	  0.0000	375.7191	374.7904	369.9152	369.9152	369.9152	369.9152	 11.1702	 50.7220	  0.5086	   0.0000	  0.0000	    0.7914	  0.9272	   0.7914	  0.8164	 17.3208	  0.0000	  0.0000
2018	185	   1	  0	184.0417	 93.7613	 -9.2364	   0.0277	    0.0000	   0.0000	  0.0000	  0.0000	  0.0000	  0.0000	  0.0000	  0.0000	377.2120	371.4680	366.8256	366.8256	366.8256	366.8256	 10.6261	 50.5293	  0.5096	   0.0000	  0.0000	    0.7914	  0.9272	   0.7914	  0.8187	 16.6750	  0.0000	  0.0000
2018	185	   2	  0	184.0833	 17.6230	 -7.7557	   1.4258	    0.0000	   0.0000	  0.0000	  0.0000	  0.0000	  0.0000	  0.0000	  0.0000	378.9045	369.2295	364.4110	364.4110	364.4110	364.4110	 10.2089	 50.4958	  0.5373	   0.0000	  0.0000	    0.7914	  0.9272	   0.7914	  0.8207	 16.2375	  0.0000	  0.0000
2018	185	   3	  0	184.1250	 31.0989	 -4.1927	  15.1613	    0.0000	   0.0000	  0.0000	  0.0000	  0.0000	  0.0000	  0.0000	  0.0000	377.1916	367.7008	359.4400	359.4400	359.4400	359.4400	  9.3183	 50.5253	  0.7857	   0.0000	  0.0000	    0.7914	  0.9272	   0.7914	  0.8192	 15.9375	  0.0000	  0.0000
2018	185	   4	  0	184.1667	 44.0229	  0.9394	  70.7835	  119.3643	  50.2363	 52.9177	  3.7012	 15.6074	 15.6074	 15.6074	 15.6074	377.1886	369.6131	356.7380	356.7380	358.2714	358.2714	 11.3844	 39.0176	  1.0000	   0.0087	  0.0356	    0.7914	  0.9272	   0.7914	  0.8190	 16.2875	  2.6930	  0.0000
2018	185	   5	  0	184.2083	 56.4186	  6.7486	 185.6379	  635.9573	 109.8645	178.9634	  8.1925	 35.2287	 35.2287	 35.9928	 36.6604	379.6562	376.4517	362.8338	363.0504	364.8806	364.8806	 15.9990	124.3625	  1.0000	   0.0024	  0.1016	    0.7914	  0.9272	   0.7914	  0.8200	 17.6208	  7.0359	  0.4514
2018	185	   6	  0	184.2500	 68.4758	 13.7554	 321.0569	  691.6886	 156.4078	311.8097	 12.9758	 51.2274	 51.2274	 72.6408	105.3816	384.1989	389.0889	374.1437	376.3623	375.2162	375.2162	 22.8238	250.5403	  1.0000	   0.0868	  0.1865	    0.7914	  0.9272	   0.7914	  0.8213	 19.2125	  9.6711	  2.8511
2018	185	   7	  0	184.2917	 80.5211	 21.4164	 452.5294	  718.6161	 190.0515	441.5734	 16.0984	 63.4875	 63.4875	 70.9782	112.8341	388.0426	397.2984	381.4981	387.6048	382.8163	382.8163	 25.9565	384.4827	  1.0000	   0.0749	  0.2659	    0.7914	  0.9272	   0.7914	  0.8210	 20.6583	 12.1956	  5.3756
2018	185	   8	  0	184.3333	 93.0342	 29.3657	 578.1358	  743.8593	 213.4321	566.1460	 20.3726	 78.4695	 73.1310	 73.7063	156.1295	390.3224	406.8644	389.0821	397.8899	388.4555	389.6264	 29.8671	516.3301	  1.0000	   0.1288	  0.3325	    0.7914	  0.9272	   0.7914	  0.8201	 21.4625	 14.5646	  7.7446
2018	185	   9	  0	184.3750	106.6683	 37.2146	 685.6917	  769.5088	 220.3998	673.7087	 24.2511	110.0554	 78.1307	 78.1307	181.5513	385.0847	417.6827	396.0890	406.9811	397.5429	396.0890	 33.3942	639.7438	  1.0000	   0.1777	  0.3912	    0.7914	  0.9272	   0.7914	  0.8080	 22.3042	 16.7361	  9.9161
2018	185	  10	  0	184.4167	122.2687	 44.4640	 765.2435	  787.9718	 213.5516	754.0858	 27.9330	148.8911	 79.0754	 79.0754	188.8540	377.7866	429.6894	402.6268	414.3398	409.0152	402.6268	 36.2022	745.2815	  1.0000	   0.2328	  0.4446	    0.7914	  0.9272	   0.7914	  0.7922	 23.0625	 18.6719	 11.8519
2018	185	  11	  0	184.4583	140.7734	 50.4283	 809.9577	  822.5771	 175.6484	801.5910	 30.7761	192.5536	 71.3648	 71.3648	169.2413	373.5565	442.7204	409.6210	419.1594	422.1347	409.6210	 37.8438	823.6817	  1.0000	   0.2992	  0.4826	    0.7914	  0.9272	   0.7914	  0.7813	 23.5792	 20.3376	 13.5176
2018	185	  12	  0	184.5000	162.5857	 54.2100	 819.8944	  799.5618	 171.5493	811.8524	 34.1452	229.4409	 71.7987	 71.7987	121.6183	373.0650	454.6566	416.3982	420.0124	434.6298	416.3982	 38.6659	868.2777	  0.9985	   0.3564	  0.4988	    0.7914	  0.9272	   0.7914	  0.7772	 23.9542	 21.7037	 14.8837
2018	185	  13	  0	184.5417	186.4315	 54.9704	 794.4004	  716.4212	 207.6968	783.7737	 35.6054	231.8310	 98.7651	 80.8138	 82.6406	370.4859	458.5566	418.4195	418.0248	439.1494	419.2621	 38.7333	878.1198	  0.9690	   0.3719	  0.5000	    0.7914	  0.9272	   0.7914	  0.7727	 23.8917	 22.7370	 15.9196
2018	185	  14	  0	184.5833	209.4695	 52.5077	 731.1321	  629.8883	 231.1358	718.6194	 32.3403	193.2408	144.6053	 84.2738	 84.2738	374.1838	453.7514	417.7905	417.7905	435.4348	426.2775	 38.6554	849.4535	  0.9317	   0.3269	  0.4931	    0.7914	  0.9272	   0.7914	  0.7765	 24.2333	 22.3253	 15.8302
2018	185	  15	  0	184.6250	229.5332	 47.4319	 636.4204	  539.8457	 238.4776	622.9807	 27.5388	145.8093	155.3243	 82.7264	 82.7264	379.4179	444.9608	415.3849	415.3849	426.5795	428.9822	 36.6997	786.1082	  0.8953	   0.2647	  0.4643	    0.7914	  0.9272	   0.7914	  0.7836	 24.6000	 20.5527	 14.6609
2018	185	  16	  0	184.6667	246.3707	 40.6748	 517.3769	  441.9148	 228.7115	504.0701	 22.5725	104.6545	139.5993	 76.4379	 76.4379	375.7379	433.3365	409.0760	409.0760	413.9054	423.7905	 33.0756	696.2927	  0.8511	   0.2071	  0.4169	    0.7914	  0.9272	   0.7914	  0.7809	 24.2750	 18.1944	 12.9761
2018	185	  17	  0	184.7083	260.7955	 33.0290	 384.7867	  330.3507	 203.7825	372.5881	 17.5845	 72.9083	105.6601	 66.1026	 66.1026	373.7542	421.0587	402.2895	402.2895	402.1982	415.1091	 28.6920	581.8946	  0.7995	   0.1450	  0.3595	    0.7914	  0.9272	   0.7914	  0.7830	 23.6750	 15.2652	 10.8179
2018	185	  18	  0	184.7500	273.7350	 25.0670	 252.8996	  211.3728	 162.1106	242.9566	 12.9084	 51.5669	 71.6391	 52.5006	 51.4406	373.3710	412.3087	396.3356	397.7015	397.3364	406.9903	 24.6322	451.6034	  0.7377	   0.1037	  0.2977	    0.7914	  0.9272	   0.7914	  0.7876	 23.0750	 11.9504	  8.3587
2018	185	  19	  0	184.7917	285.9268	 17.2209	 130.5185	   72.9974	 107.4249	123.7633	  8.0572	 33.3909	 37.6394	 34.4795	 33.3909	376.4587	403.6074	392.8232	393.3787	393.3787	398.0687	 20.4954	314.4769	  0.6456	   0.0716	  0.2242	    0.7914	  0.9272	   0.7914	  0.7987	 22.2042	  7.8645	  5.3871
2018	185	  20	  0	184.8333	297.9265	  9.8556	  40.9210	    9.1123	  39.2103	 38.4252	  2.8972	 12.0662	 12.6153	 12.3107	 12.0662	382.2237	395.3969	389.0621	388.6632	388.6632	391.6105	 16.4684	181.1656	  0.5364	   0.0444	  0.1438	    0.7914	  0.9272	   0.7914	  0.8128	 20.9417	  6.8170	  4.5131
2018	185	  21	  0	184.8750	310.1347	  3.3869	   5.1708	    1.0289	   5.0824	  4.8467	  0.3739	  1.5727	  1.5747	  1.5746	  1.5727	385.0886	387.1470	383.8586	381.1923	381.1923	384.7208	 13.7826	 63.2532	  0.5645	   0.0081	  0.0680	    0.7914	  0.9272	   0.7914	  0.8200	 19.5958	  9.2648	  5.8358
2018	185	  22	  0	184.9167	322.8028	 -1.8729	   0.1979	    0.0660	   0.0649	  0.0613	  0.0048	  0.0201	  0.0201	  0.0201	  0.0201	383.9858	382.1115	377.5281	376.9704	376.9704	377.4778	 12.5781	 47.0062	  0.5411	   0.0000	  0.0012	    0.7914	  0.9272	   0.7914	  0.8230	 18.7292	  1.2581	  0.7678
2018	185	  23	  0	184.9583	336.0355	 -6.4821	   0.0000	    0.0000	   0.0000	  0.0000	  0.0000	  0.0000	  0.0000	  0.0000	  0.0000	381.6702	377.5311	372.9148	372.9148	372.9148	372.9148	 11.7742	 50.4681	  0.5091	   0.0000	  0.0000	    0.7914	  0.9272	   0.7914	  0.8221	 17.8500	  0.0000	  0.0000
2018	186	   0	  0	185.0000	349.7587	 -8.8629	   0.0000	    0.0000	   0.0000	  0.0000	  0.0000	  0.0000	  0.0000	  0.0000	  0.0000	379.7603	374.4025	369.8023	369.8023	369.8023	369.8023	 11.1933	 50.4838	  0.5091	   0.0000	  0.0000	    0.7914	  0.9272	   0.7914	  0.8208	 17.2458	  0.0000	  0.0000
2018	186	   1	  0	185.0417	 93.7220	 -9.3197	   0.0977	    0.0000	   0.0000	  0.0000	  0.0000	  0.0000	  0.0000	  0.0000	  0.0000	379.7891	373.0509	368.4792	368.4792	368.4792	368.4792	 10.9545	 50.3486	  0.5114	   0.0000	  0.0000	    0.7914	  0.9272	   0.7914	  0.8211	 16.9833	  0.0000	  0.0000
2018	186	   2	  0	185.0833	 17.5959	 -7.8446	   1.3046	    0.0000	   0.0000	  0.0000	  0.0000	  0.0000	  0.0000	  0.0000	  0.0000	378.4223	372.6650	367.6920	367.6920	367.6920	367.6920	 10.8010	 50.3734	  0.5354	   0.0000	  0.0000	    0.7914	  0.9272	   0.7914	  0.8197	 16.9083	  0.0000	  0.0000
2018	186	   3	  0	185.1250	 31.0836	 -4.3039	   8.3598	    0.0000	   0.0000	  0.0000	  0.0000	  0.0000	  0.0000	  0.0000	  0.0000	376.7670	373.1362	366.0825	366.0825	366.0825	366.0825	 10.5139	 50.4059	  0.6753	   0.0000	  0.0000	    0.7914	  0.9272	   0.7914	  0.8179	 17.0000	  0.0000	  0.0000
2018	186	   4	  0	185.1667	 44.0180	  0.8553	  38.6004	  262.1379	  20.1626	 29.4662	  1.5010	  6.4141	  6.4141	  8.1433	  8.1773	372.8545	374.1562	360.7361	360.7361	362.2859	362.2859	 10.8525	 38.0010	  0.9808	   0.0078	  0.0343	    0.7914	  0.9272	   0.7914	  0.8134	 17.1625	  3.0415	  0.0000
2018	186	   5	  0	185.2083	 56.4221	  6.6573	 117.9542	  754.6053	  28.1478	116.5602	  2.2001	 10.2032	 10.2032	 11.0010	 11.7005	371.6693	375.8985	361.4470	361.6519	363.5079	363.5079	 12.1813	123.1112	  1.0000	   0.0023	  0.1003	    0.7914	  0.9272	   0.7914	  0.8113	 17.5167	  6.9948	  0.4274
2018	186	   6	  0	185.2500	 68.4858	 13.6631	 190.7323	  540.5410	  68.6019	186.9005	  6.1623	 23.5057	 23.5057	 41.1480	 66.3893	372.5524	382.8966	367.6327	369.6303	368.7718	368.7718	 17.1371	250.0551	  0.9702	   0.0865	  0.1857	    0.7914	  0.9272	   0.7914	  0.8102	 18.0792	  9.1296	  2.6299
2018	186	   7	  0	185.2917	 80.5356	 21.3241	 179.0048	  110.1775	 141.5714	170.1337	 10.6692	 44.1088	 44.1088	 45.3481	 50.4254	372.2386	380.3809	369.8424	371.9565	371.7323	371.7323	 18.2656	384.6467	  0.6775	   0.0741	  0.2651	    0.7914	  0.9272	   0.7914	  0.8101	 18.0750	  4.7052	  2.0098
2018	186	   8	  0	185.3333	 93.0509	 29.2731	 159.8365	   14.1088	 152.9421	150.1022	 11.3357	 46.8229	 46.7186	 46.7318	 48.2867	372.2738	379.5745	373.5006	373.5148	372.4231	374.0732	 18.5574	516.9959	  0.4667	   0.1284	  0.3316	    0.7914	  0.9272	   0.7914	  0.8108	 17.9083	  2.6143	  1.3832
2018	186	   9	  0	185.3750	106.6834	 37.1214	 275.5544	   44.4932	 247.8291	259.8552	 18.7447	 77.9662	 75.6911	 75.6911	 82.0101	373.2586	382.7847	375.3621	375.3663	373.7544	375.3621	 23.0940	638.0149	  0.5516	   0.1772	  0.3904	    0.7914	  0.9272	   0.7914	  0.8109	 18.2708	  3.2033	  1.9036
2018	186	  10	  0	185.4167	122.2757	 44.3699	 468.7685	  226.7388	 308.8783	449.7649	 26.3041	118.1171	 97.2028	 97.2028	128.5676	374.0727	393.2480	379.6165	382.9264	380.9576	379.6165	 28.8528	739.9676	  0.7279	   0.2320	  0.4439	    0.7914	  0.9272	   0.7914	  0.8086	 18.9333	  8.0661	  5.1288
2018	186	  11	  0	185.4583	140.7611	 50.3343	 617.6531	  397.2479	 311.5029	599.1387	 31.5064	160.6426	102.0535	102.0535	149.0731	374.7784	409.2300	388.1891	393.1404	395.0159	388.1891	 33.2983	815.8432	  0.8341	   0.2979	  0.4821	    0.7914	  0.9272	   0.7914	  0.8046	 19.8417	 13.1514	  8.7382
2018	186	  12	  0	185.5000	162.5410	 54.1192	 685.7044	  459.3112	 313.3425	667.3698	 35.3847	195.6109	104.8609	104.8609	132.3207	376.1781	419.6808	393.8649	395.5555	405.4951	393.8649	 35.2668	858.9740	  0.8648	   0.3545	  0.4987	    0.7914	  0.9272	   0.7914	  0.8044	 20.1375	 15.5182	 10.6394
2018	186	  13	  0	185.5417	186.3503	 54.8881	 774.4560	  632.8470	 256.8197	760.3827	 36.7096	225.7513	109.6486	 93.0002	 94.4176	379.1629	434.4647	400.4748	400.0758	419.4256	401.2526	 36.7488	866.9340	  0.9580	   0.3700	  0.5000	    0.7914	  0.9272	   0.7914	  0.8055	 20.2167	 21.7349	 15.2119
2018	186	  14	  0	185.5833	209.3647	 52.4374	 743.8369	  625.2656	 247.9945	730.2292	 33.3966	197.1636	148.7561	 89.1362	 89.1362	380.3250	432.1881	399.9837	399.9837	417.2185	408.2397	 36.6926	839.8955	  0.9568	   0.3257	  0.4929	    0.7914	  0.9272	   0.7914	  0.8055	 20.5083	 22.5192	 15.9588
2018	186	  15	  0	185.6250	229.4226	 47.3729	 637.0071	  510.6572	 260.7948	622.0449	 28.6231	148.6544	157.2417	 88.7938	 88.7938	377.7568	419.6864	393.9191	393.9191	404.1492	406.2535	 33.9489	780.0008	  0.9025	   0.2641	  0.4639	    0.7914	  0.9272	   0.7914	  0.8034	 20.4375	 19.6779	 14.0291
2018	186	  16	  0	185.6667	246.2643	 40.6235	 515.5550	  410.4024	 247.7258	500.9406	 23.5476	107.9301	140.1916	 81.6323	 81.6323	376.2310	410.3508	389.6148	389.6148	393.9231	402.8443	 30.4734	690.3594	  0.8550	   0.2067	  0.4165	    0.7914	  0.9272	   0.7914	  0.8025	 20.4083	 17.2198	 12.2745
2018	186	  17	  0	185.7083	260.6961	 32.9816	 382.1804	  301.4550	 217.1080	369.0595	 18.3350	 76.0847	105.8617	 69.7844	 69.7844	376.4373	401.5416	385.7079	385.7079	385.5316	397.1771	 26.3674	576.7681	  0.8010	   0.1448	  0.3590	    0.7914	  0.9272	   0.7914	  0.8045	 20.2833	 14.3453	 10.1604
2018	186	  18	  0	185.7500	273.6425	 25.0200	 245.9952	  175.5273	 170.3724	235.4567	 13.3568	 53.7603	 70.5472	 54.4585	 53.6420	374.6462	393.0433	379.6536	381.0520	380.7025	388.8019	 22.0006	447.9597	  0.7266	   0.1035	  0.2973	    0.7914	  0.9272	   0.7914	  0.8058	 19.6667	 10.6835	  7.4689
2018	186	  19	  0	185.7917	285.8402	 17.1716	 117.8775	   40.7702	 104.8915	111.2386	  7.8026	 32.4248	 34.8174	 33.0250	 32.4248	374.2937	386.4199	377.4122	378.2064	378.2064	381.6678	 17.6020	312.5359	  0.6078	   0.0707	  0.2239	    0.7914	  0.9272	   0.7914	  0.8087	 19.0833	  6.6549	  4.5533
2018	186	  20	  0	185.8333	297.8453	  9.8021	  36.0175	    6.3628	  34.8253	 33.7993	  2.5707	 10.7096	 11.1004	 10.8829	 10.7096	377.2813	382.8058	377.2173	376.8563	376.8563	379.6717	 14.1583	180.1755	  0.5124	   0.0448	  0.1432	    0.7914	  0.9272	   0.7914	  0.8138	 18.5750	  6.7170	  4.4425
2018	186	  21	  0	185.8750	310.0590	  3.3299	   4.6217	    0.7089	   4.5628	  4.3306	  0.3356	  1.4116	  1.4131	  1.4131	  1.4116	377.0658	377.7458	374.4036	371.7587	371.7587	375.2630	 11.9965	 62.3360	  0.5633	   0.0071	  0.0664	    0.7914	  0.9272	   0.7914	  0.8146	 17.8125	  9.3065	  5.8546
2018	186	  22	  0	185.9167	322.7335	 -1.9480	   0.3312	    0.0701	   0.0688	  0.0649	  0.0051	  0.0213	  0.0213	  0.0213	  0.0213	372.3596	374.9184	369.8246	369.2452	369.2452	369.7750	 11.0700	 46.9752	  0.5472	   0.0000	  0.0011	    0.7914	  0.9272	   0.7914	  0.8123	 17.3458	  1.3095	  0.7982
2018	186	  23	  0	185.9583	335.9745	 -6.5586	   0.0208	    0.0000	   0.0000	  0.0000	  0.0000	  0.0000	  0.0000	  0.0000	  0.0000	369.6009	373.0085	367.7950	367.7950	367.7950	367.7950	 10.7203	 50.5464	  0.5099	   0.0000	  0.0000	    0.7914	  0.9272	   0.7914	  0.8101	 16.9750	  0.0000	  0.0000
2018	187	   0	  0	186.0000	349.1273	 -8.8979	   0.0000	    0.0000	   0.0000	  0.0000	  0.0000	  0.0000	  0.0000	  0.0000	  0.0000	366.9863	371.0830	365.7973	365.7973	365.7973	365.7973	 10.3283	 50.5893	  0.5095	   0.0000	  0.0000	    0.7914	  0.9272	   0.7914	  0.8079	 16.6000	  0.0000	  0.0000
