Year	DOY	Hour	Min	 Dectime	 azimuth	altitude	GlobalRad	DiffuseRad	DirectRad	 Kdown2d	   Kup2d	  Ksouth	   Kwest	  Knorth	   Keast	 Ldown2d	   Lup2d	  Lsouth	   Lwest	  Lnorth	   Least	    Tmrt	      I0	      CI	SH_Ground	SH_Walls	SVF_Ground	SVF_Roof	SVF_BdVeg	Emis_Sky	      Ta	      Tg	      Tw
2018	179	   0	  0	178.0000	356.4845	 -8.9709	   0.0200	    0.0000	   0.0000	  0.0000	  0.0000	  0.0000	  0.0000	  0.0000	  0.0000	399.9033	391.8993	384.4123	384.4123	384.4123	384.4123	 14.0487	 51.3711	  0.5056	   0.0000	  0.0000	    0.9296	  0.9622	   0.9296	  0.8405	 18.9000	  0.0000	  0.0000
2018	179	   1	  0	178.0417	 94.0280	 -8.8721	   0.1496	    0.0000	   0.0000	  0.0000	  0.0000	  0.0000	  0.0000	  0.0000	  0.0000	396.6290	390.4482	382.6908	382.6908	382.6908	382.6908	 13.7132	 51.4319	  0.5081	   0.0000	  0.0000	    0.9296	  0.9622	   0.9296	  0.8374	 18.6292	  0.0000	  0.0000
2018	179	   2	  0	178.0833	 17.8353	 -7.3527	   2.4581	    0.0000	   0.0000	  0.0000	  0.0000	  0.0000	  0.0000	  0.0000	  0.0000	392.4796	386.6275	377.6318	377.6318	377.6318	377.6318	 12.7873	 51.5085	  0.5529	   0.0000	  0.0000	    0.9296	  0.9622	   0.9296	  0.8337	 17.9125	  0.0000	  0.0000
2018	179	   3	  0	178.1250	 31.2572	 -3.6372	  20.5810	    0.0000	   0.0000	  0.0000	  0.0000	  0.0000	  0.0000	  0.0000	  0.0000	393.7037	384.1521	368.8803	368.8803	368.8803	368.8803	 11.3088	 51.4897	  0.8351	   0.0000	  0.0000	    0.9296	  0.9622	   0.9296	  0.8349	 17.4458	  0.0000	  0.0000
2018	179	   4	  0	178.1667	 44.1327	  1.3362	  85.2542	  124.9597	  64.6102	 69.4547	  5.5104	 27.5459	 27.5459	 34.5596	 35.5003	396.7550	387.9864	368.2677	368.2677	368.5770	368.5770	 15.5909	 40.2682	  1.0000	   0.0546	  0.1055	    0.9296	  0.9622	   0.9296	  0.8377	 17.9417	  3.0100	  0.0000
2018	179	   5	  0	178.2083	 56.4888	  7.1897	 193.9660	  623.8272	 114.9400	190.3215	 10.8017	 49.7039	 49.7039	 95.9613	122.6419	400.6565	400.6436	378.8465	378.9845	379.0778	379.0778	 23.7473	131.2167	  1.0000	   0.1381	  0.3443	    0.9296	  0.9622	   0.9296	  0.8408	 19.4833	  7.2194	  0.5639
2018	179	   6	  0	178.2500	 68.5166	 14.2065	 323.6306	  681.8522	 155.9865	318.8216	 18.1826	 68.4911	 68.4911	142.9248	264.6512	397.8752	424.7382	395.6398	396.8668	395.3444	395.3444	 33.0494	257.2667	  1.0000	   0.3178	  0.4802	    0.9296	  0.9622	   0.9296	  0.8334	 21.6458	  9.8522	  3.0322
2018	179	   7	  0	178.2917	 80.5441	 21.8705	 456.5967	  712.4474	 191.1760	450.8387	 29.2646	 86.1090	 86.1090	142.5100	437.0182	397.3888	454.7352	413.7421	417.0249	413.5837	413.5837	 41.5105	390.9050	  1.0000	   0.5394	  0.5000	    0.9296	  0.9622	   0.9296	  0.8275	 23.2417	 12.3723	  5.5523
2018	179	   8	  0	178.3333	 93.0537	 29.8208	 581.4260	  734.4502	 216.2821	575.0591	 40.8657	127.4733	100.5037	103.6909	532.4692	404.0813	480.3595	429.4704	434.8049	429.5704	429.5446	 47.0353	520.6749	  1.0000	   0.6815	  0.5000	    0.9296	  0.9622	   0.9296	  0.8326	 24.0792	 14.7356	  7.9156
2018	179	   9	  0	178.3750	106.7055	 37.6697	 687.2823	  755.6792	 225.6423	680.8228	 50.9855	239.6951	108.8649	108.8649	544.2676	404.5066	503.3007	442.6068	449.2279	444.2432	442.6068	 52.3373	640.6453	  1.0000	   0.7632	  0.5000	    0.9296	  0.9622	   0.9296	  0.8293	 24.8333	 16.9007	 10.0807
2018	179	  10	  0	178.4167	122.3586	 44.9161	 766.0317	  774.0221	 219.7307	759.9609	 58.9324	348.8650	110.8930	110.8930	487.4509	396.9233	524.8115	453.0404	460.0753	457.2895	453.0404	 55.2958	744.6691	  1.0000	   0.8166	  0.5000	    0.9296	  0.9622	   0.9296	  0.8137	 25.6333	 18.8298	 12.0098
2018	179	  11	  0	178.4583	140.9698	 50.8681	 811.1337	  822.3534	 172.9215	806.8287	 63.7950	438.9165	 97.3083	 97.3083	373.3097	389.9511	542.4092	461.0197	466.8815	468.4951	461.0197	 55.5709	822.6016	  1.0000	   0.8519	  0.5000	    0.9296	  0.9622	   0.9296	  0.7995	 26.1625	 20.4891	 13.6691
2018	179	  12	  0	178.5000	162.9446	 54.6170	 822.4575	  801.2556	 169.4040	818.3031	 65.7239	480.0511	 97.0068	 97.0068	216.7028	383.8700	553.0534	464.8379	467.5361	475.2676	464.8379	 53.7849	868.0585	  0.9985	   0.8707	  0.5000	    0.9296	  0.9622	   0.9296	  0.7896	 26.1375	 21.8495	 15.0295
2018	179	  13	  0	178.5417	186.9534	 55.3180	 796.4375	  721.0260	 203.4659	791.0137	 64.0531	461.0177	153.0250	107.5877	111.0378	378.7199	560.0609	468.0323	468.0211	479.7356	469.2109	 52.8209	878.5081	  0.9700	   0.8741	  0.5000	    0.9296	  0.9622	   0.9296	  0.7809	 26.1625	 22.8873	 16.0673
2018	179	  14	  0	178.5833	210.0765	 52.7825	 726.1021	  617.2048	 234.0481	719.4319	 58.1316	391.9476	272.6310	114.6676	114.6676	384.0065	555.0966	468.3934	468.3934	478.3418	473.7079	 53.7367	848.0859	  0.9261	   0.8616	  0.5000	    0.9296	  0.9622	   0.9296	  0.7888	 26.2458	 22.2779	 15.8332
2018	179	  15	  0	178.6250	230.1407	 47.6441	 585.1885	  423.4415	 271.7676	576.8584	 46.6154	273.4049	301.6215	121.0605	121.0605	387.7873	519.1578	453.9306	453.9306	459.1851	460.2926	 49.3116	784.3211	  0.8311	   0.8338	  0.5000	    0.9296	  0.9622	   0.9296	  0.7972	 26.0917	 16.8682	 12.0599
2018	179	  16	  0	178.6667	246.9396	 40.8462	 491.1592	  374.8570	 245.8383	483.5371	 38.3032	195.3064	312.6314	107.7441	107.7441	387.1759	505.7421	446.1552	446.1552	448.9632	453.5783	 45.6646	693.2183	  0.8165	   0.7894	  0.5000	    0.9296	  0.9622	   0.9296	  0.8008	 25.3500	 16.1796	 11.5653
2018	179	  17	  0	178.7083	261.3206	 33.1815	 383.1725	  312.7267	 211.2517	376.5346	 29.0851	120.4847	276.3427	 90.9969	 90.9969	396.5866	488.0878	437.7964	437.7964	438.5107	445.1450	 40.5983	576.1382	  0.8030	   0.7194	  0.5000	    0.9296	  0.9622	   0.9296	  0.8194	 24.4750	 15.1219	 10.7418
2018	179	  18	  0	178.7500	274.2233	 25.2186	 253.0598	  202.3481	 165.7718	247.7429	 18.9056	 70.2493	181.8426	 77.0814	 69.8261	389.4859	461.8015	423.7767	423.7348	423.6791	429.2974	 33.2704	449.4729	  0.7398	   0.6106	  0.5000	    0.9296	  0.9622	   0.9296	  0.8132	 23.8208	 11.8908	  8.3391
2018	179	  19	  0	178.7917	286.3867	 17.3859	 132.9092	   78.3554	 108.0853	129.3697	 10.1512	 45.0626	 77.2779	 53.2730	 45.0626	376.4604	433.7527	408.9109	408.2991	408.2991	411.6389	 25.2701	317.1391	  0.6485	   0.4141	  0.4977	    0.9296	  0.9622	   0.9296	  0.7995	 22.9583	  8.1025	  5.5669
2018	179	  20	  0	178.8333	298.3637	 10.0450	  43.2283	   10.5325	  41.2399	 41.8609	  3.5247	 17.3088	 19.4035	 18.3382	 17.3088	367.2016	415.1097	399.3760	398.3213	398.3213	400.6580	 18.7351	185.8453	  0.5406	   0.2045	  0.4162	    0.9296	  0.9622	   0.9296	  0.7922	 21.7417	  6.8554	  4.5559
2018	179	  21	  0	178.8750	310.5506	  3.6015	   6.0204	    1.5612	   5.8870	  5.8249	  0.4984	  2.4977	  2.6266	  2.5968	  2.4977	368.4018	404.7652	391.9018	389.7593	389.7593	392.3016	 15.2514	 67.7210	  0.5603	   0.0961	  0.2169	    0.9296	  0.9622	   0.9296	  0.7991	 20.3958	  9.0803	  5.7502
2018	179	  22	  0	178.9167	323.1939	 -1.5760	   0.2792	    0.1675	   0.1634	  0.1594	  0.0138	  0.0700	  0.0700	  0.0700	  0.0700	377.7319	392.6648	382.0759	381.3203	381.3203	381.9937	 13.3682	 44.7898	  0.5733	   0.0000	  0.0099	    0.9296	  0.9622	   0.9296	  0.8162	 19.0417	  2.6378	  1.6140
2018	179	  23	  0	178.9583	336.3936	 -6.1425	   0.0000	    0.0000	   0.0000	  0.0000	  0.0000	  0.0000	  0.0000	  0.0000	  0.0000	379.5493	387.2027	378.2178	378.2178	378.2178	378.2178	 12.7454	 51.7723	  0.5052	   0.0000	  0.0000	    0.9296	  0.9622	   0.9296	  0.8205	 18.0208	  0.0000	  0.0000
2018	180	   0	  0	179.0000	350.0729	 -8.4996	   0.0000	    0.0000	   0.0000	  0.0000	  0.0000	  0.0000	  0.0000	  0.0000	  0.0000	371.3208	387.2246	377.4853	377.4853	377.4853	377.4853	 12.5309	 51.9202	  0.5053	   0.0000	  0.0000	    0.9296	  0.9622	   0.9296	  0.8113	 18.0250	  0.0000	  0.0000
2018	180	   1	  0	179.0417	 93.9819	 -8.9155	   0.1531	    0.0000	   0.0000	  0.0000	  0.0000	  0.0000	  0.0000	  0.0000	  0.0000	356.3345	389.2670	377.7932	377.7932	377.7932	377.7932	 12.4352	 52.0305	  0.5089	   0.0000	  0.0000	    0.9296	  0.9622	   0.9296	  0.7920	 18.4083	  0.0000	  0.0000
2018	180	   2	  0	179.0833	 17.7960	 -7.4028	   2.9312	    0.0000	   0.0000	  0.0000	  0.0000	  0.0000	  0.0000	  0.0000	  0.0000	343.1161	385.4367	371.2524	371.2524	371.2524	371.2524	 11.1407	 52.3087	  0.5620	   0.0000	  0.0000	    0.9296	  0.9622	   0.9296	  0.7772	 17.6875	  0.0000	  0.0000
2018	180	   3	  0	179.1250	 31.2248	 -3.7535	  23.7140	    0.0000	   0.0000	  0.0000	  0.0000	  0.0000	  0.0000	  0.0000	  0.0000	335.7038	376.7012	353.4253	353.4253	353.4253	353.4253	  7.8846	 52.3878	  0.8579	   0.0000	  0.0000	    0.9296	  0.9622	   0.9296	  0.7734	 16.0250	  0.0000	  0.0000
2018	180	   4	  0	179.1667	 44.1068	  1.2842	  89.7579	  148.6910	  65.9750	 71.9800	  5.6347	 28.1456	 28.1456	 36.4352	 37.5462	333.7663	374.6939	346.3071	346.3071	346.6054	346.6054	 11.2904	 40.3937	  1.0000	   0.0541	  0.1031	    0.9296	  0.9622	   0.9296	  0.7729	 15.4167	  3.0162	  0.0000
2018	180	   5	  0	179.2083	 56.4681	  7.1305	 187.3952	  692.4112	 100.8701	184.2358	  9.7038	 43.8493	 43.8493	 94.5319	123.5567	331.7691	379.5002	348.6640	348.7923	348.8866	348.8866	 17.8008	133.7820	  1.0000	   0.1369	  0.3425	    0.9296	  0.9622	   0.9296	  0.7698	 15.5458	  7.1968	  0.5488
2018	180	   6	  0	179.2500	 68.4997	 14.1452	 383.6417	  742.5451	 201.7874	377.3412	 22.4459	 87.8094	 87.8094	168.4727	300.3026	331.6376	394.3926	357.7263	358.8766	357.4443	357.4443	 29.8266	262.8611	  1.0000	   0.3159	  0.4796	    0.9296	  0.9622	   0.9296	  0.7666	 16.2042	  9.8299	  3.0099
2018	180	   7	  0	179.2917	 80.5292	 21.8082	 499.7950	  775.7014	 211.6272	493.4083	 32.0771	 95.1496	 95.1496	156.5151	476.2682	333.8908	418.3355	371.4705	374.5384	371.3142	371.3142	 37.1908	399.4226	  1.0000	   0.5379	  0.5000	    0.9296	  0.9622	   0.9296	  0.7657	 17.0167	 12.3506	  5.5306
2018	180	   8	  0	179.3333	 93.0387	 29.7581	 620.2725	  796.6384	 225.0093	613.6835	 43.4372	134.2572	105.1484	108.6383	573.4190	337.7951	443.7182	386.5436	391.5576	386.6399	386.6107	 42.4860	533.4338	  1.0000	   0.6806	  0.5000	    0.9296	  0.9622	   0.9296	  0.7659	 18.0667	 14.7146	  7.8946
2018	180	   9	  0	179.3750	106.6869	 37.6072	 724.5892	  813.5676	 228.3458	718.1182	 53.5814	252.0349	111.3895	111.3895	580.2789	340.6118	466.5231	400.2000	406.4420	401.7446	400.2000	 47.9998	656.0610	  1.0000	   0.7627	  0.5000	    0.9296	  0.9622	   0.9296	  0.7649	 19.0167	 16.8805	 10.0605
2018	180	  10	  0	179.4167	122.3312	 44.8546	 804.6000	  826.7259	 221.7687	798.5443	 61.7829	367.3943	113.3163	113.3163	515.9297	340.2795	484.3380	409.7260	416.3377	413.7158	409.7260	 50.9720	759.2682	  1.0000	   0.8162	  0.5000	    0.9296	  0.9622	   0.9296	  0.7617	 19.4167	 18.8105	 11.9905
2018	180	  11	  0	179.4583	140.9262	 50.8097	 853.0533	  830.8390	 209.3331	847.5494	 67.2603	456.2190	111.8284	111.8284	392.8690	341.2296	502.1984	420.0166	425.5420	427.0533	420.0166	 51.8843	835.4639	  1.0000	   0.8515	  0.5000	    0.9296	  0.9622	   0.9296	  0.7588	 20.1417	 20.4705	 13.6505
2018	180	  12	  0	179.5000	162.8779	 54.5651	 860.1140	  835.0635	 179.7088	855.6788	 68.7391	502.1667	102.3275	102.3275	225.5723	340.7823	517.5760	428.7636	431.3373	438.6631	428.7636	 50.1594	880.4227	  1.0000	   0.8705	  0.5000	    0.9296	  0.9622	   0.9296	  0.7531	 20.9250	 21.8317	 15.0117
2018	180	  13	  0	179.5417	186.8660	 55.2765	 833.0752	  803.7369	 172.4137	828.8379	 66.7705	492.9907	148.8581	 98.6182	102.6058	337.4476	528.0972	434.2928	434.2875	445.4707	435.4093	 48.8263	891.5584	  0.9935	   0.8739	  0.5000	    0.9296	  0.9622	   0.9296	  0.7438	 21.5250	 22.8700	 16.0500
2018	180	  14	  0	179.5833	209.9808	 52.7528	 767.6838	  715.2686	 198.0878	762.3858	 61.1198	425.3131	288.5447	104.1730	104.1730	339.2379	534.8373	440.3672	440.3672	450.4983	445.8660	 50.9256	863.9555	  0.9588	   0.8615	  0.5000	    0.9296	  0.9622	   0.9296	  0.7420	 22.2333	 23.5376	 16.7261
2018	180	  15	  0	179.6250	230.0483	 47.6241	 668.4963	  617.0653	 212.2531	662.4700	 52.3598	326.0786	367.7556	104.1365	104.1365	341.6642	526.4751	438.6129	438.6129	445.6035	447.0765	 49.6401	800.7925	  0.9199	   0.8337	  0.5000	    0.9296	  0.9622	   0.9296	  0.7442	 22.5458	 22.4460	 16.0436
2018	180	  16	  0	179.6667	246.8549	 40.8323	 545.3215	  511.2170	 210.4076	539.0814	 41.7317	218.1148	376.5068	 97.6460	 97.6460	341.4954	506.8124	430.0838	430.0838	433.6320	439.2369	 45.2289	708.3644	  0.8773	   0.7893	  0.5000	    0.9296	  0.9622	   0.9296	  0.7453	 22.4458	 20.0546	 14.3316
2018	180	  17	  0	179.7083	261.2431	 33.1705	 408.6377	  388.2120	 195.1352	402.6303	 30.4480	123.3678	316.2624	 86.2669	 86.2669	352.4252	483.1017	421.7042	421.7042	422.5761	429.9602	 39.1009	588.2602	  0.8323	   0.7193	  0.5000	    0.9296	  0.9622	   0.9296	  0.7647	 22.2375	 17.1238	 12.1607
2018	180	  18	  0	179.7500	274.1515	 25.2078	 268.6896	  249.3405	 161.0128	263.5773	 19.6562	 69.2148	206.8130	 77.3224	 68.6491	356.3001	454.5775	409.6122	409.5341	409.4840	415.6959	 31.6621	456.1115	  0.7656	   0.6104	  0.5000	    0.9296	  0.9622	   0.9296	  0.7744	 21.7750	 13.2566	  9.2946
2018	180	  19	  0	179.7917	286.3188	 17.3731	 135.4973	   86.7386	 107.9841	131.9673	 10.2554	 45.1018	 80.8290	 54.1234	 45.1018	346.2763	424.2953	396.0006	395.3813	395.3813	398.7543	 23.1030	321.2718	  0.6510	   0.4136	  0.4976	    0.9296	  0.9622	   0.9296	  0.7632	 21.2292	  8.2873	  5.6924
2018	180	  20	  0	179.8333	298.2986	 10.0286	  46.8062	   12.8002	  44.4184	 45.3340	  3.8010	 18.6505	 21.1574	 19.8887	 18.6505	339.2222	407.1271	388.1113	387.0600	387.0600	389.3911	 16.7747	188.0767	  0.5578	   0.2043	  0.4158	    0.9296	  0.9622	   0.9296	  0.7578	 20.2958	  6.9186	  4.5959
2018	180	  21	  0	179.8750	310.4877	  3.5808	   6.9567	    2.2925	   6.7707	  6.7318	  0.5735	  2.8732	  3.0587	  3.0181	  2.8732	336.3935	396.8262	380.3428	378.2248	378.2248	380.7444	 12.9691	 68.2359	  0.5738	   0.0956	  0.2161	    0.9296	  0.9622	   0.9296	  0.7603	 18.9417	  9.1149	  5.7686
2018	180	  22	  0	179.9167	323.1336	 -1.6071	   0.3567	    0.2071	   0.1997	  0.1947	  0.0169	  0.0856	  0.0856	  0.0856	  0.0856	335.0803	385.2361	370.2977	369.5430	369.5430	370.2176	 10.8302	 45.3069	  0.5768	   0.0000	  0.0096	    0.9296	  0.9622	   0.9296	  0.7657	 17.6500	  2.6737	  1.6350
2018	180	  23	  0	179.9583	336.3369	 -6.1870	   0.0021	    0.0000	   0.0000	  0.0000	  0.0000	  0.0000	  0.0000	  0.0000	  0.0000	331.9871	374.9752	362.3367	362.3367	362.3367	362.3367	  9.3703	 52.4589	  0.5060	   0.0000	  0.0000	    0.9296	  0.9622	   0.9296	  0.7696	 15.6917	  0.0000	  0.0000
2018	181	   0	  0	180.0000	350.0212	 -8.5428	   0.0058	    0.0000	   0.0000	  0.0000	  0.0000	  0.0000	  0.0000	  0.0000	  0.0000	330.5850	365.4913	353.5062	353.5062	353.5062	353.5062	  7.7109	 52.3745	  0.5062	   0.0000	  0.0000	    0.9296	  0.9622	   0.9296	  0.7735	 13.8500	  0.0000	  0.0000
2018	181	   1	  0	180.0417	 93.9369	 -8.9655	   0.1802	    0.0000	   0.0000	  0.0000	  0.0000	  0.0000	  0.0000	  0.0000	  0.0000	328.3861	358.6019	346.8085	346.8085	346.8085	346.8085	  6.4201	 52.1402	  0.5102	   0.0000	  0.0000	    0.9296	  0.9622	   0.9296	  0.7740	 12.4875	  0.0000	  0.0000
2018	181	   2	  0	180.0833	 17.7586	 -7.4595	   2.7046	    0.0000	   0.0000	  0.0000	  0.0000	  0.0000	  0.0000	  0.0000	  0.0000	323.9661	352.4663	339.3065	339.3065	339.3065	339.3065	  4.9484	 52.1953	  0.5585	   0.0000	  0.0000	    0.9296	  0.9622	   0.9296	  0.7714	 11.2583	  0.0000	  0.0000
2018	181	   3	  0	180.1250	 31.1952	 -3.8262	  22.5377	    0.0000	   0.0000	  0.0000	  0.0000	  0.0000	  0.0000	  0.0000	  0.0000	323.2778	348.8640	327.6382	327.6382	327.6382	327.6382	  2.7627	 52.1931	  0.8446	   0.0000	  0.0000	    0.9296	  0.9622	   0.9296	  0.7717	 10.5292	  0.0000	  0.0000
2018	181	   4	  0	180.1667	 44.0842	  1.2268	  95.1450	   86.3935	  74.8016	 77.2627	  6.3532	 31.8571	 31.8571	 36.4557	 37.1504	327.5964	355.4497	328.8907	328.8907	329.1749	329.1749	  8.2449	 39.4881	  1.0000	   0.0535	  0.1005	    0.9296	  0.9622	   0.9296	  0.7745	 11.6542	  2.8134	  0.0000
2018	181	   5	  0	180.2083	 56.4513	  7.0659	 209.4506	  655.8704	 127.2648	205.4032	 11.8740	 54.9678	 54.9678	102.9703	130.8022	336.1424	371.9400	343.1141	343.2378	343.3358	343.3358	 18.1492	132.0808	  1.0000	   0.1355	  0.3406	    0.9296	  0.9622	   0.9296	  0.7793	 14.1000	  7.1710	  0.5316
2018	181	   6	  0	180.2500	 68.4872	 14.0785	 344.0331	  728.7790	 166.5272	338.8958	 19.3015	 73.0825	 73.0825	151.7928	280.0943	343.0316	394.0942	359.6847	360.8252	359.4083	359.4083	 28.2429	260.1498	  1.0000	   0.3139	  0.4790	    0.9296	  0.9622	   0.9296	  0.7815	 16.1750	  9.8045	  2.9845
2018	181	   7	  0	180.2917	 80.5192	 21.7408	 481.2310	  757.7396	 200.5109	475.1973	 30.7343	 90.3811	 90.3811	150.1864	461.7945	347.5244	422.3658	377.4537	380.5320	377.2998	377.2998	 37.2804	395.8212	  1.0000	   0.5363	  0.5000	    0.9296	  0.9622	   0.9296	  0.7814	 17.7583	 12.3258	  5.5058
2018	181	   8	  0	180.3333	 93.0288	 29.6903	 609.8123	  785.9246	 220.5554	603.3579	 42.6635	131.8858	103.1320	106.5687	564.8501	346.1090	448.0621	391.6934	396.7279	391.7882	391.7616	 42.8295	530.6053	  1.0000	   0.6798	  0.5000	    0.9296	  0.9622	   0.9296	  0.7743	 18.8333	 14.6906	  7.8706
2018	181	   9	  0	180.3750	106.6738	 37.5394	 718.7002	  808.9917	 225.9994	712.2993	 53.1129	250.0845	110.3029	110.3029	576.6487	343.4873	469.8093	403.3410	409.6023	404.8882	403.3410	 48.2163	654.5993	  1.0000	   0.7621	  0.5000	    0.9296	  0.9622	   0.9296	  0.7663	 19.5792	 16.8574	 10.0374
2018	181	  10	  0	180.4167	122.3094	 44.7876	 797.7846	  822.6198	 218.5285	791.8285	 61.2229	364.7059	111.8741	111.8741	512.8363	341.5314	488.9357	413.4224	420.0713	417.4307	413.4224	 51.2212	758.9124	  1.0000	   0.8158	  0.5000	    0.9296	  0.9622	   0.9296	  0.7596	 20.1708	 18.7883	 11.9683
2018	181	  11	  0	180.4583	140.8876	 50.7453	 842.1588	  823.7527	 204.5338	836.8007	 66.3655	451.2329	109.6568	109.6568	388.8599	343.5895	508.6454	425.2605	430.8360	432.3521	425.2605	 52.2105	835.2199	  1.0000	   0.8512	  0.5000	    0.9296	  0.9622	   0.9296	  0.7567	 21.1583	 20.4492	 13.6292
2018	181	  12	  0	180.5000	162.8147	 54.5066	 849.4985	  832.3308	 171.8362	845.3191	 67.8408	497.9147	 99.1087	 99.1087	222.9094	347.2871	523.2218	434.4007	437.0048	444.3655	434.4007	 50.5636	877.8211	  1.0000	   0.8702	  0.5000	    0.9296	  0.9622	   0.9296	  0.7583	 21.8000	 21.8112	 14.9912
2018	181	  13	  0	180.5417	186.7793	 55.2281	 820.4858	  771.4576	 186.7323	815.7112	 65.8395	481.9127	150.8080	102.9505	106.9292	345.7143	531.2517	438.7981	438.7962	450.0166	439.9043	 49.3502	887.1624	  0.9878	   0.8736	  0.5000	    0.9296	  0.9622	   0.9296	  0.7541	 22.0167	 22.8502	 16.0302
2018	181	  14	  0	180.5833	209.8833	 52.7163	 760.5281	  695.0581	 207.3224	754.8858	 60.6118	419.5500	285.8950	107.0255	107.0255	342.4570	532.6070	439.9555	439.9555	450.0092	445.3712	 50.7814	861.1054	  0.9536	   0.8613	  0.5000	    0.9296	  0.9622	   0.9296	  0.7485	 22.0375	 23.3856	 16.6123
2018	181	  15	  0	180.6250	229.9526	 47.5976	 665.6319	  606.7745	 217.2508	659.4215	 52.1799	324.3884	364.8115	105.7413	105.7413	337.1412	517.5416	431.8134	431.8134	438.5972	439.9988	 48.6828	800.7921	  0.9165	   0.8335	  0.5000	    0.9296	  0.9622	   0.9296	  0.7431	 21.5750	 22.0045	 15.7231
2018	181	  16	  0	180.6667	246.7662	 40.8123	 547.3062	  513.2496	 211.2518	541.0406	 41.8785	219.3445	377.8960	 98.0269	 98.0269	335.7291	499.4387	423.3782	423.3782	426.8878	432.3987	 44.3940	708.8214	  0.8798	   0.7892	  0.5000	    0.9296	  0.9622	   0.9296	  0.7428	 21.3542	 20.0011	 14.2887
2018	181	  17	  0	180.7083	261.1617	 33.1535	 410.9950	  396.4485	 193.1620	405.0630	 30.5575	123.7498	320.4624	 85.6533	 85.6533	337.5947	476.2461	413.4542	413.4542	414.3311	421.6262	 37.9408	591.8214	  0.8321	   0.7191	  0.5000	    0.9296	  0.9622	   0.9296	  0.7479	 21.1292	 17.1424	 12.1698
2018	181	  18	  0	180.7500	274.0759	 25.1910	 271.7258	  262.2429	 158.7347	266.7014	 19.7521	 68.5476	213.0337	 77.0414	 67.9195	335.9183	448.3625	400.6580	400.5747	400.5272	406.7627	 30.3162	460.4126	  0.7671	   0.6102	  0.5000	    0.9296	  0.9622	   0.9296	  0.7492	 20.6292	 13.4488	  9.4252
2018	181	  19	  0	180.7917	286.2475	 17.3544	 143.2396	  111.0137	 108.5303	139.7078	 10.5742	 45.5207	 90.3451	 57.0673	 45.5207	338.4538	420.2439	389.9993	389.2807	389.2807	393.0046	 22.5073	321.8845	  0.6745	   0.4129	  0.4976	    0.9296	  0.9622	   0.9296	  0.7567	 20.1833	  9.1165	  6.2583
2018	181	  20	  0	180.8333	298.2306	 10.0061	  47.4771	   12.6596	  45.0952	 45.9823	  3.8586	 18.9328	 21.4467	 20.1610	 18.9328	342.6801	401.3283	383.3683	382.3316	382.3316	384.6394	 16.0295	186.9136	  0.5621	   0.2039	  0.4153	    0.9296	  0.9622	   0.9296	  0.7685	 19.2417	  6.9167	  4.5923
2018	181	  21	  0	180.8750	310.4226	  3.5541	   6.8281	    2.0062	   6.6645	  6.6068	  0.5643	  2.8281	  2.9906	  2.9542	  2.8281	342.2828	391.7480	376.6091	374.5123	374.5123	377.0123	 12.3527	 67.4033	  0.5746	   0.0950	  0.2150	    0.9296	  0.9622	   0.9296	  0.7732	 18.0042	  9.1227	  5.7694
2018	181	  22	  0	180.9167	323.0717	 -1.6455	   0.3388	    0.1998	   0.1927	  0.1878	  0.0163	  0.0826	  0.0826	  0.0826	  0.0826	339.5070	381.0144	367.0681	366.3185	366.3185	366.9903	 10.2842	 44.8573	  0.5779	   0.0000	  0.0092	    0.9296	  0.9622	   0.9296	  0.7750	 16.8500	  2.6814	  1.6383
2018	181	  23	  0	180.9583	336.2793	 -6.2320	   0.0010	    0.0000	   0.0000	  0.0000	  0.0000	  0.0000	  0.0000	  0.0000	  0.0000	336.3462	374.4665	362.2913	362.2913	362.2913	362.2913	  9.4096	 52.0890	  0.5067	   0.0000	  0.0000	    0.9296	  0.9622	   0.9296	  0.7756	 15.5958	  0.0000	  0.0000
2018	182	   0	  0	181.0000	349.9696	 -8.5927	   0.0000	    0.0000	   0.0000	  0.0000	  0.0000	  0.0000	  0.0000	  0.0000	  0.0000	333.0405	368.5990	356.5844	356.5844	356.5844	356.5844	  8.3145	 52.0892	  0.5068	   0.0000	  0.0000	    0.9296	  0.9622	   0.9296	  0.7749	 14.4583	  0.0000	  0.0000
2018	182	   1	  0	181.0417	 93.8929	 -9.0223	   0.1415	    0.0000	   0.0000	  0.0000	  0.0000	  0.0000	  0.0000	  0.0000	  0.0000	329.7290	363.2250	351.2191	351.2191	351.2191	351.2191	  7.2720	 51.9032	  0.5101	   0.0000	  0.0000	    0.9296	  0.9622	   0.9296	  0.7736	 13.4042	  0.0000	  0.0000
2018	182	   2	  0	181.0833	 17.7231	 -7.5227	   2.5767	    0.0000	   0.0000	  0.0000	  0.0000	  0.0000	  0.0000	  0.0000	  0.0000	328.9485	356.5974	343.6284	343.6284	343.6284	343.6284	  5.8354	 51.8781	  0.5571	   0.0000	  0.0000	    0.9296	  0.9622	   0.9296	  0.7753	 12.0875	  0.0000	  0.0000
2018	182	   3	  0	181.1250	 31.1683	 -3.9072	  21.8960	    0.0000	   0.0000	  0.0000	  0.0000	  0.0000	  0.0000	  0.0000	  0.0000	327.6267	351.5570	330.7042	330.7042	330.7042	330.7042	  3.4147	 51.8803	  0.8398	   0.0000	  0.0000	    0.9296	  0.9622	   0.9296	  0.7754	 11.0750	  0.0000	  0.0000
2018	182	   4	  0	181.1667	 44.0650	  1.1641	  93.6165	   82.4555	  67.8576	 70.2467	  5.7642	 28.8846	 28.8846	 33.2247	 33.8828	328.2810	354.9385	328.5852	328.5852	328.8371	328.8371	  7.7347	 42.6498	  1.0000	   0.0528	  0.0968	    0.9296	  0.9622	   0.9296	  0.7754	 11.5583	  2.4945	  0.0000
2018	182	   5	  0	181.2083	 56.4385	  6.9958	 207.5388	  654.2740	 126.3085	203.5210	 11.7708	 54.5529	 54.5529	101.9581	129.4624	335.5968	368.2212	339.8484	339.9671	340.0736	340.0736	 17.4843	130.7328	  1.0000	   0.1340	  0.3385	    0.9296	  0.9622	   0.9296	  0.7801	 13.3917	  7.1421	  0.5132
2018	182	   6	  0	181.2500	 68.4791	 14.0066	 341.9927	  732.0074	 164.5222	336.9220	 19.0994	 72.2506	 72.2506	150.8281	278.9351	338.3218	391.9782	357.0813	358.2075	356.8118	356.8118	 27.6926	259.3591	  1.0000	   0.3117	  0.4783	    0.9296	  0.9622	   0.9296	  0.7765	 15.8083	  9.7759	  2.9559
2018	182	   7	  0	181.2917	 80.5140	 21.6682	 477.9906	  762.5559	 196.4115	472.0952	 30.3862	 88.7389	 88.7389	148.7862	461.4447	340.1197	424.9574	378.0245	381.1034	377.8735	377.8735	 37.1689	396.3335	  1.0000	   0.5346	  0.5000	    0.9296	  0.9622	   0.9296	  0.7691	 18.2458	 12.2978	  5.4778
2018	182	   8	  0	181.3333	 93.0241	 29.6175	 604.2425	  786.3926	 215.6839	597.9485	 42.1739	129.8221	101.1497	104.6034	562.8123	342.2334	452.9076	394.5842	399.6416	394.6778	394.6534	 42.9795	531.2397	  1.0000	   0.6788	  0.5000	    0.9296	  0.9622	   0.9296	  0.7646	 19.6792	 14.6635	  7.8435
2018	182	   9	  0	181.3750	106.6662	 37.4664	 709.6719	  804.0378	 220.8312	703.4341	 52.3812	246.9330	108.0840	108.0840	571.6728	344.4700	474.8968	407.3902	413.6863	408.9438	407.3902	 48.4181	654.0994	  1.0000	   0.7615	  0.5000	    0.9296	  0.9622	   0.9296	  0.7634	 20.4333	 16.8313	 10.0113
2018	182	  10	  0	181.4167	122.2932	 44.7151	 790.0912	  814.9750	 216.9627	784.1734	 60.6138	361.5045	110.9758	110.9758	508.5701	347.8303	494.8245	419.2447	425.9418	423.2789	419.2447	 51.7416	756.4226	  1.0000	   0.8153	  0.5000	    0.9296	  0.9622	   0.9296	  0.7641	 21.1250	 18.7632	 11.9432
2018	182	  11	  0	181.4583	140.8541	 50.6748	 838.4217	  818.0561	 205.8248	833.0092	 66.0666	449.3730	109.9246	109.9246	387.6317	350.2856	513.2289	430.2116	435.8211	437.3349	430.2116	 52.7806	832.1641	  1.0000	   0.8508	  0.5000	    0.9296	  0.9622	   0.9296	  0.7630	 21.8875	 20.4252	 13.6052
2018	182	  12	  0	181.5000	162.7549	 54.4416	 846.7088	  835.5203	 167.0002	842.6948	 67.5747	498.0111	 97.3040	 97.3040	222.1987	352.4256	528.5675	439.5022	442.1306	449.5279	439.5022	 51.1275	875.8347	  1.0000	   0.8699	  0.5000	    0.9296	  0.9622	   0.9296	  0.7615	 22.6250	 21.7880	 14.9680
2018	182	  13	  0	181.5417	186.6933	 55.1729	 817.4787	  770.5032	 184.9265	812.7615	 65.5774	481.1698	149.4781	102.1818	106.3029	351.1316	538.5336	445.3718	445.3730	456.6957	446.4741	 50.1204	885.7201	  0.9862	   0.8734	  0.5000	    0.9296	  0.9622	   0.9296	  0.7560	 23.1167	 22.8277	 16.0077
2018	182	  14	  0	181.5833	209.7839	 52.6731	 753.9377	  682.2368	 211.2211	748.1419	 60.1141	415.4035	283.0964	108.0629	108.0629	350.0399	538.3012	446.1268	446.1268	456.2304	451.5367	 51.4473	858.2565	  0.9490	   0.8611	  0.5000	    0.9296	  0.9622	   0.9296	  0.7549	 22.9750	 23.2762	 16.5281
2018	182	  15	  0	181.6250	229.8536	 47.5647	 660.4602	  599.1741	 217.9616	654.2128	 51.7873	322.1378	361.3782	105.7506	105.7506	349.7778	529.1108	443.1483	443.1483	450.0608	451.4725	 50.0453	797.0355	  0.9140	   0.8333	  0.5000	    0.9296	  0.9622	   0.9296	  0.7528	 23.2958	 22.0317	 15.7368
2018	182	  16	  0	181.6667	246.6738	 40.7861	 540.7937	  504.9753	 210.3174	534.5466	 41.3949	217.2591	372.6013	 97.4147	 97.4147	347.5938	513.5988	436.7358	436.7358	440.3253	445.9093	 45.9905	706.7250	  0.8729	   0.7890	  0.5000	    0.9296	  0.9622	   0.9296	  0.7479	 23.5833	 19.9365	 14.2374
2018	182	  17	  0	181.7083	261.0766	 33.1305	 406.6156	  393.4038	 190.6374	400.7635	 30.2163	122.6598	317.5013	 84.5721	 84.5721	345.8432	489.4431	425.3859	425.3859	426.2888	433.7224	 39.4888	591.2649	  0.8255	   0.7188	  0.5000	    0.9296	  0.9622	   0.9296	  0.7481	 23.2375	 17.1435	 12.1658
2018	182	  18	  0	181.7500	273.9968	 25.1682	 269.0827	  263.2829	 155.7737	264.1575	 19.5148	 67.4109	212.3503	 75.7637	 66.7389	344.1176	462.5847	413.4278	413.3482	413.3009	419.7312	 32.1670	460.1114	  0.7620	   0.6098	  0.5000	    0.9296	  0.9622	   0.9296	  0.7482	 22.9375	 13.5569	  9.4968
2018	182	  19	  0	181.7917	286.1730	 17.3295	 142.0198	  114.0616	 106.4444	138.5593	 10.4288	 44.6905	 90.6098	 56.4799	 44.6905	342.6816	431.7580	400.2327	399.4929	399.4929	403.3491	 24.1252	321.9657	  0.6708	   0.4121	  0.4975	    0.9296	  0.9622	   0.9296	  0.7519	 22.1500	  9.2408	  6.3405
2018	182	  20	  0	181.8333	298.1598	  9.9774	  46.9571	   13.2179	  44.4833	 45.4828	  3.8086	 18.6788	 21.2896	 19.9528	 18.6788	341.6326	411.0451	391.7570	390.7043	390.7043	393.0590	 17.4313	187.1308	  0.5595	   0.2034	  0.4147	    0.9296	  0.9622	   0.9296	  0.7576	 21.0042	  6.9356	  4.6021
2018	182	  21	  0	181.8750	310.3552	  3.5213	   6.5377	    2.1482	   6.3616	  6.3262	  0.5388	  2.6999	  2.8732	  2.8337	  2.6999	340.1232	401.1865	384.7313	382.5656	382.5656	385.1479	 13.7561	 67.0806	  0.5720	   0.0943	  0.2138	    0.9296	  0.9622	   0.9296	  0.7618	 19.7417	  9.2532	  5.8455
2018	182	  22	  0	181.9167	323.0081	 -1.6911	   0.2979	    0.1787	   0.1718	  0.1674	  0.0145	  0.0737	  0.0737	  0.0737	  0.0737	336.7959	386.6145	371.6743	370.9158	370.9158	371.5974	 11.0969	 44.6754	  0.5782	   0.0000	  0.0087	    0.9296	  0.9622	   0.9296	  0.7669	 17.9083	  2.6805	  1.6362
2018	182	  23	  0	181.9583	336.2209	 -6.2838	   0.0000	    0.0000	   0.0000	  0.0000	  0.0000	  0.0000	  0.0000	  0.0000	  0.0000	334.3990	377.0248	364.4061	364.4061	364.4061	364.4061	  9.7796	 51.9350	  0.5074	   0.0000	  0.0000	    0.9296	  0.9622	   0.9296	  0.7714	 16.0875	  0.0000	  0.0000
2018	183	   0	  0	182.0000	349.9181	 -8.6494	   0.0000	    0.0000	   0.0000	  0.0000	  0.0000	  0.0000	  0.0000	  0.0000	  0.0000	332.8349	368.7100	356.6436	356.6436	356.6436	356.6436	  8.3230	 51.8680	  0.5075	   0.0000	  0.0000	    0.9296	  0.9622	   0.9296	  0.7745	 14.4792	  0.0000	  0.0000
2018	183	   1	  0	182.0417	 93.8499	 -9.0858	   0.0510	    0.0000	   0.0000	  0.0000	  0.0000	  0.0000	  0.0000	  0.0000	  0.0000	332.2163	361.9798	350.3124	350.3124	350.3124	350.3124	  7.1275	 51.6333	  0.5090	   0.0000	  0.0000	    0.9296	  0.9622	   0.9296	  0.7769	 13.1583	  0.0000	  0.0000
2018	183	   2	  0	182.0833	 17.6896	 -7.5925	   1.9965	    0.0000	   0.0000	  0.0000	  0.0000	  0.0000	  0.0000	  0.0000	  0.0000	331.0864	357.2197	344.6893	344.6893	344.6893	344.6893	  6.0590	 51.6305	  0.5467	   0.0000	  0.0000	    0.9296	  0.9622	   0.9296	  0.7774	 12.2125	  0.0000	  0.0000
2018	183	   3	  0	182.1250	 31.1442	 -3.9918	  20.9546	    0.0000	   0.0000	  0.0000	  0.0000	  0.0000	  0.0000	  0.0000	  0.0000	329.7439	353.5402	333.0273	333.0273	333.0273	333.0273	  3.8909	 51.6415	  0.8306	   0.0000	  0.0000	    0.9296	  0.9622	   0.9296	  0.7770	 11.4750	  0.0000	  0.0000
2018	183	   4	  0	182.1667	 44.0493	  1.0961	  91.9506	   74.9173	  67.2164	 69.1383	  5.7060	 28.6096	 28.6096	 32.4932	 33.0885	333.0647	358.2689	332.2186	332.2186	332.4732	332.4732	  8.3870	 41.6580	  1.0000	   0.0520	  0.0943	    0.9296	  0.9622	   0.9296	  0.7794	 12.2292	  2.4669	  0.0000
2018	183	   5	  0	182.2083	 56.4297	  6.9203	 206.7933	  648.6491	 126.9484	202.7512	 11.7977	 54.8073	 54.8073	101.3441	128.4303	338.3091	372.7739	344.2191	344.3348	344.4537	344.4537	 18.2143	129.3248	  1.0000	   0.1325	  0.3362	    0.9296	  0.9622	   0.9296	  0.7813	 14.2917	  7.1100	  0.4946
2018	183	   6	  0	182.2500	 68.4755	 13.9295	 342.7708	  731.2230	 166.4588	337.6331	 19.1918	 73.0247	 73.0247	150.9713	278.0080	340.0038	394.8833	359.8535	360.9736	359.5907	359.5907	 28.1588	257.9439	  1.0000	   0.3094	  0.4776	    0.9296	  0.9622	   0.9296	  0.7769	 16.3833	  9.7442	  2.9242
2018	183	   7	  0	182.2917	 80.5137	 21.5906	 481.5717	  761.1679	 201.4578	475.5050	 30.6948	 90.7299	 90.7299	150.4618	461.6569	344.5881	425.1975	379.2195	382.2826	379.0718	379.0718	 37.5258	394.1456	  1.0000	   0.5327	  0.5000	    0.9296	  0.9622	   0.9296	  0.7751	 18.3292	 12.2669	  5.4469
2018	183	   8	  0	182.3333	 93.0248	 29.5396	 612.5781	  786.8893	 224.6746	605.9836	 42.8583	133.4174	104.7094	108.1543	566.3266	348.0645	454.0551	396.8089	401.8566	396.9015	396.8782	 43.6736	528.5623	  1.0000	   0.6778	  0.5000	    0.9296	  0.9622	   0.9296	  0.7722	 19.9042	 14.6335	  7.8135
2018	183	   9	  0	182.3750	106.6643	 37.3883	 721.9688	  810.5630	 229.9674	715.4342	 53.3435	251.9140	111.8307	111.8307	579.2245	344.5446	476.4412	408.5901	414.8830	410.1411	408.5901	 49.0667	653.5104	  1.0000	   0.7608	  0.5000	    0.9296	  0.9622	   0.9296	  0.7619	 20.7167	 16.8024	  9.9824
2018	183	  10	  0	182.4167	122.2828	 44.6372	 803.9000	  825.4391	 224.2021	797.7562	 61.6839	367.9878	114.1118	114.1118	517.1354	342.3872	498.0501	420.2899	427.0053	424.3349	420.2899	 52.3577	759.0798	  1.0000	   0.8148	  0.5000	    0.9296	  0.9622	   0.9296	  0.7524	 21.6583	 18.7354	 11.9154
2018	183	  11	  0	182.4583	140.8258	 50.5983	 855.2206	  832.5245	 212.1152	849.6228	 67.3837	458.6248	112.8700	112.8700	395.9067	339.1052	519.3229	431.7316	437.3847	438.9028	431.7316	 53.4845	839.6704	  1.0000	   0.8504	  0.5000	    0.9296	  0.9622	   0.9296	  0.7390	 22.8417	 20.3984	 13.5784
2018	183	  12	  0	182.5000	162.6987	 54.3700	 862.5298	  843.5722	 176.8179	858.2028	 68.8565	506.5273	101.4243	101.4243	227.2677	341.2995	533.6435	440.2395	442.8934	450.3185	440.2395	 51.7052	883.5829	  1.0000	   0.8695	  0.5000	    0.9296	  0.9622	   0.9296	  0.7384	 23.4083	 21.7622	 14.9422
2018	183	  13	  0	182.5417	186.6082	 55.1109	 826.3996	  803.1900	 167.4914	822.3221	 66.1705	492.2448	145.1386	 96.5918	101.0791	347.3013	543.5525	447.7816	447.7859	459.1720	448.8770	 50.3800	889.2925	  0.9900	   0.8731	  0.5000	    0.9296	  0.9622	   0.9296	  0.7448	 23.8792	 22.8027	 15.9827
2018	183	  14	  0	182.5833	209.6830	 52.6231	 752.9192	  684.6263	 208.5749	747.2151	 60.0086	416.2415	281.9429	107.1001	107.1001	355.7350	544.8046	452.1033	452.1033	462.3081	457.5442	 52.1694	856.8133	  0.9494	   0.8608	  0.5000	    0.9296	  0.9622	   0.9296	  0.7580	 23.9292	 23.2793	 16.5233
2018	183	  15	  0	182.6250	229.7515	 47.5253	 654.2779	  573.9358	 230.5025	647.5709	 51.4313	317.9296	354.0712	109.8357	109.8357	370.1424	528.4679	447.6748	447.6748	454.5040	455.8456	 50.6016	787.2221	  0.9166	   0.8331	  0.5000	    0.9296	  0.9622	   0.9296	  0.7838	 23.4833	 21.6921	 15.4879
2018	183	  16	  0	182.6667	246.5776	 40.7537	 533.9317	  470.9433	 225.9067	527.1150	 41.0990	214.8477	359.0758	102.5971	102.5971	372.8300	507.5788	438.4233	438.4233	441.8897	447.2412	 46.1676	694.8115	  0.8762	   0.7887	  0.5000	    0.9296	  0.9622	   0.9296	  0.7905	 23.1375	 19.3415	 13.8069
2018	183	  17	  0	182.7083	260.9877	 33.1014	 399.8567	  358.4543	 203.0799	393.5470	 30.0104	123.9532	300.8975	 88.7519	 88.7519	371.7807	481.7762	425.6787	425.6787	426.5328	433.5488	 39.4611	580.8878	  0.8262	   0.7185	  0.5000	    0.9296	  0.9622	   0.9296	  0.7926	 22.5667	 16.3878	 11.6247
2018	183	  18	  0	182.7500	273.9142	 25.1394	 263.2919	  231.4653	 163.6918	258.0721	 19.4133	 70.0762	197.4702	 77.1501	 69.4368	371.4173	455.1422	413.5221	413.4769	413.4304	419.3954	 32.1113	451.5104	  0.7604	   0.6093	  0.5000	    0.9296	  0.9622	   0.9296	  0.7948	 22.2000	 12.7601	  8.9346
2018	183	  19	  0	182.7917	286.0954	 17.2986	 137.3244	   89.6972	 109.1328	133.7577	 10.3669	 45.5956	 82.1184	 54.7577	 45.5956	367.5743	425.5420	399.8035	399.1722	399.1722	402.6436	 23.9870	316.3137	  0.6640	   0.4111	  0.4974	    0.9296	  0.9622	   0.9296	  0.7940	 21.3875	  8.4866	  5.8202
2018	183	  20	  0	182.8333	298.0862	  9.9425	  44.2815	   10.6421	  42.2789	 42.8795	  3.6127	 17.7469	 19.8692	 18.7728	 17.7469	366.1463	405.9494	390.7831	389.7588	389.7588	392.0627	 17.3391	183.7190	  0.5500	   0.2028	  0.4139	    0.9296	  0.9622	   0.9296	  0.7978	 20.1042	  6.8609	  4.5493
2018	183	  21	  0	182.8750	310.2856	  3.4824	   5.5558	    1.2303	   5.4466	  5.3749	  0.4609	  2.3111	  2.4132	  2.3872	  2.3111	369.3081	397.3840	385.3268	383.1994	383.1994	385.7461	 14.0844	 65.3559	  0.5604	   0.0932	  0.2123	    0.9296	  0.9622	   0.9296	  0.8050	 19.0583	  9.1903	  5.8013
2018	183	  22	  0	182.9167	322.9431	 -1.7441	   0.2225	    0.1231	   0.1198	  0.1166	  0.0101	  0.0513	  0.0513	  0.0513	  0.0513	372.7200	387.1157	376.3124	375.5669	375.5669	376.2384	 12.2912	 43.6635	  0.5771	   0.0000	  0.0080	    0.9296	  0.9622	   0.9296	  0.8126	 18.0042	  2.6533	  1.6179
2018	183	  23	  0	182.9583	336.1618	 -6.3432	   0.0031	    0.0000	   0.0000	  0.0000	  0.0000	  0.0000	  0.0000	  0.0000	  0.0000	367.9091	381.8677	372.0801	372.0801	372.0801	372.0801	 11.5262	 51.0337	  0.5081	   0.0000	  0.0000	    0.9296	  0.9622	   0.9296	  0.8094	 17.0125	  0.0000	  0.0000
2018	184	   0	  0	183.0000	349.8668	 -8.7129	   0.0000	    0.0000	   0.0000	  0.0000	  0.0000	  0.0000	  0.0000	  0.0000	  0.0000	360.4610	376.8699	366.7209	366.7209	366.7209	366.7209	 10.4765	 51.1428	  0.5081	   0.0000	  0.0000	    0.9296	  0.9622	   0.9296	  0.8028	 16.0583	  0.0000	  0.0000
2018	184	   1	  0	183.0417	 93.8081	 -9.1559	   0.0612	    0.0000	   0.0000	  0.0000	  0.0000	  0.0000	  0.0000	  0.0000	  0.0000	359.9775	371.6845	361.7305	361.7305	361.7305	361.7305	  9.5579	 50.9598	  0.5098	   0.0000	  0.0000	    0.9296	  0.9622	   0.9296	  0.8036	 15.0583	  0.0000	  0.0000
2018	184	   2	  0	183.0833	 17.6582	 -7.6686	   1.9979	    0.0000	   0.0000	  0.0000	  0.0000	  0.0000	  0.0000	  0.0000	  0.0000	358.2853	366.5527	355.7172	355.7172	355.7172	355.7172	  8.4379	 50.9816	  0.5478	   0.0000	  0.0000	    0.9296	  0.9622	   0.9296	  0.8027	 14.0583	  0.0000	  0.0000
2018	184	   3	  0	183.1250	 31.1230	 -4.0840	  19.9498	    0.0000	   0.0000	  0.0000	  0.0000	  0.0000	  0.0000	  0.0000	  0.0000	355.3079	363.3916	345.1126	345.1126	345.1126	345.1126	  6.5008	 51.0309	  0.8273	   0.0000	  0.0000	    0.9296	  0.9622	   0.9296	  0.8002	 13.4375	  0.0000	  0.0000
2018	184	   4	  0	183.1667	 44.0372	  1.0227	  87.2527	   71.3851	  64.0521	 65.7927	  5.4363	 27.2652	 27.2652	 30.9136	 31.4734	359.3430	369.4615	346.0093	346.0093	346.2720	346.2720	 10.9833	 40.3273	  1.0000	   0.0509	  0.0917	    0.9296	  0.9622	   0.9296	  0.8035	 14.4375	  2.4681	  0.0000
2018	184	   5	  0	183.2083	 56.4250	  6.8395	 200.7819	  624.9261	 124.7401	196.8045	 11.5493	 53.8216	 53.8216	 98.0785	123.8759	367.6078	385.8742	360.4286	360.5428	360.6796	360.6796	 20.8481	126.4982	  1.0000	   0.1307	  0.3337	    0.9296	  0.9622	   0.9296	  0.8093	 16.8083	  7.0749	  0.4741
2018	184	   6	  0	183.2500	 68.4765	 13.8473	 333.2404	  699.0772	 165.7422	328.1065	 18.8338	 72.5266	 72.5266	146.4627	266.8649	377.3627	408.8611	378.5370	379.6736	378.2795	378.2795	 30.7774	252.6824	  1.0000	   0.3070	  0.4767	    0.9296	  0.9622	   0.9296	  0.8158	 18.9750	  9.7095	  2.8895
2018	184	   7	  0	183.2917	 80.5183	 21.5080	 466.3940	  726.1624	 200.0934	460.3413	 29.8601	 89.7299	 89.7299	146.4514	442.5240	384.0319	438.4371	397.9233	401.0396	397.7794	397.7794	 39.7040	386.3351	  1.0000	   0.5307	  0.5000	    0.9296	  0.9622	   0.9296	  0.8188	 20.6667	 12.2328	  5.4128
2018	184	   8	  0	183.3333	 93.0307	 29.4567	 589.2752	  748.3463	 221.3878	582.7446	 41.3096	129.8701	102.6175	105.8914	541.2461	389.7508	469.1585	417.7145	422.8657	417.8070	417.7866	 45.8013	517.7751	  1.0000	   0.6767	  0.5000	    0.9296	  0.9622	   0.9296	  0.8197	 22.4292	 14.6005	  7.7805
2018	184	   9	  0	183.3750	106.6680	 37.3052	 690.0942	  762.9698	 227.9219	683.5601	 51.0818	241.5864	109.7545	109.7545	549.7904	395.5234	491.0775	431.2972	437.7134	432.8747	431.2972	 51.0917	636.9184	  1.0000	   0.7601	  0.5000	    0.9296	  0.9622	   0.9296	  0.8243	 23.0833	 16.7705	  9.9505
2018	184	  10	  0	183.4167	122.2781	 44.5538	 768.1867	  775.7574	 224.1643	761.9632	 59.0237	351.2848	112.5022	112.5022	491.5517	395.6682	507.2406	439.5691	446.3616	443.6565	439.5691	 53.8632	737.5806	  1.0000	   0.8143	  0.5000	    0.9296	  0.9622	   0.9296	  0.8238	 23.1167	 18.7047	 11.8847
2018	184	  11	  0	183.4583	140.8028	 50.5160	 812.3587	  801.6836	 193.5491	807.3234	 63.9302	438.1212	104.4646	104.4646	376.6936	394.9127	523.2152	448.1106	453.7883	455.3035	448.1106	 54.3720	812.4558	  1.0000	   0.8500	  0.5000	    0.9296	  0.9622	   0.9296	  0.8208	 23.4625	 20.3689	 13.5489
2018	184	  12	  0	183.5000	162.6462	 54.2921	 803.7115	  733.8077	 208.0907	798.1398	 64.3833	461.7889	109.4294	109.4294	221.7693	395.4058	535.8215	455.2036	457.8693	465.2929	455.2036	 52.7744	855.2907	  0.9969	   0.8692	  0.5000	    0.9296	  0.9622	   0.9296	  0.8198	 23.7625	 21.7337	 14.9137
2018	184	  13	  0	183.5417	186.5243	 55.0421	 788.8735	  691.4488	 222.1551	782.7684	 63.4871	454.6946	156.0454	113.6439	117.4662	388.9820	549.4567	462.9650	462.9724	474.4340	464.0563	 52.3781	868.0434	  0.9730	   0.8727	  0.5000	    0.9296	  0.9622	   0.9296	  0.8050	 24.7667	 22.7750	 15.9550
2018	184	  14	  0	183.5833	209.5806	 52.5663	 732.9027	  639.6894	 224.8228	726.5758	 58.5370	400.9530	275.4686	111.7722	111.7722	375.3922	554.6512	465.1305	465.1305	475.2926	470.5057	 53.4778	849.4036	  0.9337	   0.8605	  0.5000	    0.9296	  0.9622	   0.9296	  0.7780	 25.7708	 22.7990	 16.1743
2018	184	  15	  0	183.6250	229.6464	 47.4793	 641.0037	  554.5064	 231.8852	634.2174	 50.4322	311.2936	345.4676	109.7123	109.7123	372.5306	536.1355	455.3658	455.3658	462.0827	463.3621	 51.1471	788.4607	  0.8986	   0.8328	  0.5000	    0.9296	  0.9622	   0.9296	  0.7776	 25.1875	 21.0121	 14.9956
2018	184	  16	  0	183.6667	246.4779	 40.7150	 522.4590	  449.2840	 228.7298	515.5159	 40.3106	210.7729	347.5527	103.0936	103.0936	378.0825	511.7101	444.1242	444.1242	447.4959	452.6669	 46.5269	693.9158	  0.8608	   0.7884	  0.5000	    0.9296	  0.9622	   0.9296	  0.7920	 24.3375	 18.6282	 13.2918
2018	184	  17	  0	183.7083	260.8952	 33.0662	 388.5742	  335.2302	 204.6852	382.1819	 29.2981	122.1506	287.1867	 88.8707	 88.8707	378.3911	486.4551	432.2351	432.2351	433.0493	439.7790	 39.9526	579.5609	  0.8084	   0.7181	  0.5000	    0.9296	  0.9622	   0.9296	  0.7958	 23.8750	 15.6116	 11.0690
2018	184	  18	  0	183.7500	273.8282	 25.1046	 252.9848	  206.9356	 163.8812	247.7350	 18.8429	 69.7734	183.6875	 75.7651	 69.1439	376.7500	456.7336	417.3699	417.3641	417.3170	422.8679	 32.2255	450.3018	  0.7392	   0.6087	  0.5000	    0.9296	  0.9622	   0.9296	  0.7988	 23.0042	 11.8783	  8.3131
2018	184	  19	  0	183.7917	286.0147	 17.2616	 130.6910	   70.6716	 108.3098	127.1386	 10.0686	 45.1031	 74.2191	 52.2276	 45.1031	377.8732	428.0132	404.5111	403.9687	403.9687	407.1367	 24.4623	314.3334	  0.6461	   0.4098	  0.4973	    0.9296	  0.9622	   0.9296	  0.8054	 22.1208	  7.8021	  5.3475
2018	184	  20	  0	183.8333	298.0101	  9.9014	  41.9871	    9.4942	  40.2054	 40.6536	  3.4328	 16.8758	 18.7665	 17.7858	 16.8758	379.3433	410.1731	396.4023	395.3828	395.3828	397.6899	 18.2830	181.9858	  0.5409	   0.2020	  0.4130	    0.9296	  0.9622	   0.9296	  0.8124	 20.8792	  6.8278	  4.5238
2018	184	  21	  0	183.8750	310.2139	  3.4375	   5.7925	    1.2992	   5.6867	  5.6036	  0.4812	  2.4134	  2.5174	  2.4930	  2.4134	378.5855	399.4890	388.0074	385.8539	385.8539	388.4353	 14.6602	 64.2645	  0.5713	   0.0919	  0.2105	    0.9296	  0.9622	   0.9296	  0.8154	 19.4500	  9.2717	  5.8460
2018	184	  22	  0	183.9167	322.8765	 -1.8044	   0.3021	    0.1640	   0.1425	  0.1387	  0.0120	  0.0612	  0.0612	  0.0612	  0.0612	377.4525	390.4482	379.8155	379.0496	379.0496	379.7419	 12.9644	 43.2945	  0.5822	   0.0000	  0.0072	    0.9296	  0.9622	   0.9296	  0.8168	 18.6292	  2.7152	  1.6539
2018	184	  23	  0	183.9583	336.1020	 -6.4111	   0.0052	    0.0000	   0.0000	  0.0000	  0.0000	  0.0000	  0.0000	  0.0000	  0.0000	375.7660	387.2027	377.7926	377.7926	377.7926	377.7926	 12.6319	 50.7142	  0.5087	   0.0000	  0.0000	    0.9296	  0.9622	   0.9296	  0.8164	 18.0208	  0.0000	  0.0000
2018	185	   0	  0	184.0000	349.8157	 -8.7831	   0.0000	    0.0000	   0.0000	  0.0000	  0.0000	  0.0000	  0.0000	  0.0000	  0.0000	374.7648	383.4927	374.1983	374.1983	374.1983	374.1983	 11.9789	 50.7059	  0.5087	   0.0000	  0.0000	    0.9296	  0.9622	   0.9296	  0.8164	 17.3208	  0.0000	  0.0000
2018	185	   1	  0	184.0417	 93.7675	 -9.2326	   0.0277	    0.0000	   0.0000	  0.0000	  0.0000	  0.0000	  0.0000	  0.0000	  0.0000	376.4308	380.0931	371.0784	371.0784	371.0784	371.0784	 11.4354	 50.5129	  0.5097	   0.0000	  0.0000	    0.9296	  0.9622	   0.9296	  0.8187	 16.6750	  0.0000	  0.0000
2018	185	   2	  0	184.0833	 17.6289	 -7.7512	   1.4258	    0.0000	   0.0000	  0.0000	  0.0000	  0.0000	  0.0000	  0.0000	  0.0000	378.2633	377.8027	368.3527	368.3527	368.3527	368.3527	 10.9701	 50.4795	  0.5374	   0.0000	  0.0000	    0.9296	  0.9622	   0.9296	  0.8207	 16.2375	  0.0000	  0.0000
2018	185	   3	  0	184.1250	 31.1047	 -4.1868	  15.1613	    0.0000	   0.0000	  0.0000	  0.0000	  0.0000	  0.0000	  0.0000	  0.0000	376.5482	376.2385	360.5626	360.5626	360.5626	360.5626	  9.6018	 50.5089	  0.7858	   0.0000	  0.0000	    0.9296	  0.9622	   0.9296	  0.8192	 15.9375	  0.0000	  0.0000
2018	185	   4	  0	184.1667	 44.0286	  0.9440	  70.7835	  120.2768	  50.1888	 54.4427	  4.2814	 21.4000	 21.4000	 27.7322	 28.5770	376.4794	379.1228	357.2471	357.2471	357.5159	357.5159	 12.5599	 39.0691	  1.0000	   0.0496	  0.0888	    0.9296	  0.9622	   0.9296	  0.8190	 16.2875	  2.6961	  0.0000
2018	185	   5	  0	184.2083	 56.4244	  6.7534	 185.6379	  636.1936	 109.7899	182.1575	 10.2675	 47.4924	 47.4924	 91.6613	117.2360	378.6923	390.0983	365.9873	366.0972	366.2495	366.2495	 21.0341	124.4510	  1.0000	   0.1290	  0.3310	    0.9296	  0.9622	   0.9296	  0.8200	 17.6208	  7.0368	  0.4519
2018	185	   6	  0	184.2500	 68.4819	 13.7600	 321.0569	  691.6821	 156.3556	316.2289	 17.9217	 68.5629	 68.5629	141.1109	259.3053	382.6105	409.9664	380.4825	381.6070	380.2341	380.2341	 30.5025	250.6227	  1.0000	   0.3044	  0.4758	    0.9296	  0.9622	   0.9296	  0.8213	 19.2125	  9.6717	  2.8517
2018	185	   7	  0	184.2917	 80.5279	 21.4205	 452.5294	  718.5954	 190.0112	446.8036	 28.7763	 85.5088	 85.5088	141.3497	433.4507	385.7785	438.1178	398.0743	401.1689	397.9350	397.9350	 39.1261	384.5530	  1.0000	   0.5285	  0.5000	    0.9296	  0.9622	   0.9296	  0.8210	 20.6583	 12.1959	  5.3759
2018	185	   8	  0	184.3333	 93.0420	 29.3690	 578.1358	  743.8431	 213.4018	571.8638	 40.4054	126.4836	 99.2952	102.5161	534.9125	387.4683	462.9649	412.3265	417.4017	412.4186	412.3986	 44.6605	516.3842	  1.0000	   0.6755	  0.5000	    0.9296	  0.9622	   0.9296	  0.8201	 21.4625	 14.5645	  7.7445
2018	185	   9	  0	184.3750	106.6774	 37.2170	 685.6917	  769.4985	 220.3803	679.4156	 50.6340	240.1250	106.8929	106.8929	550.6857	381.3966	485.9236	424.2254	430.5691	425.7888	424.2254	 49.9721	639.7791	  1.0000	   0.7593	  0.5000	    0.9296	  0.9622	   0.9296	  0.8080	 22.3042	 16.7358	  9.9158
2018	185	  10	  0	184.4167	122.2793	 44.4651	 765.2435	  787.9676	 213.5436	759.3908	 58.6638	351.3794	108.6504	108.6504	493.9960	373.2481	506.6393	434.1193	440.8867	438.1914	434.1193	 52.9604	745.2963	  1.0000	   0.8137	  0.5000	    0.9296	  0.9622	   0.9296	  0.7922	 23.0625	 18.6713	 11.8513
2018	185	  11	  0	184.4583	140.7851	 50.4278	 809.9577	  822.5918	 175.6416	805.5533	 63.5892	441.1454	 98.1452	 98.1452	377.3825	368.3742	523.7518	442.3659	448.0367	449.5470	442.3659	 53.3474	823.6757	  1.0000	   0.8495	  0.5000	    0.9296	  0.9622	   0.9296	  0.7813	 23.5792	 20.3367	 13.5167
2018	185	  12	  0	184.5000	162.5976	 54.2076	 819.8944	  799.6295	 171.5133	815.6592	 65.4191	482.0854	 97.5700	 97.5700	220.4009	367.4602	536.8785	449.3623	452.0355	459.4438	449.3623	 51.9162	868.2522	  0.9985	   0.8688	  0.5000	    0.9296	  0.9622	   0.9296	  0.7772	 23.9542	 21.7027	 14.8827
2018	185	  13	  0	184.5417	186.4417	 54.9665	 794.4004	  716.5237	 207.6412	788.8236	 63.8261	462.9591	151.8412	108.9000	113.0992	364.5632	543.1288	452.7133	452.7239	464.0589	453.7742	 50.9092	878.0774	  0.9691	   0.8724	  0.5000	    0.9296	  0.9622	   0.9296	  0.7727	 23.8917	 22.7362	 15.9187
2018	185	  14	  0	184.5833	209.4769	 52.5028	 731.1321	  630.0123	 231.0699	724.5792	 58.4294	399.4099	274.2985	113.8470	113.8470	368.3282	541.1994	454.3967	454.3967	464.1845	459.5464	 52.1194	849.3982	  0.9317	   0.8602	  0.5000	    0.9296	  0.9622	   0.9296	  0.7765	 24.2333	 22.3289	 15.8324
2018	185	  15	  0	184.6250	229.5384	 47.4269	 636.4204	  539.9796	 238.4110	629.3918	 50.1326	308.5427	341.2399	111.7697	111.7697	373.9311	529.5299	451.5653	451.5653	458.0894	459.3085	 50.5744	786.0448	  0.8954	   0.8325	  0.5000	    0.9296	  0.9622	   0.9296	  0.7836	 24.6000	 20.5570	 14.6636
2018	185	  16	  0	184.6667	246.3748	 40.6701	 517.3769	  442.0468	 228.6530	510.4250	 39.9370	209.2341	343.2430	102.8445	102.8445	370.5950	509.0530	441.3990	441.3990	444.6941	449.7046	 45.9400	696.2262	  0.8512	   0.7881	  0.5000	    0.9296	  0.9622	   0.9296	  0.7809	 24.2750	 18.1989	 12.9790
2018	185	  17	  0	184.7083	260.7992	 33.0249	 384.7867	  330.4678	 203.7383	378.4194	 29.0242	121.4764	283.7891	 88.3791	 88.3791	369.1736	483.5854	428.8888	428.8888	429.6836	436.2273	 39.2779	581.8307	  0.7996	   0.7176	  0.5000	    0.9296	  0.9622	   0.9296	  0.7830	 23.6750	 15.2693	 10.8206
2018	185	  18	  0	184.7500	273.7389	 25.0637	 252.8996	  211.4632	 162.0832	247.7134	 18.7775	 69.1513	185.3694	 75.1760	 68.4806	369.4565	457.3497	416.5724	416.5691	416.5236	422.1114	 32.0541	451.5474	  0.7378	   0.6080	  0.5000	    0.9296	  0.9622	   0.9296	  0.7876	 23.0750	 11.9538	  8.3609
2018	185	  19	  0	184.7917	285.9311	 17.2184	 130.5185	   73.0371	 107.4155	126.9975	 10.0213	 44.7626	 74.8249	 52.0560	 44.7626	373.4737	428.6118	404.3279	403.7842	403.7842	406.9858	 24.3889	314.4337	  0.6457	   0.4084	  0.4971	    0.9296	  0.9622	   0.9296	  0.7987	 22.2042	  7.8661	  5.3881
2018	185	  20	  0	184.8333	297.9314	  9.8541	  40.9210	    9.1152	  39.2100	 39.6205	  3.3473	 16.4582	 18.2777	 17.3280	 16.4582	379.8819	410.4694	396.8600	395.8470	395.8470	398.1509	 18.3069	181.1391	  0.5364	   0.2011	  0.4119	    0.9296	  0.9622	   0.9296	  0.8128	 20.9417	  6.8173	  4.5132
2018	185	  21	  0	184.8750	310.1401	  3.3865	   5.1708	    1.0292	   5.0824	  5.0020	  0.4300	  2.1570	  2.2403	  2.2191	  2.1570	382.8491	400.2083	389.3392	387.1921	387.1921	389.7755	 14.8965	 63.2458	  0.5645	   0.0904	  0.2086	    0.9296	  0.9622	   0.9296	  0.8200	 19.5958	  9.2648	  5.8357
2018	185	  22	  0	184.9167	322.8086	 -1.8721	   0.1979	    0.0660	   0.0649	  0.0633	  0.0055	  0.0278	  0.0278	  0.0278	  0.0278	382.8891	390.9838	381.5175	381.1693	381.1693	381.4920	 13.3458	 46.9915	  0.5412	   0.0000	  0.0057	    0.9296	  0.9622	   0.9296	  0.8230	 18.7292	  1.2579	  0.7677
2018	185	  23	  0	184.9583	336.0417	 -6.4799	   0.0000	    0.0000	   0.0000	  0.0000	  0.0000	  0.0000	  0.0000	  0.0000	  0.0000	380.8182	386.2970	377.3710	377.3710	377.3710	377.3710	 12.6084	 50.4517	  0.5091	   0.0000	  0.0000	    0.9296	  0.9622	   0.9296	  0.8221	 17.8500	  0.0000	  0.0000
2018	186	   0	  0	185.0000	349.7650	 -8.8600	   0.0000	    0.0000	   0.0000	  0.0000	  0.0000	  0.0000	  0.0000	  0.0000	  0.0000	378.9582	383.0957	374.1658	374.1658	374.1658	374.1658	 12.0169	 50.4673	  0.5092	   0.0000	  0.0000	    0.9296	  0.9622	   0.9296	  0.8208	 17.2458	  0.0000	  0.0000
2018	186	   1	  0	185.0417	 93.7282	 -9.3159	   0.0977	    0.0000	   0.0000	  0.0000	  0.0000	  0.0000	  0.0000	  0.0000	  0.0000	379.0376	381.7127	372.7943	372.7943	372.7943	372.7943	 11.7722	 50.3319	  0.5115	   0.0000	  0.0000	    0.9296	  0.9622	   0.9296	  0.8211	 16.9833	  0.0000	  0.0000
2018	186	   2	  0	185.0833	 17.6019	 -7.8401	   1.3046	    0.0000	   0.0000	  0.0000	  0.0000	  0.0000	  0.0000	  0.0000	  0.0000	377.6384	381.3179	371.7026	371.7026	371.7026	371.7026	 11.5684	 50.3567	  0.5355	   0.0000	  0.0000	    0.9296	  0.9622	   0.9296	  0.8197	 16.9083	  0.0000	  0.0000
2018	186	   3	  0	185.1250	 31.0893	 -4.2970	   8.3598	    0.0000	   0.0000	  0.0000	  0.0000	  0.0000	  0.0000	  0.0000	  0.0000	375.9093	381.8001	368.4802	368.4802	368.4802	368.4802	 11.0100	 50.3892	  0.6755	   0.0000	  0.0000	    0.9296	  0.9622	   0.9296	  0.8179	 17.0000	  0.0000	  0.0000
2018	186	   4	  0	185.1667	 44.0236	  0.8599	  38.6004	  262.2587	  20.1296	 30.0503	  1.7827	  8.6887	  8.6887	 24.0280	 25.4201	371.8324	383.8775	361.2706	361.2706	361.5423	361.5423	 12.0693	 38.0527	  0.9808	   0.0480	  0.0858	    0.9296	  0.9622	   0.9296	  0.8134	 17.1625	  3.0408	  0.0000
2018	186	   5	  0	185.2083	 56.4279	  6.6622	 117.9542	  753.7566	  28.1946	117.2198	  3.5565	 13.2187	 13.2187	 65.4232	 95.9732	370.4578	389.4306	364.0999	364.2039	364.3703	364.3703	 16.8583	123.1999	  1.0000	   0.1272	  0.3281	    0.9296	  0.9622	   0.9296	  0.8113	 17.5167	  6.9957	  0.4279
2018	186	   6	  0	185.2500	 68.4920	 13.6677	 190.7323	  540.0213	  68.6745	188.7245	  9.0645	 31.0514	 31.0514	 86.6581	169.5747	370.8352	402.3945	373.1000	374.1123	372.8977	372.8977	 22.6152	250.1378	  0.9702	   0.3017	  0.4749	    0.9296	  0.9622	   0.9296	  0.8102	 18.0792	  9.1288	  2.6300
2018	186	   7	  0	185.2917	 80.5425	 21.3282	 179.0048	  110.0868	 141.5947	174.3791	 13.6320	 58.6024	 58.6024	 68.6393	108.1329	370.6330	400.4046	379.4648	380.5357	379.6431	379.6431	 22.8510	384.7174	  0.6774	   0.5262	  0.5000	    0.9296	  0.9622	   0.9296	  0.8101	 18.0750	  4.7030	  2.0090
2018	186	   8	  0	185.3333	 93.0587	 29.2765	 159.8365	   14.1049	 152.9432	154.7640	 13.3349	 61.9367	 61.4065	 61.4802	 69.6479	370.8241	396.0444	382.6071	383.1977	382.4506	382.7030	 22.0265	517.0503	  0.4666	   0.6743	  0.5000	    0.9296	  0.9622	   0.9296	  0.8108	 17.9083	  2.6139	  1.3830
2018	186	   9	  0	185.3750	106.6925	 37.1238	 275.5544	   44.4768	 247.8378	267.3723	 22.8629	108.2875	 99.3762	 99.3762	124.6001	371.6703	401.7493	384.2518	385.0352	384.2190	384.2518	 27.8739	638.0502	  0.5516	   0.7585	  0.5000	    0.9296	  0.9622	   0.9296	  0.8109	 18.2708	  3.2026	  1.9031
2018	186	  10	  0	185.4167	122.2862	 44.3711	 468.7685	  226.7215	 308.8875	458.8552	 37.8904	200.8194	128.8244	128.8244	237.7605	371.7358	428.6893	394.6327	397.0977	396.1012	394.6327	 37.4873	739.9823	  0.7279	   0.8131	  0.5000	    0.9296	  0.9622	   0.9296	  0.8086	 18.9333	  8.0653	  5.1282
2018	186	  11	  0	185.4583	140.7729	 50.3338	 617.6531	  397.2582	 311.4972	607.9848	 49.8267	302.5734	136.3522	136.3522	270.7668	371.5268	461.1219	409.9720	413.2781	414.2301	409.9720	 44.2017	815.8373	  0.8341	   0.8490	  0.5000	    0.9296	  0.9622	   0.9296	  0.8046	 19.8417	 13.1512	  8.7379
2018	186	  12	  0	185.5000	162.5528	 54.1169	 685.7044	  459.3574	 313.3161	676.1257	 55.7036	361.9382	140.1755	140.1755	208.0241	372.5023	477.1036	417.9510	419.6080	424.6461	417.9510	 45.8623	858.9487	  0.8648	   0.8683	  0.5000	    0.9296	  0.9622	   0.9296	  0.8044	 20.1375	 15.5192	 10.6399
2018	186	  13	  0	185.5417	186.3604	 54.8841	 774.4560	  632.9432	 256.7662	767.0883	 62.5003	438.0072	164.8999	124.8744	128.1481	374.5541	512.6054	433.8305	433.8282	444.2354	434.8285	 48.8067	866.8921	  0.9580	   0.8720	  0.5000	    0.9296	  0.9622	   0.9296	  0.8055	 20.2167	 21.7370	 15.2130
2018	186	  14	  0	185.5833	209.3722	 52.4325	 743.8369	  625.3925	 247.9263	736.7138	 59.5129	404.3298	279.3290	120.2570	120.2570	375.5199	517.2354	436.9108	436.9108	446.4495	441.9017	 50.5320	839.8407	  0.9569	   0.8599	  0.5000	    0.9296	  0.9622	   0.9296	  0.8055	 20.5083	 22.5229	 15.9611
2018	186	  15	  0	185.6250	229.4279	 47.3679	 637.0071	  510.7893	 260.7280	629.1868	 50.3721	306.4714	336.1219	119.5611	119.5611	373.3191	497.3740	427.8235	427.8235	433.8123	434.8801	 47.7019	779.9377	  0.9026	   0.8322	  0.5000	    0.9296	  0.9622	   0.9296	  0.8034	 20.4375	 19.6821	 14.0319
2018	186	  16	  0	185.6667	246.2684	 40.6188	 515.5550	  410.5312	 247.6674	507.9233	 40.0449	208.7379	332.5661	109.4519	109.4519	372.1400	479.3906	419.7777	419.7777	422.7656	427.2876	 43.0911	690.2933	  0.8551	   0.7877	  0.5000	    0.9296	  0.9622	   0.9296	  0.8025	 20.4083	 17.2243	 12.2773
2018	186	  17	  0	185.7083	260.6998	 32.9775	 382.1804	  301.5684	 217.0642	375.3337	 29.1050	123.6866	271.2722	 93.0431	 93.0431	372.8433	458.5788	410.6247	410.6247	411.3387	417.2411	 36.6695	576.7046	  0.8010	   0.7171	  0.5000	    0.9296	  0.9622	   0.9296	  0.8045	 20.2833	 14.3494	 10.1631
2018	186	  18	  0	185.7500	273.6464	 25.0167	 245.9952	  175.6105	 170.3462	240.4998	 18.6352	 71.9034	168.5795	 76.4255	 71.2745	371.6955	432.6830	398.1073	398.1522	398.1085	402.8769	 28.9556	447.9040	  0.7267	   0.6072	  0.5000	    0.9296	  0.9622	   0.9296	  0.8058	 19.6667	 10.6867	  7.4709
2018	186	  19	  0	185.7917	285.8445	 17.1692	 117.8775	   40.7946	 104.8854	114.4177	  9.3963	 43.4319	 60.3797	 47.4151	 43.4319	372.0523	407.9300	388.0460	387.6577	387.6577	390.2022	 21.0376	312.4927	  0.6078	   0.4068	  0.4970	    0.9296	  0.9622	   0.9296	  0.8087	 19.0833	  6.6560	  4.5540
2018	186	  20	  0	185.8333	297.8502	  9.8006	  36.0175	    6.3649	  34.8251	 34.8617	  2.9658	 14.6130	 15.8830	 15.2166	 14.6130	375.2671	397.3050	384.9707	384.0026	384.0026	386.2139	 15.9591	180.1488	  0.5124	   0.2000	  0.4107	    0.9296	  0.9622	   0.9296	  0.8138	 18.5750	  6.7173	  4.4426
2018	186	  21	  0	185.8750	310.0644	  3.3295	   4.6217	    0.7091	   4.5628	  4.4700	  0.3858	  1.9365	  1.9933	  1.9791	  1.9365	374.9128	390.5090	379.5386	377.4216	377.4216	379.9735	 13.0639	 62.3285	  0.5633	   0.0887	  0.2064	    0.9296	  0.9622	   0.9296	  0.8146	 17.8125	  9.3064	  5.8545
2018	186	  22	  0	185.9167	322.7394	 -1.9472	   0.3312	    0.0701	   0.0688	  0.0670	  0.0058	  0.0295	  0.0295	  0.0295	  0.0295	371.1266	383.6236	373.3461	372.9882	372.9882	373.3208	 11.7687	 46.9601	  0.5472	   0.0000	  0.0052	    0.9296	  0.9622	   0.9296	  0.8123	 17.3458	  1.3094	  0.7981
2018	186	  23	  0	185.9583	335.9808	 -6.5567	   0.0208	    0.0000	   0.0000	  0.0000	  0.0000	  0.0000	  0.0000	  0.0000	  0.0000	368.5033	381.6693	371.8957	371.8957	371.8957	371.8957	 11.5000	 50.5297	  0.5100	   0.0000	  0.0000	    0.9296	  0.9622	   0.9296	  0.8101	 16.9750	  0.0000	  0.0000
2018	187	   0	  0	186.0000	349.1336	 -8.8951	   0.0000	    0.0000	   0.0000	  0.0000	  0.0000	  0.0000	  0.0000	  0.0000	  0.0000	365.8702	379.6991	369.8180	369.8180	369.8180	369.8180	 11.0970	 50.5725	  0.5096	   0.0000	  0.0000	    0.9296	  0.9622	   0.9296	  0.8079	 16.6000	  0.0000	  0.0000
