Year	DOY	Hour	Min	 Dectime	 azimuth	altitude	GlobalRad	DiffuseRad	DirectRad	 Kdown2d	   Kup2d	  Ksouth	   Kwest	  Knorth	   Keast	 Ldown2d	   Lup2d	  Lsouth	   Lwest	  Lnorth	   Least	    Tmrt	      I0	      CI	SH_Ground	SH_Walls	SVF_Ground	SVF_Roof	SVF_BdVeg	Emis_Sky	      Ta	      Tg	      Tw
2018	179	   0	  0	178.0000	356.4596	 -8.9665	   0.0200	    0.0000	   0.0000	  0.0000	  0.0000	  0.0000	  0.0000	  0.0000	  0.0000	400.3601	386.9416	381.5237	381.5237	381.5237	381.5237	 13.5239	 51.3839	  0.5056	   0.0000	  0.0000	    0.7794	  0.9238	   0.7794	  0.8405	 18.9000	  0.0000	  0.0000
2018	179	   1	  0	178.0417	 94.0030	 -8.8695	   0.1496	    0.0000	   0.0000	  0.0000	  0.0000	  0.0000	  0.0000	  0.0000	  0.0000	397.1491	385.5089	379.9234	379.9234	379.9234	379.9234	 13.2076	 51.4447	  0.5081	   0.0000	  0.0000	    0.7794	  0.9238	   0.7794	  0.8374	 18.6292	  0.0000	  0.0000
2018	179	   2	  0	178.0833	 17.8107	 -7.3537	   2.4581	    0.0000	   0.0000	  0.0000	  0.0000	  0.0000	  0.0000	  0.0000	  0.0000	393.0043	381.7365	375.5091	375.5091	375.5091	375.5091	 12.3851	 51.5214	  0.5529	   0.0000	  0.0000	    0.7794	  0.9238	   0.7794	  0.8337	 17.9125	  0.0000	  0.0000
2018	179	   3	  0	178.1250	 31.2335	 -3.6872	  20.5810	    0.0000	   0.0000	  0.0000	  0.0000	  0.0000	  0.0000	  0.0000	  0.0000	394.0898	379.2924	369.8325	369.8325	369.8325	369.8325	 11.4189	 51.5025	  0.8350	   0.0000	  0.0000	    0.7794	  0.9238	   0.7794	  0.8349	 17.4458	  0.0000	  0.0000
2018	179	   4	  0	178.1667	 44.1102	  1.3295	  85.2542	  123.7830	  64.6851	 67.5910	  4.7804	 20.6819	 20.6819	 20.6819	 20.6819	397.1309	382.0519	368.7267	368.7267	370.6406	370.6406	 14.5010	 40.1736	  1.0000	   0.0112	  0.0395	    0.7794	  0.9238	   0.7794	  0.8377	 17.9417	  3.0082	  0.0000
2018	179	   5	  0	178.2083	 56.4674	  7.1799	 193.9660	  623.4439	 115.0833	187.3098	  8.6453	 38.5176	 38.5176	 39.1416	 39.6920	401.3237	390.1448	376.4368	376.7167	378.6543	378.6543	 18.9773	131.0403	  1.0000	   0.0021	  0.1004	    0.7794	  0.9238	   0.7794	  0.8408	 19.4833	  7.2203	  0.5645
2018	179	   6	  0	178.2500	 68.4961	 14.1945	 323.6306	  681.8844	 156.1155	315.0150	 13.0852	 53.8921	 53.8921	 74.5585	106.1802	399.6248	406.3036	390.2243	392.7122	391.4245	391.4245	 25.7794	257.0552	  1.0000	   0.0852	  0.1812	    0.7794	  0.9238	   0.7794	  0.8334	 21.6458	  9.8528	  3.0328
2018	179	   7	  0	178.2917	 80.5237	 21.8570	 456.5967	  712.5165	 191.3059	446.4494	 16.2077	 67.6907	 67.6907	 74.2037	110.9702	400.0662	415.1246	397.7588	404.4161	399.2749	399.2749	 28.8910	390.6757	  1.0000	   0.0665	  0.2578	    0.7794	  0.9238	   0.7794	  0.8275	 23.2417	 12.3726	  5.5526
2018	179	   8	  0	178.3333	 93.0326	 29.8064	 581.4260	  734.5171	 216.4096	570.3912	 20.6897	 83.8167	 78.8335	 79.3912	157.2642	407.2509	425.4468	406.6034	416.0280	405.8682	407.2166	 33.0963	520.4458	  1.0000	   0.1238	  0.3196	    0.7794	  0.9238	   0.7794	  0.8326	 24.0792	 14.7356	  7.9156
2018	179	   9	  0	178.3750	106.6822	 37.6550	 687.2823	  755.7386	 225.7596	676.3230	 24.5068	114.7333	 85.2410	 85.2410	180.8145	408.3514	435.6894	414.1223	425.6769	415.5562	414.1223	 36.6329	640.4322	  1.0000	   0.1683	  0.3778	    0.7794	  0.9238	   0.7794	  0.8293	 24.8333	 16.9004	 10.0804
2018	179	  10	  0	178.4167	122.3312	 44.9021	 766.0317	  774.0723	 219.8291	756.0224	 27.9024	150.6335	 86.9068	 86.9068	186.8963	401.7060	447.6697	420.8588	433.2352	427.5712	420.8588	 39.3282	744.4869	  1.0000	   0.2176	  0.4322	    0.7794	  0.9238	   0.7794	  0.8137	 25.6333	 18.8292	 12.0092
2018	179	  11	  0	178.4583	140.9362	 50.8564	 811.1337	  822.5568	 172.8678	804.6905	 29.7526	187.7025	 76.8191	 76.8191	165.8443	395.5307	460.0730	427.2944	437.2822	440.5380	427.2944	 40.5464	822.4641	  1.0000	   0.2757	  0.4738	    0.7794	  0.9238	   0.7794	  0.7995	 26.1625	 20.4882	 13.6682
2018	179	  12	  0	178.5000	162.9041	 54.6094	 822.4575	  801.4756	 169.2870	816.3401	 32.7961	220.7869	 77.3671	 77.3671	121.8593	390.0077	468.8655	430.9213	434.4969	450.1617	430.9213	 40.8862	867.9767	  0.9985	   0.3260	  0.4938	    0.7794	  0.9238	   0.7794	  0.7896	 26.1375	 21.8485	 15.0285
2018	179	  13	  0	178.5417	186.9097	 55.3162	 796.4375	  721.0732	 203.4402	787.7730	 34.0959	222.4155	102.8884	 85.6813	 87.0629	385.3162	472.7281	432.6857	432.1895	454.5167	433.6270	 40.9301	878.4891	  0.9700	   0.3378	  0.4965	    0.7794	  0.9238	   0.7794	  0.7809	 26.1625	 22.8861	 16.0661
2018	179	  14	  0	178.5833	210.0351	 52.7866	 726.1021	  617.1054	 234.1011	714.8297	 31.4203	187.1686	144.7506	 90.5450	 90.5450	390.3725	466.7392	431.2577	431.2577	449.5297	440.1056	 40.7655	848.1320	  0.9261	   0.2983	  0.4852	    0.7794	  0.9238	   0.7794	  0.7888	 26.2458	 22.2733	 15.8296
2018	179	  15	  0	178.6250	230.1048	 47.6527	 585.1885	  423.2518	 271.8644	570.3327	 27.5346	140.1462	147.7102	 95.1039	 95.1039	393.0235	450.5244	424.6999	424.6999	433.4508	435.6796	 37.8454	784.4297	  0.8309	   0.2438	  0.4518	    0.7794	  0.9238	   0.7794	  0.7972	 26.0917	 16.8593	 12.0533
2018	179	  16	  0	178.6667	246.9091	 40.8579	 491.1592	  374.5656	 245.9699	477.4564	 22.8456	106.1597	134.5013	 84.5721	 84.5721	392.1280	440.2147	417.9880	417.9880	421.7945	431.1369	 34.5306	693.3830	  0.8163	   0.1928	  0.4023	    0.7794	  0.9238	   0.7794	  0.8008	 25.3500	 16.1663	 11.5555
2018	179	  17	  0	178.7083	261.2941	 33.1951	 383.1725	  312.3504	 211.3952	371.1295	 18.0206	 77.1014	106.5872	 71.3979	 71.3979	400.7848	429.0701	411.7018	411.7018	411.2840	424.7190	 30.7262	576.3472	  0.8027	   0.1365	  0.3442	    0.7794	  0.9238	   0.7794	  0.8194	 24.4750	 15.1044	 10.7291
2018	179	  18	  0	178.7500	274.1994	 25.2331	 253.0598	  201.9648	 165.8892	243.2834	 13.1698	 54.7275	 72.4804	 55.6641	 54.6509	393.2167	420.1628	404.4038	405.8684	405.4460	415.2801	 26.3684	449.7147	  0.7394	   0.0955	  0.2848	    0.7794	  0.9238	   0.7794	  0.8132	 23.8208	 11.8727	  8.3262
2018	179	  19	  0	178.7917	286.3641	 17.4006	 132.9092	   78.1089	 108.1436	126.3166	  8.1426	 34.7669	 38.9346	 35.9153	 34.7669	379.8309	411.8587	399.1828	399.7813	399.7813	404.7121	 21.7685	317.3984	  0.6481	   0.0690	  0.2146	    0.7794	  0.9238	   0.7794	  0.7995	 22.9583	  8.0896	  5.5579
2018	179	  20	  0	178.8333	298.3416	 10.0592	  43.2283	   10.5034	  41.2426	 40.6631	  3.0555	 13.0691	 13.6142	 13.3154	 13.0691	370.4115	403.6297	394.1115	393.7799	393.7799	396.7136	 17.3714	186.1037	  0.5401	   0.0389	  0.1378	    0.7794	  0.9238	   0.7794	  0.7922	 21.7417	  6.8496	  4.5520
2018	179	  21	  0	178.8750	310.5282	  3.6141	   6.0204	    1.5510	   5.8874	  5.6532	  0.4342	  1.8727	  1.8780	  1.8780	  1.8727	371.5331	395.6036	389.0350	386.4690	386.4690	389.8497	 14.6215	 67.9511	  0.5594	   0.0118	  0.0687	    0.7794	  0.9238	   0.7794	  0.7991	 20.3958	  9.0674	  5.7420
2018	179	  22	  0	178.9167	323.1708	 -1.5637	   0.2792	    0.1675	   0.1635	  0.1548	  0.0121	  0.0520	  0.0520	  0.0520	  0.0520	379.3650	387.6974	381.1050	379.8767	379.8767	380.9408	 13.1261	 44.8353	  0.5722	   0.0000	  0.0019	    0.7794	  0.9238	   0.7794	  0.8162	 19.0417	  2.6194	  1.6028
2018	179	  23	  0	178.9583	336.3697	 -6.1447	   0.0000	    0.0000	   0.0000	  0.0000	  0.0000	  0.0000	  0.0000	  0.0000	  0.0000	380.5639	382.3044	375.8500	375.8500	375.8500	375.8500	 12.3074	 51.7852	  0.5052	   0.0000	  0.0000	    0.7794	  0.9238	   0.7794	  0.8205	 18.0208	  0.0000	  0.0000
2018	180	   0	  0	179.0000	350.0482	 -8.4936	   0.0000	    0.0000	   0.0000	  0.0000	  0.0000	  0.0000	  0.0000	  0.0000	  0.0000	372.6339	382.3260	375.3335	375.3335	375.3335	375.3335	 12.1313	 51.9308	  0.5052	   0.0000	  0.0000	    0.7794	  0.9238	   0.7794	  0.8113	 18.0250	  0.0000	  0.0000
2018	180	   1	  0	179.0417	 93.9570	 -8.9129	   0.1531	    0.0000	   0.0000	  0.0000	  0.0000	  0.0000	  0.0000	  0.0000	  0.0000	358.2679	384.3426	376.1367	376.1367	376.1367	376.1367	 12.1248	 52.0149	  0.5090	   0.0000	  0.0000	    0.7794	  0.9238	   0.7794	  0.7920	 18.4083	  0.0000	  0.0000
2018	180	   2	  0	179.0833	 17.7714	 -7.4038	   2.9312	    0.0000	   0.0000	  0.0000	  0.0000	  0.0000	  0.0000	  0.0000	  0.0000	345.3820	380.5607	370.7826	370.7826	370.7826	370.7826	 11.0321	 52.2930	  0.5620	   0.0000	  0.0000	    0.7794	  0.9238	   0.7794	  0.7772	 17.6875	  0.0000	  0.0000
2018	180	   3	  0	179.1250	 31.2011	 -3.7588	  23.7140	    0.0000	   0.0000	  0.0000	  0.0000	  0.0000	  0.0000	  0.0000	  0.0000	337.9051	371.9358	357.4271	357.4271	357.4271	357.4271	  8.5547	 52.3720	  0.8579	   0.0000	  0.0000	    0.7794	  0.9238	   0.7794	  0.7734	 16.0250	  0.0000	  0.0000
2018	180	   4	  0	179.1667	 44.0842	  1.2775	  89.7579	  147.5295	  66.0500	 70.0818	  4.8832	 21.1441	 21.1441	 21.1441	 21.1441	335.9171	368.9618	350.3324	350.3324	352.1788	352.1788	 10.6733	 40.2895	  1.0000	   0.0108	  0.0387	    0.7794	  0.9238	   0.7794	  0.7729	 15.4167	  3.0147	  0.0000
2018	180	   5	  0	179.2083	 56.4467	  7.1207	 187.3952	  692.2552	 101.0027	181.6707	  7.6217	 34.2314	 34.2314	 34.8863	 35.4629	334.1269	369.5547	350.3849	350.6451	352.4925	352.4925	 13.2871	133.6007	  1.0000	   0.0020	  0.0996	    0.7794	  0.9238	   0.7794	  0.7698	 15.5458	  7.1977	  0.5494
2018	180	   6	  0	179.2500	 68.4791	 14.1332	 383.6417	  742.4195	 201.9664	372.2559	 16.5951	 68.7093	 68.7093	 91.1581	125.5040	334.6310	377.1780	356.5501	358.8826	357.6481	357.6481	 22.0202	262.6440	  1.0000	   0.0850	  0.1807	    0.7794	  0.9238	   0.7794	  0.7666	 16.2042	  9.8305	  3.0105
2018	180	   7	  0	179.2917	 80.5088	 21.7947	 499.7950	  775.7408	 211.7815	488.5229	 17.8849	 74.7798	 74.7798	 81.8315	121.5717	337.4975	381.3831	360.2005	366.4221	361.5713	361.5713	 23.6483	399.1876	  1.0000	   0.0660	  0.2573	    0.7794	  0.9238	   0.7794	  0.7657	 17.0167	 12.3509	  5.5309
2018	180	   8	  0	179.3333	 93.0175	 29.7437	 620.2725	  796.7008	 225.1527	608.8969	 21.7163	 87.8551	 82.4831	 83.0939	167.4489	341.9982	392.2266	369.0545	377.9366	368.3813	369.6151	 27.7479	533.1984	  1.0000	   0.1235	  0.3190	    0.7794	  0.9238	   0.7794	  0.7659	 18.0667	 14.7146	  7.8946
2018	180	   9	  0	179.3750	106.6636	 37.5925	 724.5892	  813.6278	 228.4745	713.6967	 25.2771	118.8476	 87.2001	 87.2001	189.9410	345.4073	402.9008	377.2530	388.1808	378.6436	377.2530	 31.4692	655.8423	  1.0000	   0.1679	  0.3773	    0.7794	  0.9238	   0.7794	  0.7649	 19.0167	 16.8802	 10.0602
2018	180	  10	  0	179.4167	122.3038	 44.8407	 804.6000	  826.7770	 221.8757	794.7125	 28.8080	156.6997	 88.7905	 88.7905	195.5014	345.6209	411.9544	382.6319	394.3028	388.9719	382.6319	 34.1820	759.0820	  1.0000	   0.2171	  0.4317	    0.7794	  0.9238	   0.7794	  0.7617	 19.4167	 18.8099	 11.9899
2018	180	  11	  0	179.4583	140.8925	 50.7980	 853.0533	  830.8774	 209.4114	844.3619	 32.5222	199.5870	 88.2178	 88.2178	178.5315	347.0963	424.6933	390.6932	400.1473	403.1965	390.6932	 36.4451	835.3239	  1.0000	   0.2749	  0.4735	    0.7794	  0.9238	   0.7794	  0.7588	 20.1417	 20.4697	 13.6497
2018	180	  12	  0	179.5000	162.8376	 54.5575	 860.1140	  835.1391	 179.7111	853.5310	 34.3876	231.1482	 81.6236	 81.6236	127.3740	347.1792	437.6438	398.7624	402.2145	417.0575	398.7624	 36.9057	880.3394	  1.0000	   0.3253	  0.4935	    0.7794	  0.9238	   0.7794	  0.7531	 20.9250	 21.8306	 15.0106
2018	180	  13	  0	179.5417	186.8223	 55.2746	 833.0752	  803.7894	 172.3854	826.8155	 33.9425	231.1498	 97.8718	 78.8799	 80.4715	344.3654	444.6748	403.1054	402.6506	423.9861	404.0077	 36.5367	891.5388	  0.9935	   0.3371	  0.4963	    0.7794	  0.9238	   0.7794	  0.7438	 21.5250	 22.8689	 16.0489
2018	180	  14	  0	179.5833	209.9395	 52.7568	 767.6838	  715.1556	 198.1468	759.1898	 30.9392	193.9515	145.4706	 82.4411	 82.4411	346.4336	444.7315	405.3055	405.3055	424.0514	414.6290	 36.9839	864.0022	  0.9588	   0.2979	  0.4851	    0.7794	  0.9238	   0.7794	  0.7420	 22.2333	 23.5352	 16.7241
2018	180	  15	  0	179.6250	230.0125	 47.6327	 668.4963	  616.8118	 212.3770	658.3367	 26.5300	147.2495	158.4314	 81.8302	 81.8302	348.6771	437.6197	403.2800	403.2800	415.6435	418.6082	 35.1504	800.9032	  0.9198	   0.2436	  0.4517	    0.7794	  0.9238	   0.7794	  0.7442	 22.5458	 22.4349	 16.0353
2018	180	  16	  0	179.6667	246.8244	 40.8441	 545.3215	  510.8515	 210.5668	534.4450	 21.9673	106.3053	144.6285	 76.5796	 76.5796	348.0663	427.7908	398.8176	398.8176	404.1994	415.5457	 31.8317	708.5326	  0.8771	   0.1928	  0.4022	    0.7794	  0.9238	   0.7794	  0.7453	 22.4458	 20.0389	 14.3200
2018	180	  17	  0	179.7083	261.2166	 33.1841	 408.6377	  387.7754	 195.2969	397.8856	 17.4249	 74.8316	111.3319	 67.6542	 67.6542	358.0252	417.9404	395.5848	395.5848	395.5431	410.4968	 28.0875	588.4736	  0.8320	   0.1365	  0.3441	    0.7794	  0.9238	   0.7794	  0.7647	 22.2375	 17.1047	 12.1468
2018	180	  18	  0	179.7500	274.1275	 25.2223	 268.6896	  248.8998	 161.1441	259.3493	 13.0446	 53.8631	 75.8412	 54.9754	 53.7609	360.9787	409.5127	390.6556	392.0054	391.6030	402.6818	 24.1086	456.3568	  0.7652	   0.0956	  0.2846	    0.7794	  0.9238	   0.7794	  0.7744	 21.7750	 13.2369	  9.2806
2018	180	  19	  0	179.7917	286.2962	 17.3878	 135.4973	   86.4789	 108.0446	128.9293	  8.1525	 34.8103	 39.3797	 36.0580	 34.8103	350.3805	402.3674	387.6610	388.2018	388.2018	393.2425	 19.6372	321.5349	  0.6505	   0.0684	  0.2146	    0.7794	  0.9238	   0.7794	  0.7632	 21.2292	  8.2743	  5.6833
2018	180	  20	  0	179.8333	298.2765	 10.0428	  46.8062	   12.7652	  44.4216	 44.0450	  3.2925	 14.0844	 14.7219	 14.3725	 14.0844	343.1370	395.8108	384.2674	383.9075	383.9075	386.8648	 15.5653	188.3387	  0.5573	   0.0394	  0.1376	    0.7794	  0.9238	   0.7794	  0.7578	 20.2958	  6.9127	  4.5918
2018	180	  21	  0	179.8750	310.4654	  3.5934	   6.9567	    2.2773	   6.7711	  6.5346	  0.4995	  2.1546	  2.1649	  2.1649	  2.1546	340.3696	387.8336	378.9632	376.4122	376.4122	379.7815	 12.5691	 68.4695	  0.5728	   0.0118	  0.0682	    0.7794	  0.9238	   0.7794	  0.7603	 18.9417	  9.1018	  5.7603
2018	180	  22	  0	179.9167	323.1105	 -1.5948	   0.3567	    0.2071	   0.1999	  0.1891	  0.0147	  0.0637	  0.0637	  0.0637	  0.0637	337.9767	380.3627	370.9123	369.6719	369.6719	370.7514	 10.8656	 45.3291	  0.5765	   0.0000	  0.0019	    0.7794	  0.9238	   0.7794	  0.7657	 17.6500	  2.6676	  1.6312
2018	180	  23	  0	179.9583	336.3129	 -6.1771	   0.0021	    0.0000	   0.0000	  0.0000	  0.0000	  0.0000	  0.0000	  0.0000	  0.0000	334.2571	370.2316	361.2996	361.2996	361.2996	361.2996	  9.1626	 52.4431	  0.5061	   0.0000	  0.0000	    0.7794	  0.9238	   0.7794	  0.7696	 15.6917	  0.0000	  0.0000
2018	181	   0	  0	180.0000	349.9965	 -8.5368	   0.0058	    0.0000	   0.0000	  0.0000	  0.0000	  0.0000	  0.0000	  0.0000	  0.0000	332.5445	360.8677	352.4566	352.4566	352.4566	352.4566	  7.4951	 52.3587	  0.5062	   0.0000	  0.0000	    0.7794	  0.9238	   0.7794	  0.7735	 13.8500	  0.0000	  0.0000
2018	181	   1	  0	180.0417	 93.9119	 -8.9630	   0.1802	    0.0000	   0.0000	  0.0000	  0.0000	  0.0000	  0.0000	  0.0000	  0.0000	330.1627	354.0654	345.8636	345.8636	345.8636	345.8636	  6.2187	 52.1244	  0.5102	   0.0000	  0.0000	    0.7794	  0.9238	   0.7794	  0.7740	 12.4875	  0.0000	  0.0000
2018	181	   2	  0	180.0833	 17.7340	 -7.4605	   2.7046	    0.0000	   0.0000	  0.0000	  0.0000	  0.0000	  0.0000	  0.0000	  0.0000	325.6689	348.0075	339.1401	339.1401	339.1401	339.1401	  4.8850	 52.1794	  0.5586	   0.0000	  0.0000	    0.7794	  0.9238	   0.7794	  0.7714	 11.2583	  0.0000	  0.0000
2018	181	   3	  0	180.1250	 31.1714	 -3.8315	  22.5377	    0.0000	   0.0000	  0.0000	  0.0000	  0.0000	  0.0000	  0.0000	  0.0000	324.8683	344.4507	331.3988	331.3988	331.3988	331.3988	  3.4220	 52.1772	  0.8447	   0.0000	  0.0000	    0.7794	  0.9238	   0.7794	  0.7717	 10.5292	  0.0000	  0.0000
2018	181	   4	  0	180.1667	 44.0616	  1.2201	  95.1450	   85.3347	  74.8697	 75.0919	  5.5275	 23.8649	 23.8649	 23.8649	 23.8649	329.2433	350.1016	332.7799	332.7799	334.5384	334.5384	  7.7038	 39.3839	  1.0000	   0.0103	  0.0379	    0.7794	  0.9238	   0.7794	  0.7745	 11.6542	  2.8129	  0.0000
2018	181	   5	  0	180.2083	 56.4299	  7.0561	 209.4506	  655.2387	 127.4378	202.0433	  9.5611	 42.5195	 42.5195	 43.1397	 43.6850	338.0548	362.2173	344.3399	344.5907	346.4128	346.4128	 13.4126	131.9002	  1.0000	   0.0019	  0.0987	    0.7794	  0.9238	   0.7794	  0.7793	 14.1000	  7.1719	  0.5322
2018	181	   6	  0	180.2500	 68.4666	 14.0666	 344.0331	  728.7741	 166.6743	334.8246	 13.9512	 57.4945	 57.4945	 79.5199	113.1544	345.6017	377.0089	357.7313	360.0439	358.8400	358.8400	 20.7449	259.9339	  1.0000	   0.0848	  0.1801	    0.7794	  0.9238	   0.7794	  0.7815	 16.1750	  9.8051	  2.9851
2018	181	   7	  0	180.2917	 80.4988	 21.7273	 481.2310	  757.7967	 200.6552	470.6038	 16.9939	 71.0597	 71.0597	 77.8974	116.4537	350.7909	385.2521	365.2565	371.4991	366.6495	366.6495	 23.9894	395.5876	  1.0000	   0.0655	  0.2568	    0.7794	  0.9238	   0.7794	  0.7814	 17.7583	 12.3260	  5.5060
2018	181	   8	  0	180.3333	 93.0076	 29.6759	 609.8123	  785.9903	 220.6951	598.6744	 21.3034	 86.2043	 80.9038	 81.5058	164.6540	350.1745	396.3069	373.6525	382.5642	372.9706	374.2215	 28.2538	530.3705	  1.0000	   0.1233	  0.3184	    0.7794	  0.9238	   0.7794	  0.7743	 18.8333	 14.6905	  7.8705
2018	181	   9	  0	180.3750	106.6505	 37.5247	 718.7002	  809.0531	 226.1267	707.9303	 25.0262	117.7500	 86.3486	 86.3486	188.3703	348.3014	405.9266	380.2376	391.1910	381.6199	380.2376	 31.7845	654.3805	  1.0000	   0.1675	  0.3768	    0.7794	  0.9238	   0.7794	  0.7663	 19.5792	 16.8571	 10.0371
2018	181	  10	  0	180.4167	122.2820	 44.7737	 797.7846	  822.6719	 218.6343	788.0753	 28.4641	155.0934	 87.6545	 87.6545	193.7197	346.9979	416.0754	386.3036	398.0320	392.6631	386.3036	 34.5427	758.7258	  1.0000	   0.2166	  0.4313	    0.7794	  0.9238	   0.7794	  0.7596	 20.1708	 18.7876	 11.9676
2018	181	  11	  0	180.4583	140.8540	 50.7335	 842.1588	  823.7920	 204.6108	833.7258	 31.9578	196.6604	 86.4982	 86.4982	175.9847	349.6085	430.3733	395.7999	405.3311	408.3900	395.7999	 36.9074	835.0795	  1.0000	   0.2741	  0.4731	    0.7794	  0.9238	   0.7794	  0.7567	 21.1583	 20.4484	 13.6284
2018	181	  12	  0	180.5000	162.7743	 54.4990	 849.4985	  832.4566	 171.7976	843.3919	 33.6669	227.8718	 79.0769	 79.0769	124.9391	353.6564	442.6023	403.8425	407.3350	422.2483	403.8425	 37.3491	877.7378	  1.0000	   0.3244	  0.4932	    0.7794	  0.9238	   0.7794	  0.7583	 21.8000	 21.8101	 14.9901
2018	181	  13	  0	180.5417	186.7356	 55.2263	 820.4858	  771.5091	 186.7044	813.1468	 34.0833	228.1418	100.2151	 82.1620	 83.7442	352.4492	447.4179	406.7272	406.2758	427.6783	407.6000	 37.1578	887.1427	  0.9878	   0.3362	  0.4962	    0.7794	  0.9238	   0.7794	  0.7541	 22.0167	 22.8490	 16.0290
2018	181	  14	  0	180.5833	209.8420	 52.7204	 760.5281	  694.9479	 207.3802	751.3447	 31.1217	192.9772	145.6813	 84.6381	 84.6381	349.4586	443.2688	404.7688	404.7688	423.3615	413.9281	 36.9526	861.1518	  0.9535	   0.2974	  0.4849	    0.7794	  0.9238	   0.7794	  0.7485	 22.0375	 23.3823	 16.6095
2018	181	  15	  0	180.6250	229.9168	 47.6063	 665.6319	  606.5237	 217.3737	655.1062	 26.6944	147.4398	158.2596	 83.0852	 83.0852	343.9988	431.3438	397.7066	397.7066	409.6742	412.4948	 34.3184	800.9027	  0.9163	   0.2433	  0.4516	    0.7794	  0.9238	   0.7794	  0.7431	 21.5750	 21.9936	 15.7149
2018	181	  16	  0	180.6667	246.7357	 40.8241	 547.3062	  512.8819	 211.4122	536.3847	 22.0467	106.7922	145.1415	 76.8785	 76.8785	342.2329	421.5098	392.7246	392.7246	398.0547	409.2106	 30.9251	708.9896	  0.8795	   0.1927	  0.4020	    0.7794	  0.9238	   0.7794	  0.7428	 21.3542	 19.9854	 14.2772
2018	181	  17	  0	180.7083	261.1352	 33.1671	 410.9950	  396.0053	 193.3255	400.3957	 17.3381	 74.5362	111.7362	 67.1707	 67.1707	343.4705	411.7597	388.4224	388.4224	388.4179	403.1914	 26.8517	592.0362	  0.8318	   0.1364	  0.3439	    0.7794	  0.9238	   0.7794	  0.7479	 21.1292	 17.1234	 12.1560
2018	181	  18	  0	180.7500	274.0520	 25.2055	 271.7258	  261.7873	 158.8690	262.5641	 12.9318	 53.3136	 76.3652	 54.4731	 53.2004	341.1007	403.3015	382.8371	384.1534	383.7610	394.9109	 22.6751	460.6603	  0.7667	   0.0957	  0.2845	    0.7794	  0.9238	   0.7794	  0.7492	 20.6292	 13.4289	  9.4111
2018	181	  19	  0	180.7917	286.2249	 17.3690	 143.2396	  110.6769	 108.6065	136.6856	  8.2473	 35.1887	 41.1984	 36.8789	 35.1887	342.7341	396.9654	381.7087	382.0238	382.0238	387.7991	 18.7338	322.1483	  0.6740	   0.0677	  0.2145	    0.7794	  0.9238	   0.7794	  0.7567	 20.1833	  9.1007	  6.2473
2018	181	  20	  0	180.8333	298.2085	 10.0203	  47.4771	   12.6244	  45.0985	 44.6735	  3.3431	 14.2952	 14.9666	 14.5971	 14.2952	346.2411	390.1869	379.3526	378.9973	378.9973	381.9324	 14.7725	187.1746	  0.5615	   0.0400	  0.1374	    0.7794	  0.9238	   0.7794	  0.7685	 19.2417	  6.9107	  4.5882
2018	181	  21	  0	180.8750	310.4002	  3.5666	   6.8281	    1.9920	   6.6649	  6.4125	  0.4916	  2.1203	  2.1291	  2.1291	  2.1203	345.8435	382.8851	374.9015	372.3711	372.3711	375.7230	 11.8942	 67.6357	  0.5735	   0.0118	  0.0675	    0.7794	  0.9238	   0.7794	  0.7732	 18.0042	  9.1095	  5.7609
2018	181	  22	  0	180.9167	323.0486	 -1.6332	   0.3388	    0.1998	   0.1930	  0.1825	  0.0142	  0.0615	  0.0615	  0.0615	  0.0615	342.0802	376.1944	367.4265	366.1935	366.1935	367.2704	 10.2731	 44.8794	  0.5776	   0.0000	  0.0018	    0.7794	  0.9238	   0.7794	  0.7750	 16.8500	  2.6750	  1.6344
2018	181	  23	  0	180.9583	336.2553	 -6.2224	   0.0010	    0.0000	   0.0000	  0.0000	  0.0000	  0.0000	  0.0000	  0.0000	  0.0000	338.4392	369.7293	361.1264	361.1264	361.1264	361.1264	  9.1780	 52.0731	  0.5068	   0.0000	  0.0000	    0.7794	  0.9238	   0.7794	  0.7756	 15.5958	  0.0000	  0.0000
2018	182	   0	  0	181.0000	349.9449	 -8.5867	   0.0000	    0.0000	   0.0000	  0.0000	  0.0000	  0.0000	  0.0000	  0.0000	  0.0000	335.0295	363.9361	355.4855	355.4855	355.4855	355.4855	  8.0913	 52.0734	  0.5068	   0.0000	  0.0000	    0.7794	  0.9238	   0.7794	  0.7749	 14.4583	  0.0000	  0.0000
2018	182	   1	  0	181.0417	 93.8679	 -9.0197	   0.1415	    0.0000	   0.0000	  0.0000	  0.0000	  0.0000	  0.0000	  0.0000	  0.0000	331.6332	358.6301	350.2413	350.2413	350.2413	350.2413	  7.0675	 51.8871	  0.5102	   0.0000	  0.0000	    0.7794	  0.9238	   0.7794	  0.7736	 13.4042	  0.0000	  0.0000
2018	182	   2	  0	181.0833	 17.6985	 -7.5237	   2.5767	    0.0000	   0.0000	  0.0000	  0.0000	  0.0000	  0.0000	  0.0000	  0.0000	330.6284	352.0862	343.3169	343.3169	343.3169	343.3169	  5.7458	 51.8620	  0.5571	   0.0000	  0.0000	    0.7794	  0.9238	   0.7794	  0.7753	 12.0875	  0.0000	  0.0000
2018	182	   3	  0	181.1250	 31.1445	 -3.9128	  21.8960	    0.0000	   0.0000	  0.0000	  0.0000	  0.0000	  0.0000	  0.0000	  0.0000	329.1624	347.1096	334.2714	334.2714	334.2714	334.2714	  4.0333	 51.8643	  0.8399	   0.0000	  0.0000	    0.7794	  0.9238	   0.7794	  0.7754	 11.0750	  0.0000	  0.0000
2018	182	   4	  0	181.1667	 44.0425	  1.1574	  93.6165	   81.3401	  67.9268	 68.2777	  5.0152	 21.6544	 21.6544	 21.6544	 21.6544	329.8845	349.6148	332.6025	332.6025	334.1617	334.1617	  7.3163	 42.5546	  1.0000	   0.0098	  0.0368	    0.7794	  0.9238	   0.7794	  0.7754	 11.5583	  2.4918	  0.0000
2018	182	   5	  0	181.2083	 56.4171	  6.9860	 207.5388	  653.6263	 126.4818	200.1846	  9.4879	 42.1921	 42.1921	 42.7866	 43.3088	337.3870	358.6523	341.0643	341.3050	343.1283	343.1283	 12.7655	130.5524	  1.0000	   0.0018	  0.0978	    0.7794	  0.9238	   0.7794	  0.7801	 13.3917	  7.1430	  0.5137
2018	182	   6	  0	181.2500	 68.4585	 13.9947	 341.9927	  732.0063	 164.6691	332.9093	 13.7996	 56.8622	 56.8622	 78.9276	112.6351	340.9822	375.0914	355.4786	357.7623	356.5930	356.5930	 20.2481	259.1428	  1.0000	   0.0846	  0.1795	    0.7794	  0.9238	   0.7794	  0.7765	 15.8083	  9.7765	  2.9565
2018	182	   7	  0	181.2917	 80.4936	 21.6547	 477.9906	  762.6188	 196.5549	467.6256	 16.6843	 69.7885	 69.7885	 76.6114	115.0979	343.7534	387.7995	366.5495	372.7935	367.9601	367.9601	 23.9715	396.0987	  1.0000	   0.0650	  0.2563	    0.7794	  0.9238	   0.7794	  0.7691	 18.2458	 12.2981	  5.4781
2018	182	   8	  0	181.3333	 93.0030	 29.6030	 604.2425	  786.4622	 215.8219	593.4045	 20.9266	 84.6330	 79.3545	 79.9602	163.0617	346.6210	400.8537	377.0522	385.9955	376.3582	377.6284	 28.5463	531.0040	  1.0000	   0.1231	  0.3178	    0.7794	  0.9238	   0.7794	  0.7646	 19.6792	 14.6635	  7.8435
2018	182	   9	  0	181.3750	106.6429	 37.4517	 709.6719	  804.1017	 220.9562	699.1989	 24.5597	115.7408	 84.6068	 84.6068	185.8425	349.4381	410.5765	384.3414	395.3449	385.7162	384.3414	 32.1402	653.8802	  1.0000	   0.1671	  0.3762	    0.7794	  0.9238	   0.7794	  0.7634	 20.4333	 16.8310	 10.0110
2018	182	  10	  0	181.4167	122.2659	 44.7011	 790.0912	  815.0276	 217.0671	780.4381	 28.1863	153.6198	 86.9467	 86.9467	191.8898	353.2870	421.3469	391.6525	403.4555	398.0415	391.6525	 35.1955	756.2360	  1.0000	   0.2160	  0.4307	    0.7794	  0.9238	   0.7794	  0.7641	 21.1250	 18.7626	 11.9426
2018	182	  11	  0	181.4583	140.8205	 50.6630	 838.4217	  818.0951	 205.9014	829.8736	 31.8692	195.8585	 86.6913	 86.6913	175.4514	356.2315	434.4228	400.1787	409.7613	412.8153	400.1787	 37.5263	832.0238	  1.0000	   0.2732	  0.4727	    0.7794	  0.9238	   0.7794	  0.7630	 21.8875	 20.4243	 13.6043
2018	182	  12	  0	181.5000	162.7146	 54.4340	 846.7088	  835.6660	 166.9461	840.9196	 33.3170	226.7894	 77.6529	 77.6529	123.8134	358.8059	447.2981	408.5154	412.0370	427.0245	408.5154	 37.9088	875.7512	  1.0000	   0.3235	  0.4929	    0.7794	  0.9238	   0.7794	  0.7615	 22.6250	 21.7869	 14.9669
2018	182	  13	  0	181.5417	186.6497	 55.1710	 817.4787	  770.5553	 184.8984	810.2444	 33.8566	227.1556	 99.3423	 81.5429	 83.1753	357.9385	453.7751	412.8261	412.3742	433.9639	413.6703	 37.9652	885.7001	  0.9862	   0.3353	  0.4960	    0.7794	  0.9238	   0.7794	  0.7560	 23.1167	 22.8265	 16.0065
2018	182	  14	  0	181.5833	209.7426	 52.6771	 753.9377	  682.1289	 211.2778	744.4389	 31.0838	191.8115	145.0656	 85.4278	 85.4278	356.9802	448.5368	410.3753	410.3753	429.0456	419.4994	 37.7445	858.3025	  0.9489	   0.2968	  0.4846	    0.7794	  0.9238	   0.7794	  0.7549	 22.9750	 23.2725	 16.5251
2018	182	  15	  0	181.6250	229.8178	 47.5733	 660.4602	  598.9269	 218.0826	649.8500	 26.5893	146.6779	157.1545	 83.0875	 83.0875	356.6072	441.2889	407.8224	407.8224	420.0087	422.8494	 35.8017	797.1454	  0.9139	   0.2429	  0.4514	    0.7794	  0.9238	   0.7794	  0.7528	 23.2958	 22.0207	 15.7287
2018	182	  16	  0	181.6667	246.6433	 40.7978	 540.7937	  504.6149	 210.4742	529.8928	 21.8640	105.9201	143.4703	 76.3992	 76.3992	354.2004	434.1600	405.1542	405.1542	410.5917	421.8956	 32.7343	706.8927	  0.8727	   0.1925	  0.4018	    0.7794	  0.9238	   0.7794	  0.7479	 23.5833	 19.9209	 14.2259
2018	182	  17	  0	181.7083	261.0500	 33.1441	 406.6156	  392.9672	 190.7978	396.1618	 17.1228	 73.6817	110.5068	 66.3225	 66.3225	351.9226	423.5786	399.7279	399.7279	399.7244	414.7786	 28.5417	591.4795	  0.8252	   0.1363	  0.3436	    0.7794	  0.9238	   0.7794	  0.7481	 23.2375	 17.1246	 12.1521
2018	182	  18	  0	181.7500	273.9728	 25.1827	 269.0827	  262.8316	 155.9058	260.1085	 12.7172	 52.3996	 75.5487	 53.5361	 52.2788	349.5540	416.1303	394.9860	396.3574	395.9564	407.4535	 24.5972	460.3592	  0.7616	   0.0958	  0.2842	    0.7794	  0.9238	   0.7794	  0.7482	 22.9375	 13.5371	  9.4827
2018	182	  19	  0	181.7917	286.1505	 17.3442	 142.0198	  113.7252	 106.5195	135.6022	  8.0979	 34.5565	 40.6828	 36.2747	 34.5565	347.2663	407.7054	391.7517	392.0717	392.0717	398.0673	 20.3795	322.2300	  0.6704	   0.0669	  0.2144	    0.7794	  0.9238	   0.7794	  0.7519	 22.1500	  9.2250	  6.3295
2018	182	  20	  0	181.8333	298.1377	  9.9916	  46.9571	   13.1821	  44.4865	 44.1924	  3.2988	 14.1033	 14.8054	 14.4182	 14.1033	345.6159	399.6944	387.9345	387.5891	387.5891	390.5770	 16.2335	187.3929	  0.5589	   0.0406	  0.1372	    0.7794	  0.9238	   0.7794	  0.7576	 21.0042	  6.9296	  4.5980
2018	182	  21	  0	181.8750	310.3328	  3.5338	   6.5377	    2.1367	   6.3620	  6.1408	  0.4693	  2.0245	  2.0338	  2.0337	  2.0245	344.1551	392.1007	383.2782	380.6503	380.6503	384.1270	 13.3508	 67.3141	  0.5710	   0.0117	  0.0668	    0.7794	  0.9238	   0.7794	  0.7618	 19.7417	  9.2387	  5.8363
2018	182	  22	  0	181.9167	322.9850	 -1.6787	   0.2979	    0.1787	   0.1721	  0.1627	  0.0127	  0.0548	  0.0548	  0.0548	  0.0548	339.6852	381.7237	372.2757	371.0305	371.0305	372.1213	 11.1292	 44.6976	  0.5779	   0.0000	  0.0017	    0.7794	  0.9238	   0.7794	  0.7669	 17.9083	  2.6739	  1.6322
2018	182	  23	  0	181.9583	336.1969	 -6.2742	   0.0000	    0.0000	   0.0000	  0.0000	  0.0000	  0.0000	  0.0000	  0.0000	  0.0000	336.6599	372.2552	363.3314	363.3314	363.3314	363.3314	  9.5659	 51.9189	  0.5075	   0.0000	  0.0000	    0.7794	  0.9238	   0.7794	  0.7714	 16.0875	  0.0000	  0.0000
2018	183	   0	  0	182.0000	349.8934	 -8.6434	   0.0000	    0.0000	   0.0000	  0.0000	  0.0000	  0.0000	  0.0000	  0.0000	  0.0000	334.8356	364.0456	355.5621	355.5621	355.5621	355.5621	  8.1030	 51.8543	  0.5075	   0.0000	  0.0000	    0.7794	  0.9238	   0.7794	  0.7745	 14.4792	  0.0000	  0.0000
2018	183	   1	  0	182.0417	 93.8249	 -9.0832	   0.0510	    0.0000	   0.0000	  0.0000	  0.0000	  0.0000	  0.0000	  0.0000	  0.0000	333.9830	357.4005	349.2602	349.2602	349.2602	349.2602	  6.9080	 51.6459	  0.5090	   0.0000	  0.0000	    0.7794	  0.9238	   0.7794	  0.7769	 13.1583	  0.0000	  0.0000
2018	183	   2	  0	182.0833	 17.6650	 -7.5934	   1.9965	    0.0000	   0.0000	  0.0000	  0.0000	  0.0000	  0.0000	  0.0000	  0.0000	332.7127	352.7007	344.1874	344.1874	344.1874	344.1874	  5.9348	 51.6431	  0.5467	   0.0000	  0.0000	    0.7794	  0.9238	   0.7794	  0.7774	 12.2125	  0.0000	  0.0000
2018	183	   3	  0	182.1250	 31.1204	 -3.9990	  20.9546	    0.0000	   0.0000	  0.0000	  0.0000	  0.0000	  0.0000	  0.0000	  0.0000	331.2786	349.0678	336.4049	336.4049	336.4049	336.4049	  4.4717	 51.6541	  0.8306	   0.0000	  0.0000	    0.7794	  0.9238	   0.7794	  0.7770	 11.4750	  0.0000	  0.0000
2018	183	   4	  0	182.1667	 44.0268	  1.0894	  91.9506	   73.7195	  67.2873	 67.1857	  4.9672	 21.4419	 21.4419	 21.4419	 21.4419	334.6228	352.9171	336.0576	336.0576	337.6335	337.6335	  7.9794	 41.5725	  1.0000	   0.0092	  0.0358	    0.7794	  0.9238	   0.7794	  0.7794	 12.2292	  2.4640	  0.0000
2018	183	   5	  0	182.2083	 56.4083	  6.9105	 206.7933	  647.9578	 127.1241	199.3896	  9.5318	 42.3615	 42.3615	 42.9310	 43.4311	340.1730	363.1757	345.3997	345.6343	347.5032	347.5032	 13.5802	129.1446	  1.0000	   0.0017	  0.0967	    0.7794	  0.9238	   0.7794	  0.7813	 14.2917	  7.1109	  0.4950
2018	183	   6	  0	182.2500	 68.4549	 13.9176	 342.7708	  731.2127	 166.6077	333.5583	 13.9278	 57.4386	 57.4386	 79.4236	113.0037	342.7141	378.0444	358.2818	360.5529	359.4231	359.4231	 20.7907	257.7276	  1.0000	   0.0844	  0.1788	    0.7794	  0.9238	   0.7794	  0.7769	 16.3833	  9.7448	  2.9248
2018	183	   7	  0	182.2917	 80.4933	 21.5771	 481.5717	  761.2227	 201.6041	470.8809	 17.0311	 71.3360	 71.3360	 78.0783	116.1892	348.0710	388.1888	367.4719	373.6836	368.8910	368.8910	 24.3315	393.9112	  1.0000	   0.0644	  0.2557	    0.7794	  0.9238	   0.7794	  0.7751	 18.3292	 12.2671	  5.4471
2018	183	   8	  0	182.3333	 93.0036	 29.5251	 612.5781	  786.9515	 224.8166	601.1732	 21.5730	 87.4261	 82.1484	 82.7535	165.8199	352.2850	402.0450	378.8721	387.7905	378.1708	379.4487	 29.2070	528.3271	  1.0000	   0.1229	  0.3171	    0.7794	  0.9238	   0.7794	  0.7722	 19.9042	 14.6334	  7.8134
2018	183	   9	  0	182.3750	106.6410	 37.3736	 721.9688	  810.6226	 230.0966	710.9458	 25.2699	118.9144	 87.5521	 87.5521	189.4696	349.5683	412.0757	385.6403	396.6304	387.0029	385.6403	 32.7278	653.2909	  1.0000	   0.1666	  0.3756	    0.7794	  0.9238	   0.7794	  0.7619	 20.7167	 16.8020	  9.9820
2018	183	  10	  0	182.4167	122.2555	 44.6232	 803.9000	  825.4897	 224.3100	793.8389	 28.8259	156.8041	 89.4043	 89.4043	195.5290	348.1607	424.2723	393.3375	405.1644	399.7353	393.3375	 35.7686	758.8921	  1.0000	   0.2153	  0.4302	    0.7794	  0.9238	   0.7794	  0.7524	 21.6583	 18.7347	 11.9147
2018	183	  11	  0	182.4583	140.7923	 50.5866	 855.2206	  832.5627	 212.1946	846.3509	 32.5550	199.8528	 88.9959	 88.9959	179.1879	345.6806	439.8063	402.9847	412.6321	415.6950	402.9847	 38.2433	839.5284	  1.0000	   0.2722	  0.4723	    0.7794	  0.9238	   0.7794	  0.7390	 22.8417	 20.3975	 13.5775
2018	183	  12	  0	182.5000	162.6585	 54.3624	 862.5298	  837.3205	 181.9995	855.8047	 34.3910	231.4829	 82.2644	 82.2644	128.3882	348.2696	451.7595	410.5245	414.0783	429.1222	410.5245	 38.6459	883.4983	  1.0000	   0.3225	  0.4925	    0.7794	  0.9238	   0.7794	  0.7384	 23.4083	 21.7611	 14.9411
2018	183	  13	  0	182.5417	186.5647	 55.1090	 826.3996	  803.2447	 167.4621	820.4357	 33.3519	228.8312	 95.4647	 77.2425	 79.0124	354.4319	458.1459	415.7904	415.3409	437.0442	416.6058	 38.1704	889.2721	  0.9900	   0.3342	  0.4958	    0.7794	  0.9238	   0.7794	  0.7448	 23.8792	 22.8015	 15.9815
2018	183	  14	  0	182.5833	209.6417	 52.6271	 752.9192	  684.5192	 208.6310	743.5969	 30.9127	191.5384	144.1596	 84.6746	 84.6746	362.7084	454.1213	415.8226	415.8226	434.6746	424.9857	 38.4835	856.8590	  0.9493	   0.2961	  0.4844	    0.7794	  0.9238	   0.7794	  0.7580	 23.9292	 23.2756	 16.5203
2018	183	  15	  0	182.6250	229.7156	 47.5339	 654.2779	  573.6953	 230.6213	642.7556	 27.0632	147.4134	157.0276	 86.2951	 86.2951	376.2199	441.8766	411.2346	411.2346	423.2472	425.9459	 36.5361	787.3306	  0.9165	   0.2425	  0.4512	    0.7794	  0.9238	   0.7794	  0.7838	 23.4833	 21.6812	 15.4797
2018	183	  16	  0	182.6667	246.5471	 40.7654	 533.9317	  470.5965	 226.0598	521.9026	 22.5748	108.1064	142.9468	 80.4870	 80.4870	378.3078	430.9058	405.9069	405.9069	411.1054	421.9382	 33.1875	694.9763	  0.8760	   0.1923	  0.4016	    0.7794	  0.9238	   0.7794	  0.7905	 23.1375	 19.3260	 13.7955
2018	183	  17	  0	182.7083	260.9611	 33.1149	 399.8567	  358.0391	 203.2355	388.4938	 17.7672	 76.4165	109.8538	 69.6174	 69.6174	376.6313	419.2011	399.3735	399.3735	399.2873	413.4951	 28.8227	581.0987	  0.8259	   0.1361	  0.3434	    0.7794	  0.9238	   0.7794	  0.7926	 22.5667	 16.3691	 11.6112
2018	183	  18	  0	182.7500	273.8902	 25.1539	 263.2919	  231.0428	 163.8189	253.7291	 13.1549	 54.4769	 74.8835	 55.4364	 54.3622	375.5632	411.5954	394.3013	395.7273	395.3317	405.9002	 24.7842	451.7538	  0.7600	   0.0959	  0.2839	    0.7794	  0.9238	   0.7794	  0.7948	 22.2000	 12.7408	  8.9209
2018	183	  19	  0	182.7917	286.0728	 17.3133	 137.3244	   89.4104	 109.1997	130.6888	  8.2393	 35.2006	 39.8372	 36.4623	 35.2006	370.9715	403.2135	390.3157	390.8365	390.8365	396.0715	 20.3337	316.5739	  0.6635	   0.0661	  0.2142	    0.7794	  0.9238	   0.7794	  0.7940	 21.3875	  8.4722	  5.8103
2018	183	  20	  0	182.8333	298.0641	  9.9567	  44.2815	   10.6116	  42.2818	 41.6514	  3.1330	 13.3928	 13.9871	 13.6582	 13.3928	369.0349	394.8314	385.6997	385.3900	385.3900	388.2969	 15.9712	183.9772	  0.5494	   0.0412	  0.1368	    0.7794	  0.9238	   0.7794	  0.7978	 20.1042	  6.8550	  4.5453
2018	183	  21	  0	182.8750	310.2632	  3.4949	   5.5558	    1.2221	   5.4470	  5.2160	  0.4017	  1.7325	  1.7349	  1.7349	  1.7325	372.1249	388.3664	382.4045	379.8381	379.8381	383.2586	 13.4422	 65.5856	  0.5595	   0.0101	  0.0660	    0.7794	  0.9238	   0.7794	  0.8050	 19.0583	  9.1753	  5.7918
2018	183	  22	  0	182.9167	322.9200	 -1.7316	   0.2225	    0.1231	   0.1200	  0.1133	  0.0089	  0.0382	  0.0382	  0.0382	  0.0382	374.3230	382.2185	375.5328	374.3124	374.3124	375.3842	 12.0798	 43.7094	  0.5767	   0.0000	  0.0016	    0.7794	  0.9238	   0.7794	  0.8126	 18.0042	  2.6470	  1.6140
2018	183	  23	  0	182.9583	336.1378	 -6.3333	   0.0031	    0.0000	   0.0000	  0.0000	  0.0000	  0.0000	  0.0000	  0.0000	  0.0000	369.1417	377.0369	370.0742	370.0742	370.0742	370.0742	 11.1469	 51.0462	  0.5081	   0.0000	  0.0000	    0.7794	  0.9238	   0.7794	  0.8094	 17.0125	  0.0000	  0.0000
2018	184	   0	  0	183.0000	349.8421	 -8.7069	   0.0000	    0.0000	   0.0000	  0.0000	  0.0000	  0.0000	  0.0000	  0.0000	  0.0000	361.7727	372.1023	364.9281	364.9281	364.9281	364.9281	 10.1309	 51.1553	  0.5080	   0.0000	  0.0000	    0.7794	  0.9238	   0.7794	  0.8028	 16.0583	  0.0000	  0.0000
2018	184	   1	  0	183.0417	 93.7831	 -9.1533	   0.0612	    0.0000	   0.0000	  0.0000	  0.0000	  0.0000	  0.0000	  0.0000	  0.0000	361.1092	366.9825	360.0124	360.0124	360.0124	360.0124	  9.2204	 50.9721	  0.5098	   0.0000	  0.0000	    0.7794	  0.9238	   0.7794	  0.8036	 15.0583	  0.0000	  0.0000
2018	184	   2	  0	183.0833	 17.6336	 -7.6696	   1.9979	    0.0000	   0.0000	  0.0000	  0.0000	  0.0000	  0.0000	  0.0000	  0.0000	359.2827	361.9157	354.5611	354.5611	354.5611	354.5611	  8.1940	 50.9939	  0.5477	   0.0000	  0.0000	    0.7794	  0.9238	   0.7794	  0.8027	 14.0583	  0.0000	  0.0000
2018	184	   3	  0	183.1250	 31.0992	 -4.0895	  19.9498	    0.0000	   0.0000	  0.0000	  0.0000	  0.0000	  0.0000	  0.0000	  0.0000	356.2927	358.7945	347.5355	347.5355	347.5355	347.5355	  6.8882	 51.0432	  0.8272	   0.0000	  0.0000	    0.7794	  0.9238	   0.7794	  0.8002	 13.4375	  0.0000	  0.0000
2018	184	   4	  0	183.1667	 44.0146	  1.0160	  87.2527	   70.1882	  64.1207	 63.9315	  4.7333	 20.4330	 20.4330	 20.4330	 20.4330	360.3763	363.9597	348.6376	348.6376	350.2635	350.2635	 10.4315	 40.2426	  1.0000	   0.0085	  0.0348	    0.7794	  0.9238	   0.7794	  0.8035	 14.4375	  2.4652	  0.0000
2018	184	   5	  0	183.2083	 56.4035	  6.8297	 200.7819	  624.2442	 124.9099	193.4906	  9.3601	 41.5634	 41.5634	 42.0879	 42.5483	368.9073	376.0626	360.0778	360.3095	362.2723	362.2723	 16.2822	126.3199	  1.0000	   0.0017	  0.0956	    0.7794	  0.9238	   0.7794	  0.8093	 16.8083	  7.0758	  0.4746
2018	184	   6	  0	183.2500	 68.4558	 13.8354	 333.2404	  699.0656	 165.8849	324.0128	 13.7884	 56.9593	 56.9593	 77.9252	109.9298	379.2527	391.6919	374.7073	377.0119	375.9199	375.9199	 23.5643	252.4692	  1.0000	   0.0841	  0.1781	    0.7794	  0.9238	   0.7794	  0.8158	 18.9750	  9.7101	  2.8901
2018	184	   7	  0	183.2917	 80.4979	 21.4945	 466.3940	  726.2165	 200.2324	455.6945	 16.8093	 70.5183	 70.5183	 76.8750	112.9415	386.5878	400.7001	383.3411	389.6608	384.8236	384.8236	 26.8877	386.1044	  1.0000	   0.0638	  0.2550	    0.7794	  0.9238	   0.7794	  0.8188	 20.6667	 12.2331	  5.4131
2018	184	   8	  0	183.3333	 93.0096	 29.4423	 589.2752	  748.4094	 221.5212	577.9395	 21.0628	 85.5097	 80.5075	 81.0837	159.9801	393.0271	415.9574	396.4552	405.5359	395.7199	397.0514	 31.7256	517.5438	  1.0000	   0.1226	  0.3163	    0.7794	  0.9238	   0.7794	  0.8197	 22.4292	 14.6004	  7.7804
2018	184	   9	  0	183.3750	106.6447	 37.2904	 690.0942	  763.0288	 228.0420	678.9957	 24.5930	115.3933	 85.9419	 85.9419	181.6936	399.2457	425.3015	403.9662	415.1485	405.3246	403.9662	 35.1985	636.7037	  1.0000	   0.1662	  0.3750	    0.7794	  0.9238	   0.7794	  0.8243	 23.0833	 16.7702	  9.9502
2018	184	  10	  0	183.4167	122.2508	 44.5398	 768.1867	  775.8068	 224.2647	757.8844	 28.0319	151.3795	 88.1528	 88.1528	187.7095	399.8534	432.4891	407.7833	419.7309	414.2312	407.7833	 37.5867	737.3977	  1.0000	   0.2146	  0.4296	    0.7794	  0.9238	   0.7794	  0.8238	 23.1167	 18.7041	 11.8841
2018	184	  11	  0	183.4583	140.7693	 50.5042	 812.3587	  801.8559	 193.5189	804.4914	 30.4933	189.0368	 82.3483	 82.3483	168.8668	399.6126	443.2591	413.9901	423.6721	426.7288	413.9901	 39.0826	812.3179	  1.0000	   0.2711	  0.4719	    0.7794	  0.9238	   0.7794	  0.8208	 23.4625	 20.3681	 13.5481
2018	184	  12	  0	183.5000	162.6060	 54.2844	 803.7115	  734.0207	 207.9759	794.7821	 33.6104	217.1227	 86.8496	 86.8496	128.0946	400.4987	453.6734	420.1261	423.6952	438.7361	420.1261	 39.8272	855.2084	  0.9970	   0.3214	  0.4921	    0.7794	  0.9238	   0.7794	  0.8198	 23.7625	 21.7327	 14.9127
2018	184	  13	  0	183.5417	186.4808	 55.0401	 788.8735	  691.4978	 222.1282	778.8610	 34.3734	220.4509	106.1195	 90.2537	 91.7556	394.8218	463.2926	426.5698	426.1230	447.9606	427.3578	 40.3306	868.0233	  0.9730	   0.3330	  0.4955	    0.7794	  0.9238	   0.7794	  0.8050	 24.7667	 22.7738	 15.9538
2018	184	  14	  0	183.5833	209.5393	 52.5703	 732.9027	  639.5880	 224.8762	722.3167	 31.0251	187.8973	143.7669	 88.2552	 88.2552	382.0343	464.2851	427.7031	427.7031	446.4204	436.6858	 40.1784	849.4488	  0.9336	   0.2954	  0.4840	    0.7794	  0.9238	   0.7794	  0.7780	 25.7708	 22.7939	 16.1703
2018	184	  15	  0	183.6250	229.6105	 47.4879	 641.0037	  554.2746	 231.9996	629.2950	 26.7968	145.2835	154.3440	 86.1925	 86.1925	378.8266	450.9102	419.8454	419.8454	431.5870	434.1601	 37.5289	788.5692	  0.8985	   0.2420	  0.4509	    0.7794	  0.9238	   0.7794	  0.7776	 25.1875	 21.0016	 14.9877
2018	184	  16	  0	183.6667	246.4474	 40.7267	 522.4590	  448.9514	 228.8769	510.1560	 22.5027	107.3513	140.3765	 80.8847	 80.8847	383.5386	437.0149	412.3812	412.3812	417.3573	427.8247	 33.9964	694.0804	  0.8606	   0.1920	  0.4013	    0.7794	  0.9238	   0.7794	  0.7920	 24.3375	 18.6133	 13.2808
2018	184	  17	  0	183.7083	260.8687	 33.0797	 388.5742	  334.8377	 204.8329	377.0233	 17.7003	 76.1418	107.3116	 69.7179	 69.7179	383.1827	425.9957	406.6425	406.6425	406.4426	420.0707	 29.7951	579.7714	  0.8081	   0.1360	  0.3430	    0.7794	  0.9238	   0.7794	  0.7958	 23.8750	 15.5938	 11.0561
2018	184	  18	  0	183.7500	273.8042	 25.1191	 252.9848	  206.5471	 163.9993	243.3390	 13.0585	 54.2259	 72.5573	 55.0354	 54.1132	380.7463	415.6197	398.8816	400.4017	399.9994	409.7148	 25.3615	450.5449	  0.7388	   0.0959	  0.2836	    0.7794	  0.9238	   0.7794	  0.7988	 23.0042	 11.8603	  8.3004
2018	184	  19	  0	183.7917	285.9921	 17.2763	 130.6910	   70.4486	 108.3629	124.0681	  8.1345	 34.7803	 38.2974	 35.7096	 34.7803	380.9557	406.9646	394.8928	395.6108	395.6108	400.2147	 21.0409	314.5925	  0.6456	   0.0652	  0.2140	    0.7794	  0.9238	   0.7794	  0.8054	 22.1208	  7.7901	  5.3392
2018	184	  20	  0	183.8333	297.9880	  9.9156	  41.9871	    9.4666	  40.2080	 39.4852	  2.9786	 12.7316	 13.2710	 12.9716	 12.7316	381.9176	399.0334	390.7322	390.4510	390.4510	393.3455	 16.8662	182.2428	  0.5403	   0.0418	  0.1364	    0.7794	  0.9238	   0.7794	  0.8124	 20.8792	  6.8220	  4.5199
2018	184	  21	  0	183.8750	310.1915	  3.4500	   5.7925	    1.2886	   5.6870	  5.4376	  0.4194	  1.8086	  1.8126	  1.8126	  1.8086	381.1611	390.3767	384.8941	382.2858	382.2858	385.7658	 13.9830	 64.4933	  0.5703	   0.0087	  0.0649	    0.7794	  0.9238	   0.7794	  0.8154	 19.4500	  9.2546	  5.8351
2018	184	  22	  0	183.9167	322.8534	 -1.7919	   0.3021	    0.1640	   0.1465	  0.1384	  0.0108	  0.0470	  0.0470	  0.0470	  0.0470	379.0201	385.5089	378.9525	377.6933	377.6933	378.8048	 12.7386	 43.3405	  0.5817	   0.0000	  0.0014	    0.7794	  0.9238	   0.7794	  0.8168	 18.6292	  2.7074	  1.6491
2018	184	  23	  0	183.9583	336.0780	 -6.4020	   0.0052	    0.0000	   0.0000	  0.0000	  0.0000	  0.0000	  0.0000	  0.0000	  0.0000	376.9175	382.3044	375.5616	375.5616	375.5616	375.5616	 12.2177	 50.7264	  0.5087	   0.0000	  0.0000	    0.7794	  0.9238	   0.7794	  0.8164	 18.0208	  0.0000	  0.0000
2018	185	   0	  0	184.0000	349.7910	 -8.7771	   0.0000	    0.0000	   0.0000	  0.0000	  0.0000	  0.0000	  0.0000	  0.0000	  0.0000	375.8111	378.6413	372.0209	372.0209	372.0209	372.0209	 11.5702	 50.7180	  0.5086	   0.0000	  0.0000	    0.7794	  0.9238	   0.7794	  0.8164	 17.3208	  0.0000	  0.0000
2018	185	   1	  0	184.0417	 93.7425	 -9.2300	   0.0277	    0.0000	   0.0000	  0.0000	  0.0000	  0.0000	  0.0000	  0.0000	  0.0000	377.2874	375.2847	368.9119	368.9119	368.9119	368.9119	 11.0245	 50.5249	  0.5096	   0.0000	  0.0000	    0.7794	  0.9238	   0.7794	  0.8187	 16.6750	  0.0000	  0.0000
2018	185	   2	  0	184.0833	 17.6043	 -7.7521	   1.4258	    0.0000	   0.0000	  0.0000	  0.0000	  0.0000	  0.0000	  0.0000	  0.0000	378.9663	373.0233	366.5009	366.5009	366.5009	366.5009	 10.6093	 50.4914	  0.5373	   0.0000	  0.0000	    0.7794	  0.9238	   0.7794	  0.8207	 16.2375	  0.0000	  0.0000
2018	185	   3	  0	184.1250	 31.0809	 -4.1921	  15.1613	    0.0000	   0.0000	  0.0000	  0.0000	  0.0000	  0.0000	  0.0000	  0.0000	377.2537	371.4789	361.6812	361.6812	361.6812	361.6812	  9.7483	 50.5208	  0.7858	   0.0000	  0.0000	    0.7794	  0.9238	   0.7794	  0.8192	 15.9375	  0.0000	  0.0000
2018	185	   4	  0	184.1667	 44.0060	  0.9373	  70.7835	  118.7994	  50.2664	 52.9958	  3.7157	 16.0909	 16.0909	 16.0909	 16.0909	377.2569	373.3952	358.9878	358.9878	360.6513	360.6513	 11.8761	 38.9848	  1.0000	   0.0077	  0.0337	    0.7794	  0.9238	   0.7794	  0.8190	 16.2875	  2.6927	  0.0000
2018	185	   5	  0	184.2083	 56.4029	  6.7437	 185.6379	  635.7517	 109.9377	179.2816	  8.2551	 36.8038	 36.8038	 37.3001	 37.7359	379.7495	380.2826	365.0512	365.2741	367.2874	367.2874	 16.5749	124.2735	  1.0000	   0.0016	  0.0945	    0.7794	  0.9238	   0.7794	  0.8200	 17.6208	  7.0377	  0.4523
2018	185	   6	  0	184.2500	 68.4613	 13.7481	 321.0569	  691.7006	 156.4901	312.3976	 13.0653	 53.9236	 53.9236	 74.5980	106.1702	384.3525	392.9288	376.3963	378.6766	377.6332	377.6332	 23.4383	250.4098	  1.0000	   0.0838	  0.1773	    0.7794	  0.9238	   0.7794	  0.8213	 19.2125	  9.6723	  2.8523
2018	185	   7	  0	184.2917	 80.5075	 21.4070	 452.5294	  718.6636	 190.1436	442.4349	 16.0218	 67.2298	 67.2298	 73.4369	108.8098	388.2611	400.5965	383.4661	389.7419	384.9579	384.9579	 26.4540	384.3223	  1.0000	   0.0631	  0.2543	    0.7794	  0.9238	   0.7794	  0.8210	 20.6583	 12.1961	  5.3761
2018	185	   8	  0	184.3333	 93.0209	 29.3546	 578.1358	  743.9125	 213.5313	567.2782	 20.4250	 82.8903	 77.9079	 78.4761	156.8117	390.5976	410.5162	391.3707	400.3188	390.6540	391.9647	 30.6015	516.1528	  1.0000	   0.1224	  0.3155	    0.7794	  0.9238	   0.7794	  0.8201	 21.4625	 14.5645	  7.7445
2018	185	   9	  0	184.3750	106.6541	 37.2022	 685.6917	  769.5615	 220.4996	675.0863	 24.0744	113.4121	 83.6911	 83.6911	180.1311	385.4400	420.8240	398.2104	409.2651	399.5595	398.2104	 34.0376	639.5628	  1.0000	   0.1657	  0.3743	    0.7794	  0.9238	   0.7794	  0.8080	 22.3042	 16.7355	  9.9155
2018	185	  10	  0	184.4167	122.2519	 44.4511	 765.2435	  788.0208	 213.6437	755.6579	 27.3726	149.1976	 85.1143	 85.1143	186.0348	378.2237	432.0526	404.4055	416.3037	410.8238	404.4055	 36.6992	745.1109	  1.0000	   0.2139	  0.4290	    0.7794	  0.9238	   0.7794	  0.7922	 23.0625	 18.6707	 11.8507
2018	185	  11	  0	184.4583	140.7517	 50.4160	 809.9577	  822.7692	 175.6103	803.3162	 29.5253	186.7320	 77.3929	 77.3929	165.8637	374.0554	443.7632	410.7572	420.4222	423.4692	410.7572	 38.0833	823.5355	  1.0000	   0.2700	  0.4714	    0.7794	  0.9238	   0.7794	  0.7813	 23.5792	 20.3359	 13.5159
2018	185	  12	  0	184.5000	162.5574	 54.2000	 819.8944	  799.8554	 171.3935	813.6133	 32.4673	219.4238	 77.6979	 77.6979	122.6674	373.6044	454.6060	416.9843	420.5638	435.5736	416.9843	 38.8213	868.1683	  0.9985	   0.3202	  0.4917	    0.7794	  0.9238	   0.7794	  0.7772	 23.9542	 21.7016	 14.8816
2018	185	  13	  0	184.5417	186.3982	 54.9645	 794.4004	  716.5749	 207.6133	785.4325	 33.8767	221.3218	102.6111	 86.5948	 88.2377	371.0559	457.7480	418.6006	418.1617	439.7629	419.3477	 38.8720	878.0567	  0.9691	   0.3317	  0.4952	    0.7794	  0.9238	   0.7794	  0.7727	 23.8917	 22.7349	 15.9175
2018	185	  14	  0	184.5833	209.4357	 52.5067	 731.1321	  629.9123	 231.1228	720.1007	 31.2314	188.0937	144.1762	 89.8644	 89.8644	374.7476	454.0768	418.5193	418.5193	436.5157	427.0839	 38.9018	849.4431	  0.9317	   0.2946	  0.4837	    0.7794	  0.9238	   0.7794	  0.7765	 24.2333	 22.3237	 15.8284
2018	185	  15	  0	184.6250	229.5026	 47.4354	 636.4204	  539.7518	 238.5238	624.2278	 26.9897	145.3417	153.9788	 87.8016	 87.8016	379.9446	446.6823	416.7864	416.7864	428.1516	430.6030	 37.1154	786.1529	  0.8953	   0.2414	  0.4506	    0.7794	  0.9238	   0.7794	  0.7836	 24.6000	 20.5466	 14.6558
2018	185	  16	  0	184.6667	246.3443	 40.6817	 517.3769	  441.7196	 228.7976	505.0447	 22.3914	106.7988	139.1182	 80.6907	 80.6907	376.2301	436.1424	411.0075	411.0075	415.8297	425.9721	 33.6270	696.3914	  0.8510	   0.1917	  0.4010	    0.7794	  0.9238	   0.7794	  0.7809	 24.2750	 18.1843	 12.9683
2018	185	  17	  0	184.7083	260.7727	 33.0384	 384.7867	  330.0810	 203.8836	373.2758	 17.5868	 75.7162	106.3451	 69.3331	 69.3331	374.1914	424.5723	404.5328	404.5328	404.2984	417.5499	 29.3046	582.0423	  0.7993	   0.1358	  0.3426	    0.7794	  0.9238	   0.7794	  0.7830	 23.6750	 15.2520	 10.8080
2018	185	  18	  0	184.7500	273.7149	 25.0782	 252.8996	  211.0708	 162.2016	243.3779	 12.9437	 53.7172	 72.4311	 54.5280	 53.5976	373.7438	416.0495	398.4664	399.9941	399.5956	409.3833	 25.1966	451.7915	  0.7374	   0.0960	  0.2832	    0.7794	  0.9238	   0.7794	  0.7876	 23.0750	 11.9358	  8.3481
2018	185	  19	  0	184.7917	285.9085	 17.2331	 130.5185	   72.8112	 107.4688	123.9565	  8.0714	 34.5205	 38.0922	 35.4552	 34.5205	376.7434	407.4027	394.8788	395.5964	395.5964	400.2661	 20.9732	314.6935	  0.6452	   0.0643	  0.2138	    0.7794	  0.9238	   0.7794	  0.7987	 22.2042	  7.8541	  5.3798
2018	185	  20	  0	184.8333	297.9092	  9.8683	  40.9210	    9.0887	  39.2126	 38.4809	  2.9048	 12.4142	 12.9460	 12.6500	 12.4142	382.4479	399.3823	391.1394	390.8727	390.8727	393.7593	 16.8981	181.3961	  0.5359	   0.0423	  0.1360	    0.7794	  0.9238	   0.7794	  0.8128	 20.9417	  6.8116	  4.5093
2018	185	  21	  0	184.8750	310.1177	  3.3990	   5.1708	    1.0214	   5.0827	  4.8536	  0.3748	  1.6164	  1.6182	  1.6182	  1.6164	385.3002	391.1013	385.9920	383.3995	383.3995	386.8807	 14.1912	 63.4742	  0.5635	   0.0077	  0.0635	    0.7794	  0.9238	   0.7794	  0.8200	 19.5958	  9.2486	  5.8255
2018	185	  22	  0	184.9167	322.7855	 -1.8595	   0.1979	    0.0660	   0.0650	  0.0614	  0.0048	  0.0207	  0.0207	  0.0207	  0.0207	384.0893	386.0376	379.6896	379.1331	379.1331	379.6387	 12.9826	 47.0199	  0.5407	   0.0000	  0.0011	    0.7794	  0.9238	   0.7794	  0.8230	 18.7292	  1.2499	  0.7629
2018	185	  23	  0	184.9583	336.0176	 -6.4687	   0.0000	    0.0000	   0.0000	  0.0000	  0.0000	  0.0000	  0.0000	  0.0000	  0.0000	381.7524	381.4101	375.0276	375.0276	375.0276	375.0276	 12.1730	 50.4637	  0.5091	   0.0000	  0.0000	    0.7794	  0.9238	   0.7794	  0.8221	 17.8500	  0.0000	  0.0000
2018	186	   0	  0	185.0000	349.7402	 -8.8539	   0.0000	    0.0000	   0.0000	  0.0000	  0.0000	  0.0000	  0.0000	  0.0000	  0.0000	379.8377	378.2493	371.9007	371.9007	371.9007	371.9007	 11.5918	 50.4793	  0.5091	   0.0000	  0.0000	    0.7794	  0.9238	   0.7794	  0.8208	 17.2458	  0.0000	  0.0000
2018	186	   1	  0	185.0417	 93.7031	 -9.3133	   0.0977	    0.0000	   0.0000	  0.0000	  0.0000	  0.0000	  0.0000	  0.0000	  0.0000	379.8615	376.8839	370.5719	370.5719	370.5719	370.5719	 11.3527	 50.3436	  0.5115	   0.0000	  0.0000	    0.7794	  0.9238	   0.7794	  0.8211	 16.9833	  0.0000	  0.0000
2018	186	   2	  0	185.0833	 17.5771	 -7.8410	   1.3046	    0.0000	   0.0000	  0.0000	  0.0000	  0.0000	  0.0000	  0.0000	  0.0000	378.4979	376.4940	369.7996	369.7996	369.7996	369.7996	 11.2024	 50.3684	  0.5354	   0.0000	  0.0000	    0.7794	  0.9238	   0.7794	  0.8197	 16.9083	  0.0000	  0.0000
2018	186	   3	  0	185.1250	 31.0655	 -4.3030	   8.3598	    0.0000	   0.0000	  0.0000	  0.0000	  0.0000	  0.0000	  0.0000	  0.0000	376.8497	376.9701	368.2851	368.2851	368.2851	368.2851	 10.9327	 50.4009	  0.6754	   0.0000	  0.0000	    0.7794	  0.9238	   0.7794	  0.8179	 17.0000	  0.0000	  0.0000
2018	186	   4	  0	185.1667	 44.0010	  0.8532	  38.6004	  262.0743	  20.1816	 29.5220	  1.5123	  6.6830	  6.6830	  8.2522	  8.2824	372.9531	377.9738	363.0095	363.0095	364.6909	364.6909	 11.3163	 37.9679	  0.9808	   0.0067	  0.0326	    0.7794	  0.9238	   0.7794	  0.8134	 17.1625	  3.0436	  0.0000
2018	186	   5	  0	185.2083	 56.4064	  6.6524	 117.9542	  755.5207	  28.0913	116.8123	  2.2482	 11.1648	 11.1648	 11.6947	 12.1602	371.7865	379.7279	363.6891	363.9000	365.9396	365.9396	 12.7108	123.0219	  1.0000	   0.0015	  0.0932	    0.7794	  0.9238	   0.7794	  0.8113	 17.5167	  6.9966	  0.4284
2018	186	   6	  0	185.2500	 68.4713	 13.6557	 190.7323	  541.3324	  68.4892	187.2860	  6.2108	 25.0523	 25.0523	 42.1142	 66.5440	372.7188	386.6873	369.8679	371.9217	371.1709	371.1709	 17.6715	249.9239	  0.9704	   0.0835	  0.1765	    0.7794	  0.9238	   0.7794	  0.8102	 18.0792	  9.1332	  2.6319
2018	186	   7	  0	185.2917	 80.5220	 21.3147	 179.0048	  110.3734	 141.5205	170.4123	 10.6742	 45.6384	 45.6384	 46.6502	 50.8046	372.3944	384.0016	371.7642	373.9391	373.8395	373.8395	 18.7592	384.4854	  0.6778	   0.0624	  0.2536	    0.7794	  0.9238	   0.7794	  0.8101	 18.0750	  4.7103	  2.0121
2018	186	   8	  0	185.3333	 93.0375	 29.2620	 159.8365	   14.1214	 152.9383	150.3208	 11.3620	 48.1939	 48.0964	 48.1095	 49.5920	372.4138	383.3890	375.5161	375.4312	374.3413	376.1379	 19.0624	516.8176	  0.4668	   0.1221	  0.3147	    0.7794	  0.9238	   0.7794	  0.8108	 17.9083	  2.6154	  1.3838
2018	186	   9	  0	185.3750	106.6692	 37.1091	 275.5544	   44.5844	 247.7802	260.2514	 18.7691	 80.2133	 78.0872	 78.0872	 83.9950	373.4124	386.5103	377.4388	377.3115	375.6522	377.4388	 23.6756	637.8337	  0.5518	   0.1652	  0.3736	    0.7794	  0.9238	   0.7794	  0.8109	 18.2708	  3.2064	  1.9054
2018	186	  10	  0	185.4167	122.2589	 44.3571	 468.7685	  226.9495	 308.7666	450.5566	 26.1685	120.3502	101.1604	101.1604	129.9688	374.2997	396.4479	381.5511	384.8237	382.7953	381.5511	 29.4499	739.7977	  0.7281	   0.2130	  0.4283	    0.7794	  0.9238	   0.7794	  0.8086	 18.9333	  8.0726	  5.1327
2018	186	  11	  0	185.4583	140.7395	 50.3220	 617.6531	  397.4936	 311.3682	600.2791	 30.9374	159.9579	107.0820	107.0820	149.5959	375.0938	411.3058	389.6315	394.5918	396.5140	389.6315	 33.7607	815.6979	  0.8343	   0.2689	  0.4708	    0.7794	  0.9238	   0.7794	  0.8046	 19.8417	 13.1588	  8.7428
2018	186	  12	  0	185.5000	162.5128	 54.1092	 685.7044	  459.5067	 313.2309	668.6666	 34.4667	191.9782	110.3296	110.3296	135.1397	376.5340	420.8581	394.8683	396.4769	406.6882	394.8683	 35.6603	858.8653	  0.8649	   0.3190	  0.4912	    0.7794	  0.9238	   0.7794	  0.8044	 20.1375	 15.5239	 10.6428
2018	186	  13	  0	185.5417	186.3170	 54.8822	 774.4560	  632.9891	 256.7404	761.9439	 35.2272	217.4105	113.7106	 98.8381	100.1137	379.6077	433.9412	400.6654	400.2235	420.0108	401.3520	 36.9524	866.8714	  0.9581	   0.3303	  0.4949	    0.7794	  0.9238	   0.7794	  0.8055	 20.2167	 21.7372	 15.2128
2018	186	  14	  0	185.5833	209.3310	 52.4364	 743.8369	  625.2907	 247.9808	731.7230	 32.3146	192.3149	148.5654	 94.8650	 94.8650	380.7875	432.4508	400.5857	400.5857	418.1683	408.9205	 36.9450	839.8849	  0.9568	   0.2937	  0.4833	    0.7794	  0.9238	   0.7794	  0.8055	 20.5083	 22.5177	 15.9570
2018	186	  15	  0	185.6250	229.3920	 47.3764	 637.0071	  510.5655	 260.8408	623.2704	 28.1074	148.4943	156.2851	 93.9189	 93.9189	378.1825	421.3770	395.2271	395.2271	405.6084	407.7546	 34.3800	780.0450	  0.9025	   0.2407	  0.4503	    0.7794	  0.9238	   0.7794	  0.8034	 20.4375	 19.6719	 14.0243
2018	186	  16	  0	185.6667	246.2379	 40.6304	 515.5550	  410.2124	 247.8112	501.8914	 23.3850	110.2222	140.0516	 85.8987	 85.8987	376.6221	413.0684	391.4222	391.4222	395.7158	404.8690	 31.0316	690.4571	  0.8549	   0.1913	  0.4006	    0.7794	  0.9238	   0.7794	  0.8025	 20.4083	 17.2100	 12.2669
2018	186	  17	  0	185.7083	260.6733	 32.9910	 382.1804	  301.1947	 217.2079	369.7274	 18.3421	 78.9122	106.7479	 73.0065	 73.0065	376.7797	404.9264	387.8139	387.8139	387.4982	399.4504	 26.9766	576.9145	  0.8007	   0.1356	  0.3422	    0.7794	  0.9238	   0.7794	  0.8045	 20.2833	 14.3325	 10.1509
2018	186	  18	  0	185.7500	273.6224	 25.0312	 245.9952	  175.2513	 170.4588	235.8536	 13.3956	 55.8608	 71.5846	 56.4689	 55.7486	374.9266	396.6714	381.8861	383.2230	382.6236	391.0386	 22.5620	448.1465	  0.7263	   0.0961	  0.2827	    0.7794	  0.9238	   0.7794	  0.8058	 19.6667	 10.6700	  7.4591
2018	186	  19	  0	185.7917	285.8219	 17.1839	 117.8775	   40.6599	 104.9190	111.4058	  7.8174	 33.4494	 35.4348	 33.9599	 33.4494	374.5077	390.1060	379.3582	380.3139	380.3139	383.7298	 18.0713	312.7518	  0.6074	   0.0633	  0.2135	    0.7794	  0.9238	   0.7794	  0.8087	 19.0833	  6.6476	  4.5481
2018	186	  20	  0	185.8333	297.8280	  9.8148	  36.0175	    6.3450	  34.8271	 33.8480	  2.5774	 11.0159	 11.3948	 11.1832	 11.0159	377.4740	386.6660	379.2143	378.9820	378.9820	381.7376	 14.5785	180.4059	  0.5119	   0.0427	  0.1355	    0.7794	  0.9238	   0.7794	  0.8138	 18.5750	  6.7117	  4.4389
2018	186	  21	  0	185.8750	310.0420	  3.3421	   4.6217	    0.7023	   4.5631	  4.3368	  0.3365	  1.4506	  1.4520	  1.4520	  1.4506	377.2689	381.5992	376.4954	373.9220	373.9220	377.3813	 12.4038	 62.5574	  0.5622	   0.0066	  0.0621	    0.7794	  0.9238	   0.7794	  0.8146	 17.8125	  9.2893	  5.8437
2018	186	  22	  0	185.9167	322.7163	 -1.9346	   0.3312	    0.0701	   0.0689	  0.0651	  0.0051	  0.0219	  0.0219	  0.0219	  0.0219	372.4759	378.7706	371.9686	371.3905	371.3905	371.9185	 11.4773	 46.9885	  0.5467	   0.0000	  0.0010	    0.7794	  0.9238	   0.7794	  0.8123	 17.3458	  1.2997	  0.7921
2018	186	  23	  0	185.9583	335.9567	 -6.5472	   0.0208	    0.0000	   0.0000	  0.0000	  0.0000	  0.0000	  0.0000	  0.0000	  0.0000	369.7068	376.8410	369.9000	369.9000	369.9000	369.9000	 11.1220	 50.5415	  0.5099	   0.0000	  0.0000	    0.7794	  0.9238	   0.7794	  0.8101	 16.9750	  0.0000	  0.0000
2018	187	   0	  0	186.0000	349.1088	 -8.8889	   0.0000	    0.0000	   0.0000	  0.0000	  0.0000	  0.0000	  0.0000	  0.0000	  0.0000	367.0939	374.8957	367.8949	367.8949	367.8949	367.8949	 10.7302	 50.5843	  0.5095	   0.0000	  0.0000	    0.7794	  0.9238	   0.7794	  0.8079	 16.6000	  0.0000	  0.0000
