Year	DOY	Hour	Min	 Dectime	 azimuth	altitude	GlobalRad	DiffuseRad	DirectRad	 Kdown2d	   Kup2d	  Ksouth	   Kwest	  Knorth	   Keast	 Ldown2d	   Lup2d	  Lsouth	   Lwest	  Lnorth	   Least	    Tmrt	      I0	      CI	SH_Ground	SH_Walls	SVF_Ground	SVF_Roof	SVF_BdVeg	Emis_Sky	      Ta	      Tg	      Tw
2018	179	   0	  0	178.0000	356.4596	 -8.9700	   0.0200	    0.0000	   0.0000	  0.0000	  0.0000	  0.0000	  0.0000	  0.0000	  0.0000	400.3930	382.1337	379.0628	379.0628	379.0628	379.0628	 13.0640	 51.3709	  0.5056	   0.0000	  0.0000	    0.7698	  0.9210	   0.7698	  0.8405	 18.9000	  0.0000	  0.0000
2018	179	   1	  0	178.0417	 94.0030	 -8.8731	   0.1496	    0.0000	   0.0000	  0.0000	  0.0000	  0.0000	  0.0000	  0.0000	  0.0000	397.1866	380.7187	377.4763	377.4763	377.4763	377.4763	 12.7486	 51.4318	  0.5081	   0.0000	  0.0000	    0.7698	  0.9210	   0.7698	  0.8374	 18.6292	  0.0000	  0.0000
2018	179	   2	  0	178.0833	 17.8109	 -7.3571	   2.4581	    0.0000	   0.0000	  0.0000	  0.0000	  0.0000	  0.0000	  0.0000	  0.0000	393.0421	376.9933	373.1115	373.1115	373.1115	373.1115	 11.9310	 51.5083	  0.5529	   0.0000	  0.0000	    0.7698	  0.9210	   0.7698	  0.8337	 17.9125	  0.0000	  0.0000
2018	179	   3	  0	178.1250	 31.2336	 -3.6940	  20.5810	    0.0000	   0.0000	  0.0000	  0.0000	  0.0000	  0.0000	  0.0000	  0.0000	394.1176	374.5795	367.5775	367.5775	367.5775	367.5775	 10.9845	 51.4895	  0.8351	   0.0000	  0.0000	    0.7698	  0.9210	   0.7698	  0.8349	 17.4458	  0.0000	  0.0000
2018	179	   4	  0	178.1667	 44.1102	  1.3272	  85.2542	  123.4346	  64.7068	 67.5923	  4.7753	 20.8889	 20.8889	 20.8889	 20.8889	397.1579	377.2961	366.3973	366.3973	368.4337	368.4337	 14.1019	 40.1388	  1.0000	   0.0106	  0.0378	    0.7698	  0.9210	   0.7698	  0.8377	 17.9417	  3.0068	  0.0000
2018	179	   5	  0	178.2083	 56.4670	  7.1779	 193.9660	  623.3554	 115.1125	187.4018	  8.6543	 39.1769	 39.1769	 39.6455	 40.0588	401.3715	385.2741	374.0063	374.2918	376.3827	376.3827	 18.6223	131.0053	  1.0000	   0.0015	  0.0949	    0.7698	  0.9210	   0.7698	  0.8408	 19.4833	  7.2194	  0.5639
2018	179	   6	  0	178.2500	 68.4952	 14.1932	 323.6306	  681.8874	 156.1298	315.2223	 13.0879	 55.0440	 55.0440	 75.1318	105.8463	399.7507	401.1249	387.6774	390.2170	389.0184	389.0184	 25.4387	257.0321	  1.0000	   0.0828	  0.1744	    0.7698	  0.9210	   0.7698	  0.8334	 21.6458	  9.8522	  3.0322
2018	179	   7	  0	178.2917	 80.5223	 21.8564	 456.5967	  712.5195	 191.3116	446.7845	 16.0840	 69.3347	 69.3347	 74.9136	107.2732	400.2590	409.4108	394.9438	401.7405	396.6094	396.6094	 28.4646	390.6657	  1.0000	   0.0583	  0.2488	    0.7698	  0.9210	   0.7698	  0.8275	 23.2417	 12.3723	  5.5523
2018	179	   8	  0	178.3333	 93.0306	 29.8066	 581.4260	  734.5162	 216.4080	570.8575	 20.6347	 85.6964	 80.9795	 81.5332	156.5463	407.4794	419.7722	403.9097	413.4430	403.0989	404.5655	 32.8205	520.4488	  1.0000	   0.1192	  0.3069	    0.7698	  0.9210	   0.7698	  0.8326	 24.0792	 14.7356	  7.9156
2018	179	   9	  0	178.3750	106.6796	 37.6560	 687.2823	  755.7345	 225.7514	676.9176	 24.2568	115.6203	 87.7634	 87.7634	178.1482	408.6286	429.3833	411.1559	422.8336	412.4990	411.1559	 36.2721	640.4471	  1.0000	   0.1591	  0.3653	    0.7698	  0.9210	   0.7698	  0.8293	 24.8333	 16.9007	 10.0807
2018	179	  10	  0	178.4167	122.3282	 44.9040	 766.0317	  774.0654	 219.8157	756.7310	 27.3507	149.0911	 89.6627	 89.6627	183.0208	402.0510	440.5058	417.4935	430.0098	424.2250	417.4935	 38.8485	744.5117	  1.0000	   0.2031	  0.4205	    0.7698	  0.9210	   0.7698	  0.8137	 25.6333	 18.8298	 12.0098
2018	179	  11	  0	178.4583	140.9334	 50.8591	 811.1337	  822.5031	 172.8850	805.5245	 28.8405	182.7224	 79.6739	 79.6739	162.3788	395.9332	451.9777	423.4886	433.5655	436.8884	423.4886	 39.9457	822.4964	  1.0000	   0.2561	  0.4637	    0.7698	  0.9210	   0.7698	  0.7995	 26.1625	 20.4891	 13.6691
2018	179	  12	  0	178.5000	162.9027	 54.6128	 822.4575	  801.3777	 169.3392	817.1918	 31.6911	213.6953	 80.2013	 80.2013	121.7351	390.4505	460.0688	426.7800	430.3093	446.3038	426.7800	 40.2651	868.0134	  0.9985	   0.3035	  0.4854	    0.7698	  0.9210	   0.7698	  0.7896	 26.1375	 21.8495	 15.0295
2018	179	  13	  0	178.5417	186.9103	 55.3197	 796.4375	  720.9822	 203.4897	788.5413	 32.9091	214.6460	104.2660	 88.3619	 89.6368	385.7922	463.2846	428.2138	427.6767	450.3831	429.0835	 40.2703	878.5266	  0.9700	   0.3121	  0.4898	    0.7698	  0.9210	   0.7698	  0.7809	 26.1625	 22.8873	 16.0673
2018	179	  14	  0	178.5833	210.0375	 52.7897	 726.1021	  617.0289	 234.1419	715.4607	 30.7176	183.5202	143.7797	 93.0900	 93.0900	390.8311	458.3679	427.2951	427.2951	445.8275	436.2068	 40.2198	848.1666	  0.9260	   0.2791	  0.4750	    0.7698	  0.9210	   0.7698	  0.7888	 26.2458	 22.2723	 15.8292
2018	179	  15	  0	178.6250	230.1078	 47.6550	 585.1885	  423.2017	 271.8901	570.7227	 27.0990	138.8434	145.8585	 97.1362	 97.1362	393.4006	443.1391	421.1613	421.1613	429.9724	432.2494	 37.3529	784.4582	  0.8309	   0.2259	  0.4414	    0.7698	  0.9210	   0.7698	  0.7972	 26.0917	 16.8582	 12.0527
2018	179	  16	  0	178.6667	246.9120	 40.8593	 491.1592	  374.5313	 245.9856	477.7586	 22.6446	106.5798	133.2150	 86.2847	 86.2847	392.4849	433.6668	414.8652	414.8652	418.6297	428.1695	 34.1235	693.4024	  0.8162	   0.1813	  0.3902	    0.7698	  0.9210	   0.7698	  0.8008	 25.3500	 16.1657	 11.5553
2018	179	  17	  0	178.7083	261.2964	 33.1956	 383.1725	  312.3356	 211.4010	371.3378	 17.9479	 78.1492	106.1376	 72.7151	 72.7151	401.0877	423.1517	408.8548	408.8548	408.3079	422.0265	 30.3613	576.3553	  0.8026	   0.1296	  0.3316	    0.7698	  0.9210	   0.7698	  0.8194	 24.4750	 15.1045	 10.7294
2018	179	  18	  0	178.7500	274.2011	 25.2328	 253.0598	  201.9717	 165.8873	243.3838	 13.1472	 55.5570	 72.5402	 56.4013	 55.4818	393.4862	414.6470	401.6091	403.2030	402.7518	412.6951	 25.9922	449.7101	  0.7395	   0.0907	  0.2734	    0.7698	  0.9210	   0.7698	  0.8132	 23.8208	 11.8737	  8.3270
2018	179	  19	  0	178.7917	286.3652	 17.3996	 132.9092	   78.1244	 108.1400	126.3394	  8.1193	 35.1722	 38.8320	 36.2028	 35.1722	380.0743	406.4850	396.4291	397.1570	397.1570	402.0754	 21.3397	317.3806	  0.6481	   0.0638	  0.2067	    0.7698	  0.9210	   0.7698	  0.7995	 22.9583	  8.0908	  5.5589
2018	179	  20	  0	178.8333	298.3422	 10.0575	  43.2283	   10.5068	  41.2423	 40.6618	  3.0500	 13.1876	 13.7164	 13.4258	 13.1876	370.6432	398.5534	391.4768	391.2531	391.2531	394.1339	 16.9247	186.0728	  0.5402	   0.0372	  0.1317	    0.7698	  0.9210	   0.7698	  0.7922	 21.7417	  6.8505	  4.5527
2018	179	  21	  0	178.8750	310.5284	  3.6119	   6.0204	    1.5528	   5.8873	  5.6528	  0.4334	  1.8886	  1.8937	  1.8937	  1.8886	371.7596	390.6573	386.5181	384.0098	384.0098	387.3501	 14.1655	 67.9106	  0.5595	   0.0112	  0.0653	    0.7698	  0.9210	   0.7698	  0.7991	 20.3958	  9.0700	  5.7437
2018	179	  22	  0	178.9167	323.1707	 -1.5669	   0.2792	    0.1675	   0.1635	  0.1547	  0.0120	  0.0525	  0.0525	  0.0525	  0.0525	379.4841	382.8801	378.7065	377.4679	377.4679	378.5386	 12.6745	 44.8168	  0.5725	   0.0000	  0.0018	    0.7698	  0.9210	   0.7698	  0.8162	 19.0417	  2.6240	  1.6056
2018	179	  23	  0	178.9583	336.3695	 -6.1530	   0.0000	    0.0000	   0.0000	  0.0000	  0.0000	  0.0000	  0.0000	  0.0000	  0.0000	380.6370	377.5541	373.4393	373.4393	373.4393	373.4393	 11.8510	 51.7722	  0.5052	   0.0000	  0.0000	    0.7698	  0.9210	   0.7698	  0.8205	 18.0208	  0.0000	  0.0000
2018	180	   0	  0	179.0000	350.0481	 -8.4972	   0.0000	    0.0000	   0.0000	  0.0000	  0.0000	  0.0000	  0.0000	  0.0000	  0.0000	372.7286	377.5755	372.9320	372.9320	372.9320	372.9320	 11.6758	 51.9201	  0.5053	   0.0000	  0.0000	    0.7698	  0.9210	   0.7698	  0.8113	 18.0250	  0.0000	  0.0000
2018	180	   1	  0	179.0417	 93.9570	 -8.9165	   0.1531	    0.0000	   0.0000	  0.0000	  0.0000	  0.0000	  0.0000	  0.0000	  0.0000	358.4072	379.5670	373.7454	373.7454	373.7454	373.7454	 11.6713	 52.0304	  0.5089	   0.0000	  0.0000	    0.7698	  0.9210	   0.7698	  0.7920	 18.4083	  0.0000	  0.0000
2018	180	   2	  0	179.0833	 17.7715	 -7.4072	   2.9312	    0.0000	   0.0000	  0.0000	  0.0000	  0.0000	  0.0000	  0.0000	  0.0000	345.5453	375.8321	368.4642	368.4642	368.4642	368.4642	 10.5866	 52.3086	  0.5620	   0.0000	  0.0000	    0.7698	  0.9210	   0.7698	  0.7772	 17.6875	  0.0000	  0.0000
2018	180	   3	  0	179.1250	 31.2012	 -3.7624	  23.7140	    0.0000	   0.0000	  0.0000	  0.0000	  0.0000	  0.0000	  0.0000	  0.0000	338.0637	367.3143	355.3473	355.3473	355.3473	355.3473	  8.1401	 52.3876	  0.8579	   0.0000	  0.0000	    0.7698	  0.9210	   0.7698	  0.7734	 16.0250	  0.0000	  0.0000
2018	180	   4	  0	179.1667	 44.0842	  1.2752	  89.7579	  147.1830	  66.0719	 70.0846	  4.8783	 21.3602	 21.3602	 21.3602	 21.3602	336.0721	364.3685	348.2335	348.2335	350.1982	350.1982	 10.3013	 40.2610	  1.0000	   0.0101	  0.0371	    0.7698	  0.9210	   0.7698	  0.7729	 15.4167	  3.0134	  0.0000
2018	180	   5	  0	179.2083	 56.4463	  7.1188	 187.3952	  692.2186	 101.0292	181.7743	  7.6347	 34.8871	 34.8871	 35.3707	 35.7965	334.2966	364.9408	348.2509	348.5163	350.5092	350.5092	 12.9614	133.5647	  1.0000	   0.0015	  0.0942	    0.7698	  0.9210	   0.7698	  0.7698	 15.5458	  7.1968	  0.5488
2018	180	   6	  0	179.2500	 68.4783	 14.1319	 383.6417	  742.4045	 201.9862	372.4773	 16.5935	 70.0470	 70.0470	 91.8608	125.2134	334.8464	372.3681	354.3484	356.7294	355.5767	355.5767	 21.7369	262.6203	  1.0000	   0.0826	  0.1739	    0.7698	  0.9210	   0.7698	  0.7666	 16.2042	  9.8299	  3.0099
2018	180	   7	  0	179.2917	 80.5074	 21.7941	 499.7950	  775.7421	 211.7883	488.8862	 17.7517	 76.5771	 76.5771	 82.6172	117.5985	337.7572	376.1278	357.7665	364.1183	359.2742	359.2742	 23.2627	399.1774	  1.0000	   0.0579	  0.2483	    0.7698	  0.9210	   0.7698	  0.7657	 17.0167	 12.3506	  5.5306
2018	180	   8	  0	179.3333	 93.0155	 29.7439	 620.2725	  796.6999	 225.1509	609.4025	 21.6589	 89.8649	 84.7808	 85.3872	166.6566	342.3011	386.9894	366.7376	375.7239	365.9945	367.3371	 27.5254	533.2015	  1.0000	   0.1190	  0.3064	    0.7698	  0.9210	   0.7698	  0.7659	 18.0667	 14.7146	  7.8946
2018	180	   9	  0	179.3750	106.6609	 37.5935	 724.5892	  813.6236	 228.4656	714.3373	 25.0109	119.7596	 89.8699	 89.8699	187.0261	345.7530	397.0548	374.6681	385.7151	375.9763	374.6681	 31.1493	655.8575	  1.0000	   0.1587	  0.3648	    0.7698	  0.9210	   0.7698	  0.7649	 19.0167	 16.8805	 10.0605
2018	180	  10	  0	179.4167	122.3008	 44.8426	 804.6000	  826.7701	 221.8612	795.4698	 28.2213	155.0091	 91.6909	 91.6909	191.3107	346.0061	405.3328	379.6553	391.4609	386.0165	379.6553	 33.7311	759.1073	  1.0000	   0.2026	  0.4201	    0.7698	  0.9210	   0.7698	  0.7617	 19.4167	 18.8104	 11.9904
2018	180	  11	  0	179.4583	140.8898	 50.8007	 853.0533	  830.8684	 209.3931	845.2020	 31.6015	194.7189	 91.2053	 91.2053	175.1134	347.5195	417.1927	387.2734	396.8148	399.9269	387.2734	 35.8862	835.3568	  1.0000	   0.2555	  0.4634	    0.7698	  0.9210	   0.7698	  0.7588	 20.1417	 20.4705	 13.6505
2018	180	  12	  0	179.5000	162.8361	 54.5609	 860.1140	  835.0971	 179.7168	854.4214	 33.2277	223.6960	 84.5687	 84.5687	127.2654	347.6407	429.3872	394.9711	398.3826	413.5379	394.9711	 36.3076	880.3767	  1.0000	   0.3028	  0.4852	    0.7698	  0.9210	   0.7698	  0.7531	 20.9250	 21.8317	 15.0117
2018	180	  13	  0	179.5417	186.8229	 55.2782	 833.0752	  803.6895	 172.4393	827.6768	 32.6343	222.3311	 99.2259	 81.6753	 83.1449	344.8645	435.7562	398.9935	398.5005	420.1999	399.8288	 35.8798	891.5770	  0.9934	   0.3115	  0.4896	    0.7698	  0.9210	   0.7698	  0.7438	 21.5250	 22.8700	 16.0500
2018	180	  14	  0	179.5833	209.9418	 52.7599	 767.6838	  715.0694	 198.1922	759.9275	 30.1436	189.5358	144.1086	 85.1478	 85.1478	346.9526	436.6109	401.5947	401.5947	420.6191	410.9994	 36.4352	864.0375	  0.9587	   0.2788	  0.4748	    0.7698	  0.9210	   0.7698	  0.7420	 22.2333	 23.5360	 16.7250
2018	180	  15	  0	179.6250	230.0155	 47.6350	 668.4963	  616.7448	 212.4099	658.9226	 25.9257	144.7753	155.1444	 84.1900	 84.1900	349.1823	429.8668	399.7238	399.7238	412.2288	415.2576	 34.5995	800.9324	  0.9198	   0.2256	  0.4413	    0.7698	  0.9210	   0.7698	  0.7442	 22.5458	 22.4335	 16.0347
2018	180	  16	  0	179.6667	246.8273	 40.8455	 545.3215	  510.8080	 210.5860	534.8700	 21.7081	106.4718	142.4803	 78.5364	 78.5364	348.5400	421.1592	395.8082	395.8082	401.1855	412.7717	 31.4186	708.5525	  0.8771	   0.1812	  0.3901	    0.7698	  0.9210	   0.7698	  0.7453	 22.4458	 20.0382	 14.3199
2018	180	  17	  0	179.7083	261.2189	 33.1846	 408.6377	  387.7580	 195.3035	398.1509	 17.3442	 75.9368	110.5845	 69.0981	 69.0981	358.4291	412.0958	392.9053	392.9053	392.7459	408.0154	 27.7410	588.4820	  0.8320	   0.1296	  0.3315	    0.7698	  0.9210	   0.7698	  0.7647	 22.2375	 17.1049	 12.1472
2018	180	  18	  0	179.7500	274.1292	 25.2220	 268.6896	  248.9075	 161.1420	259.4773	 13.0243	 54.7666	 75.8328	 55.7725	 54.6664	361.3164	404.1127	388.0126	389.4865	389.0563	400.2732	 23.7525	456.3523	  0.7652	   0.0909	  0.2733	    0.7698	  0.9210	   0.7698	  0.7744	 21.7750	 13.2379	  9.2815
2018	180	  19	  0	179.7917	286.2973	 17.3868	 135.4973	   86.4951	 108.0409	128.9557	  8.1279	 35.2265	 39.2176	 36.3412	 35.2265	350.6768	397.1033	385.0239	385.6901	385.6901	390.7234	 19.2173	321.5168	  0.6505	   0.0631	  0.2067	    0.7698	  0.9210	   0.7698	  0.7632	 21.2292	  8.2755	  5.6843
2018	180	  20	  0	179.8333	298.2770	 10.0411	  46.8062	   12.7692	  44.4212	 44.0439	  3.2866	 14.2132	 14.8302	 14.4911	 14.2132	343.4194	390.8299	381.7387	381.4839	381.4839	384.3910	 15.1296	188.3075	  0.5573	   0.0377	  0.1317	    0.7698	  0.9210	   0.7698	  0.7578	 20.2958	  6.9136	  4.5925
2018	180	  21	  0	179.8750	310.4656	  3.5912	   6.9567	    2.2799	   6.7711	  6.5341	  0.4986	  2.1730	  2.1829	  2.1829	  2.1730	340.6570	382.9846	376.5554	374.0602	374.0602	377.3910	 12.1234	 68.4285	  0.5730	   0.0112	  0.0648	    0.7698	  0.9210	   0.7698	  0.7603	 18.9417	  9.1044	  5.7620
2018	180	  22	  0	179.9167	323.1105	 -1.5980	   0.3567	    0.2071	   0.1998	  0.1891	  0.0147	  0.0642	  0.0642	  0.0642	  0.0642	338.1859	375.6365	368.6274	367.3783	367.3783	368.4631	 10.4247	 45.3344	  0.5765	   0.0000	  0.0017	    0.7698	  0.9210	   0.7698	  0.7657	 17.6500	  2.6690	  1.6320
2018	180	  23	  0	179.9583	336.3128	 -6.1807	   0.0021	    0.0000	   0.0000	  0.0000	  0.0000	  0.0000	  0.0000	  0.0000	  0.0000	334.4207	365.6313	359.0198	359.0198	359.0198	359.0198	  8.7163	 52.4587	  0.5060	   0.0000	  0.0000	    0.7698	  0.9210	   0.7698	  0.7696	 15.6917	  0.0000	  0.0000
2018	181	   0	  0	180.0000	349.9964	 -8.5403	   0.0058	    0.0000	   0.0000	  0.0000	  0.0000	  0.0000	  0.0000	  0.0000	  0.0000	332.6857	356.3837	350.2326	350.2326	350.2326	350.2326	  7.0517	 52.3743	  0.5062	   0.0000	  0.0000	    0.7698	  0.9210	   0.7698	  0.7735	 13.8500	  0.0000	  0.0000
2018	181	   1	  0	180.0417	 93.9120	 -8.9665	   0.1802	    0.0000	   0.0000	  0.0000	  0.0000	  0.0000	  0.0000	  0.0000	  0.0000	330.2908	349.6659	343.6849	343.6849	343.6849	343.6849	  5.7782	 52.1401	  0.5102	   0.0000	  0.0000	    0.7698	  0.9210	   0.7698	  0.7740	 12.4875	  0.0000	  0.0000
2018	181	   2	  0	180.0833	 17.7341	 -7.4639	   2.7046	    0.0000	   0.0000	  0.0000	  0.0000	  0.0000	  0.0000	  0.0000	  0.0000	325.7916	343.6833	337.0307	337.0307	337.0307	337.0307	  4.4515	 52.1951	  0.5585	   0.0000	  0.0000	    0.7698	  0.9210	   0.7698	  0.7714	 11.2583	  0.0000	  0.0000
2018	181	   3	  0	180.1250	 31.1716	 -3.8351	  22.5377	    0.0000	   0.0000	  0.0000	  0.0000	  0.0000	  0.0000	  0.0000	  0.0000	324.9830	340.1707	329.4748	329.4748	329.4748	329.4748	  3.0162	 52.1929	  0.8446	   0.0000	  0.0000	    0.7698	  0.9210	   0.7698	  0.7717	 10.5292	  0.0000	  0.0000
2018	181	   4	  0	180.1667	 44.0616	  1.2178	  95.1450	   85.0317	  74.8890	 75.0898	  5.5200	 24.0889	 24.0889	 24.0889	 24.0889	329.3619	345.7426	330.7884	330.7884	332.6595	332.6595	  7.3413	 39.3555	  1.0000	   0.0097	  0.0363	    0.7698	  0.9210	   0.7698	  0.7745	 11.6542	  2.8121	  0.0000
2018	181	   5	  0	180.2083	 56.4295	  7.0541	 209.4506	  655.0943	 127.4732	202.1378	  9.5695	 43.2267	 43.2267	 43.6764	 44.0718	338.1924	357.6945	342.2279	342.4837	344.4486	344.4486	 13.0976	131.8644	  1.0000	   0.0014	  0.0933	    0.7698	  0.9210	   0.7698	  0.7793	 14.1000	  7.1710	  0.5316
2018	181	   6	  0	180.2500	 68.4658	 14.0653	 344.0331	  728.7727	 166.6906	335.0439	 13.9537	 58.7180	 58.7180	 80.1164	112.7745	345.7867	372.2008	355.4950	357.8557	356.7342	356.7342	 20.4408	259.9103	  1.0000	   0.0824	  0.1733	    0.7698	  0.9210	   0.7698	  0.7815	 16.1750	  9.8045	  2.9845
2018	181	   7	  0	180.2917	 80.4974	 21.7267	 481.2310	  757.7991	 200.6616	470.9583	 16.8669	 72.7946	 72.7946	 78.6508	112.5996	351.0262	379.9508	362.7628	369.1361	364.2943	364.2943	 23.5945	395.5773	  1.0000	   0.0574	  0.2477	    0.7698	  0.9210	   0.7698	  0.7814	 17.7583	 12.3257	  5.5057
2018	181	   8	  0	180.3333	 93.0056	 29.6761	 609.8123	  785.9894	 220.6933	599.1724	 21.2465	 88.1787	 83.1636	 83.7612	163.8550	350.4675	391.0171	371.2910	380.3068	370.5387	371.8995	 28.0223	530.3736	  1.0000	   0.1188	  0.3058	    0.7698	  0.9210	   0.7698	  0.7743	 18.8333	 14.6905	  7.8705
2018	181	   9	  0	180.3750	106.6478	 37.5257	 718.7002	  809.0488	 226.1179	708.5664	 24.7621	118.6512	 88.9974	 88.9974	185.4640	348.6485	400.0398	377.6309	388.7032	378.9298	377.6309	 31.4612	654.3957	  1.0000	   0.1583	  0.3643	    0.7698	  0.9210	   0.7698	  0.7663	 19.5792	 16.8574	 10.0374
2018	181	  10	  0	180.4167	122.2790	 44.7756	 797.7846	  822.6648	 218.6200	788.8281	 27.8809	153.3973	 90.5312	 90.5312	189.5291	347.3921	409.3925	383.3050	395.1682	389.6849	383.3050	 34.0886	758.7512	  1.0000	   0.2021	  0.4196	    0.7698	  0.9210	   0.7698	  0.7596	 20.1708	 18.7882	 11.9682
2018	181	  11	  0	180.4583	140.8512	 50.7363	 842.1588	  823.7828	 204.5928	834.5582	 31.0555	191.8857	 89.4514	 89.4514	172.6210	350.0426	422.8011	392.3544	401.9729	405.0950	392.3544	 36.3489	835.1125	  1.0000	   0.2549	  0.4629	    0.7698	  0.9210	   0.7698	  0.7567	 21.1583	 20.4492	 13.6292
2018	181	  12	  0	180.5000	162.7729	 54.5024	 849.4985	  832.3917	 171.8221	844.2781	 32.5139	220.4106	 81.9905	 81.9905	124.7819	354.1159	434.2653	400.0013	403.4527	418.6799	400.0013	 36.7435	877.7749	  1.0000	   0.3019	  0.4849	    0.7698	  0.9210	   0.7698	  0.7583	 21.8000	 21.8111	 14.9911
2018	181	  13	  0	180.5417	186.7362	 55.2298	 820.4858	  771.4121	 186.7569	813.9709	 32.8325	219.7939	101.6021	 84.9225	 86.3846	352.9352	438.4682	402.5717	402.0819	423.8491	403.3763	 36.5091	887.1807	  0.9877	   0.3107	  0.4894	    0.7698	  0.9210	   0.7698	  0.7541	 22.0167	 22.8501	 16.0301
2018	181	  14	  0	180.5833	209.8443	 52.7235	 760.5281	  694.8632	 207.4249	752.0597	 30.3541	188.7765	144.4497	 87.3190	 87.3190	349.9635	435.2082	401.0674	401.0674	419.9354	410.3045	 36.4121	861.1871	  0.9535	   0.2785	  0.4745	    0.7698	  0.9210	   0.7698	  0.7485	 22.0375	 23.3825	 16.6101
2018	181	  15	  0	180.6250	229.9198	 47.6086	 665.6319	  606.4573	 217.4065	655.6810	 26.0994	145.0259	155.0567	 85.4329	 85.4329	344.4928	423.7385	394.2209	394.2209	406.3234	409.2050	 33.7761	800.9319	  0.9163	   0.2253	  0.4411	    0.7698	  0.9210	   0.7698	  0.7431	 21.5750	 21.9923	 15.7143
2018	181	  16	  0	180.6667	246.7386	 40.8255	 547.3062	  512.8379	 211.4315	536.8111	 21.7851	106.9444	142.9670	 78.8421	 78.8421	342.7018	414.9689	389.7637	389.7637	395.0900	406.4817	 30.5149	709.0097	  0.8795	   0.1810	  0.3900	    0.7698	  0.9210	   0.7698	  0.7428	 21.3542	 19.9848	 14.2771
2018	181	  17	  0	180.7083	261.1376	 33.1676	 410.9950	  395.9875	 193.3323	400.6670	 17.2564	 75.6438	110.9509	 68.6269	 68.6269	343.8943	405.9980	385.8164	385.8164	385.6968	400.7822	 26.5123	592.0447	  0.8318	   0.1295	  0.3313	    0.7698	  0.9210	   0.7698	  0.7479	 21.1292	 17.1236	 12.1564
2018	181	  18	  0	180.7500	274.0537	 25.2052	 271.7258	  261.7952	 158.8669	262.6994	 12.9118	 54.2326	 76.3204	 55.2807	 54.1218	341.4748	397.9786	380.2820	381.7202	381.3006	392.5916	 22.3283	460.6559	  0.7668	   0.0911	  0.2731	    0.7698	  0.9210	   0.7698	  0.7492	 20.6292	 13.4300	  9.4120
2018	181	  19	  0	180.7917	286.2260	 17.3680	 143.2396	  110.6988	 108.6016	136.7216	  8.2213	 35.6364	 40.9461	 37.1640	 35.6364	343.0432	391.7463	379.1262	379.5604	379.5604	385.3456	 18.3185	322.1303	  0.6740	   0.0623	  0.2067	    0.7698	  0.9210	   0.7698	  0.7567	 20.1833	  9.1022	  6.2484
2018	181	  20	  0	180.8333	298.2090	 10.0186	  47.4771	   12.6285	  45.0981	 44.6723	  3.3371	 14.4259	 15.0770	 14.7176	 14.4259	346.4981	385.2746	376.8488	376.5970	376.5970	379.4832	 14.3378	187.1436	  0.5616	   0.0382	  0.1315	    0.7698	  0.9210	   0.7698	  0.7685	 19.2417	  6.9117	  4.5890
2018	181	  21	  0	180.8750	310.4004	  3.5644	   6.8281	    1.9945	   6.6648	  6.4121	  0.4907	  2.1383	  2.1468	  2.1468	  2.1383	346.1010	378.0980	372.5097	370.0341	370.0341	373.3486	 11.4482	 67.5949	  0.5737	   0.0113	  0.0642	    0.7698	  0.9210	   0.7698	  0.7732	 18.0042	  9.1121	  5.7627
2018	181	  22	  0	180.9167	323.0485	 -1.6363	   0.3388	    0.1998	   0.1929	  0.1824	  0.0142	  0.0620	  0.0620	  0.0620	  0.0620	342.2661	371.5200	365.1560	363.9143	363.9143	364.9965	  9.8322	 44.8849	  0.5776	   0.0000	  0.0017	    0.7698	  0.9210	   0.7698	  0.7750	 16.8500	  2.6764	  1.6352
2018	181	  23	  0	180.9583	336.2552	 -6.2259	   0.0010	    0.0000	   0.0000	  0.0000	  0.0000	  0.0000	  0.0000	  0.0000	  0.0000	338.5900	365.1353	358.8441	358.8441	358.8441	358.8441	  8.7312	 52.0889	  0.5067	   0.0000	  0.0000	    0.7698	  0.9210	   0.7698	  0.7756	 15.5958	  0.0000	  0.0000
2018	182	   0	  0	181.0000	349.9448	 -8.5902	   0.0000	    0.0000	   0.0000	  0.0000	  0.0000	  0.0000	  0.0000	  0.0000	  0.0000	335.1728	359.4140	353.2410	353.2410	353.2410	353.2410	  7.6467	 52.0891	  0.5068	   0.0000	  0.0000	    0.7698	  0.9210	   0.7698	  0.7749	 14.4583	  0.0000	  0.0000
2018	182	   1	  0	181.0417	 93.8679	 -9.0233	   0.1415	    0.0000	   0.0000	  0.0000	  0.0000	  0.0000	  0.0000	  0.0000	  0.0000	331.7704	354.1739	348.0338	348.0338	348.0338	348.0338	  6.6253	 51.9031	  0.5101	   0.0000	  0.0000	    0.7698	  0.9210	   0.7698	  0.7736	 13.4042	  0.0000	  0.0000
2018	182	   2	  0	181.0833	 17.6986	 -7.5272	   2.5767	    0.0000	   0.0000	  0.0000	  0.0000	  0.0000	  0.0000	  0.0000	  0.0000	330.7494	347.7114	341.1768	341.1768	341.1768	341.1768	  5.3102	 51.8779	  0.5571	   0.0000	  0.0000	    0.7698	  0.9210	   0.7698	  0.7753	 12.0875	  0.0000	  0.0000
2018	182	   3	  0	181.1250	 31.1447	 -3.9170	  21.8960	    0.0000	   0.0000	  0.0000	  0.0000	  0.0000	  0.0000	  0.0000	  0.0000	329.2731	342.7966	332.3232	332.3232	332.3232	332.3232	  3.6254	 51.8802	  0.8398	   0.0000	  0.0000	    0.7698	  0.9210	   0.7698	  0.7754	 11.0750	  0.0000	  0.0000
2018	182	   4	  0	181.1667	 44.0424	  1.1551	  93.6165	   81.0206	  67.9463	 68.2757	  5.0086	 21.8592	 21.8592	 21.8592	 21.8592	330.0000	345.2614	330.6244	330.6244	332.2835	332.2835	  6.9510	 42.5315	  1.0000	   0.0091	  0.0352	    0.7698	  0.9210	   0.7698	  0.7754	 11.5583	  2.4904	  0.0000
2018	182	   5	  0	181.2083	 56.4167	  6.9840	 207.5388	  653.4780	 126.5173	200.2780	  9.4961	 42.8925	 42.8925	 43.3151	 43.6862	337.5158	354.1739	338.9718	339.2173	341.1824	341.1824	 12.4510	130.5166	  1.0000	   0.0013	  0.0924	    0.7698	  0.9210	   0.7698	  0.7801	 13.3917	  7.1420	  0.5132
2018	182	   6	  0	181.2500	 68.4577	 13.9934	 341.9927	  732.0053	 164.6853	333.1288	 13.8021	 58.0802	 58.0802	 79.5117	112.2328	341.1736	370.3073	353.2654	355.5964	354.5097	354.5097	 19.9450	259.1192	  1.0000	   0.0821	  0.1727	    0.7698	  0.9210	   0.7698	  0.7765	 15.8083	  9.7759	  2.9559
2018	182	   7	  0	181.2917	 80.4922	 21.6541	 477.9906	  762.6214	 196.5612	467.9817	 16.5598	 71.5155	 71.5155	 77.3584	111.2581	344.0151	382.4711	364.0730	370.4478	365.6232	365.6232	 23.5788	396.0884	  1.0000	   0.0570	  0.2472	    0.7698	  0.9210	   0.7698	  0.7691	 18.2458	 12.2978	  5.4778
2018	182	   8	  0	181.3333	 93.0009	 29.6032	 604.2425	  786.4613	 215.8202	593.9021	 20.8702	 86.5905	 81.5978	 82.1990	162.2370	346.9372	395.5039	374.6878	383.7348	373.9226	375.3040	 28.3128	531.0070	  1.0000	   0.1185	  0.3052	    0.7698	  0.9210	   0.7698	  0.7646	 19.6792	 14.6635	  7.8435
2018	182	   9	  0	181.3750	106.6403	 37.4528	 709.6719	  804.0973	 220.9476	699.8303	 24.2985	116.6226	 87.2250	 87.2250	182.9386	349.7962	404.6264	381.7142	392.8363	383.0040	381.7142	 31.8128	653.8955	  1.0000	   0.1579	  0.3638	    0.7698	  0.9210	   0.7698	  0.7634	 20.4333	 16.8313	 10.0113
2018	182	  10	  0	181.4167	122.2629	 44.7031	 790.0912	  815.0205	 217.0529	781.1829	 27.6090	151.9326	 89.7953	 89.7953	187.7250	353.6805	414.5855	388.6071	400.5450	395.0156	388.6071	 34.7368	756.2614	  1.0000	   0.2015	  0.4191	    0.7698	  0.9210	   0.7698	  0.7641	 21.1250	 18.7632	 11.9432
2018	182	  11	  0	181.4583	140.8178	 50.6658	 838.4217	  818.0860	 205.8835	830.6992	 30.9839	191.1917	 89.6347	 89.6347	172.1634	356.6604	426.8083	396.6993	406.3692	409.4862	396.6993	 36.9703	832.0567	  1.0000	   0.2541	  0.4624	    0.7698	  0.9210	   0.7698	  0.7630	 21.8875	 20.4251	 13.6051
2018	182	  12	  0	181.5000	162.7131	 54.4374	 846.7088	  835.5931	 166.9767	841.8086	 32.1650	219.2937	 80.5605	 80.5605	123.6294	359.2662	438.8874	404.6325	408.1123	423.4152	404.6325	 37.2988	875.7884	  1.0000	   0.3011	  0.4845	    0.7698	  0.9210	   0.7698	  0.7615	 22.6250	 21.7880	 14.9680
2018	182	  13	  0	181.5417	186.6503	 55.1746	 817.4787	  770.4585	 184.9506	811.0671	 32.6165	218.8585	100.7375	 84.2961	 85.8057	358.4296	444.7319	408.6227	408.1320	430.0891	409.3969	 37.3156	885.7381	  0.9861	   0.3099	  0.4891	    0.7698	  0.9210	   0.7698	  0.7560	 23.1167	 22.8277	 16.0077
2018	182	  14	  0	181.5833	209.7449	 52.6802	 753.9377	  682.0454	 211.3219	745.1395	 30.3369	187.7528	143.9313	 88.0861	 88.0861	357.4805	440.4201	406.6309	406.6309	425.5764	415.8305	 37.2065	858.3378	  0.9489	   0.2781	  0.4742	    0.7698	  0.9210	   0.7698	  0.7549	 22.9750	 23.2725	 16.5255
2018	182	  15	  0	181.6250	229.8207	 47.5756	 660.4602	  598.8611	 218.1150	650.4169	 26.0020	144.2957	154.0057	 85.4164	 85.4164	357.0992	433.5207	404.2370	404.2370	416.5600	419.4621	 35.2537	797.1746	  0.9138	   0.2250	  0.4410	    0.7698	  0.9210	   0.7698	  0.7528	 23.2958	 22.0194	 15.7280
2018	182	  16	  0	181.6667	246.6461	 40.7993	 540.7937	  504.5715	 210.4932	530.3118	 21.6049	106.0612	141.3216	 78.3377	 78.3377	354.6766	427.4309	402.0907	402.0907	407.5231	419.0659	 32.3149	706.9128	  0.8727	   0.1808	  0.3898	    0.7698	  0.9210	   0.7698	  0.7479	 23.5833	 19.9202	 14.2258
2018	182	  17	  0	181.7083	261.0524	 33.1446	 406.6156	  392.9494	 190.8045	396.4308	 17.0418	 74.7738	109.7206	 67.7636	 67.7636	352.3611	417.6554	397.0429	397.0429	396.9209	412.2930	 28.1941	591.4881	  0.8252	   0.1294	  0.3311	    0.7698	  0.9210	   0.7698	  0.7481	 23.2375	 17.1248	 12.1525
2018	182	  18	  0	181.7500	273.9745	 25.1825	 269.0827	  262.8393	 155.9037	260.2445	 12.6982	 53.3111	 75.5088	 54.3397	 53.1931	349.9464	410.6437	392.3495	393.8470	393.4180	405.0605	 24.2439	460.3548	  0.7616	   0.0913	  0.2728	    0.7698	  0.9210	   0.7698	  0.7482	 22.9375	 13.5381	  9.4837
2018	182	  19	  0	181.7917	286.1515	 17.3432	 142.0198	  113.7470	 106.5147	135.6396	  8.0720	 35.0021	 40.4089	 36.5536	 35.0021	347.5973	402.3404	389.1015	389.5437	389.5437	395.5508	 19.9591	322.2120	  0.6704	   0.0615	  0.2066	    0.7698	  0.9210	   0.7698	  0.7519	 22.1500	  9.2264	  6.3307
2018	182	  20	  0	181.8333	298.1382	  9.9899	  46.9571	   13.1862	  44.4862	 44.1913	  3.2929	 14.2328	 14.9133	 14.5370	 14.2328	345.9034	394.6607	385.3798	385.1408	385.1408	388.0782	 15.7963	187.3618	  0.5590	   0.0388	  0.1313	    0.7698	  0.9210	   0.7698	  0.7576	 21.0042	  6.9306	  4.5987
2018	182	  21	  0	181.8750	310.3330	  3.5316	   6.5377	    2.1387	   6.3620	  6.1404	  0.4685	  2.0418	  2.0507	  2.0507	  2.0418	344.4466	387.1982	380.8415	378.2689	378.2689	381.7083	 12.9032	 67.2732	  0.5712	   0.0111	  0.0635	    0.7698	  0.9210	   0.7698	  0.7618	 19.7417	  9.2416	  5.8383
2018	182	  22	  0	181.9167	322.9850	 -1.6819	   0.2979	    0.1787	   0.1720	  0.1626	  0.0127	  0.0553	  0.0553	  0.0553	  0.0553	339.8939	376.9806	369.9819	368.7280	368.7280	369.8241	 10.6877	 44.7032	  0.5780	   0.0000	  0.0016	    0.7698	  0.9210	   0.7698	  0.7669	 17.9083	  2.6753	  1.6331
2018	182	  23	  0	181.9583	336.1968	 -6.2777	   0.0000	    0.0000	   0.0000	  0.0000	  0.0000	  0.0000	  0.0000	  0.0000	  0.0000	336.8228	367.6298	361.0378	361.0378	361.0378	361.0378	  9.1188	 51.9348	  0.5074	   0.0000	  0.0000	    0.7698	  0.9210	   0.7698	  0.7714	 16.0875	  0.0000	  0.0000
2018	183	   0	  0	182.0000	349.8933	 -8.6470	   0.0000	    0.0000	   0.0000	  0.0000	  0.0000	  0.0000	  0.0000	  0.0000	  0.0000	334.9798	359.5222	353.3175	353.3175	353.3175	353.3175	  7.6585	 51.8679	  0.5075	   0.0000	  0.0000	    0.7698	  0.9210	   0.7698	  0.7745	 14.4792	  0.0000	  0.0000
2018	183	   1	  0	182.0417	 93.8250	 -9.0868	   0.0510	    0.0000	   0.0000	  0.0000	  0.0000	  0.0000	  0.0000	  0.0000	  0.0000	334.1103	352.9597	347.0556	347.0556	347.0556	347.0556	  6.4656	 51.6332	  0.5090	   0.0000	  0.0000	    0.7698	  0.9210	   0.7698	  0.7769	 13.1583	  0.0000	  0.0000
2018	183	   2	  0	182.0833	 17.6651	 -7.5969	   1.9965	    0.0000	   0.0000	  0.0000	  0.0000	  0.0000	  0.0000	  0.0000	  0.0000	332.8299	348.3183	342.0338	342.0338	342.0338	342.0338	  5.4975	 51.6303	  0.5467	   0.0000	  0.0000	    0.7698	  0.9210	   0.7698	  0.7774	 12.2125	  0.0000	  0.0000
2018	183	   3	  0	182.1250	 31.1206	 -3.9996	  20.9546	    0.0000	   0.0000	  0.0000	  0.0000	  0.0000	  0.0000	  0.0000	  0.0000	331.3892	344.7304	334.4347	334.4347	334.4347	334.4347	  4.0613	 51.6414	  0.8306	   0.0000	  0.0000	    0.7698	  0.9210	   0.7698	  0.7770	 11.4750	  0.0000	  0.0000
2018	183	   4	  0	182.1667	 44.0267	  1.0871	  91.9506	   73.3761	  67.3073	 67.1831	  4.9605	 21.6430	 21.6430	 21.6430	 21.6430	334.7351	348.5220	334.0510	334.0510	335.7277	335.7277	  7.6109	 41.5399	  1.0000	   0.0085	  0.0344	    0.7698	  0.9210	   0.7698	  0.7794	 12.2292	  2.4625	  0.0000
2018	183	   5	  0	182.2083	 56.4079	  6.9086	 206.7933	  647.7996	 127.1602	199.4809	  9.5394	 43.0576	 43.0576	 43.4536	 43.8013	340.3072	358.6407	343.2768	343.5161	345.5290	345.5290	 13.2622	129.1087	  1.0000	   0.0012	  0.0915	    0.7698	  0.9210	   0.7698	  0.7813	 14.2917	  7.1100	  0.4945
2018	183	   6	  0	182.2500	 68.4541	 13.9163	 342.7708	  731.2106	 166.6242	333.7760	 13.9297	 58.6568	 58.6568	 80.0040	112.5928	342.9091	373.2225	356.0490	358.3674	357.3218	357.3218	 20.4857	257.7039	  1.0000	   0.0819	  0.1721	    0.7698	  0.9210	   0.7698	  0.7769	 16.3833	  9.7442	  2.9242
2018	183	   7	  0	182.2917	 80.4919	 21.5765	 481.5717	  761.2251	 201.6105	471.2345	 16.9088	 73.0720	 73.0720	 78.8452	112.4299	348.3218	382.8624	364.9818	371.3236	366.5408	366.5408	 23.9413	393.9009	  1.0000	   0.0565	  0.2465	    0.7698	  0.9210	   0.7698	  0.7751	 18.3292	 12.2668	  5.4468
2018	183	   8	  0	182.3333	 93.0016	 29.5253	 612.5781	  786.9507	 224.8147	601.6691	 21.5147	 89.4041	 84.4138	 85.0144	165.0014	352.5892	396.6788	376.4814	385.5026	375.7083	377.0980	 28.9728	528.3301	  1.0000	   0.1183	  0.3046	    0.7698	  0.9210	   0.7698	  0.7722	 19.9042	 14.6334	  7.8134
2018	183	   9	  0	182.3750	106.6384	 37.3747	 721.9688	  810.6185	 230.0876	711.5806	 25.0059	119.8183	 90.2097	 90.2097	186.5545	349.9305	406.1067	383.0086	394.1166	384.2855	383.0086	 32.4035	653.3061	  1.0000	   0.1575	  0.3632	    0.7698	  0.9210	   0.7698	  0.7619	 20.7167	 16.8023	  9.9823
2018	183	  10	  0	182.4167	122.2525	 44.6251	 803.9000	  825.4829	 224.2953	794.5917	 28.2407	155.0974	 92.3004	 92.3004	191.3074	348.5770	417.4672	390.3031	402.2646	396.7198	390.3031	 35.3142	758.9176	  1.0000	   0.2008	  0.4186	    0.7698	  0.9210	   0.7698	  0.7524	 21.6583	 18.7353	 11.9153
2018	183	  11	  0	182.4583	140.7896	 50.5893	 855.2206	  832.5537	 212.1760	847.1899	 31.6672	195.1941	 92.0021	 92.0021	175.9066	346.1549	432.1329	399.5446	409.2793	412.4054	399.5446	 37.6995	839.5617	  1.0000	   0.2534	  0.4619	    0.7698	  0.9210	   0.7698	  0.7390	 22.8417	 20.3984	 13.5784
2018	183	  12	  0	182.5000	162.6570	 54.3658	 862.5298	  843.6067	 176.8259	857.0616	 33.0072	223.7089	 83.8399	 83.8399	127.1126	348.7724	443.2808	406.6734	410.1848	425.5453	406.6734	 37.9506	883.5359	  1.0000	   0.3001	  0.4841	    0.7698	  0.9210	   0.7698	  0.7384	 23.4083	 21.7621	 14.9421
2018	183	  13	  0	182.5417	186.5653	 55.1125	 826.3996	  803.1448	 167.5156	821.2952	 32.0738	220.1515	 96.8529	 80.0251	 81.6632	354.9463	449.0494	411.5969	411.1084	433.1805	412.3407	 37.5152	889.3104	  0.9900	   0.3089	  0.4888	    0.7698	  0.9210	   0.7698	  0.7448	 23.8792	 22.8026	 15.9826
2018	183	  14	  0	182.5833	209.6440	 52.6302	 752.9192	  684.4354	 208.6752	744.3000	 30.1717	187.4937	143.0672	 87.3324	 87.3324	363.2111	445.9347	412.0402	412.0402	431.1697	421.2781	 37.9453	856.8943	  0.9493	   0.2776	  0.4738	    0.7698	  0.9210	   0.7698	  0.7580	 23.9292	 23.2756	 16.5206
2018	183	  15	  0	182.6250	229.7186	 47.5362	 654.2779	  573.6309	 230.6533	643.2964	 26.4975	145.1832	154.0916	 88.5964	 88.5964	376.6577	434.1335	407.5891	407.5891	419.7344	422.4915	 35.9907	787.3595	  0.9164	   0.2246	  0.4407	    0.7698	  0.9210	   0.7698	  0.7838	 23.4833	 21.6798	 15.4791
2018	183	  16	  0	182.6667	246.5500	 40.7668	 533.9317	  470.5545	 226.0785	522.2902	 22.3279	108.3136	141.0195	 82.3847	 82.3847	378.7027	424.2593	402.7871	402.7871	407.9763	419.0380	 32.7667	694.9962	  0.8760	   0.1805	  0.3896	    0.7698	  0.9210	   0.7698	  0.7905	 23.1375	 19.3253	 13.7953
2018	183	  17	  0	182.7083	260.9635	 33.1155	 399.8567	  358.0220	 203.2421	388.7360	 17.6892	 77.4908	109.2218	 71.0146	 71.0146	376.9812	413.3659	396.6357	396.6357	396.4304	410.9382	 28.4690	581.1073	  0.8259	   0.1292	  0.3308	    0.7698	  0.9210	   0.7698	  0.7926	 22.5667	 16.3693	 11.6116
2018	183	  18	  0	182.7500	273.8919	 25.1537	 263.2919	  231.0497	 163.8169	253.8461	 13.1354	 55.3512	 74.9489	 56.2213	 55.2395	375.8626	406.1937	391.6137	393.1661	392.7427	403.4379	 24.4236	451.7496	  0.7600	   0.0914	  0.2725	    0.7698	  0.9210	   0.7698	  0.7948	 22.2000	 12.7417	  8.9217
2018	183	  19	  0	182.7917	286.0739	 17.3123	 137.3244	   89.4285	 109.1955	130.7160	  8.2144	 35.6234	 39.6655	 36.7493	 35.6234	371.2170	397.9268	387.6270	388.2730	388.2730	393.5046	 19.9085	316.5562	  0.6636	   0.0606	  0.2064	    0.7698	  0.9210	   0.7698	  0.7940	 21.3875	  8.4735	  5.8113
2018	183	  20	  0	182.8333	298.0647	  9.9550	  44.2815	   10.6151	  42.2815	 41.6499	  3.1274	 13.5144	 14.0912	 13.7710	 13.5144	369.2434	389.8577	383.1184	382.9145	382.9145	385.7705	 15.5275	183.9467	  0.5495	   0.0393	  0.1310	    0.7698	  0.9210	   0.7698	  0.7978	 20.1042	  6.8559	  4.5460
2018	183	  21	  0	182.8750	310.2634	  3.4927	   5.5558	    1.2235	   5.4469	  5.2156	  0.4010	  1.7471	  1.7494	  1.7494	  1.7471	372.3289	383.5099	379.9293	377.4183	377.4183	380.8015	 12.9879	 65.5454	  0.5596	   0.0095	  0.0627	    0.7698	  0.9210	   0.7698	  0.8050	 19.0583	  9.1783	  5.7938
2018	183	  22	  0	182.9167	322.9199	 -1.7348	   0.2225	    0.1231	   0.1200	  0.1133	  0.0088	  0.0385	  0.0385	  0.0385	  0.0385	374.4390	377.4693	373.1765	371.9479	371.9479	373.0248	 11.6312	 43.6912	  0.5769	   0.0000	  0.0015	    0.7698	  0.9210	   0.7698	  0.8126	 18.0042	  2.6484	  1.6149
2018	183	  23	  0	182.9583	336.1377	 -6.3368	   0.0031	    0.0000	   0.0000	  0.0000	  0.0000	  0.0000	  0.0000	  0.0000	  0.0000	369.2305	372.3520	367.7106	367.7106	367.7106	367.7106	 10.6938	 51.0336	  0.5081	   0.0000	  0.0000	    0.7698	  0.9210	   0.7698	  0.8094	 17.0125	  0.0000	  0.0000
2018	184	   0	  0	183.0000	349.8420	 -8.7104	   0.0000	    0.0000	   0.0000	  0.0000	  0.0000	  0.0000	  0.0000	  0.0000	  0.0000	361.8672	367.4788	362.6033	362.6033	362.6033	362.6033	  9.6804	 51.1427	  0.5081	   0.0000	  0.0000	    0.7698	  0.9210	   0.7698	  0.8028	 16.0583	  0.0000	  0.0000
2018	184	   1	  0	183.0417	 93.7831	 -9.1569	   0.0612	    0.0000	   0.0000	  0.0000	  0.0000	  0.0000	  0.0000	  0.0000	  0.0000	361.1907	362.4226	357.7216	357.7216	357.7216	357.7216	  8.7720	 50.9597	  0.5098	   0.0000	  0.0000	    0.7698	  0.9210	   0.7698	  0.8036	 15.0583	  0.0000	  0.0000
2018	184	   2	  0	183.0833	 17.6337	 -7.6730	   1.9979	    0.0000	   0.0000	  0.0000	  0.0000	  0.0000	  0.0000	  0.0000	  0.0000	359.3546	357.4187	352.3240	352.3240	352.3240	352.3240	  7.7507	 50.9815	  0.5478	   0.0000	  0.0000	    0.7698	  0.9210	   0.7698	  0.8027	 14.0583	  0.0000	  0.0000
2018	184	   3	  0	183.1250	 31.0993	 -4.0933	  19.9498	    0.0000	   0.0000	  0.0000	  0.0000	  0.0000	  0.0000	  0.0000	  0.0000	356.3636	354.3364	345.4663	345.4663	345.4663	345.4663	  6.4689	 51.0308	  0.8273	   0.0000	  0.0000	    0.7698	  0.9210	   0.7698	  0.8002	 13.4375	  0.0000	  0.0000
2018	184	   4	  0	183.1667	 44.0146	  1.0137	  87.2527	   69.8448	  64.1401	 63.9289	  4.7269	 20.6246	 20.6246	 20.6246	 20.6246	360.4508	359.4265	346.5115	346.5115	348.2415	348.2415	 10.0492	 40.2103	  1.0000	   0.0077	  0.0334	    0.7698	  0.9210	   0.7698	  0.8035	 14.4375	  2.4637	  0.0000
2018	184	   5	  0	183.2083	 56.4032	  6.8278	 200.7819	  624.0880	 124.9448	193.5772	  9.3668	 42.2366	 42.2366	 42.5924	 42.9048	369.0007	371.3668	357.8107	358.0471	360.1596	360.1596	 15.9459	126.2844	  1.0000	   0.0011	  0.0904	    0.7698	  0.9210	   0.7698	  0.8093	 16.8083	  7.0749	  0.4741
2018	184	   6	  0	183.2500	 68.4550	 13.8341	 333.2404	  699.0634	 165.9008	324.2189	 13.7888	 58.1371	 58.1371	 78.4884	109.5394	379.3887	386.6967	372.2958	374.6483	373.6453	373.6453	 23.2371	252.4459	  1.0000	   0.0816	  0.1714	    0.7698	  0.9210	   0.7698	  0.8158	 18.9750	  9.7095	  2.8895
2018	184	   7	  0	183.2917	 80.4965	 21.4939	 466.3940	  726.2188	 200.2385	456.0299	 16.6944	 72.1941	 72.1941	 77.6361	109.4392	386.7719	395.2143	380.6640	387.1160	382.2913	382.2913	 26.4821	386.0943	  1.0000	   0.0560	  0.2459	    0.7698	  0.9210	   0.7698	  0.8188	 20.6667	 12.2328	  5.4128
2018	184	   8	  0	183.3333	 93.0076	 29.4425	 589.2752	  748.4085	 221.5195	578.4090	 21.0061	 87.4072	 82.6790	 83.2509	159.2115	393.2633	410.4080	393.8566	403.0405	393.0466	394.4940	 31.4608	517.5468	  1.0000	   0.1180	  0.3039	    0.7698	  0.9210	   0.7698	  0.8197	 22.4292	 14.6004	  7.7804
2018	184	   9	  0	183.3750	106.6421	 37.2915	 690.0942	  763.0247	 228.0337	679.5909	 24.3435	116.2739	 88.4736	 88.4736	178.9783	399.5141	419.1501	401.0877	412.3883	402.3567	401.0877	 34.8445	636.7186	  1.0000	   0.1570	  0.3626	    0.7698	  0.9210	   0.7698	  0.8243	 23.0833	 16.7705	  9.9505
2018	184	  10	  0	183.4167	122.2478	 44.5417	 768.1867	  775.8001	 224.2510	758.5896	 27.4800	149.8039	 90.9137	 90.9137	183.7659	400.1553	425.5617	404.5042	416.5867	410.9698	404.5042	 37.1095	737.4226	  1.0000	   0.2001	  0.4180	    0.7698	  0.9210	   0.7698	  0.8238	 23.1167	 18.7047	 11.8847
2018	184	  11	  0	183.4583	140.7666	 50.5070	 812.3587	  801.8099	 193.5304	805.2978	 29.6573	184.6150	 85.2210	 85.2210	165.7676	399.9517	435.5614	410.3217	420.0907	423.2105	410.3217	 38.5163	812.3502	  1.0000	   0.2525	  0.4613	    0.7698	  0.9210	   0.7698	  0.8208	 23.4625	 20.3689	 13.5489
2018	184	  12	  0	183.5000	162.6046	 54.2878	 803.7115	  733.9270	 208.0266	795.5535	 32.6033	210.8109	 89.6236	 89.6236	128.1084	400.8662	445.1697	416.0432	419.5697	434.9271	416.0432	 39.2274	855.2449	  0.9969	   0.2990	  0.4837	    0.7698	  0.9210	   0.7698	  0.8198	 23.7625	 21.7337	 14.9137
2018	184	  13	  0	183.5417	186.4814	 55.0437	 788.8735	  691.4079	 222.1775	779.5924	 33.2724	213.3103	107.5763	 92.9278	 94.3184	395.2433	454.1309	422.1748	421.6889	443.8969	422.8894	 39.6946	868.0608	  0.9730	   0.3079	  0.4884	    0.7698	  0.9210	   0.7698	  0.8050	 24.7667	 22.7750	 15.9550
2018	184	  14	  0	183.5833	209.5416	 52.5734	 732.9027	  639.5085	 224.9183	722.9699	 30.3369	184.2629	142.8761	 90.8382	 90.8382	382.5126	456.0007	423.8166	423.8166	442.8037	432.8664	 39.6448	849.4839	  0.9336	   0.2770	  0.4734	    0.7698	  0.9210	   0.7698	  0.7780	 25.7708	 22.7923	 16.1695
2018	184	  15	  0	183.6250	229.6135	 47.4902	 641.0037	  554.2123	 232.0305	629.8162	 26.2512	143.1587	151.5501	 88.4455	 88.4455	379.2801	443.0964	416.1740	416.1740	428.0399	430.6688	 36.9879	788.5983	  0.8984	   0.2241	  0.4404	    0.7698	  0.9210	   0.7698	  0.7776	 25.1875	 21.0002	 14.9871
2018	184	  16	  0	183.6667	246.4503	 40.7281	 522.4590	  448.9109	 228.8950	510.5243	 22.2640	107.5726	138.5653	 82.7345	 82.7345	383.9319	430.3221	409.2286	409.2286	414.1887	424.8772	 33.5740	694.1004	  0.8606	   0.1802	  0.3894	    0.7698	  0.9210	   0.7698	  0.7920	 24.3375	 18.6126	 13.2806
2018	184	  17	  0	183.7083	260.8710	 33.0803	 388.5742	  334.8214	 204.8392	377.2482	 17.6252	 77.1841	106.7599	 71.0662	 71.0662	383.5283	420.0978	403.8577	403.8577	403.5343	417.4500	 29.4355	579.7801	  0.8081	   0.1290	  0.3305	    0.7698	  0.9210	   0.7698	  0.7958	 23.8750	 15.5940	 11.0565
2018	184	  18	  0	183.7500	273.8059	 25.1188	 252.9848	  206.5533	 163.9976	243.4419	 13.0398	 55.0555	 72.6963	 55.7914	 54.9459	381.0349	410.1951	396.1605	397.8100	397.3794	407.2026	 24.9962	450.5407	  0.7388	   0.0916	  0.2721	    0.7698	  0.9210	   0.7698	  0.7988	 23.0042	 11.8612	  8.3012
2018	184	  19	  0	183.7917	285.9932	 17.2753	 130.6910	   70.4620	 108.3598	124.0876	  8.1109	 35.1770	 38.2018	 35.9959	 35.1770	381.1783	401.6500	392.1564	393.0051	393.0051	397.5909	 20.6115	314.5751	  0.6457	   0.0597	  0.2062	    0.7698	  0.9210	   0.7698	  0.8054	 22.1208	  7.7912	  5.3401
2018	184	  20	  0	183.8333	297.9885	  9.9139	  41.9871	    9.4697	  40.2077	 39.4836	  2.9732	 12.8466	 13.3708	 13.0791	 12.8466	382.1035	394.0076	388.0994	387.9259	387.9259	390.7680	 16.4172	182.2125	  0.5404	   0.0399	  0.1307	    0.7698	  0.9210	   0.7698	  0.8124	 20.8792	  6.8229	  4.5206
2018	184	  21	  0	183.8750	310.1916	  3.4478	   5.7925	    1.2905	   5.6870	  5.4372	  0.4186	  1.8238	  1.8278	  1.8277	  1.8238	381.3479	385.5199	382.4128	379.8593	379.8593	383.3030	 13.5302	 64.4534	  0.5704	   0.0086	  0.0614	    0.7698	  0.9210	   0.7698	  0.8154	 19.4500	  9.2580	  5.8374
2018	184	  22	  0	183.9167	322.8534	 -1.7950	   0.3021	    0.1640	   0.1457	  0.1376	  0.0108	  0.0472	  0.0472	  0.0472	  0.0472	379.1337	380.7187	376.5727	375.3044	375.3044	376.4218	 12.2886	 43.3225	  0.5818	   0.0000	  0.0013	    0.7698	  0.9210	   0.7698	  0.8168	 18.6292	  2.7091	  1.6501
2018	184	  23	  0	183.9583	336.0779	 -6.3977	   0.0052	    0.0000	   0.0000	  0.0000	  0.0000	  0.0000	  0.0000	  0.0000	  0.0000	377.0005	377.5541	373.1567	373.1567	373.1567	373.1567	 11.7620	 50.7140	  0.5087	   0.0000	  0.0000	    0.7698	  0.9210	   0.7698	  0.8164	 18.0208	  0.0000	  0.0000
2018	185	   0	  0	184.0000	349.7909	 -8.7806	   0.0000	    0.0000	   0.0000	  0.0000	  0.0000	  0.0000	  0.0000	  0.0000	  0.0000	375.8865	373.9365	369.6403	369.6403	369.6403	369.6403	 11.1159	 50.7057	  0.5087	   0.0000	  0.0000	    0.7698	  0.9210	   0.7698	  0.8164	 17.3208	  0.0000	  0.0000
2018	185	   1	  0	184.0417	 93.7425	 -9.2336	   0.0277	    0.0000	   0.0000	  0.0000	  0.0000	  0.0000	  0.0000	  0.0000	  0.0000	377.3491	370.6217	366.5519	366.5519	366.5519	366.5519	 10.5714	 50.5127	  0.5097	   0.0000	  0.0000	    0.7698	  0.9210	   0.7698	  0.8187	 16.6750	  0.0000	  0.0000
2018	185	   2	  0	184.0833	 17.6044	 -7.7555	   1.4258	    0.0000	   0.0000	  0.0000	  0.0000	  0.0000	  0.0000	  0.0000	  0.0000	379.0169	368.3883	364.1675	364.1675	364.1675	364.1675	 10.1589	 50.4793	  0.5374	   0.0000	  0.0000	    0.7698	  0.9210	   0.7698	  0.8207	 16.2375	  0.0000	  0.0000
2018	185	   3	  0	184.1250	 31.0810	 -4.1957	  15.1613	    0.0000	   0.0000	  0.0000	  0.0000	  0.0000	  0.0000	  0.0000	  0.0000	377.3045	366.8631	359.4807	359.4807	359.4807	359.4807	  9.3169	 50.5087	  0.7858	   0.0000	  0.0000	    0.7698	  0.9210	   0.7698	  0.8192	 15.9375	  0.0000	  0.0000
2018	185	   4	  0	184.1667	 44.0060	  0.9350	  70.7835	  118.3587	  50.2890	 52.9971	  3.7123	 16.2562	 16.2562	 16.2562	 16.2562	377.3130	368.7437	356.7680	356.7680	358.5380	358.5380	 11.4794	 38.9528	  1.0000	   0.0069	  0.0324	    0.7698	  0.9210	   0.7698	  0.8190	 16.2875	  2.6910	  0.0000
2018	185	   5	  0	184.2083	 56.4026	  6.7417	 185.6379	  635.6495	 109.9679	179.3698	  8.2635	 37.4359	 37.4359	 37.7636	 38.0514	379.8255	375.5342	362.7320	362.9594	365.1247	365.1247	 16.2259	124.2382	  1.0000	   0.0010	  0.0893	    0.7698	  0.9210	   0.7698	  0.8200	 17.6208	  7.0368	  0.4519
2018	185	   6	  0	184.2500	 68.4605	 13.7468	 321.0569	  691.7020	 156.5050	312.6010	 13.0664	 55.0637	 55.0637	 75.1254	105.7468	384.4778	387.9175	373.9628	376.2905	375.3375	375.3375	 23.1033	250.3865	  1.0000	   0.0813	  0.1707	    0.7698	  0.9210	   0.7698	  0.8213	 19.2125	  9.6717	  2.8517
2018	185	   7	  0	184.2917	 80.5061	 21.4064	 452.5294	  718.6665	 190.1494	442.7662	 15.9123	 68.8613	 68.8613	 74.1739	105.3875	388.4399	395.1210	380.7886	387.1958	382.4254	382.4254	 26.0458	384.3122	  1.0000	   0.0554	  0.2452	    0.7698	  0.9210	   0.7698	  0.8210	 20.6583	 12.1958	  5.3758
2018	185	   8	  0	184.3333	 93.0189	 29.3548	 578.1358	  743.9116	 213.5296	567.7442	 20.3689	 84.7516	 80.0438	 80.6078	156.0094	390.8231	405.0388	388.8054	397.8553	388.0156	389.4405	 30.3352	516.1558	  1.0000	   0.1178	  0.3031	    0.7698	  0.9210	   0.7698	  0.8201	 21.4625	 14.5645	  7.7445
2018	185	   9	  0	184.3750	106.6515	 37.2033	 685.6917	  769.5571	 220.4913	675.6864	 23.8242	114.2625	 86.2130	 86.2130	177.3517	385.7315	414.7360	395.4051	406.5765	396.6657	395.4051	 33.6876	639.5778	  1.0000	   0.1565	  0.3619	    0.7698	  0.9210	   0.7698	  0.8080	 22.3042	 16.7358	  9.9158
2018	185	  10	  0	184.4167	122.2490	 44.4530	 765.2435	  788.0136	 213.6301	756.3744	 26.8143	147.5383	 87.8707	 87.8707	181.9651	378.5825	425.1331	401.2141	413.2462	407.6495	401.2141	 36.2247	745.1361	  1.0000	   0.1993	  0.4174	    0.7698	  0.9210	   0.7698	  0.7922	 23.0625	 18.6713	 11.8513
2018	185	  11	  0	184.4583	140.7490	 50.4188	 809.9577	  822.7220	 175.6220	804.1450	 28.6863	182.2101	 80.2683	 80.2683	162.6909	374.4652	436.0904	407.2083	416.9597	420.0695	407.2083	 37.5239	823.5684	  1.0000	   0.2517	  0.4607	    0.7698	  0.9210	   0.7698	  0.7813	 23.5792	 20.3367	 13.5167
2018	185	  12	  0	184.5000	162.5560	 54.2034	 819.8944	  799.7560	 171.4463	814.4586	 31.3788	212.3354	 80.5279	 80.5279	122.4773	374.0477	446.0913	413.0118	416.5486	431.8743	413.0118	 38.2102	868.2055	  0.9985	   0.2978	  0.4832	    0.7698	  0.9210	   0.7698	  0.7772	 23.9542	 21.7026	 14.8826
2018	185	  13	  0	184.5417	186.3988	 54.9681	 794.4004	  716.4827	 207.6634	786.1920	 32.7504	213.9036	104.0717	 89.2880	 90.8096	371.5243	448.7167	414.3521	413.8743	435.8419	415.0262	 38.2415	878.0948	  0.9691	   0.3068	  0.4881	    0.7698	  0.9210	   0.7698	  0.7727	 23.8917	 22.7358	 15.9185
2018	185	  14	  0	184.5833	209.4380	 52.5098	 731.1321	  629.8331	 231.1649	720.7426	 30.5597	184.5796	143.3834	 92.4409	 92.4409	375.2098	446.0339	414.7528	414.7528	433.0063	423.3783	 38.3831	849.4784	  0.9316	   0.2764	  0.4730	    0.7698	  0.9210	   0.7698	  0.7765	 24.2333	 22.3219	 15.8275
2018	185	  15	  0	184.6250	229.5056	 47.4377	 636.4204	  539.6902	 238.5545	624.7335	 26.4592	143.3163	151.3109	 90.0363	 90.0363	380.3777	438.9909	413.1585	413.1585	424.6411	427.1456	 36.5827	786.1820	  0.8952	   0.2235	  0.4401	    0.7698	  0.9210	   0.7698	  0.7836	 24.6000	 20.5452	 14.6552
2018	185	  16	  0	184.6667	246.3471	 40.6831	 517.3769	  441.6795	 228.8155	505.4063	 22.1552	107.0128	137.3326	 82.5205	 82.5205	376.6363	429.4864	407.8925	407.8925	412.6956	423.0524	 33.2077	696.4115	  0.8509	   0.1798	  0.3891	    0.7698	  0.9210	   0.7698	  0.7809	 24.2750	 18.1837	 12.9682
2018	185	  17	  0	184.7083	260.7750	 33.0390	 384.7867	  330.0647	 203.8899	373.4969	 17.5123	 76.7450	105.8018	 70.6669	 70.6669	374.5533	418.7056	401.7851	401.7851	401.4268	414.9580	 28.9477	582.0511	  0.7993	   0.1288	  0.3302	    0.7698	  0.9210	   0.7698	  0.7830	 23.6750	 15.2521	 10.8084
2018	185	  18	  0	184.7500	273.7166	 25.0779	 252.8996	  211.0769	 162.1998	243.4833	 12.9257	 54.5484	 72.5680	 55.2867	 54.4322	374.0533	410.6230	395.7645	397.4218	396.9952	406.8921	 24.8339	451.7875	  0.7374	   0.0918	  0.2717	    0.7698	  0.9210	   0.7698	  0.7876	 23.0750	 11.9367	  8.3489
2018	185	  19	  0	184.7917	285.9095	 17.2321	 130.5185	   72.8246	 107.4657	123.9770	  8.0475	 34.9177	 37.9748	 35.7378	 34.9177	376.9796	402.0768	392.1471	392.9954	392.9954	397.6484	 20.5437	314.6761	  0.6452	   0.0587	  0.2060	    0.7698	  0.9210	   0.7698	  0.7987	 22.2042	  7.8552	  5.3806
2018	185	  20	  0	184.8333	297.9098	  9.8666	  40.9210	    9.0917	  39.2123	 38.4793	  2.8996	 12.5263	 13.0437	 12.7549	 12.5263	382.6332	394.3533	388.5017	388.3431	388.3431	391.1770	 16.4480	181.3660	  0.5360	   0.0404	  0.1303	    0.7698	  0.9210	   0.7698	  0.8128	 20.9417	  6.8125	  4.5100
2018	185	  21	  0	184.8750	310.1179	  3.3969	   5.1708	    1.0227	   5.0827	  4.8533	  0.3741	  1.6299	  1.6317	  1.6317	  1.6299	385.4779	386.2320	383.4942	380.9572	380.9572	384.4017	 13.7362	 63.4344	  0.5637	   0.0075	  0.0601	    0.7698	  0.9210	   0.7698	  0.8200	 19.5958	  9.2519	  5.8276
2018	185	  22	  0	184.9167	322.7854	 -1.8627	   0.1979	    0.0660	   0.0649	  0.0614	  0.0048	  0.0208	  0.0208	  0.0208	  0.0208	384.1764	381.2409	377.2723	376.7123	376.7123	377.2203	 12.5276	 47.0051	  0.5408	   0.0000	  0.0010	    0.7698	  0.9210	   0.7698	  0.8230	 18.7292	  1.2516	  0.7639
2018	185	  23	  0	184.9583	336.0175	 -6.4726	   0.0000	    0.0000	   0.0000	  0.0000	  0.0000	  0.0000	  0.0000	  0.0000	  0.0000	381.8197	376.6709	372.6232	372.6232	372.6232	372.6232	 11.7171	 50.4516	  0.5091	   0.0000	  0.0000	    0.7698	  0.9210	   0.7698	  0.8221	 17.8500	  0.0000	  0.0000
2018	186	   0	  0	185.0000	349.7401	 -8.8574	   0.0000	    0.0000	   0.0000	  0.0000	  0.0000	  0.0000	  0.0000	  0.0000	  0.0000	379.9011	373.5494	369.5188	369.5188	369.5188	369.5188	 11.1373	 50.4672	  0.5092	   0.0000	  0.0000	    0.7698	  0.9210	   0.7698	  0.8208	 17.2458	  0.0000	  0.0000
2018	186	   1	  0	185.0417	 93.7032	 -9.3169	   0.0977	    0.0000	   0.0000	  0.0000	  0.0000	  0.0000	  0.0000	  0.0000	  0.0000	379.9209	372.2009	368.1999	368.1999	368.1999	368.1999	 10.8989	 50.3317	  0.5115	   0.0000	  0.0000	    0.7698	  0.9210	   0.7698	  0.8211	 16.9833	  0.0000	  0.0000
2018	186	   2	  0	185.0833	 17.5773	 -7.8444	   1.3046	    0.0000	   0.0000	  0.0000	  0.0000	  0.0000	  0.0000	  0.0000	  0.0000	378.5598	371.8159	367.4432	367.4432	367.4432	367.4432	 10.7506	 50.3566	  0.5355	   0.0000	  0.0000	    0.7698	  0.9210	   0.7698	  0.8197	 16.9083	  0.0000	  0.0000
2018	186	   3	  0	185.1250	 31.0657	 -4.3078	   8.3598	    0.0000	   0.0000	  0.0000	  0.0000	  0.0000	  0.0000	  0.0000	  0.0000	376.9175	372.2861	365.9966	365.9966	365.9966	365.9966	 10.4912	 50.3890	  0.6755	   0.0000	  0.0000	    0.7698	  0.9210	   0.7698	  0.8179	 17.0000	  0.0000	  0.0000
2018	186	   4	  0	185.1667	 44.0010	  0.8509	  38.6004	  262.0114	  20.1977	 29.5383	  1.5141	  6.7905	  6.7905	  8.1719	  8.1986	373.0338	373.2565	360.7590	360.7590	362.5480	362.5480	 10.8937	 37.9358	  0.9808	   0.0058	  0.0313	    0.7698	  0.9210	   0.7698	  0.8134	 17.1625	  3.0437	  0.0000
2018	186	   5	  0	185.2083	 56.4061	  6.6505	 117.9542	  755.8481	  28.0745	116.9308	  2.2694	 11.6318	 11.6318	 11.9715	 12.2699	371.8820	374.9865	361.3933	361.6084	363.8004	363.8004	 12.3303	122.9864	  1.0000	   0.0010	  0.0882	    0.7698	  0.9210	   0.7698	  0.8113	 17.5167	  6.9957	  0.4279
2018	186	   6	  0	185.2500	 68.4705	 13.6544	 190.7323	  541.4866	  68.4682	187.4440	  6.2179	 25.7625	 25.7625	 42.3337	 66.0905	372.8543	381.7649	367.4883	369.5850	368.9287	368.9287	 17.2911	249.9005	  0.9704	   0.0809	  0.1700	    0.7698	  0.9210	   0.7698	  0.8102	 18.0792	  9.1330	  2.6315
2018	186	   7	  0	185.2917	 80.5206	 21.3141	 179.0048	  110.3887	 141.5167	170.4488	 10.6400	 46.1979	 46.1979	 47.0458	 50.5472	372.5213	379.0383	369.1922	371.4128	371.4208	371.4208	 18.3549	384.4753	  0.6778	   0.0548	  0.2444	    0.7698	  0.9210	   0.7698	  0.8101	 18.0750	  4.7106	  2.0121
2018	186	   8	  0	185.3333	 93.0355	 29.2622	 159.8365	   14.1212	 152.9384	150.3151	 11.3399	 48.6427	 48.5505	 48.5634	 49.9919	372.5284	378.5634	373.0174	372.8485	371.7630	373.6796	 18.6674	516.8206	  0.4668	   0.1175	  0.3023	    0.7698	  0.9210	   0.7698	  0.8108	 17.9083	  2.6154	  1.3838
2018	186	   9	  0	185.3750	106.6666	 37.1101	 275.5544	   44.5760	 247.7847	260.2639	 18.7183	 80.9336	 78.9298	 78.9298	 84.4992	373.5379	381.5474	374.9539	374.7137	373.0195	374.9539	 23.3251	637.8487	  0.5518	   0.1560	  0.3612	    0.7698	  0.9210	   0.7698	  0.8109	 18.2708	  3.2062	  1.9053
2018	186	  10	  0	185.4167	122.2559	 44.3590	 468.7685	  226.9177	 308.7835	450.7389	 25.9640	120.5686	102.7380	102.7380	129.5304	374.4842	390.8720	378.8478	382.0779	380.0065	378.8478	 29.0892	739.8228	  0.7280	   0.1985	  0.4168	    0.7698	  0.9210	   0.7698	  0.8086	 18.9333	  8.0718	  5.1323
2018	186	  11	  0	185.4583	140.7368	 50.3248	 617.6531	  397.4382	 311.3986	600.6555	 30.5084	158.5570	109.2215	109.2215	148.8563	375.3505	404.8928	386.5638	391.5157	393.4772	386.5638	 33.3440	815.7305	  0.8343	   0.2508	  0.4601	    0.7698	  0.9210	   0.7698	  0.8046	 19.8417	 13.1574	  8.7420
2018	186	  12	  0	185.5000	162.5113	 54.1126	 685.7044	  459.4399	 313.2690	669.1306	 33.8009	188.5352	112.6890	112.6890	135.8103	376.8241	413.6716	391.4188	392.9482	403.3727	391.4188	 35.1897	858.9022	  0.8649	   0.2966	  0.4828	    0.7698	  0.9210	   0.7698	  0.8044	 20.1375	 15.5222	 10.6419
2018	186	  13	  0	185.5417	186.3176	 54.8857	 774.4560	  632.9029	 256.7884	762.6066	 34.2314	211.1641	115.2008	101.4768	102.6592	379.9716	425.4948	396.6144	396.1351	416.2522	397.2307	 36.3661	866.9091	  0.9580	   0.3056	  0.4876	    0.7698	  0.9210	   0.7698	  0.8055	 20.2167	 21.7357	 15.2121
2018	186	  14	  0	185.5833	209.3333	 52.4395	 743.8369	  625.2096	 248.0244	732.3576	 31.6520	188.9155	147.8740	 97.4839	 97.4839	381.1667	424.7595	396.9300	396.9300	414.7667	405.3265	 36.4404	839.9199	  0.9568	   0.2757	  0.4725	    0.7698	  0.9210	   0.7698	  0.8055	 20.5083	 22.5157	 15.9559
2018	186	  15	  0	185.6250	229.3950	 47.3787	 637.0071	  510.5046	 260.8717	623.7449	 27.6030	146.6905	153.8971	 96.1478	 96.1478	378.5328	414.1846	391.8001	391.8001	402.2847	404.4775	 33.8742	780.0740	  0.9024	   0.2230	  0.4397	    0.7698	  0.9210	   0.7698	  0.8034	 20.4375	 19.6706	 14.0236
2018	186	  16	  0	185.6667	246.2407	 40.6319	 515.5550	  410.1732	 247.8291	502.2234	 23.1598	110.5140	138.4877	 87.7047	 87.7047	376.9452	406.8081	388.4537	388.4537	392.7233	402.0699	 30.6297	690.4772	  0.8549	   0.1794	  0.3887	    0.7698	  0.9210	   0.7698	  0.8025	 20.4083	 17.2093	 12.2667
2018	186	  17	  0	185.7083	260.6756	 32.9916	 382.1804	  301.1787	 217.2141	369.9260	 18.2697	 79.9351	106.3395	 74.3124	 74.3124	377.0636	399.3581	385.1681	385.1681	384.7321	396.9366	 26.6292	576.9233	  0.8007	   0.1286	  0.3298	    0.7698	  0.9210	   0.7698	  0.8045	 20.2833	 14.3326	 10.1512
2018	186	  18	  0	185.7500	273.6241	 25.0309	 245.9952	  175.2566	 170.4573	235.9379	 13.3775	 56.6493	 71.8467	 57.2067	 56.5407	375.1599	391.5335	379.3046	380.7533	380.1131	388.6221	 22.2067	448.1426	  0.7263	   0.0921	  0.2712	    0.7698	  0.9210	   0.7698	  0.8058	 19.6667	 10.6708	  7.4598
2018	186	  19	  0	185.7917	285.8230	 17.1829	 117.8775	   40.6674	 104.9172	111.4130	  7.7970	 33.7989	 35.4742	 34.2424	 33.7989	374.6850	385.0460	376.7247	377.8115	377.8115	381.1887	 17.6472	312.7345	  0.6074	   0.0577	  0.2057	    0.7698	  0.9210	   0.7698	  0.8087	 19.0833	  6.6484	  4.5488
2018	186	  20	  0	185.8333	297.8286	  9.8132	  36.0175	    6.3472	  34.8269	 33.8462	  2.5726	 11.1139	 11.4830	 11.2764	 11.1139	377.6334	381.7985	376.6501	376.5229	376.5229	379.2268	 14.1293	180.3758	  0.5120	   0.0409	  0.1298	    0.7698	  0.9210	   0.7698	  0.8138	 18.5750	  6.7126	  4.4395
2018	186	  21	  0	185.8750	310.0422	  3.3399	   4.6217	    0.7035	   4.5630	  4.3364	  0.3358	  1.4627	  1.4640	  1.4640	  1.4627	377.4398	376.8440	374.0658	371.5455	371.5455	374.9704	 11.9525	 62.5176	  0.5624	   0.0064	  0.0588	    0.7698	  0.9210	   0.7698	  0.8146	 17.8125	  9.2927	  5.8460
2018	186	  22	  0	185.9167	322.7162	 -1.9378	   0.3312	    0.0701	   0.0689	  0.0650	  0.0051	  0.0221	  0.0221	  0.0221	  0.0221	372.5738	374.0642	369.6141	369.0316	369.0316	369.5628	 11.0268	 46.9739	  0.5468	   0.0000	  0.0009	    0.7698	  0.9210	   0.7698	  0.8123	 17.3458	  1.3017	  0.7934
2018	186	  23	  0	185.9583	335.9566	 -6.5506	   0.0208	    0.0000	   0.0000	  0.0000	  0.0000	  0.0000	  0.0000	  0.0000	  0.0000	369.7935	372.1586	367.5380	367.5380	367.5380	367.5380	 10.6691	 50.5295	  0.5100	   0.0000	  0.0000	    0.7698	  0.9210	   0.7698	  0.8101	 16.9750	  0.0000	  0.0000
2018	187	   0	  0	186.0000	349.1087	 -8.8924	   0.0000	    0.0000	   0.0000	  0.0000	  0.0000	  0.0000	  0.0000	  0.0000	  0.0000	367.1821	370.2375	365.5477	365.5477	365.5477	365.5477	 10.2782	 50.5724	  0.5096	   0.0000	  0.0000	    0.7698	  0.9210	   0.7698	  0.8079	 16.6000	  0.0000	  0.0000
