Year	DOY	Hour	Min	 Dectime	 azimuth	altitude	GlobalRad	DiffuseRad	DirectRad	 Kdown2d	   Kup2d	  Ksouth	   Kwest	  Knorth	   Keast	 Ldown2d	   Lup2d	  Lsouth	   Lwest	  Lnorth	   Least	    Tmrt	      I0	      CI	SH_Ground	SH_Walls	SVF_Ground	SVF_Roof	SVF_BdVeg	Emis_Sky	      Ta	      Tg	      Tw
2018	179	   0	  0	178.0000	356.4658	 -8.9703	   0.0200	    0.0000	   0.0000	  0.0000	  0.0000	  0.0000	  0.0000	  0.0000	  0.0000	400.2297	383.0500	379.3834	379.3834	379.3834	379.3834	 13.1255	 51.3710	  0.5056	   0.0000	  0.0000	    0.8191	  0.9348	   0.8191	  0.8405	 18.9000	  0.0000	  0.0000
2018	179	   1	  0	178.0417	 94.0093	 -8.8729	   0.1496	    0.0000	   0.0000	  0.0000	  0.0000	  0.0000	  0.0000	  0.0000	  0.0000	397.0006	381.6317	377.7698	377.7698	377.7698	377.7698	 12.8056	 51.4318	  0.5081	   0.0000	  0.0000	    0.8191	  0.9348	   0.8191	  0.8374	 18.6292	  0.0000	  0.0000
2018	179	   2	  0	178.0833	 17.8170	 -7.3560	   2.4581	    0.0000	   0.0000	  0.0000	  0.0000	  0.0000	  0.0000	  0.0000	  0.0000	392.8545	377.8973	373.2586	373.2586	373.2586	373.2586	 11.9637	 51.5084	  0.5529	   0.0000	  0.0000	    0.8191	  0.9348	   0.8191	  0.8337	 17.9125	  0.0000	  0.0000
2018	179	   3	  0	178.1250	 31.2395	 -3.6906	  20.5810	    0.0000	   0.0000	  0.0000	  0.0000	  0.0000	  0.0000	  0.0000	  0.0000	393.9796	375.4778	367.0134	367.0134	367.0134	367.0134	 10.8976	 51.4895	  0.8351	   0.0000	  0.0000	    0.8191	  0.9348	   0.8191	  0.8349	 17.4458	  0.0000	  0.0000
2018	179	   4	  0	178.1667	 44.1158	  1.3295	  85.2542	  123.8183	  64.6826	 68.2070	  4.9787	 22.3134	 22.3134	 22.4892	 22.5003	397.0235	378.2755	366.0958	366.0958	367.5244	367.5244	 14.1946	 40.1711	  1.0000	   0.0148	  0.0478	    0.8191	  0.9348	   0.8191	  0.8377	 17.9417	  3.0076	  0.0000
2018	179	   5	  0	178.2083	 56.4725	  7.1809	 193.9660	  623.4741	 115.0693	188.3606	  9.0300	 41.3469	 41.3469	 43.5298	 45.3686	401.1330	386.4428	374.0062	374.2592	375.6011	375.6011	 18.9569	131.0581	  1.0000	   0.0071	  0.1282	    0.8191	  0.9348	   0.8191	  0.8408	 19.4833	  7.2194	  0.5639
2018	179	   6	  0	178.2500	 68.5006	 14.1965	 323.6306	  681.8787	 156.0939	316.3991	 13.6674	 57.6404	 57.6404	 80.5662	115.7368	399.1251	402.7265	387.6570	389.9068	388.3198	388.3198	 25.9373	257.0907	  1.0000	   0.0947	  0.2183	    0.8191	  0.9348	   0.8191	  0.8334	 21.6458	  9.8522	  3.0322
2018	179	   7	  0	178.2917	 80.5277	 21.8600	 456.5967	  712.5015	 191.2777	448.1045	 17.7151	 72.3672	 72.3672	 83.4340	142.5771	399.3016	413.7850	396.3058	402.3266	397.2451	397.2451	 29.8956	390.7255	  1.0000	   0.1079	  0.3010	    0.8191	  0.9348	   0.8191	  0.8275	 23.2417	 12.3723	  5.5523
2018	179	   8	  0	178.3333	 93.0364	 29.8101	 581.4260	  734.4997	 216.3765	572.2190	 22.6110	 90.6869	 84.1334	 84.8538	188.4966	406.3459	424.5782	405.0186	413.8701	404.5738	405.4644	 34.0613	520.5053	  1.0000	   0.1646	  0.3747	    0.8191	  0.9348	   0.8191	  0.8326	 24.0792	 14.7356	  7.9156
2018	179	   9	  0	178.3750	106.6861	 37.6595	 687.2823	  755.7207	 225.7242	678.1744	 27.2357	129.3012	 90.9173	 90.9173	215.8810	407.2537	436.3405	413.0932	423.9843	414.8326	413.0932	 37.9391	640.4966	  1.0000	   0.2198	  0.4371	    0.8191	  0.9348	   0.8191	  0.8293	 24.8333	 16.9007	 10.0807
2018	179	  10	  0	178.4167	122.3358	 44.9070	 766.0317	  774.0546	 219.7945	757.7588	 32.3532	179.9895	 92.9477	 92.9477	229.1325	400.3406	451.9950	421.5160	433.1549	428.0343	421.5160	 41.3449	744.5511	  1.0000	   0.2968	  0.4829	    0.8191	  0.9348	   0.8191	  0.8137	 25.6333	 18.8298	 12.0098
2018	179	  11	  0	178.4583	140.9425	 50.8614	 811.1337	  822.4656	 172.8941	805.9097	 37.3326	244.3357	 83.0313	 83.0313	211.8609	393.9378	470.9250	431.1395	440.6206	443.5681	431.1395	 43.6841	822.5227	  1.0000	   0.4001	  0.4998	    0.8191	  0.9348	   0.8191	  0.7995	 26.1625	 20.4891	 13.6691
2018	179	  12	  0	178.5000	162.9132	 54.6139	 822.4575	  801.3471	 169.3554	817.5122	 41.9882	293.5754	 84.0990	 84.0990	149.1365	388.2555	484.3718	437.0480	440.7284	454.8998	437.0480	 44.3044	868.0246	  0.9985	   0.4763	  0.5000	    0.8191	  0.9348	   0.8191	  0.7896	 26.1375	 21.8495	 15.0295
2018	179	  13	  0	178.5417	186.9211	 55.3193	 796.4375	  720.9931	 203.4837	789.3155	 42.6907	290.9478	117.8857	 92.7819	 94.7661	383.4331	489.5479	439.4623	439.1249	459.6557	440.6544	 44.1031	878.5220	  0.9700	   0.4898	  0.5000	    0.8191	  0.9348	   0.8191	  0.7809	 26.1625	 22.8873	 16.0673
2018	179	  14	  0	178.5833	210.0472	 52.7879	 726.1021	  617.0729	 234.1185	716.7371	 38.3084	239.8907	177.5277	 97.5836	 97.5836	388.5548	481.4196	437.1601	437.1601	454.1327	445.6162	 43.8232	848.1464	  0.9261	   0.4395	  0.5000	    0.8191	  0.9348	   0.8191	  0.7888	 26.2458	 22.2738	 15.8303
2018	179	  15	  0	178.6250	230.1160	 47.6523	 585.1885	  423.2616	 271.8595	572.7263	 31.0181	164.6293	174.9920	101.8711	101.8711	391.5284	455.5909	426.0090	426.0090	434.3706	436.3912	 39.5532	784.4239	  0.8309	   0.3390	  0.4945	    0.8191	  0.9348	   0.8191	  0.7972	 26.0917	 16.8607	 12.0545
2018	179	  16	  0	178.6667	246.9189	 40.8560	 491.1592	  374.6127	 245.9488	479.6493	 24.8951	118.9906	156.1647	 90.5368	 90.5368	390.7143	441.5049	417.4305	417.4305	421.3164	429.7705	 35.5674	693.3564	  0.8163	   0.2536	  0.4591	    0.8191	  0.9348	   0.8191	  0.8008	 25.3500	 16.1692	 11.5578
2018	179	  17	  0	178.7083	261.3025	 33.1921	 383.1725	  312.4334	 211.3637	373.0416	 19.3271	 84.0681	123.2311	 76.4941	 76.4941	399.5866	428.6209	410.4815	410.4815	410.5419	422.6982	 31.3928	576.3010	  0.8027	   0.1814	  0.4024	    0.8191	  0.9348	   0.8191	  0.8194	 24.4750	 15.1089	 10.7325
2018	179	  18	  0	178.7500	274.2067	 25.2292	 253.0598	  202.0657	 165.8584	244.8170	 13.9686	 58.7489	 83.6655	 60.1507	 58.6419	392.1521	418.5754	403.2242	404.1845	403.8752	413.1368	 26.7365	449.6508	  0.7395	   0.1352	  0.3334	    0.8191	  0.9348	   0.8191	  0.8132	 23.8208	 11.8780	  8.3300
2018	179	  19	  0	178.7917	286.3706	 17.3961	 132.9092	   78.1821	 108.1263	127.3382	  8.5438	 37.4113	 43.8939	 39.1045	 37.4113	378.8690	408.8926	397.4168	397.5256	397.5256	402.4189	 21.7791	317.3202	  0.6482	   0.0929	  0.2553	    0.8191	  0.9348	   0.8191	  0.7995	 22.9583	  8.0937	  5.5609
2018	179	  20	  0	178.8333	298.3476	 10.0544	  43.2283	   10.5132	  41.2417	 41.0575	  3.1835	 14.1047	 14.7294	 14.3915	 14.1047	369.4952	399.8935	392.1085	391.3835	391.3835	394.4616	 17.0880	186.0159	  0.5403	   0.0478	  0.1688	    0.8191	  0.9348	   0.8191	  0.7922	 21.7417	  6.8517	  4.5535
2018	179	  21	  0	178.8750	310.5339	  3.6093	   6.0204	    1.5549	   5.8873	  5.7096	  0.4523	  2.0230	  2.0294	  2.0294	  2.0230	370.6397	391.7803	386.7571	384.0172	384.0172	387.4932	 14.1982	 67.8632	  0.5597	   0.0146	  0.0864	    0.8191	  0.9348	   0.8191	  0.7991	 20.3958	  9.0726	  5.7454
2018	179	  22	  0	178.9167	323.1765	 -1.5692	   0.2792	    0.1675	   0.1635	  0.1563	  0.0126	  0.0562	  0.0562	  0.0562	  0.0562	378.9000	383.7982	378.6338	377.4490	377.4490	378.4845	 12.6720	 44.8101	  0.5727	   0.0000	  0.0025	    0.8191	  0.9348	   0.8191	  0.8162	 19.0417	  2.6282	  1.6082
2018	179	  23	  0	178.9583	336.3756	 -6.1663	   0.0000	    0.0000	   0.0000	  0.0000	  0.0000	  0.0000	  0.0000	  0.0000	  0.0000	380.2742	378.4595	373.6410	373.6410	373.6410	373.6410	 11.8910	 51.7722	  0.5052	   0.0000	  0.0000	    0.8191	  0.9348	   0.8191	  0.8205	 18.0208	  0.0000	  0.0000
2018	180	   0	  0	179.0000	350.0543	 -8.4978	   0.0000	    0.0000	   0.0000	  0.0000	  0.0000	  0.0000	  0.0000	  0.0000	  0.0000	372.2590	378.4809	373.0823	373.0823	373.0823	373.0823	 11.7061	 51.9201	  0.5053	   0.0000	  0.0000	    0.8191	  0.9348	   0.8191	  0.8113	 18.0250	  0.0000	  0.0000
2018	180	   1	  0	179.0417	 93.9633	 -8.9162	   0.1531	    0.0000	   0.0000	  0.0000	  0.0000	  0.0000	  0.0000	  0.0000	  0.0000	357.7158	380.4772	373.7762	373.7762	373.7762	373.7762	 11.6789	 52.0304	  0.5089	   0.0000	  0.0000	    0.8191	  0.9348	   0.8191	  0.7920	 18.4083	  0.0000	  0.0000
2018	180	   2	  0	179.0833	 17.7777	 -7.4061	   2.9312	    0.0000	   0.0000	  0.0000	  0.0000	  0.0000	  0.0000	  0.0000	  0.0000	344.7350	376.7333	368.2215	368.2215	368.2215	368.2215	 10.5462	 52.3086	  0.5620	   0.0000	  0.0000	    0.8191	  0.9348	   0.8191	  0.7772	 17.6875	  0.0000	  0.0000
2018	180	   3	  0	179.1250	 31.2071	 -3.7602	  23.7140	    0.0000	   0.0000	  0.0000	  0.0000	  0.0000	  0.0000	  0.0000	  0.0000	337.2765	368.1951	354.0741	354.0741	354.0741	354.0741	  7.9183	 52.3876	  0.8579	   0.0000	  0.0000	    0.8191	  0.9348	   0.8191	  0.7734	 16.0250	  0.0000	  0.0000
2018	180	   4	  0	179.1667	 44.0899	  1.2774	  89.7579	  147.5625	  66.0476	 70.7100	  5.0854	 22.8082	 22.8082	 22.9879	 22.9991	335.3030	365.3144	347.1032	347.1032	348.4815	348.4815	 10.2540	 40.2942	  1.0000	   0.0144	  0.0468	    0.8191	  0.9348	   0.8191	  0.7729	 15.4167	  3.0141	  0.0000
2018	180	   5	  0	179.2083	 56.4518	  7.1217	 187.3952	  692.2673	 100.9894	182.5812	  7.9640	 36.6900	 36.6900	 38.9949	 40.9368	333.4535	366.0425	347.3115	347.5467	348.8288	348.8288	 13.1188	133.6190	  1.0000	   0.0068	  0.1273	    0.8191	  0.9348	   0.8191	  0.7698	 15.5458	  7.1968	  0.5488
2018	180	   6	  0	179.2500	 68.4837	 14.1352	 383.6417	  742.4398	 201.9365	374.0707	 17.3275	 73.5940	 73.5940	 98.5213	136.7508	333.7761	373.8669	353.4240	355.5333	354.0248	354.0248	 22.2517	262.6805	  1.0000	   0.0946	  0.2176	    0.8191	  0.9348	   0.8191	  0.7666	 16.2042	  9.8299	  3.0099
2018	180	   7	  0	179.2917	 80.5129	 21.7977	 499.7950	  775.7320	 211.7480	490.3591	 19.5343	 79.9543	 79.9543	 91.9729	156.0868	336.4675	380.2046	358.1841	363.8108	359.0272	359.0272	 24.7582	399.2387	  1.0000	   0.1074	  0.3004	    0.8191	  0.9348	   0.8191	  0.7657	 17.0167	 12.3506	  5.5306
2018	180	   8	  0	179.3333	 93.0213	 29.7474	 620.2725	  796.6846	 225.1155	610.7882	 23.7592	 95.0628	 88.0006	 88.7881	200.9381	340.7981	391.4673	366.8419	375.1775	366.4369	367.2491	 28.7539	533.2595	  1.0000	   0.1642	  0.3742	    0.8191	  0.9348	   0.8191	  0.7659	 18.0667	 14.7146	  7.8946
2018	180	   9	  0	179.3750	106.6674	 37.5969	 724.5892	  813.6096	 228.4357	715.5507	 28.1529	134.1253	 92.9660	 92.9660	227.1860	344.0381	403.5611	375.5742	385.8650	377.2409	375.5742	 32.8277	655.9084	  1.0000	   0.2192	  0.4367	    0.8191	  0.9348	   0.8191	  0.7649	 19.0167	 16.8805	 10.0605
2018	180	  10	  0	179.4167	122.3084	 44.8456	 804.6000	  826.7590	 221.8381	796.4437	 33.4973	187.6421	 94.9468	 94.9468	240.1889	344.0960	416.0582	382.6820	393.6469	388.8275	382.6820	 36.3205	759.1476	  1.0000	   0.2959	  0.4826	    0.8191	  0.9348	   0.8191	  0.7617	 19.4167	 18.8104	 11.9904
2018	180	  11	  0	179.4583	140.8989	 50.8030	 853.0533	  830.8610	 209.3781	845.9315	 40.2068	256.9270	 95.1364	 95.1364	225.6349	345.4214	434.9403	393.8694	402.8328	405.5933	393.8694	 39.6915	835.3836	  1.0000	   0.3989	  0.4998	    0.8191	  0.9348	   0.8191	  0.7588	 20.1417	 20.4705	 13.6505
2018	180	  12	  0	179.5000	162.8466	 54.5620	 860.1140	  835.0887	 179.7148	854.7883	 43.9610	307.1043	 88.6823	 88.6823	155.5639	345.3530	452.4024	404.1804	407.7188	421.1467	404.1804	 40.4696	880.3882	  1.0000	   0.4752	  0.5000	    0.8191	  0.9348	   0.8191	  0.7531	 20.9250	 21.8317	 15.0117
2018	180	  13	  0	179.5417	186.8337	 55.2778	 833.0752	  803.7013	 172.4329	828.0134	 43.3476	306.5527	113.4623	 85.7450	 88.0336	342.3905	460.7902	409.1139	408.8070	428.4207	410.2503	 39.9055	891.5723	  0.9934	   0.4890	  0.5000	    0.8191	  0.9348	   0.8191	  0.7438	 21.5250	 22.8700	 16.0500
2018	180	  14	  0	179.5833	209.9516	 52.7582	 767.6838	  715.1192	 198.1661	760.6990	 38.6597	253.3764	182.0948	 89.1358	 89.1358	344.3793	459.9109	410.9102	410.9102	428.2883	419.7732	 40.3415	864.0170	  0.9588	   0.4389	  0.5000	    0.8191	  0.9348	   0.8191	  0.7420	 22.2333	 23.5364	 16.7253
2018	180	  15	  0	179.6250	230.0237	 47.6323	 668.4963	  616.8249	 212.3707	660.0618	 31.0145	178.8151	194.1357	 87.7178	 87.7178	346.6748	445.6901	405.3502	405.3502	416.9573	419.6450	 37.3214	800.8974	  0.9198	   0.3387	  0.4944	    0.8191	  0.9348	   0.8191	  0.7442	 22.5458	 22.4366	 16.0370
2018	180	  16	  0	179.6667	246.8342	 40.8422	 545.3215	  510.9102	 210.5414	536.2370	 24.3832	121.0411	171.2900	 81.8535	 81.8535	346.1904	430.4441	398.2480	398.2480	403.5412	413.8087	 33.0187	708.5055	  0.8772	   0.2534	  0.4590	    0.8191	  0.9348	   0.8191	  0.7453	 22.4458	 20.0423	 14.3228
2018	180	  17	  0	179.7083	261.2250	 33.1811	 408.6377	  387.8714	 195.2614	399.6150	 18.8393	 81.9241	130.3701	 72.3948	 72.3948	356.4268	418.0218	394.0482	394.0482	394.4355	407.9659	 28.7650	588.4265	  0.8321	   0.1811	  0.4023	    0.8191	  0.9348	   0.8191	  0.7647	 22.2375	 17.1096	 12.1506
2018	180	  18	  0	179.7500	274.1348	 25.2185	 268.6896	  249.0157	 161.1097	260.8235	 13.8941	 57.7871	 88.5401	 59.4487	 57.6444	359.6435	408.2660	389.2368	390.1029	389.8097	400.1875	 24.4824	456.2921	  0.7653	   0.1351	  0.3334	    0.8191	  0.9348	   0.8191	  0.7744	 21.7750	 13.2426	  9.2848
2018	180	  19	  0	179.7917	286.3026	 17.3834	 135.4973	   86.5559	 108.0267	129.9481	  8.5622	 37.4523	 44.6293	 39.3090	 37.4523	349.2092	399.5256	385.6881	385.7546	385.7546	390.7374	 19.6257	321.4555	  0.6506	   0.0926	  0.2552	    0.8191	  0.9348	   0.8191	  0.7632	 21.2292	  8.2785	  5.6863
2018	180	  20	  0	179.8333	298.2824	 10.0380	  46.8062	   12.7770	  44.4205	 44.4696	  3.4305	 15.1996	 15.9347	 15.5375	 15.1996	342.0195	392.1495	382.0451	381.3029	381.3029	384.3941	 15.2510	188.2498	  0.5575	   0.0483	  0.1686	    0.8191	  0.9348	   0.8191	  0.7578	 20.2958	  6.9149	  4.5934
2018	180	  21	  0	179.8750	310.4711	  3.5886	   6.9567	    2.2831	   6.7710	  6.5994	  0.5203	  2.3274	  2.3396	  2.3395	  2.3274	339.2350	384.0647	376.4425	373.7243	373.7243	377.1817	 12.0972	 68.3803	  0.5732	   0.0142	  0.0859	    0.8191	  0.9348	   0.8191	  0.7603	 18.9417	  9.1070	  5.7637
2018	180	  22	  0	179.9167	323.1162	 -1.6003	   0.3567	    0.2071	   0.1998	  0.1909	  0.0154	  0.0687	  0.0687	  0.0687	  0.0687	337.1501	376.5372	368.1855	366.9948	366.9948	368.0395	 10.3542	 45.3275	  0.5766	   0.0000	  0.0024	    0.8191	  0.9348	   0.8191	  0.7657	 17.6500	  2.6702	  1.6328
2018	180	  23	  0	179.9583	336.3188	 -6.1823	   0.0021	    0.0000	   0.0000	  0.0000	  0.0000	  0.0000	  0.0000	  0.0000	  0.0000	333.6090	366.5080	358.9181	358.9181	358.9181	358.9181	  8.6995	 52.4587	  0.5060	   0.0000	  0.0000	    0.8191	  0.9348	   0.8191	  0.7696	 15.6917	  0.0000	  0.0000
2018	181	   0	  0	180.0000	350.0026	 -8.5409	   0.0058	    0.0000	   0.0000	  0.0000	  0.0000	  0.0000	  0.0000	  0.0000	  0.0000	331.9850	357.2383	350.1435	350.1435	350.1435	350.1435	  7.0378	 52.3744	  0.5062	   0.0000	  0.0000	    0.8191	  0.9348	   0.8191	  0.7735	 13.8500	  0.0000	  0.0000
2018	181	   1	  0	180.0417	 93.9182	 -8.9663	   0.1802	    0.0000	   0.0000	  0.0000	  0.0000	  0.0000	  0.0000	  0.0000	  0.0000	329.6555	350.5044	343.5783	343.5783	343.5783	343.5783	  5.7616	 52.1401	  0.5102	   0.0000	  0.0000	    0.8191	  0.9348	   0.8191	  0.7740	 12.4875	  0.0000	  0.0000
2018	181	   2	  0	180.0833	 17.7402	 -7.4628	   2.7046	    0.0000	   0.0000	  0.0000	  0.0000	  0.0000	  0.0000	  0.0000	  0.0000	325.1827	344.5074	336.7490	336.7490	336.7490	336.7490	  4.4030	 52.1952	  0.5585	   0.0000	  0.0000	    0.8191	  0.9348	   0.8191	  0.7714	 11.2583	  0.0000	  0.0000
2018	181	   3	  0	180.1250	 31.1775	 -3.8329	  22.5377	    0.0000	   0.0000	  0.0000	  0.0000	  0.0000	  0.0000	  0.0000	  0.0000	324.4142	340.9864	328.2847	328.2847	328.2847	328.2847	  2.7994	 52.1930	  0.8446	   0.0000	  0.0000	    0.8191	  0.9348	   0.8191	  0.7717	 10.5292	  0.0000	  0.0000
2018	181	   4	  0	180.1667	 44.0673	  1.2201	  95.1450	   85.3741	  74.8671	 75.8070	  5.7568	 25.7577	 25.7577	 25.7577	 25.7577	328.7730	346.6295	329.7073	329.7073	331.0199	331.0199	  7.3205	 39.3886	  1.0000	   0.0140	  0.0458	    0.8191	  0.9348	   0.8191	  0.7745	 11.6542	  2.8124	  0.0000
2018	181	   5	  0	180.2083	 56.4350	  7.0571	 209.4506	  655.2893	 127.4211	203.2106	  9.9830	 45.6594	 45.6594	 47.8544	 49.7050	337.5086	358.7713	341.4172	341.6438	342.9107	342.9107	 13.3515	131.9185	  1.0000	   0.0066	  0.1262	    0.8191	  0.9348	   0.8191	  0.7793	 14.1000	  7.1710	  0.5316
2018	181	   6	  0	180.2500	 68.4711	 14.0686	 344.0331	  728.7744	 166.6497	336.3034	 14.5730	 61.4973	 61.4973	 85.9715	123.4250	344.8677	373.7006	354.7685	356.8599	355.3792	355.3792	 20.9016	259.9702	  1.0000	   0.0944	  0.2168	    0.8191	  0.9348	   0.8191	  0.7815	 16.1750	  9.8045	  2.9845
2018	181	   7	  0	180.2917	 80.5028	 21.7302	 481.2310	  757.7843	 200.6239	472.3382	 18.5841	 75.9658	 75.9658	 87.6580	150.0473	349.8581	384.0512	363.3911	369.0367	364.2501	364.2501	 25.0680	395.6383	  1.0000	   0.1069	  0.2998	    0.8191	  0.9348	   0.8191	  0.7814	 17.7583	 12.3257	  5.5057
2018	181	   8	  0	180.3333	 93.0114	 29.6796	 609.8123	  785.9732	 220.6588	600.5269	 23.3016	 93.2736	 86.3104	 87.0845	197.4603	349.0137	395.5011	371.4945	379.8597	371.0829	371.9079	 29.2354	530.4315	  1.0000	   0.1636	  0.3736	    0.8191	  0.9348	   0.8191	  0.7743	 18.8333	 14.6906	  7.8706
2018	181	   9	  0	180.3750	106.6543	 37.5291	 718.7002	  809.0345	 226.0883	709.7642	 27.8643	132.8551	 92.0523	 92.0523	225.1951	346.9269	406.5453	378.5400	388.8572	380.2024	378.5400	 33.1181	654.4466	  1.0000	   0.2184	  0.4363	    0.8191	  0.9348	   0.8191	  0.7663	 19.5792	 16.8574	 10.0374
2018	181	  10	  0	180.4167	122.2866	 44.7786	 797.7846	  822.6536	 218.5971	789.7779	 33.0992	185.7252	 93.7254	 93.7254	238.0008	345.4372	420.1500	386.2946	397.3157	392.4619	386.2946	 36.6443	758.7915	  1.0000	   0.2950	  0.4823	    0.8191	  0.9348	   0.8191	  0.7596	 20.1708	 18.7882	 11.9682
2018	181	  11	  0	180.4583	140.8603	 50.7385	 842.1588	  823.7752	 204.5780	835.2535	 39.5309	253.2668	 93.2829	 93.2829	222.5319	347.8901	440.6352	398.9323	407.9711	410.7405	398.9323	 40.0968	835.1393	  1.0000	   0.3976	  0.4998	    0.8191	  0.9348	   0.8191	  0.7567	 21.1583	 20.4492	 13.6292
2018	181	  12	  0	180.5000	162.7833	 54.5035	 849.4985	  832.3764	 171.8256	844.5737	 43.1624	303.3631	 85.9681	 85.9681	153.0165	351.8381	457.4143	409.3254	412.9053	426.3969	409.3254	 40.8851	877.7865	  1.0000	   0.4741	  0.5000	    0.8191	  0.9348	   0.8191	  0.7583	 21.8000	 21.8111	 14.9911
2018	181	  13	  0	180.5417	186.7470	 55.2294	 820.4858	  771.4235	 186.7508	814.5005	 43.1670	300.9830	115.5150	 89.1572	 91.4353	350.5266	463.5715	412.8835	412.5805	432.2568	413.9952	 40.4664	887.1761	  0.9877	   0.4881	  0.5000	    0.8191	  0.9348	   0.8191	  0.7541	 22.0167	 22.8502	 16.0302
2018	181	  14	  0	180.5833	209.8540	 52.7217	 760.5281	  694.9119	 207.3993	752.9538	 38.6530	251.0009	181.4638	 91.4302	 91.4302	347.4597	458.2652	410.3778	410.3778	427.6162	419.0910	 40.2639	861.1667	  0.9535	   0.4382	  0.5000	    0.8191	  0.9348	   0.8191	  0.7485	 22.0375	 23.3833	 16.6106
2018	181	  15	  0	180.6250	229.9280	 47.6058	 665.6319	  606.5366	 217.3675	656.8845	 31.1188	178.6500	193.4658	 89.0543	 89.0543	342.0408	439.0741	399.6278	399.6278	410.8714	413.4286	 36.4707	800.8969	  0.9164	   0.3382	  0.4944	    0.8191	  0.9348	   0.8191	  0.7431	 21.5750	 21.9953	 15.7165
2018	181	  16	  0	180.6667	246.7455	 40.8222	 547.3062	  512.9408	 211.3866	538.1841	 24.4646	121.5832	171.8247	 82.1714	 82.1714	340.3762	424.1048	392.1173	392.1173	397.3575	407.4527	 32.1207	708.9626	  0.8796	   0.2531	  0.4589	    0.8191	  0.9348	   0.8191	  0.7428	 21.3542	 19.9889	 14.2800
2018	181	  17	  0	180.7083	261.1436	 33.1641	 410.9950	  396.1027	 193.2897	402.1033	 18.7577	 81.6351	130.9483	 71.8662	 71.8662	341.7933	411.8377	386.7446	386.7446	387.1592	400.5265	 27.5183	591.9889	  0.8319	   0.1808	  0.4022	    0.8191	  0.9348	   0.8191	  0.7479	 21.1292	 17.1283	 12.1597
2018	181	  18	  0	180.7500	274.0592	 25.2017	 271.7258	  261.9070	 158.8338	264.0130	 13.7900	 57.1892	 89.4344	 58.9262	 57.0313	339.6217	402.1130	381.2308	382.0720	381.7867	392.2234	 23.0327	460.5951	  0.7669	   0.1350	  0.3333	    0.8191	  0.9348	   0.8191	  0.7492	 20.6292	 13.4347	  9.4153
2018	181	  19	  0	180.7917	286.2314	 17.3646	 143.2396	  110.7774	 108.5838	137.7051	  8.6741	 37.8407	 47.0167	 40.2773	 37.8407	341.5125	394.2798	379.6751	379.5432	379.5432	385.1851	 18.7353	322.0688	  0.6741	   0.0921	  0.2550	    0.8191	  0.9348	   0.8191	  0.7567	 20.1833	  9.1057	  6.2509
2018	181	  20	  0	180.8333	298.2144	 10.0155	  47.4771	   12.6362	  45.0974	 45.1046	  3.4831	 15.4277	 16.1926	 15.7771	 15.4277	345.2246	386.5757	377.2063	376.4741	376.4741	379.5394	 14.4721	187.0861	  0.5617	   0.0488	  0.1683	    0.8191	  0.9348	   0.8191	  0.7685	 19.2417	  6.9130	  4.5898
2018	181	  21	  0	180.8750	310.4059	  3.5619	   6.8281	    1.9974	   6.6648	  6.4763	  0.5121	  2.2905	  2.3006	  2.3006	  2.2905	344.8275	379.1477	372.4728	369.7785	369.7785	373.2151	 11.4360	 67.5470	  0.5739	   0.0139	  0.0852	    0.8191	  0.9348	   0.8191	  0.7732	 18.0042	  9.1148	  5.7644
2018	181	  22	  0	180.9167	323.0543	 -1.6386	   0.3388	    0.1998	   0.1929	  0.1842	  0.0148	  0.0664	  0.0664	  0.0664	  0.0664	341.3458	372.4109	364.7780	363.5947	363.5947	364.6364	  9.7735	 44.8780	  0.5777	   0.0000	  0.0023	    0.8191	  0.9348	   0.8191	  0.7750	 16.8500	  2.6776	  1.6360
2018	181	  23	  0	180.9583	336.2612	 -6.2274	   0.0010	    0.0000	   0.0000	  0.0000	  0.0000	  0.0000	  0.0000	  0.0000	  0.0000	337.8416	366.0108	358.7733	358.7733	358.7733	358.7733	  8.7204	 52.0889	  0.5067	   0.0000	  0.0000	    0.8191	  0.9348	   0.8191	  0.7756	 15.5958	  0.0000	  0.0000
2018	182	   0	  0	181.0000	349.9510	 -8.5909	   0.0000	    0.0000	   0.0000	  0.0000	  0.0000	  0.0000	  0.0000	  0.0000	  0.0000	334.4616	360.2758	353.1604	353.1604	353.1604	353.1604	  7.6344	 52.0891	  0.5068	   0.0000	  0.0000	    0.8191	  0.9348	   0.8191	  0.7749	 14.4583	  0.0000	  0.0000
2018	182	   1	  0	181.0417	 93.8742	 -9.0231	   0.1415	    0.0000	   0.0000	  0.0000	  0.0000	  0.0000	  0.0000	  0.0000	  0.0000	331.0895	355.0232	347.9303	347.9303	347.9303	347.9303	  6.6090	 51.9031	  0.5101	   0.0000	  0.0000	    0.8191	  0.9348	   0.8191	  0.7736	 13.4042	  0.0000	  0.0000
2018	182	   2	  0	181.0833	 17.7047	 -7.5261	   2.5767	    0.0000	   0.0000	  0.0000	  0.0000	  0.0000	  0.0000	  0.0000	  0.0000	330.1487	348.5452	340.9252	340.9252	340.9252	340.9252	  5.2677	 51.8780	  0.5571	   0.0000	  0.0000	    0.8191	  0.9348	   0.8191	  0.7753	 12.0875	  0.0000	  0.0000
2018	182	   3	  0	181.1250	 31.1506	 -3.9144	  21.8960	    0.0000	   0.0000	  0.0000	  0.0000	  0.0000	  0.0000	  0.0000	  0.0000	328.7239	343.6186	331.1758	331.1758	331.1758	331.1758	  3.4181	 51.8802	  0.8398	   0.0000	  0.0000	    0.8191	  0.9348	   0.8191	  0.7754	 11.0750	  0.0000	  0.0000
2018	182	   4	  0	181.1667	 44.0481	  1.1573	  93.6165	   81.3813	  67.9241	 68.9263	  5.2231	 23.3706	 23.3706	 23.3706	 23.3706	329.4266	346.1469	329.4917	329.4917	330.6556	330.6556	  6.9056	 42.5611	  1.0000	   0.0134	  0.0445	    0.8191	  0.9348	   0.8191	  0.7754	 11.5583	  2.4914	  0.0000
2018	182	   5	  0	181.2083	 56.4222	  6.9870	 207.5388	  653.6780	 126.4650	201.3435	  9.9052	 45.3089	 45.3089	 47.4249	 49.2113	336.8757	355.2338	338.1725	338.3901	339.6618	339.6618	 12.7032	130.5706	  1.0000	   0.0064	  0.1251	    0.8191	  0.9348	   0.8191	  0.7801	 13.3917	  7.1420	  0.5132
2018	182	   6	  0	181.2500	 68.4631	 13.9967	 341.9927	  732.0059	 164.6445	334.3689	 14.4160	 60.8150	 60.8150	 85.3556	122.9209	340.2224	371.8019	352.4776	354.5427	353.0953	353.0953	 20.3969	259.1791	  1.0000	   0.0942	  0.2160	    0.8191	  0.9348	   0.8191	  0.7765	 15.8083	  9.7759	  2.9559
2018	182	   7	  0	181.2917	 80.4976	 21.6576	 477.9906	  762.6051	 196.5238	469.3201	 18.2653	 74.5971	 74.5971	 86.3113	148.8000	342.7158	386.5813	364.5324	370.1794	365.4047	365.4047	 25.0225	396.1497	  1.0000	   0.1064	  0.2992	    0.8191	  0.9348	   0.8191	  0.7691	 18.2458	 12.2978	  5.4778
2018	182	   8	  0	181.3333	 93.0067	 29.6067	 604.2425	  786.4441	 215.7861	595.2108	 22.8949	 91.5704	 84.6416	 85.4180	195.5316	345.3682	399.9946	374.7381	383.1353	374.3178	375.1567	 29.4834	531.0652	  1.0000	   0.1631	  0.3731	    0.8191	  0.9348	   0.8191	  0.7646	 19.6792	 14.6635	  7.8435
2018	182	   9	  0	181.3750	106.6468	 37.4562	 709.6719	  804.0824	 220.9185	700.9857	 27.3484	130.5959	 90.1815	 90.1815	222.1443	348.0196	411.1464	382.5628	392.9300	384.2232	382.5628	 33.4319	653.9465	  1.0000	   0.2176	  0.4358	    0.8191	  0.9348	   0.8191	  0.7634	 20.4333	 16.8313	 10.0113
2018	182	  10	  0	181.4167	122.2705	 44.7061	 790.0912	  815.0091	 217.0304	782.1298	 32.7546	183.8680	 92.9629	 92.9629	235.6267	351.7291	425.3948	391.6572	402.7513	397.8567	391.6572	 37.2605	756.3017	  1.0000	   0.2940	  0.4820	    0.8191	  0.9348	   0.8191	  0.7641	 21.1250	 18.7632	 11.9432
2018	182	  11	  0	181.4583	140.8269	 50.6680	 838.4217	  818.0785	 205.8688	831.4171	 39.3612	251.9591	 93.4716	 93.4716	221.6201	354.5340	444.6592	403.3532	412.4427	415.2076	403.3532	 40.6821	832.0836	  1.0000	   0.3961	  0.4997	    0.8191	  0.9348	   0.8191	  0.7630	 21.8875	 20.4252	 13.6052
2018	182	  12	  0	181.5000	162.7236	 54.4384	 846.7088	  835.5749	 166.9826	842.0529	 42.8053	302.3948	 84.4563	 84.4563	151.9457	356.9844	462.1516	414.0362	417.6471	431.2058	414.0362	 41.4307	875.8000	  1.0000	   0.4729	  0.5000	    0.8191	  0.9348	   0.8191	  0.7615	 22.6250	 21.7880	 14.9680
2018	182	  13	  0	181.5417	186.6610	 55.1742	 817.4787	  770.4697	 184.9446	811.5817	 42.9141	299.9438	114.4947	 88.4955	 90.8492	355.9953	470.0502	419.0431	418.7412	438.5916	420.1338	 41.2509	885.7336	  0.9861	   0.4870	  0.5000	    0.8191	  0.9348	   0.8191	  0.7560	 23.1167	 22.8277	 16.0077
2018	182	  14	  0	181.5833	209.7547	 52.6784	 753.9377	  682.0933	 211.2967	746.0925	 38.4828	248.9189	180.2000	 92.2418	 92.2418	354.9987	463.5225	416.0426	416.0426	433.3565	424.7294	 41.0037	858.3175	  0.9489	   0.4373	  0.5000	    0.8191	  0.9348	   0.8191	  0.7549	 22.9750	 23.2735	 16.5261
2018	182	  15	  0	181.6250	229.8290	 47.5729	 660.4602	  598.9394	 218.0767	651.6391	 30.9567	177.5622	191.8992	 89.0512	 89.0512	354.6573	449.0972	409.8540	409.8540	421.3053	423.8807	 37.9202	797.1398	  0.9139	   0.3376	  0.4943	    0.8191	  0.9348	   0.8191	  0.7528	 23.2958	 22.0224	 15.7302
2018	182	  16	  0	181.6667	246.6530	 40.7960	 540.7937	  504.6724	 210.4493	531.6869	 24.2443	120.5418	169.7032	 81.6624	 81.6624	352.3143	436.7395	404.5626	404.5626	409.9127	420.1418	 33.8933	706.8659	  0.8727	   0.2527	  0.4588	    0.8191	  0.9348	   0.8191	  0.7479	 23.5833	 19.9243	 14.2287
2018	182	  17	  0	181.7083	261.0584	 33.1411	 406.6156	  393.0630	 190.7627	397.8463	 18.5220	 80.7054	129.4516	 70.9565	 70.9565	350.1873	423.5994	397.9993	397.9993	398.4270	412.0482	 29.1768	591.4323	  0.8253	   0.1804	  0.4021	    0.8191	  0.9348	   0.8191	  0.7481	 23.2375	 17.1295	 12.1558
2018	182	  18	  0	181.7500	273.9801	 25.1789	 269.0827	  262.9501	 155.8712	261.5286	 13.5649	 56.2073	 88.5327	 57.9120	 56.0391	348.0024	414.8874	393.3339	394.2138	393.9228	404.6848	 24.9294	460.2940	  0.7617	   0.1349	  0.3331	    0.8191	  0.9348	   0.8191	  0.7482	 22.9375	 13.5428	  9.4869
2018	182	  19	  0	181.7917	286.1569	 17.3398	 142.0198	  113.8255	 106.4972	136.6011	  8.5210	 37.1567	 46.5474	 39.6422	 37.1567	345.9579	404.9728	389.6553	389.5166	389.5166	395.3690	 20.3651	322.1505	  0.6705	   0.0917	  0.2548	    0.8191	  0.9348	   0.8191	  0.7519	 22.1500	  9.2300	  6.3331
2018	182	  20	  0	181.8333	298.1436	  9.9868	  46.9571	   13.1941	  44.4855	 44.6175	  3.4369	 15.2204	 16.0188	 15.5843	 15.2204	344.4789	395.9912	385.6834	384.9501	384.9501	388.0732	 15.9157	187.3041	  0.5591	   0.0493	  0.1679	    0.8191	  0.9348	   0.8191	  0.7576	 21.0042	  6.9318	  4.5995
2018	182	  21	  0	181.8750	310.3385	  3.5290	   6.5377	    2.1410	   6.3619	  6.2017	  0.4889	  2.1869	  2.1977	  2.1976	  2.1869	343.0047	388.2800	380.7362	377.9438	377.9438	381.5032	 12.8772	 67.2250	  0.5714	   0.0139	  0.0843	    0.8191	  0.9348	   0.8191	  0.7618	 19.7417	  9.2445	  5.8401
2018	182	  22	  0	181.9167	322.9908	 -1.6842	   0.2979	    0.1787	   0.1720	  0.1642	  0.0132	  0.0592	  0.0592	  0.0592	  0.0592	338.8606	377.8845	369.5424	368.3467	368.3467	369.4023	 10.6180	 44.6963	  0.5780	   0.0000	  0.0022	    0.8191	  0.9348	   0.8191	  0.7669	 17.9083	  2.6766	  1.6339
2018	182	  23	  0	181.9583	336.2028	 -6.2792	   0.0000	    0.0000	   0.0000	  0.0000	  0.0000	  0.0000	  0.0000	  0.0000	  0.0000	336.0143	368.5113	360.9430	360.9430	360.9430	360.9430	  9.1034	 51.9349	  0.5074	   0.0000	  0.0000	    0.8191	  0.9348	   0.8191	  0.7714	 16.0875	  0.0000	  0.0000
2018	183	   0	  0	182.0000	349.8995	 -8.6476	   0.0000	    0.0000	   0.0000	  0.0000	  0.0000	  0.0000	  0.0000	  0.0000	  0.0000	334.2644	360.3843	353.2328	353.2328	353.2328	353.2328	  7.6454	 51.8679	  0.5075	   0.0000	  0.0000	    0.8191	  0.9348	   0.8191	  0.7745	 14.4792	  0.0000	  0.0000
2018	183	   1	  0	182.0417	 93.8312	 -9.0865	   0.0510	    0.0000	   0.0000	  0.0000	  0.0000	  0.0000	  0.0000	  0.0000	  0.0000	333.4785	353.8060	346.9712	346.9712	346.9712	346.9712	  6.4532	 51.6332	  0.5090	   0.0000	  0.0000	    0.8191	  0.9348	   0.8191	  0.7769	 13.1583	  0.0000	  0.0000
2018	183	   2	  0	182.0833	 17.6713	 -7.5958	   1.9965	    0.0000	   0.0000	  0.0000	  0.0000	  0.0000	  0.0000	  0.0000	  0.0000	332.2483	349.1535	341.8265	341.8265	341.8265	341.8265	  5.4633	 51.6304	  0.5467	   0.0000	  0.0000	    0.8191	  0.9348	   0.8191	  0.7774	 12.2125	  0.0000	  0.0000
2018	183	   3	  0	182.1250	 31.1265	 -3.9971	  20.9546	    0.0000	   0.0000	  0.0000	  0.0000	  0.0000	  0.0000	  0.0000	  0.0000	330.8404	345.5571	333.3301	333.3301	333.3301	333.3301	  3.8629	 51.6414	  0.8306	   0.0000	  0.0000	    0.8191	  0.9348	   0.8191	  0.7770	 11.4750	  0.0000	  0.0000
2018	183	   4	  0	182.1667	 44.0324	  1.0893	  91.9506	   73.7636	  67.2845	 67.8286	  5.1733	 23.1432	 23.1432	 23.1432	 23.1432	334.1779	349.4154	332.9606	332.9606	334.1369	334.1369	  7.5714	 41.5694	  1.0000	   0.0127	  0.0434	    0.8191	  0.9348	   0.8191	  0.7794	 12.2292	  2.4636	  0.0000
2018	183	   5	  0	182.2083	 56.4134	  6.9115	 206.7933	  648.0130	 127.1072	200.5555	  9.9494	 45.4963	 45.4963	 47.5337	 49.2570	339.6407	359.7064	342.4859	342.6980	344.0061	344.0061	 13.5113	129.1627	  1.0000	   0.0062	  0.1239	    0.8191	  0.9348	   0.8191	  0.7813	 14.2917	  7.1100	  0.4945
2018	183	   6	  0	182.2500	 68.4595	 13.9196	 342.7708	  731.2138	 166.5828	335.0373	 14.5504	 61.4411	 61.4411	 85.9166	123.3736	341.9400	374.7293	355.2665	357.3204	355.9054	355.9054	 20.9427	257.7639	  1.0000	   0.0940	  0.2151	    0.8191	  0.9348	   0.8191	  0.7769	 16.3833	  9.7442	  2.9242
2018	183	   7	  0	182.2917	 80.4973	 21.5800	 481.5717	  761.2108	 201.5723	472.6249	 18.6224	 76.2648	 76.2648	 87.8904	149.9704	347.0764	386.9616	365.5171	371.1349	366.3966	366.3966	 25.3998	393.9621	  1.0000	   0.1058	  0.2985	    0.8191	  0.9348	   0.8191	  0.7751	 18.3292	 12.2668	  5.4468
2018	183	   8	  0	182.3333	 93.0074	 29.5289	 612.5781	  786.9353	 224.7797	603.0663	 23.5528	 94.5673	 87.6465	 88.4192	198.2574	351.0800	401.1428	376.6168	384.9928	376.1912	377.0358	 30.1618	528.3882	  1.0000	   0.1624	  0.3725	    0.8191	  0.9348	   0.8191	  0.7722	 19.9042	 14.6334	  7.8134
2018	183	   9	  0	182.3750	106.6449	 37.3781	 721.9688	  810.6046	 230.0575	712.8183	 28.0825	133.9994	 93.3382	 93.3382	226.0080	348.1340	412.5962	383.8117	394.1685	385.4628	383.8117	 34.0273	653.3572	  1.0000	   0.2167	  0.4353	    0.8191	  0.9348	   0.8191	  0.7619	 20.7167	 16.8024	  9.9824
2018	183	  10	  0	182.4167	122.2601	 44.6281	 803.9000	  825.4719	 224.2720	795.5956	 33.4398	187.4319	 95.5884	 95.5884	239.7695	346.5124	428.2799	393.1677	404.2864	399.3782	393.1677	 37.8274	758.9581	  1.0000	   0.2930	  0.4816	    0.8191	  0.9348	   0.8191	  0.7524	 21.6583	 18.7353	 11.9153
2018	183	  11	  0	182.4583	140.7986	 50.5916	 855.2206	  832.5464	 212.1608	847.9477	 40.1481	256.8288	 95.9372	 95.9372	226.1058	343.8034	450.0340	405.8360	414.9897	417.7627	405.8360	 41.3808	839.5888	  1.0000	   0.3945	  0.4997	    0.8191	  0.9348	   0.8191	  0.7390	 22.8417	 20.3984	 13.5784
2018	183	  12	  0	182.5000	162.6674	 54.3669	 862.5298	  843.5980	 176.8239	857.3898	 43.7459	307.7026	 87.8950	 87.8950	155.7157	346.2798	466.6392	415.7529	419.3975	433.0072	415.7529	 42.0508	883.5477	  1.0000	   0.4715	  0.5000	    0.8191	  0.9348	   0.8191	  0.7384	 23.4083	 21.7621	 14.9421
2018	183	  13	  0	182.5417	186.5760	 55.1121	 826.3996	  803.1561	 167.5095	821.5876	 42.7040	304.3002	110.6289	 83.9989	 86.5549	352.3962	474.4890	421.8709	421.5721	441.5288	422.9390	 41.4863	889.3059	  0.9900	   0.4858	  0.5000	    0.8191	  0.9348	   0.8191	  0.7448	 23.8792	 22.8026	 15.9826
2018	183	  14	  0	182.5833	209.6537	 52.6284	 752.9192	  684.4831	 208.6501	745.2241	 38.3104	248.8047	179.1686	 91.4417	 91.4417	360.7174	469.1839	421.5387	421.5387	439.0226	430.2665	 41.7251	856.8741	  0.9493	   0.4363	  0.5000	    0.8191	  0.9348	   0.8191	  0.7580	 23.9292	 23.2765	 16.5213
2018	183	  15	  0	182.6250	229.7268	 47.5335	 654.2779	  573.7071	 230.6156	644.6779	 31.3107	177.5494	190.6953	 92.4801	 92.4801	374.4847	449.4885	413.4978	413.4978	424.7931	427.2400	 38.6390	787.3252	  0.9165	   0.3369	  0.4942	    0.8191	  0.9348	   0.8191	  0.7838	 23.4833	 21.6829	 15.4813
2018	183	  16	  0	182.6667	246.5569	 40.7635	 533.9317	  470.6517	 226.0356	523.8616	 24.8793	122.4349	168.0122	 86.0780	 86.0780	376.7440	433.2472	405.6434	405.6434	410.7749	420.5777	 34.3700	694.9500	  0.8760	   0.2522	  0.4587	    0.8191	  0.9348	   0.8191	  0.7905	 23.1375	 19.3294	 13.7982
2018	183	  17	  0	182.7083	260.9695	 33.1120	 399.8567	  358.1300	 203.2016	390.3107	 19.1277	 83.5323	127.7244	 74.5357	 74.5357	375.2468	419.0183	397.9882	397.9882	398.3372	411.1928	 29.4988	581.0524	  0.8260	   0.1799	  0.4020	    0.8191	  0.9348	   0.8191	  0.7926	 22.5667	 16.3739	 11.6149
2018	183	  18	  0	182.7500	273.8975	 25.1501	 263.2919	  231.1535	 163.7856	255.2345	 13.9798	 58.4679	 86.8839	 59.9077	 58.3084	374.3801	410.1839	392.9968	393.9297	393.6426	403.5611	 25.1581	451.6898	  0.7601	   0.1348	  0.3329	    0.8191	  0.9348	   0.8191	  0.7948	 22.2000	 12.7463	  8.9250
2018	183	  19	  0	182.7917	286.0793	 17.3089	 137.3244	   89.4956	 109.1799	131.7183	  8.6545	 37.8672	 45.2039	 39.7549	 37.8672	370.0021	400.4253	388.5529	388.6003	388.6003	393.7601	 20.3623	316.4956	  0.6637	   0.0911	  0.2545	    0.8191	  0.9348	   0.8191	  0.7940	 21.3875	  8.4767	  5.8135
2018	183	  20	  0	182.8333	298.0701	  9.9519	  44.2815	   10.6218	  42.2808	 42.0557	  3.2642	 14.4550	 15.1250	 14.7588	 14.4550	368.2104	391.1677	383.7347	383.0388	383.0388	386.0835	 15.6953	183.8898	  0.5496	   0.0498	  0.1675	    0.8191	  0.9348	   0.8191	  0.7978	 20.1042	  6.8572	  4.5468
2018	183	  21	  0	182.8750	310.2689	  3.4902	   5.5558	    1.2252	   5.4469	  5.2682	  0.4185	  1.8716	  1.8746	  1.8745	  1.8716	371.3214	384.6039	380.1829	377.4498	377.4498	380.9546	 13.0237	 65.4980	  0.5598	   0.0127	  0.0832	    0.8191	  0.9348	   0.8191	  0.8050	 19.0583	  9.1813	  5.7956
2018	183	  22	  0	182.9167	322.9257	 -1.7371	   0.2225	    0.1231	   0.1199	  0.1144	  0.0092	  0.0412	  0.0412	  0.0412	  0.0412	373.8657	378.3744	373.0620	371.8892	371.8892	372.9273	 11.6215	 43.6843	  0.5769	   0.0000	  0.0020	    0.8191	  0.9348	   0.8191	  0.8126	 18.0042	  2.6496	  1.6156
2018	183	  23	  0	182.9583	336.1437	 -6.3384	   0.0031	    0.0000	   0.0000	  0.0000	  0.0000	  0.0000	  0.0000	  0.0000	  0.0000	368.7898	373.2449	367.8321	367.8321	367.8321	367.8321	 10.7196	 51.0336	  0.5081	   0.0000	  0.0000	    0.8191	  0.9348	   0.8191	  0.8094	 17.0125	  0.0000	  0.0000
2018	184	   0	  0	183.0000	349.8482	 -8.7110	   0.0000	    0.0000	   0.0000	  0.0000	  0.0000	  0.0000	  0.0000	  0.0000	  0.0000	361.3982	368.3600	362.6795	362.6795	362.6795	362.6795	  9.6983	 51.1427	  0.5081	   0.0000	  0.0000	    0.8191	  0.9348	   0.8191	  0.8028	 16.0583	  0.0000	  0.0000
2018	184	   1	  0	183.0417	 93.7894	 -9.1566	   0.0612	    0.0000	   0.0000	  0.0000	  0.0000	  0.0000	  0.0000	  0.0000	  0.0000	360.7860	363.2916	357.7857	357.7857	357.7857	357.7857	  8.7886	 50.9597	  0.5098	   0.0000	  0.0000	    0.8191	  0.9348	   0.8191	  0.8036	 15.0583	  0.0000	  0.0000
2018	184	   2	  0	183.0833	 17.6398	 -7.6719	   1.9979	    0.0000	   0.0000	  0.0000	  0.0000	  0.0000	  0.0000	  0.0000	  0.0000	358.9979	358.2758	352.2628	352.2628	352.2628	352.2628	  7.7459	 50.9815	  0.5478	   0.0000	  0.0000	    0.8191	  0.9348	   0.8191	  0.8027	 14.0583	  0.0000	  0.0000
2018	184	   3	  0	183.1250	 31.1052	 -4.0910	  19.9498	    0.0000	   0.0000	  0.0000	  0.0000	  0.0000	  0.0000	  0.0000	  0.0000	356.0115	355.1860	344.5768	344.5768	344.5768	344.5768	  6.3166	 51.0308	  0.8273	   0.0000	  0.0000	    0.8191	  0.9348	   0.8191	  0.8002	 13.4375	  0.0000	  0.0000
2018	184	   4	  0	183.1667	 44.0202	  1.0160	  87.2527	   70.2321	  64.1180	 64.5442	  4.9297	 22.0552	 22.0552	 22.0552	 22.0552	360.0813	360.3465	345.6998	345.6998	346.9134	346.9134	 10.0509	 40.2396	  1.0000	   0.0119	  0.0422	    0.8191	  0.9348	   0.8191	  0.8035	 14.4375	  2.4648	  0.0000
2018	184	   5	  0	183.2083	 56.4086	  6.8307	 200.7819	  624.2986	 124.8935	194.6379	  9.7683	 44.6465	 44.6465	 46.5320	 48.1311	368.5361	372.4615	357.3702	357.5796	358.9591	358.9591	 16.2320	126.3378	  1.0000	   0.0059	  0.1225	    0.8191	  0.9348	   0.8191	  0.8093	 16.8083	  7.0749	  0.4741
2018	184	   6	  0	183.2500	 68.4604	 13.8374	 333.2404	  699.0669	 165.8611	325.4909	 14.4042	 60.9527	 60.9527	 84.3187	120.0527	378.7129	388.2542	372.0309	374.1150	372.7201	372.7201	 23.7517	252.5050	  1.0000	   0.0938	  0.2142	    0.8191	  0.9348	   0.8191	  0.8158	 18.9750	  9.7095	  2.8895
2018	184	   7	  0	183.2917	 80.5020	 21.4975	 466.3940	  726.2047	 200.2022	457.4347	 18.3484	 75.4090	 75.4090	 86.4221	145.3711	385.8579	399.4035	381.8242	387.5396	382.7479	382.7479	 27.9476	386.1545	  1.0000	   0.1052	  0.2978	    0.8191	  0.9348	   0.8191	  0.8188	 20.6667	 12.2328	  5.4128
2018	184	   8	  0	183.3333	 93.0134	 29.4460	 589.2752	  748.3930	 221.4865	579.8146	 22.9513	 92.4695	 85.9170	 86.6498	190.7328	392.0916	414.9532	394.6623	403.1962	394.2138	395.0957	 32.6703	517.6039	  1.0000	   0.1617	  0.3718	    0.8191	  0.9348	   0.8191	  0.8197	 22.4292	 14.6004	  7.7804
2018	184	   9	  0	183.3750	106.6486	 37.2949	 690.0942	  763.0110	 228.0057	680.8688	 27.2528	129.7858	 91.6505	 91.6505	216.1136	398.1829	425.7476	402.7942	413.3384	404.4550	402.7942	 36.4852	636.7686	  1.0000	   0.2158	  0.4348	    0.8191	  0.9348	   0.8191	  0.8243	 23.0833	 16.7705	  9.9505
2018	184	  10	  0	183.4167	122.2554	 44.5447	 768.1867	  775.7894	 224.2294	759.6650	 32.3831	180.3624	 94.2568	 94.2568	229.4278	398.6586	436.4684	408.4260	419.6623	414.6902	408.4260	 39.6169	737.4621	  1.0000	   0.2918	  0.4812	    0.8191	  0.9348	   0.8191	  0.8238	 23.1167	 18.7047	 11.8847
2018	184	  11	  0	183.4583	140.7756	 50.5093	 812.3587	  801.7783	 193.5351	805.9226	 37.7543	243.7078	 88.8320	 88.8320	213.7211	398.2709	453.4360	417.8000	426.9887	429.7561	417.8000	 42.1987	812.3766	  1.0000	   0.3929	  0.4997	    0.8191	  0.9348	   0.8191	  0.8208	 23.4625	 20.3689	 13.5489
2018	184	  12	  0	183.5000	162.6150	 54.2889	 803.7115	  733.8972	 208.0426	796.3648	 42.0676	284.4518	 93.9952	 93.9952	154.3069	399.0448	468.5154	426.3359	429.9964	443.6034	426.3359	 43.1599	855.2564	  0.9969	   0.4699	  0.5000	    0.8191	  0.9348	   0.8191	  0.8198	 23.7625	 21.7337	 14.9137
2018	184	  13	  0	183.5417	186.4921	 55.0433	 788.8735	  691.4181	 222.1719	780.6008	 42.6497	286.9573	120.7674	 97.5672	 99.7382	393.1548	479.7131	433.4578	433.1623	453.2448	434.5056	 43.4924	868.0565	  0.9730	   0.4845	  0.5000	    0.8191	  0.9348	   0.8191	  0.8050	 24.7667	 22.7750	 15.9550
2018	184	  14	  0	183.5833	209.5514	 52.5716	 732.9027	  639.5537	 224.8945	724.1246	 37.9972	241.8712	177.0171	 95.1562	 95.1562	380.1376	479.1001	433.5358	433.5358	450.9079	442.1109	 43.2759	849.4638	  0.9336	   0.4351	  0.5000	    0.8191	  0.9348	   0.8191	  0.7780	 25.7708	 22.7940	 16.1707
2018	184	  15	  0	183.6250	229.6217	 47.4875	 641.0037	  554.2858	 231.9942	631.2406	 30.9145	174.5847	186.9634	 92.3625	 92.3625	377.0290	458.1977	421.8923	421.8923	432.9527	435.2859	 39.5387	788.5639	  0.8985	   0.3361	  0.4941	    0.8191	  0.9348	   0.8191	  0.7776	 25.1875	 21.0032	 14.9892
2018	184	  16	  0	183.6667	246.4572	 40.7248	 522.4590	  449.0042	 228.8537	512.1518	 24.7360	121.3463	164.5139	 86.5224	 86.5224	381.9810	439.0874	412.0200	412.0200	416.9575	426.4297	 35.1297	694.0542	  0.8607	   0.2517	  0.4585	    0.8191	  0.9348	   0.8191	  0.7920	 24.3375	 18.6165	 13.2834
2018	184	  17	  0	183.7083	260.8770	 33.0768	 388.5742	  334.9236	 204.8007	378.8643	 19.0120	 83.1551	124.2782	 74.6673	 74.6673	381.8150	425.5686	405.1972	405.1972	405.4511	417.7821	 30.4336	579.7253	  0.8082	   0.1794	  0.4017	    0.8191	  0.9348	   0.8191	  0.7958	 23.8750	 15.5984	 11.0596
2018	184	  18	  0	183.7500	273.8115	 25.1153	 252.9848	  206.6488	 163.9685	244.8532	 13.8478	 58.2181	 83.6519	 59.4335	 58.0618	379.6059	413.9799	397.5561	398.5707	398.2788	407.4289	 25.7045	450.4810	  0.7389	   0.1345	  0.3327	    0.8191	  0.9348	   0.8191	  0.7988	 23.0042	 11.8654	  8.3042
2018	184	  19	  0	183.7917	285.9986	 17.2718	 130.6910	   70.5144	 108.3473	125.0933	  8.5341	 37.4273	 43.1864	 38.8682	 37.4273	380.0760	404.0562	393.2183	393.4402	393.4402	398.0328	 21.0648	314.5147	  0.6458	   0.0906	  0.2542	    0.8191	  0.9348	   0.8191	  0.8054	 22.1208	  7.7939	  5.3419
2018	184	  20	  0	183.8333	297.9939	  9.9108	  41.9871	    9.4758	  40.2071	 39.8697	  3.1032	 13.7420	 14.3477	 14.0156	 13.7420	381.1829	395.3260	388.8557	388.1814	388.1814	391.2191	 16.6003	182.1559	  0.5405	   0.0503	  0.1669	    0.8191	  0.9348	   0.8191	  0.8124	 20.8792	  6.8241	  4.5214
2018	184	  21	  0	183.8750	310.1972	  3.4452	   5.7925	    1.2926	   5.6869	  5.4921	  0.4369	  1.9538	  1.9588	  1.9588	  1.9538	380.4267	386.5984	382.6929	379.9191	379.9191	383.4806	 13.5716	 64.4062	  0.5707	   0.0113	  0.0821	    0.8191	  0.9348	   0.8191	  0.8154	 19.4500	  9.2614	  5.8395
2018	184	  22	  0	183.9167	322.8592	 -1.7974	   0.3021	    0.1640	   0.1449	  0.1383	  0.0112	  0.0502	  0.0502	  0.0502	  0.0502	378.5730	381.6317	376.4753	375.2666	375.2666	376.3413	 12.2823	 43.3155	  0.5819	   0.0000	  0.0018	    0.8191	  0.9348	   0.8191	  0.8168	 18.6292	  2.7106	  1.6511
2018	184	  23	  0	183.9583	336.0839	 -6.4013	   0.0052	    0.0000	   0.0000	  0.0000	  0.0000	  0.0000	  0.0000	  0.0000	  0.0000	376.5887	378.4595	373.3261	373.3261	373.3261	373.3261	 11.7960	 50.7141	  0.5087	   0.0000	  0.0000	    0.8191	  0.9348	   0.8191	  0.8164	 18.0208	  0.0000	  0.0000
2018	185	   0	  0	184.0000	349.7971	 -8.7812	   0.0000	    0.0000	   0.0000	  0.0000	  0.0000	  0.0000	  0.0000	  0.0000	  0.0000	375.5124	374.8332	369.8009	369.8009	369.8009	369.8009	 11.1490	 50.7058	  0.5087	   0.0000	  0.0000	    0.8191	  0.9348	   0.8191	  0.8164	 17.3208	  0.0000	  0.0000
2018	185	   1	  0	184.0417	 93.7488	 -9.2333	   0.0277	    0.0000	   0.0000	  0.0000	  0.0000	  0.0000	  0.0000	  0.0000	  0.0000	377.0428	371.5104	366.7138	366.7138	366.7138	366.7138	 10.6056	 50.5128	  0.5097	   0.0000	  0.0000	    0.8191	  0.9348	   0.8191	  0.8187	 16.6750	  0.0000	  0.0000
2018	185	   2	  0	184.0833	 17.6105	 -7.7545	   1.4258	    0.0000	   0.0000	  0.0000	  0.0000	  0.0000	  0.0000	  0.0000	  0.0000	378.7656	369.2716	364.2589	364.2589	364.2589	364.2589	 10.1818	 50.4794	  0.5374	   0.0000	  0.0000	    0.8191	  0.9348	   0.8191	  0.8207	 16.2375	  0.0000	  0.0000
2018	185	   3	  0	184.1250	 31.0869	 -4.1935	  15.1613	    0.0000	   0.0000	  0.0000	  0.0000	  0.0000	  0.0000	  0.0000	  0.0000	377.0522	367.7428	358.8837	358.8837	358.8837	358.8837	  9.2211	 50.5088	  0.7858	   0.0000	  0.0000	    0.8191	  0.9348	   0.8191	  0.8192	 15.9375	  0.0000	  0.0000
2018	185	   4	  0	184.1667	 44.0116	  0.9373	  70.7835	  118.8416	  50.2639	 53.4742	  3.8689	 17.3590	 17.3590	 17.3607	 17.3608	377.0349	369.6859	356.1471	356.1471	357.3887	357.3887	 11.4745	 38.9819	  1.0000	   0.0108	  0.0410	    0.8191	  0.9348	   0.8191	  0.8190	 16.2875	  2.6922	  0.0000
2018	185	   5	  0	184.2083	 56.4080	  6.7446	 185.6379	  635.7864	 109.9233	180.2852	  8.6151	 39.5062	 39.5062	 41.2986	 42.8237	379.4475	376.6324	362.4305	362.6319	364.0527	364.0527	 16.4882	124.2914	  1.0000	   0.0057	  0.1211	    0.8191	  0.9348	   0.8191	  0.8200	 17.6208	  7.0368	  0.4519
2018	185	   6	  0	184.2500	 68.4658	 13.7501	 321.0569	  691.6971	 156.4676	313.7874	 13.6516	 57.6846	 57.6846	 80.7515	116.0428	383.8549	389.4814	373.7773	375.8394	374.4871	374.4871	 23.6083	250.4456	  1.0000	   0.0936	  0.2132	    0.8191	  0.9348	   0.8191	  0.8213	 19.2125	  9.6717	  2.8517
2018	185	   7	  0	184.2917	 80.5115	 21.4100	 452.5294	  718.6488	 190.1149	444.0809	 17.5166	 71.8783	 71.8783	 82.6912	140.7252	387.5522	399.2918	381.9712	387.6469	382.9033	382.9033	 27.4876	384.3724	  1.0000	   0.1045	  0.2970	    0.8191	  0.9348	   0.8191	  0.8210	 20.6583	 12.1958	  5.3758
2018	185	   8	  0	184.3333	 93.0247	 29.3583	 578.1358	  743.8945	 213.4977	569.0787	 22.2628	 89.6397	 83.1219	 83.8412	186.9159	389.7041	409.4871	389.5829	397.9919	389.1467	390.0148	 31.5258	516.2129	  1.0000	   0.1610	  0.3711	    0.8191	  0.9348	   0.8191	  0.8201	 21.4625	 14.5645	  7.7445
2018	185	   9	  0	184.3750	106.6580	 37.2067	 685.6917	  769.5425	 220.4635	676.8848	 26.7047	127.6454	 89.2204	 89.2204	214.3650	384.2856	421.2245	396.8308	407.2550	398.4787	396.8308	 35.2928	639.6281	  1.0000	   0.2149	  0.4342	    0.8191	  0.9348	   0.8191	  0.8080	 22.3042	 16.7358	  9.9158
2018	185	  10	  0	184.4167	122.2565	 44.4560	 765.2435	  788.0021	 213.6085	757.3313	 31.7191	178.2042	 90.9897	 90.9897	227.9155	376.8032	435.9638	404.6317	415.8230	410.8688	404.6317	 38.6842	745.1762	  1.0000	   0.2906	  0.4808	    0.8191	  0.9348	   0.8191	  0.7922	 23.0625	 18.6713	 11.8513
2018	185	  11	  0	184.4583	140.7580	 50.4211	 809.9577	  822.6894	 175.6269	804.5649	 36.8701	242.2665	 83.5663	 83.5663	211.2466	372.4335	453.8420	414.0310	423.2048	425.9634	414.0310	 41.1756	823.5952	  1.0000	   0.3910	  0.4996	    0.8191	  0.9348	   0.8191	  0.7813	 23.5792	 20.3367	 13.5167
2018	185	  12	  0	184.5000	162.5664	 54.2045	 819.8944	  799.7244	 171.4631	814.8088	 41.4769	291.6256	 84.3985	 84.3985	150.1514	371.8503	469.3771	422.6269	426.2980	439.8768	422.6269	 42.2308	868.2171	  0.9985	   0.4683	  0.5000	    0.8191	  0.9348	   0.8191	  0.7772	 23.9542	 21.7026	 14.8826
2018	185	  13	  0	184.5417	186.4095	 54.9677	 794.4004	  716.4930	 207.6578	787.0192	 42.3693	289.8783	117.1685	 93.7339	 96.1115	369.2024	473.9763	425.0301	424.7415	444.6052	426.0361	 42.0559	878.0904	  0.9691	   0.4830	  0.5000	    0.8191	  0.9348	   0.8191	  0.7727	 23.8917	 22.7359	 15.9185
2018	185	  14	  0	184.5833	209.4477	 52.5081	 731.1321	  629.8779	 231.1412	721.9740	 38.1060	241.4426	176.9219	 96.8475	 96.8475	372.9145	468.2080	424.0209	424.0209	440.7319	432.2086	 41.9719	849.4583	  0.9317	   0.4338	  0.5000	    0.8191	  0.9348	   0.8191	  0.7765	 24.2333	 22.3236	 15.8287
2018	185	  15	  0	184.6250	229.5138	 47.4350	 636.4204	  539.7625	 238.5186	626.2435	 31.0203	174.1065	185.8959	 94.0756	 94.0756	378.2276	453.6201	418.7439	418.7439	429.4605	431.6834	 39.0987	786.1477	  0.8953	   0.3352	  0.4940	    0.8191	  0.9348	   0.8191	  0.7836	 24.6000	 20.5482	 14.6573
2018	185	  16	  0	184.6667	246.3541	 40.6799	 517.3769	  441.7713	 228.7749	507.0431	 24.5906	120.6481	162.8520	 86.3191	 86.3191	374.6214	438.0354	410.4689	410.4689	415.2668	424.4450	 34.7265	696.3652	  0.8510	   0.2511	  0.4582	    0.8191	  0.9348	   0.8191	  0.7809	 24.2750	 18.1875	 12.9709
2018	185	  17	  0	184.7083	260.7810	 33.0355	 384.7867	  330.1654	 203.8520	375.1096	 18.8787	 82.6790	123.0134	 74.2586	 74.2586	372.7592	424.0302	402.9328	402.9328	403.1544	415.1446	 29.9143	581.9960	  0.7993	   0.1788	  0.4015	    0.8191	  0.9348	   0.8191	  0.7830	 23.6750	 15.2564	 10.8114
2018	185	  18	  0	184.7500	273.7222	 25.0744	 252.8996	  211.1734	 162.1707	244.8737	 13.7295	 57.6699	 83.5692	 58.8888	 57.5041	372.5203	414.3978	397.0429	398.0638	397.7753	406.9913	 25.5225	451.7275	  0.7375	   0.1343	  0.3324	    0.8191	  0.9348	   0.8191	  0.7876	 23.0750	 11.9410	  8.3519
2018	185	  19	  0	184.7917	285.9149	 17.2287	 130.5185	   72.8777	 107.4531	124.9726	  8.4713	 37.1452	 43.0655	 38.6125	 37.1452	375.8103	404.5189	393.1688	393.3898	393.3898	398.0424	 20.9921	314.6155	  0.6453	   0.0899	  0.2538	    0.8191	  0.9348	   0.8191	  0.7987	 22.2042	  7.8579	  5.3825
2018	185	  20	  0	184.8333	297.9152	  9.8635	  40.9210	    9.0975	  39.2117	 38.8559	  3.0263	 13.3998	 13.9942	 13.6671	 13.3998	381.7156	395.6692	389.2748	388.6132	388.6132	391.6441	 16.6308	181.3092	  0.5361	   0.0507	  0.1663	    0.8191	  0.9348	   0.8191	  0.8128	 20.9417	  6.8137	  4.5108
2018	185	  21	  0	184.8750	310.1234	  3.3943	   5.1708	    1.0243	   5.0826	  4.9023	  0.3905	  1.7462	  1.7485	  1.7484	  1.7462	384.6012	387.2884	383.8182	381.0582	381.0582	384.6212	 13.7830	 63.3873	  0.5639	   0.0098	  0.0808	    0.8191	  0.9348	   0.8191	  0.8200	 19.5958	  9.2551	  5.8296
2018	185	  22	  0	184.9167	322.7912	 -1.8650	   0.1979	    0.0660	   0.0649	  0.0620	  0.0050	  0.0223	  0.0223	  0.0223	  0.0223	383.7471	382.1551	377.3728	376.8336	376.8336	377.3265	 12.5520	 47.0017	  0.5409	   0.0000	  0.0014	    0.8191	  0.9348	   0.8191	  0.8230	 18.7292	  1.2532	  0.7648
2018	185	  23	  0	184.9583	336.0235	 -6.4744	   0.0000	    0.0000	   0.0000	  0.0000	  0.0000	  0.0000	  0.0000	  0.0000	  0.0000	381.4856	377.5742	372.8203	372.8203	372.8203	372.8203	 11.7567	 50.4516	  0.5091	   0.0000	  0.0000	    0.8191	  0.9348	   0.8191	  0.8221	 17.8500	  0.0000	  0.0000
2018	186	   0	  0	185.0000	349.7463	 -8.8581	   0.0000	    0.0000	   0.0000	  0.0000	  0.0000	  0.0000	  0.0000	  0.0000	  0.0000	379.5866	374.4451	369.7007	369.7007	369.7007	369.7007	 11.1747	 50.4672	  0.5092	   0.0000	  0.0000	    0.8191	  0.9348	   0.8191	  0.8208	 17.2458	  0.0000	  0.0000
2018	186	   1	  0	185.0417	 93.7094	 -9.3166	   0.0977	    0.0000	   0.0000	  0.0000	  0.0000	  0.0000	  0.0000	  0.0000	  0.0000	379.6263	373.0934	368.3734	368.3734	368.3734	368.3734	 10.9352	 50.3318	  0.5115	   0.0000	  0.0000	    0.8191	  0.9348	   0.8191	  0.8211	 16.9833	  0.0000	  0.0000
2018	186	   2	  0	185.0833	 17.5834	 -7.8433	   1.3046	    0.0000	   0.0000	  0.0000	  0.0000	  0.0000	  0.0000	  0.0000	  0.0000	378.2525	372.7075	367.5427	367.5427	367.5427	367.5427	 10.7742	 50.3566	  0.5355	   0.0000	  0.0000	    0.8191	  0.9348	   0.8191	  0.8197	 16.9083	  0.0000	  0.0000
2018	186	   3	  0	185.1250	 31.0716	 -4.3048	   8.3598	    0.0000	   0.0000	  0.0000	  0.0000	  0.0000	  0.0000	  0.0000	  0.0000	376.5812	373.1788	365.6989	365.6989	365.6989	365.6989	 10.4469	 50.3891	  0.6755	   0.0000	  0.0000	    0.8191	  0.9348	   0.8191	  0.8179	 17.0000	  0.0000	  0.0000
2018	186	   4	  0	185.1667	 44.0066	  0.8531	  38.6004	  262.0749	  20.1806	 29.7081	  1.5738	  7.1807	  7.1807	  9.4401	  9.4837	372.6331	374.2513	360.1431	360.1431	361.3982	361.3982	 10.8534	 37.9650	  0.9808	   0.0101	  0.0395	    0.8191	  0.9348	   0.8191	  0.8134	 17.1625	  3.0429	  0.0000
2018	186	   5	  0	185.2083	 56.4115	  6.6534	 117.9542	  755.3244	  28.1046	117.0194	  2.3591	 11.7789	 11.7789	 13.7611	 15.4487	371.4070	376.0781	360.9787	361.1692	362.6143	362.6143	 12.3603	123.0398	  1.0000	   0.0055	  0.1196	    0.8191	  0.9348	   0.8191	  0.8113	 17.5167	  6.9957	  0.4279
2018	186	   6	  0	185.2500	 68.4759	 13.6577	 190.7323	  541.1198	  68.5198	187.8574	  6.4963	 26.6583	 26.6583	 45.6473	 72.7237	372.1808	383.2583	367.2235	369.0806	367.9994	367.9994	 17.5377	249.9598	  0.9703	   0.0933	  0.2121	    0.8191	  0.9348	   0.8191	  0.8102	 18.0792	  9.1319	  2.6311
2018	186	   7	  0	185.2917	 80.5261	 21.3176	 179.0048	  110.3132	 141.5362	171.7434	 11.2431	 49.0438	 49.0438	 50.9163	 58.4223	371.8913	381.1617	370.2106	372.1769	371.6847	371.6847	 18.9668	384.5358	  0.6777	   0.1038	  0.2962	    0.8191	  0.9348	   0.8191	  0.8101	 18.0750	  4.7087	  2.0113
2018	186	   8	  0	185.3333	 93.0413	 29.2658	 159.8365	   14.1172	 152.9396	151.7833	 11.8547	 51.8894	 51.7627	 51.7791	 53.7124	371.9599	380.0494	373.7725	373.9972	372.9114	374.2345	 19.2087	516.8780	  0.4668	   0.1601	  0.3704	    0.8191	  0.9348	   0.8191	  0.8108	 17.9083	  2.6150	  1.3836
2018	186	   9	  0	185.3750	106.6731	 37.1135	 275.5544	   44.5512	 247.7980	262.6084	 19.6502	 86.6240	 83.9271	 83.9271	 91.4453	372.9149	383.4444	375.4721	375.7602	374.2604	375.4721	 24.0889	637.8991	  0.5517	   0.2138	  0.4337	    0.8191	  0.9348	   0.8191	  0.8109	 18.2708	  3.2053	  1.9047
2018	186	  10	  0	185.4167	122.2635	 44.3620	 468.7685	  226.8687	 308.8095	453.4066	 28.2190	134.5922	108.4073	108.4073	147.6190	373.5674	395.8460	380.4018	383.7673	381.9342	380.4018	 30.4863	739.8627	  0.7280	   0.2892	  0.4803	    0.8191	  0.9348	   0.8191	  0.8086	 18.9333	  8.0702	  5.1313
2018	186	  11	  0	185.4583	140.7458	 50.3271	 617.6531	  397.3932	 311.4232	603.0530	 35.1767	191.4750	114.7273	114.7273	176.0905	374.0750	416.0176	390.9176	395.8139	397.5536	390.9176	 35.7553	815.7572	  0.8342	   0.3891	  0.4996	    0.8191	  0.9348	   0.8191	  0.8046	 19.8417	 13.1558	  8.7410
2018	186	  12	  0	185.5000	162.5217	 54.1137	 685.7044	  459.4192	 313.2808	671.4133	 40.2977	237.7452	118.3585	118.3585	154.6281	375.3825	429.5987	398.1491	400.0158	409.2516	398.1491	 38.1042	858.9138	  0.8649	   0.4665	  0.5000	    0.8191	  0.9348	   0.8191	  0.8044	 20.1375	 15.5214	 10.6414
2018	186	  13	  0	185.5417	186.3283	 54.8853	 774.4560	  632.9130	 256.7829	764.0494	 42.9355	279.3855	128.3281	106.5518	108.4000	378.1645	448.6747	406.8033	406.5064	424.7118	407.7385	 40.0242	866.9049	  0.9580	   0.4815	  0.5000	    0.8191	  0.9348	   0.8191	  0.8055	 20.2167	 21.7360	 15.2123
2018	186	  14	  0	185.5833	209.3430	 52.4378	 743.8369	  625.2553	 247.9999	733.7608	 39.1644	245.5573	181.3047	102.1549	102.1549	379.2833	446.2218	406.2254	406.2254	422.5407	414.1836	 40.1020	839.9001	  0.9568	   0.4324	  0.5000	    0.8191	  0.9348	   0.8191	  0.8055	 20.5083	 22.5175	 15.9572
2018	186	  15	  0	185.6250	229.4032	 47.3760	 637.0071	  510.5757	 260.8358	625.5151	 32.0201	176.5138	187.1346	100.6158	100.6158	376.7939	427.5906	397.0730	397.0730	406.8759	408.8223	 36.3809	780.0399	  0.9025	   0.3342	  0.4938	    0.8191	  0.9348	   0.8191	  0.8034	 20.4375	 19.6735	 14.0257
2018	186	  16	  0	185.6667	246.2476	 40.6286	 515.5550	  410.2626	 247.7887	504.0865	 25.5274	123.8983	162.8105	 91.9373	 91.9373	375.3426	414.5833	390.9540	390.9540	395.2517	403.5348	 32.1669	690.4312	  0.8549	   0.2504	  0.4580	    0.8191	  0.9348	   0.8191	  0.8025	 20.4083	 17.2130	 12.2693
2018	186	  17	  0	185.7083	260.6817	 32.9880	 382.1804	  301.2761	 217.1767	371.7000	 19.6106	 86.0173	122.5944	 78.2406	 78.2406	375.6562	404.2011	386.3585	386.3585	386.4871	397.3018	 27.6252	576.8687	  0.8008	   0.1781	  0.4012	    0.8191	  0.9348	   0.8191	  0.8045	 20.2833	 14.3368	 10.1542
2018	186	  18	  0	185.7500	273.6296	 25.0274	 245.9952	  175.3450	 170.4295	237.4388	 14.1553	 60.0053	 81.6069	 60.9154	 59.8504	374.0046	394.8404	380.5136	381.4130	380.9740	388.8974	 22.9029	448.0830	  0.7264	   0.1340	  0.3321	    0.8191	  0.9348	   0.8191	  0.8058	 19.6667	 10.6747	  7.4626
2018	186	  19	  0	185.7917	285.8284	 17.1795	 117.8775	   40.6992	 104.9092	112.4041	  8.1819	 36.0089	 39.3888	 36.8261	 36.0089	373.8070	387.1586	377.7992	378.2537	378.2537	381.7535	 18.0787	312.6741	  0.6075	   0.0893	  0.2534	    0.8191	  0.9348	   0.8191	  0.8087	 19.0833	  6.6503	  4.5501
2018	186	  20	  0	185.8333	297.8340	  9.8100	  36.0175	    6.3517	  34.8264	 34.1813	  2.6851	 11.8916	 12.3135	 12.0805	 11.8916	376.8441	383.0674	377.4588	376.8416	376.8416	379.7407	 14.3121	180.3191	  0.5121	   0.0511	  0.1656	    0.8191	  0.9348	   0.8191	  0.8138	 18.5750	  6.7138	  4.4403
2018	186	  21	  0	185.8750	310.0477	  3.3373	   4.6217	    0.7049	   4.5630	  4.3805	  0.3505	  1.5672	  1.5689	  1.5689	  1.5672	376.5970	377.8491	374.3144	371.5814	371.5814	375.1148	 11.9867	 62.4703	  0.5626	   0.0082	  0.0794	    0.8191	  0.9348	   0.8191	  0.8146	 17.8125	  9.2961	  5.8481
2018	186	  22	  0	185.9167	322.7220	 -1.9401	   0.3312	    0.0701	   0.0689	  0.0657	  0.0053	  0.0237	  0.0237	  0.0237	  0.0237	372.0911	374.9612	369.6157	369.0573	369.0573	369.5701	 11.0343	 46.9705	  0.5469	   0.0000	  0.0013	    0.8191	  0.9348	   0.8191	  0.8123	 17.3458	  1.3036	  0.7945
2018	186	  23	  0	185.9583	335.9626	 -6.5521	   0.0208	    0.0000	   0.0000	  0.0000	  0.0000	  0.0000	  0.0000	  0.0000	  0.0000	369.3631	373.0510	367.6574	367.6574	367.6574	367.6574	 10.6947	 50.5296	  0.5100	   0.0000	  0.0000	    0.8191	  0.9348	   0.8191	  0.8101	 16.9750	  0.0000	  0.0000
2018	187	   0	  0	186.0000	349.1150	 -8.8930	   0.0000	    0.0000	   0.0000	  0.0000	  0.0000	  0.0000	  0.0000	  0.0000	  0.0000	366.7445	371.1253	365.6519	365.6519	365.6519	365.6519	 10.3012	 50.5724	  0.5096	   0.0000	  0.0000	    0.8191	  0.9348	   0.8191	  0.8079	 16.6000	  0.0000	  0.0000
