Year	DOY	Hour	Min	 Dectime	 azimuth	altitude	GlobalRad	DiffuseRad	DirectRad	 Kdown2d	   Kup2d	  Ksouth	   Kwest	  Knorth	   Keast	 Ldown2d	   Lup2d	  Lsouth	   Lwest	  Lnorth	   Least	    Tmrt	      I0	      CI	SH_Ground	SH_Walls	SVF_Ground	SVF_Roof	SVF_BdVeg	Emis_Sky	      Ta	      Tg	      Tw
2018	179	   0	  0	178.0000	356.4658	 -8.9738	   0.0200	    0.0000	   0.0000	  0.0000	  0.0000	  0.0000	  0.0000	  0.0000	  0.0000	400.1600	379.7063	377.6693	377.6693	377.6693	377.6693	 12.8030	 51.3860	  0.5056	   0.0000	  0.0000	    0.8414	  0.9406	   0.8414	  0.8405	 18.9000	  0.0000	  0.0000
2018	179	   1	  0	178.0417	 94.0093	 -8.8764	   0.1496	    0.0000	   0.0000	  0.0000	  0.0000	  0.0000	  0.0000	  0.0000	  0.0000	396.9213	378.3004	376.0484	376.0484	376.0484	376.0484	 12.4808	 51.4469	  0.5081	   0.0000	  0.0000	    0.8414	  0.9406	   0.8414	  0.8374	 18.6292	  0.0000	  0.0000
2018	179	   2	  0	178.0833	 17.8171	 -7.3595	   2.4581	    0.0000	   0.0000	  0.0000	  0.0000	  0.0000	  0.0000	  0.0000	  0.0000	392.7745	374.5985	371.4782	371.4782	371.4782	371.4782	 11.6265	 51.5235	  0.5529	   0.0000	  0.0000	    0.8414	  0.9406	   0.8414	  0.8337	 17.9125	  0.0000	  0.0000
2018	179	   3	  0	178.1250	 31.2396	 -3.6961	  20.5810	    0.0000	   0.0000	  0.0000	  0.0000	  0.0000	  0.0000	  0.0000	  0.0000	393.9207	372.2002	364.8674	364.8674	364.8674	364.8674	 10.4948	 51.5046	  0.8350	   0.0000	  0.0000	    0.8414	  0.9406	   0.8414	  0.8349	 17.4458	  0.0000	  0.0000
2018	179	   4	  0	178.1667	 44.1158	  1.3272	  85.2542	  123.4700	  64.7043	 68.3673	  5.0514	 22.6928	 22.6928	 23.1360	 23.1671	396.9662	375.0352	364.0196	364.0196	365.1915	365.1915	 13.8584	 40.1433	  1.0000	   0.0178	  0.0538	    0.8414	  0.9406	   0.8414	  0.8377	 17.9417	  3.0062	  0.0000
2018	179	   5	  0	178.2083	 56.4721	  7.1789	 193.9660	  623.3856	 115.0985	188.5401	  9.1696	 41.6539	 41.6539	 45.2393	 48.1721	401.0311	383.2605	372.0461	372.2816	373.3162	373.3162	 18.7344	131.0231	  1.0000	   0.0115	  0.1500	    0.8414	  0.9406	   0.8414	  0.8408	 19.4833	  7.2185	  0.5633
2018	179	   6	  0	178.2500	 68.4997	 14.1952	 323.6306	  681.8816	 156.1081	316.5475	 13.8911	 57.7112	 57.7112	 82.2787	120.4043	398.8581	399.6208	385.6079	387.7032	386.0030	386.0030	 25.7544	257.0676	  1.0000	   0.1021	  0.2474	    0.8414	  0.9406	   0.8414	  0.8334	 21.6458	  9.8516	  3.0316
2018	179	   7	  0	178.2917	 80.5263	 21.8594	 456.5967	  712.5045	 191.2834	448.1912	 18.4019	 72.1960	 72.1960	 85.9772	158.4719	398.8932	411.8580	394.8338	400.4419	395.4814	395.4814	 30.0943	390.7155	  1.0000	   0.1326	  0.3348	    0.8414	  0.9406	   0.8414	  0.8275	 23.2417	 12.3720	  5.5520
2018	179	   8	  0	178.3333	 93.0343	 29.8103	 581.4260	  734.4989	 216.3749	572.2141	 23.9272	 91.8166	 83.7365	 84.6474	211.7639	405.8625	423.9846	404.0580	412.4762	403.7587	404.4159	 34.4917	520.5083	  1.0000	   0.2020	  0.4098	    0.8414	  0.9406	   0.8414	  0.8326	 24.0792	 14.7356	  7.9156
2018	179	   9	  0	178.3750	106.6834	 37.6605	 687.2823	  755.7166	 225.7160	678.0409	 29.5277	138.0373	 90.3667	 90.3667	245.9389	406.6674	437.7831	413.0584	423.4367	414.9106	413.0584	 38.8143	640.5114	  1.0000	   0.2736	  0.4693	    0.8414	  0.9406	   0.8414	  0.8293	 24.8333	 16.9010	 10.0810
2018	179	  10	  0	178.4167	122.3328	 44.9089	 766.0317	  774.0478	 219.7811	757.4747	 36.5298	204.5595	 92.5801	 92.5801	267.1508	399.6114	457.5289	423.4568	434.5348	429.7633	423.4568	 43.0028	744.5759	  1.0000	   0.3811	  0.4989	    0.8414	  0.9406	   0.8414	  0.8137	 25.6333	 18.8304	 12.0104
2018	179	  11	  0	178.4583	140.9398	 50.8642	 811.1337	  822.4120	 172.9112	805.3521	 42.8704	283.0777	 82.6274	 82.6274	243.4566	393.0872	479.1341	434.3232	443.3929	446.1377	434.3232	 45.6445	822.5550	  1.0000	   0.4983	  0.5000	    0.8414	  0.9406	   0.8414	  0.7995	 26.1625	 20.4899	 13.6699
2018	179	  12	  0	178.5000	162.9117	 54.6173	 822.4575	  801.2493	 169.4076	816.9196	 46.9480	330.6713	 83.4201	 83.4201	160.4114	387.3198	491.8981	439.7758	443.4414	456.6430	439.7758	 45.7044	868.0613	  0.9985	   0.5622	  0.5000	    0.8414	  0.9406	   0.8414	  0.7896	 26.1375	 21.8505	 15.0305
2018	179	  13	  0	178.5417	186.9217	 55.3228	 796.4375	  720.9022	 203.5332	788.9100	 47.1263	324.2221	121.7660	 92.2676	 94.5824	382.4275	497.3732	442.3218	442.0665	461.3707	443.6101	 45.2940	878.5595	  0.9700	   0.5736	  0.5000	    0.8414	  0.9406	   0.8414	  0.7809	 26.1625	 22.8885	 16.0685
2018	179	  14	  0	178.5833	210.0496	 52.7910	 726.1021	  616.9964	 234.1593	716.5747	 42.4107	269.1322	194.3419	 97.4494	 97.4494	387.5837	489.9575	440.5498	440.5498	456.5963	448.6641	 45.2804	848.1811	  0.9260	   0.5315	  0.5000	    0.8414	  0.9406	   0.8414	  0.7888	 26.2458	 22.2727	 15.8299
2018	179	  15	  0	178.6250	230.1190	 47.6546	 585.1885	  423.2115	 271.8852	572.9504	 33.9678	182.9244	196.4877	102.1593	102.1593	390.7294	461.5278	428.3317	428.3317	436.3559	438.2393	 40.8012	784.4524	  0.8309	   0.4373	  0.5000	    0.8414	  0.9406	   0.8414	  0.7972	 26.0917	 16.8595	 12.0539
2018	179	  16	  0	178.6667	246.9218	 40.8574	 491.1592	  374.5784	 245.9644	479.9134	 26.4444	126.2575	172.4326	 90.8037	 90.8037	389.9586	443.4867	417.7673	417.7673	421.6203	429.4965	 36.1823	693.3759	  0.8163	   0.3156	  0.4876	    0.8414	  0.9406	   0.8414	  0.8008	 25.3500	 16.1686	 11.5577
2018	179	  17	  0	178.7083	261.3048	 33.1926	 383.1725	  312.4186	 211.3695	373.3311	 20.1761	 86.3066	134.8563	 76.8546	 76.8546	398.9459	428.6380	409.9552	409.9552	410.2422	421.5673	 31.6691	576.3092	  0.8027	   0.2249	  0.4376	    0.8414	  0.9406	   0.8414	  0.8194	 24.4750	 15.1090	 10.7329
2018	179	  18	  0	178.7500	274.2084	 25.2290	 253.0598	  202.0725	 165.8565	245.1204	 14.3535	 59.2699	 89.5555	 60.9613	 59.1412	391.5829	416.8699	402.1432	402.8466	402.5967	411.4162	 26.7233	449.6463	  0.7396	   0.1641	  0.3683	    0.8414	  0.9406	   0.8414	  0.8132	 23.8208	 11.8789	  8.3309
2018	179	  19	  0	178.7917	286.3717	 17.3951	 132.9092	   78.1976	 108.1227	127.5872	  8.7024	 37.9185	 45.9132	 39.9803	 37.9185	378.3550	406.1101	395.8487	395.7231	395.7231	400.5090	 21.5859	317.3023	  0.6482	   0.1093	  0.2865	    0.8414	  0.9406	   0.8414	  0.7995	 22.9583	  8.0949	  5.5618
2018	179	  20	  0	178.8333	298.3481	 10.0527	  43.2283	   10.5166	  41.2414	 41.1643	  3.2299	 14.3519	 15.0305	 14.6670	 14.3519	369.0058	396.6408	390.4030	389.5044	389.5044	392.5954	 16.7880	185.9851	  0.5403	   0.0543	  0.1934	    0.8414	  0.9406	   0.8414	  0.7922	 21.7417	  6.8527	  4.5542
2018	179	  21	  0	178.8750	310.5341	  3.6071	   6.0204	    1.5566	   5.8872	  5.7251	  0.4589	  2.0605	  2.0680	  2.0679	  2.0605	370.1624	388.5033	384.8896	382.1172	382.1172	385.5755	 13.8503	 67.8227	  0.5599	   0.0173	  0.1003	    0.8414	  0.9406	   0.8414	  0.7991	 20.3958	  9.0752	  5.7471
2018	179	  22	  0	178.9167	323.1765	 -1.5723	   0.2792	    0.1675	   0.1635	  0.1567	  0.0127	  0.0572	  0.0572	  0.0572	  0.0572	378.6514	380.4480	376.6917	375.5493	375.5493	376.5523	 12.3119	 44.8152	  0.5730	   0.0000	  0.0030	    0.8414	  0.9406	   0.8414	  0.8162	 19.0417	  2.6329	  1.6111
2018	179	  23	  0	178.9583	336.3754	 -6.1343	   0.0000	    0.0000	   0.0000	  0.0000	  0.0000	  0.0000	  0.0000	  0.0000	  0.0000	380.1194	375.1559	371.8870	371.8870	371.8870	371.8870	 11.5571	 51.7874	  0.5052	   0.0000	  0.0000	    0.8414	  0.9406	   0.8414	  0.8205	 18.0208	  0.0000	  0.0000
2018	180	   0	  0	179.0000	350.0542	 -8.5013	   0.0000	    0.0000	   0.0000	  0.0000	  0.0000	  0.0000	  0.0000	  0.0000	  0.0000	372.0587	375.1770	371.3013	371.3013	371.3013	371.3013	 11.3664	 51.9354	  0.5052	   0.0000	  0.0000	    0.8414	  0.9406	   0.8414	  0.8113	 18.0250	  0.0000	  0.0000
2018	180	   1	  0	179.0417	 93.9633	 -8.9198	   0.1531	    0.0000	   0.0000	  0.0000	  0.0000	  0.0000	  0.0000	  0.0000	  0.0000	357.4210	377.1559	371.9226	371.9226	371.9226	371.9226	 11.3257	 52.0459	  0.5089	   0.0000	  0.0000	    0.8414	  0.9406	   0.8414	  0.7920	 18.4083	  0.0000	  0.0000
2018	180	   2	  0	179.0833	 17.7778	 -7.4096	   2.9312	    0.0000	   0.0000	  0.0000	  0.0000	  0.0000	  0.0000	  0.0000	  0.0000	344.3895	373.4447	366.2419	366.2419	366.2419	366.2419	 10.1669	 52.3242	  0.5619	   0.0000	  0.0000	    0.8414	  0.9406	   0.8414	  0.7772	 17.6875	  0.0000	  0.0000
2018	180	   3	  0	179.1250	 31.2073	 -3.7639	  23.7140	    0.0000	   0.0000	  0.0000	  0.0000	  0.0000	  0.0000	  0.0000	  0.0000	336.9408	364.9811	351.5897	351.5897	351.5897	351.5897	  7.4403	 52.4032	  0.8578	   0.0000	  0.0000	    0.8414	  0.9406	   0.8414	  0.7734	 16.0250	  0.0000	  0.0000
2018	180	   4	  0	179.1667	 44.0898	  1.2751	  89.7579	  147.2161	  66.0695	 70.8721	  5.1590	 23.1896	 23.1896	 23.6403	 23.6707	334.9750	362.1834	344.6537	344.6537	345.7843	345.7843	  9.8390	 40.2657	  1.0000	   0.0174	  0.0528	    0.8414	  0.9406	   0.8414	  0.7729	 15.4167	  3.0129	  0.0000
2018	180	   5	  0	179.2083	 56.4514	  7.1198	 187.3952	  692.2308	 101.0159	182.7114	  8.0874	 36.8618	 36.8618	 40.6763	 43.7977	333.0938	363.0267	344.9587	345.1776	346.1678	346.1678	 12.8088	133.5830	  1.0000	   0.0112	  0.1490	    0.8414	  0.9406	   0.8414	  0.7698	 15.5458	  7.1959	  0.5482
2018	180	   6	  0	179.2500	 68.4828	 14.1339	 383.6417	  742.4249	 201.9562	374.3185	 17.6057	 73.8760	 73.8760	100.5833	141.9990	333.3195	370.9856	351.0400	353.0045	351.3934	351.3934	 22.0521	262.6567	  1.0000	   0.1019	  0.2466	    0.8414	  0.9406	   0.8414	  0.7666	 16.2042	  9.8293	  3.0093
2018	180	   7	  0	179.2917	 80.5115	 21.7971	 499.7950	  775.7334	 211.7549	490.4642	 20.2846	 79.7909	 79.7909	 94.7781	173.4304	335.9175	378.4646	356.3899	361.6310	356.9664	356.9664	 24.9695	399.2284	  1.0000	   0.1322	  0.3341	    0.8414	  0.9406	   0.8414	  0.7657	 17.0167	 12.3503	  5.5303
2018	180	   8	  0	179.3333	 93.0192	 29.7476	 620.2725	  796.6837	 225.1137	610.7586	 25.1724	 96.2327	 87.5255	 88.5211	226.1263	340.1571	390.9732	365.4850	373.4093	365.2141	365.8117	 29.1984	533.2626	  1.0000	   0.2015	  0.4093	    0.8414	  0.9406	   0.8414	  0.7659	 18.0667	 14.7146	  7.8946
2018	180	   9	  0	179.3750	106.6648	 37.5980	 724.5892	  813.6054	 228.4267	715.3692	 30.5999	143.4576	 92.3124	 92.3124	259.5122	343.3069	404.9842	375.0992	384.9007	376.8661	375.0992	 33.7520	655.9236	  1.0000	   0.2729	  0.4689	    0.8414	  0.9406	   0.8414	  0.7649	 19.0167	 16.8809	 10.0609
2018	180	  10	  0	179.4167	122.3054	 44.8475	 804.6000	  826.7521	 221.8235	796.1069	 37.9200	213.7318	 94.5085	 94.5085	280.6344	343.2815	421.2902	384.1407	394.5718	390.0811	384.1407	 38.0843	759.1730	  1.0000	   0.3799	  0.4989	    0.8414	  0.9406	   0.8414	  0.7617	 19.4167	 18.8110	 11.9910
2018	180	  11	  0	179.4583	140.8962	 50.8057	 853.0533	  830.8520	 209.3597	845.4645	 45.8487	296.2369	 94.8174	 94.8174	258.0302	344.5270	442.7608	396.6158	405.1848	407.7554	396.6158	 41.7067	835.4165	  1.0000	   0.4972	  0.5000	    0.8414	  0.9406	   0.8414	  0.7588	 20.1417	 20.4713	 13.6513
2018	180	  12	  0	179.5000	162.8451	 54.5654	 860.1140	  835.0466	 179.7205	854.1823	 49.1361	345.8869	 87.9706	 87.9706	167.1835	344.3778	459.6349	406.5436	410.0608	422.5698	406.5436	 41.9193	880.4254	  1.0000	   0.5614	  0.5000	    0.8414	  0.9406	   0.8414	  0.7531	 20.9250	 21.8327	 15.0127
2018	180	  13	  0	179.5417	186.8343	 55.2813	 833.0752	  803.6014	 172.4868	827.4169	 48.2367	343.5913	117.5965	 85.0116	 87.6830	341.3359	468.3410	411.5665	411.3360	429.7752	412.7923	 41.1754	891.6105	  0.9934	   0.5729	  0.5000	    0.8414	  0.9406	   0.8414	  0.7438	 21.5250	 22.8712	 16.0512
2018	180	  14	  0	179.5833	209.9539	 52.7612	 767.6838	  715.0330	 198.2114	760.3169	 43.3418	287.1805	201.6088	 88.7906	 88.7906	343.2822	468.9672	414.2037	414.2037	430.6170	422.6854	 41.9918	864.0524	  0.9587	   0.5310	  0.5000	    0.8414	  0.9406	   0.8414	  0.7420	 22.2333	 23.5371	 16.7262
2018	180	  15	  0	179.6250	230.0267	 47.6346	 668.4963	  616.7580	 212.4037	659.8990	 35.1012	205.0118	225.0590	 87.6747	 87.6747	345.6047	454.8079	408.7990	408.7990	419.8354	422.3406	 39.1376	800.9265	  0.9198	   0.4369	  0.5000	    0.8414	  0.9406	   0.8414	  0.7442	 22.5458	 22.4353	 16.0363
2018	180	  16	  0	179.6667	246.8370	 40.8436	 545.3215	  510.8666	 210.5606	536.2637	 26.3671	130.5854	193.0393	 81.7260	 81.7260	345.1878	433.8289	398.8429	398.8429	403.9977	413.5635	 33.8520	708.5255	  0.8771	   0.3154	  0.4875	    0.8414	  0.9406	   0.8414	  0.7453	 22.4458	 20.0417	 14.3227
2018	180	  17	  0	179.7083	261.2273	 33.1816	 408.6377	  387.8540	 195.2680	399.7951	 19.8206	 84.4215	144.5174	 72.5254	 72.5254	355.5723	418.5658	393.4104	393.4104	393.9949	406.6002	 29.0893	588.4350	  0.8320	   0.2247	  0.4376	    0.8414	  0.9406	   0.8414	  0.7647	 22.2375	 17.1098	 12.1510
2018	180	  18	  0	179.7500	274.1365	 25.2182	 268.6896	  249.0233	 161.1076	261.0818	 14.3216	 58.2020	 95.6039	 60.2077	 58.0304	358.9297	406.8452	388.0339	388.6548	388.4188	398.2730	 24.4744	456.2876	  0.7653	   0.1641	  0.3683	    0.8414	  0.9406	   0.8414	  0.7744	 21.7750	 13.2436	  9.2857
2018	180	  19	  0	179.7917	286.3037	 17.3824	 135.4973	   86.5721	 108.0230	130.1926	  8.7250	 37.9461	 46.8042	 40.2090	 37.9461	348.5832	396.8362	383.9929	383.8333	383.8333	388.6972	 19.4130	321.4375	  0.6507	   0.1090	  0.2863	    0.8414	  0.9406	   0.8414	  0.7632	 21.2292	  8.2796	  5.6872
2018	180	  20	  0	179.8333	298.2830	 10.0363	  46.8062	   12.7811	  44.4202	 44.5843	  3.4805	 15.4645	 16.2664	 15.8376	 15.4645	341.4225	388.9624	380.2072	379.2968	379.2968	382.3956	 14.9265	188.2186	  0.5575	   0.0548	  0.1931	    0.8414	  0.9406	   0.8414	  0.7578	 20.2958	  6.9158	  4.5941
2018	180	  21	  0	179.8750	310.4713	  3.5864	   6.9567	    2.2858	   6.7709	  6.6172	  0.5278	  2.3703	  2.3845	  2.3843	  2.3703	338.6288	380.8562	374.4357	371.6877	371.6877	375.1245	 11.7183	 68.3392	  0.5734	   0.0170	  0.0997	    0.8414	  0.9406	   0.8414	  0.7603	 18.9417	  9.1097	  5.7654
2018	180	  22	  0	179.9167	323.1162	 -1.6034	   0.3567	    0.2071	   0.1997	  0.1914	  0.0156	  0.0700	  0.0700	  0.0700	  0.0700	336.7085	373.2504	366.0861	364.9409	364.9409	365.9501	  9.9569	 45.3329	  0.5766	   0.0000	  0.0029	    0.8414	  0.9406	   0.8414	  0.7657	 17.6500	  2.6715	  1.6336
2018	180	  23	  0	179.9583	336.3187	 -6.1858	   0.0021	    0.0000	   0.0000	  0.0000	  0.0000	  0.0000	  0.0000	  0.0000	  0.0000	333.2628	363.3087	357.0634	357.0634	357.0634	357.0634	  8.3355	 52.4743	  0.5060	   0.0000	  0.0000	    0.8414	  0.9406	   0.8414	  0.7696	 15.6917	  0.0000	  0.0000
2018	181	   0	  0	180.0000	350.0025	 -8.5445	   0.0058	    0.0000	   0.0000	  0.0000	  0.0000	  0.0000	  0.0000	  0.0000	  0.0000	331.6862	354.1199	348.3407	348.3407	348.3407	348.3407	  6.6781	 52.3899	  0.5061	   0.0000	  0.0000	    0.8414	  0.9406	   0.8414	  0.7735	 13.8500	  0.0000	  0.0000
2018	181	   1	  0	180.0417	 93.9182	 -8.9699	   0.1802	    0.0000	   0.0000	  0.0000	  0.0000	  0.0000	  0.0000	  0.0000	  0.0000	329.3845	347.4448	341.7993	341.7993	341.7993	341.7993	  5.4022	 52.1559	  0.5101	   0.0000	  0.0000	    0.8414	  0.9406	   0.8414	  0.7740	 12.4875	  0.0000	  0.0000
2018	181	   2	  0	180.0833	 17.7404	 -7.4663	   2.7046	    0.0000	   0.0000	  0.0000	  0.0000	  0.0000	  0.0000	  0.0000	  0.0000	324.9230	341.5002	334.9067	334.9067	334.9067	334.9067	  4.0275	 52.2109	  0.5585	   0.0000	  0.0000	    0.8414	  0.9406	   0.8414	  0.7714	 11.2583	  0.0000	  0.0000
2018	181	   3	  0	180.1250	 31.1776	 -3.8366	  22.5377	    0.0000	   0.0000	  0.0000	  0.0000	  0.0000	  0.0000	  0.0000	  0.0000	324.1716	338.0099	325.9779	325.9779	325.9779	325.9779	  2.3315	 52.2087	  0.8446	   0.0000	  0.0000	    0.8414	  0.9406	   0.8414	  0.7717	 10.5292	  0.0000	  0.0000
2018	181	   4	  0	180.1667	 44.0672	  1.2177	  95.1450	   85.0712	  74.8863	 75.9979	  5.8401	 26.2127	 26.2127	 26.2211	 26.2219	328.5219	343.6425	327.3725	327.3725	328.4492	328.4492	  6.9083	 39.3602	  1.0000	   0.0168	  0.0516	    0.8414	  0.9406	   0.8414	  0.7745	 11.6542	  2.8117	  0.0000
2018	181	   5	  0	180.2083	 56.4346	  7.0551	 209.4506	  655.1450	 127.4565	203.4177	 10.1372	 46.0307	 46.0307	 49.6904	 52.6882	337.2168	355.8151	339.1698	339.3807	340.3608	340.3608	 13.0833	131.8826	  1.0000	   0.0109	  0.1478	    0.8414	  0.9406	   0.8414	  0.7793	 14.1000	  7.1701	  0.5311
2018	181	   6	  0	180.2500	 68.4703	 14.0673	 344.0331	  728.7730	 166.6660	336.4641	 14.8084	 61.5807	 61.5807	 87.7896	128.3230	344.4756	370.8162	352.4874	354.4351	352.8500	352.8500	 20.6868	259.9466	  1.0000	   0.1017	  0.2458	    0.8414	  0.9406	   0.8414	  0.7815	 16.1750	  9.8039	  2.9839
2018	181	   7	  0	180.2917	 80.5014	 21.7296	 481.2310	  757.7867	 200.6302	472.4255	 19.3086	 75.7755	 75.7755	 90.3761	166.9749	349.3599	382.2870	361.6894	366.9481	362.2785	362.2785	 25.2775	395.6281	  1.0000	   0.1317	  0.3334	    0.8414	  0.9406	   0.8414	  0.7814	 17.7583	 12.3255	  5.5055
2018	181	   8	  0	180.3333	 93.0093	 29.6798	 609.8123	  785.9724	 220.6571	600.4950	 24.6916	 94.4239	 85.8373	 86.8161	222.3124	348.3937	394.9866	370.1786	378.1320	369.9024	370.5103	 29.6746	530.4345	  1.0000	   0.2009	  0.4087	    0.8414	  0.9406	   0.8414	  0.7743	 18.8333	 14.6906	  7.8706
2018	181	   9	  0	180.3750	106.6517	 37.5302	 718.7002	  809.0303	 226.0794	709.5821	 30.2927	142.1321	 91.4001	 91.4001	257.3681	346.1928	407.9628	378.0648	387.8925	379.8294	378.0648	 34.0346	654.4618	  1.0000	   0.2722	  0.4685	    0.8414	  0.9406	   0.8414	  0.7663	 19.5792	 16.8577	 10.0377
2018	181	  10	  0	180.4167	122.2836	 44.7805	 797.7846	  822.6465	 218.5827	789.4381	 37.4729	211.5725	 93.2780	 93.2780	278.1040	344.6037	425.3608	387.7148	398.2005	393.6777	387.7148	 38.3832	758.8169	  1.0000	   0.3786	  0.4988	    0.8414	  0.9406	   0.8414	  0.7596	 20.1708	 18.7888	 11.9688
2018	181	  11	  0	180.4583	140.8576	 50.7413	 842.1588	  823.7660	 204.5600	834.7834	 45.1269	292.3438	 92.9638	 92.9638	254.7837	346.9725	448.5286	401.6846	410.3269	412.9058	401.6846	 42.0968	835.1723	  1.0000	   0.4961	  0.5000	    0.8414	  0.9406	   0.8414	  0.7567	 21.1583	 20.4500	 13.6300
2018	181	  12	  0	180.5000	162.7819	 54.5069	 849.4985	  832.3115	 171.8500	843.9500	 48.3210	342.1315	 85.2483	 85.2483	164.7111	350.8671	464.7095	411.7462	415.3047	427.8730	411.7462	 42.3374	877.8237	  1.0000	   0.5604	  0.5000	    0.8414	  0.9406	   0.8414	  0.7583	 21.8000	 21.8122	 14.9922
2018	181	  13	  0	180.5417	186.7476	 55.2329	 820.4858	  771.3265	 186.8033	813.9852	 47.8897	336.7198	119.5252	 88.5211	 91.1819	349.4998	471.1613	415.4397	415.2132	433.7118	416.6435	 41.7149	887.2142	  0.9877	   0.5721	  0.5000	    0.8414	  0.9406	   0.8414	  0.7541	 22.0167	 22.8513	 16.0313
2018	181	  14	  0	180.5833	209.8564	 52.7248	 760.5281	  694.8273	 207.4440	752.6224	 43.2238	283.9990	200.4709	 91.1380	 91.1380	346.3920	467.2246	413.6852	413.6852	429.9673	422.0265	 41.8901	861.2020	  0.9535	   0.5304	  0.5000	    0.8414	  0.9406	   0.8414	  0.7485	 22.0375	 23.3836	 16.6112
2018	181	  15	  0	180.6250	229.9310	 47.6081	 665.6319	  606.4702	 217.4003	656.7476	 35.1423	204.4699	223.8592	 89.0326	 89.0326	340.9945	447.8426	402.9125	402.9125	413.6074	415.9909	 38.2591	800.9262	  0.9163	   0.4364	  0.5000	    0.8414	  0.9406	   0.8414	  0.7431	 21.5750	 21.9940	 15.7159
2018	181	  16	  0	180.6667	246.7483	 40.8236	 547.3062	  512.8968	 211.4060	538.2112	 26.4553	131.1952	193.6591	 82.0434	 82.0434	339.3838	427.4455	392.6833	392.6833	397.7855	407.1907	 32.9616	708.9827	  0.8796	   0.3152	  0.4874	    0.8414	  0.9406	   0.8414	  0.7428	 21.3542	 19.9883	 14.2798
2018	181	  17	  0	180.7083	261.1459	 33.1647	 410.9950	  396.0848	 193.2965	402.2713	 19.7533	 84.1729	145.3869	 71.9708	 71.9708	340.8968	412.4035	386.0268	386.0268	386.6334	399.0867	 27.8419	591.9975	  0.8319	   0.2245	  0.4374	    0.8414	  0.9406	   0.8414	  0.7479	 21.1292	 17.1285	 12.1601
2018	181	  18	  0	180.7500	274.0609	 25.2014	 271.7258	  261.9149	 158.8317	264.2567	 14.2266	 57.5715	 96.7959	 59.6682	 57.3814	338.8311	400.7498	379.9169	380.5174	380.2882	390.1944	 23.0137	460.5906	  0.7669	   0.1641	  0.3681	    0.8414	  0.9406	   0.8414	  0.7492	 20.6292	 13.4357	  9.4162
2018	181	  19	  0	180.7917	286.2325	 17.3636	 143.2396	  110.7993	 108.5789	137.9398	  8.8459	 38.3014	 49.5335	 41.2389	 38.3014	340.8597	391.7031	377.9462	377.6048	377.6048	383.0797	 18.5259	322.0508	  0.6742	   0.1087	  0.2861	    0.8414	  0.9406	   0.8414	  0.7567	 20.1833	  9.1072	  6.2520
2018	181	  20	  0	180.8333	298.2150	 10.0138	  47.4771	   12.6403	  45.0970	 45.2211	  3.5338	 15.6970	 16.5257	 16.0799	 15.6970	344.6816	383.4333	375.4232	374.5253	374.5253	377.5968	 14.1557	187.0551	  0.5618	   0.0553	  0.1927	    0.8414	  0.9406	   0.8414	  0.7685	 19.2417	  6.9139	  4.5905
2018	181	  21	  0	180.8750	310.4061	  3.5597	   6.8281	    1.9999	   6.6647	  6.4939	  0.5195	  2.3328	  2.3446	  2.3444	  2.3328	344.2847	375.9777	370.5344	367.8114	367.8114	371.2259	 11.0672	 67.5062	  0.5741	   0.0166	  0.0989	    0.8414	  0.9406	   0.8414	  0.7732	 18.0042	  9.1174	  5.7661
2018	181	  22	  0	180.9167	323.0542	 -1.6417	   0.3388	    0.1998	   0.1928	  0.1847	  0.0150	  0.0676	  0.0676	  0.0676	  0.0676	340.9535	369.1600	362.7327	361.5947	361.5947	362.6007	  9.3841	 44.8835	  0.5777	   0.0000	  0.0028	    0.8414	  0.9406	   0.8414	  0.7750	 16.8500	  2.6790	  1.6369
2018	181	  23	  0	180.9583	336.2611	 -6.2309	   0.0010	    0.0000	   0.0000	  0.0000	  0.0000	  0.0000	  0.0000	  0.0000	  0.0000	337.5224	362.8159	356.9372	356.9372	356.9372	356.9372	  8.3601	 52.1046	  0.5067	   0.0000	  0.0000	    0.8414	  0.9406	   0.8414	  0.7756	 15.5958	  0.0000	  0.0000
2018	182	   0	  0	181.0000	349.9509	 -8.5944	   0.0000	    0.0000	   0.0000	  0.0000	  0.0000	  0.0000	  0.0000	  0.0000	  0.0000	334.1582	357.1309	351.3472	351.3472	351.3472	351.3472	  7.2747	 52.1049	  0.5067	   0.0000	  0.0000	    0.8414	  0.9406	   0.8414	  0.7749	 14.4583	  0.0000	  0.0000
2018	182	   1	  0	181.0417	 93.8742	 -9.0266	   0.1415	    0.0000	   0.0000	  0.0000	  0.0000	  0.0000	  0.0000	  0.0000	  0.0000	330.7991	351.9242	346.1307	346.1307	346.1307	346.1307	  6.2485	 51.9191	  0.5101	   0.0000	  0.0000	    0.8414	  0.9406	   0.8414	  0.7736	 13.4042	  0.0000	  0.0000
2018	182	   2	  0	181.0833	 17.7049	 -7.5295	   2.5767	    0.0000	   0.0000	  0.0000	  0.0000	  0.0000	  0.0000	  0.0000	  0.0000	329.8925	345.5027	339.0790	339.0790	339.0790	339.0790	  4.8946	 51.8939	  0.5570	   0.0000	  0.0000	    0.8414	  0.9406	   0.8414	  0.7753	 12.0875	  0.0000	  0.0000
2018	182	   3	  0	181.1250	 31.1507	 -3.9187	  21.8960	    0.0000	   0.0000	  0.0000	  0.0000	  0.0000	  0.0000	  0.0000	  0.0000	328.4897	340.6191	328.8786	328.8786	328.8786	328.8786	  2.9549	 51.8962	  0.8397	   0.0000	  0.0000	    0.8414	  0.9406	   0.8414	  0.7754	 11.0750	  0.0000	  0.0000
2018	182	   4	  0	181.1667	 44.0480	  1.1550	  93.6165	   81.0620	  67.9437	 69.0991	  5.2988	 23.7821	 23.7821	 23.7821	 23.7821	329.1821	343.1641	327.1387	327.1387	328.0935	328.0935	  6.4844	 42.5381	  1.0000	   0.0163	  0.0501	    0.8414	  0.9406	   0.8414	  0.7754	 11.5583	  2.4900	  0.0000
2018	182	   5	  0	181.2083	 56.4218	  6.9850	 207.5388	  653.5298	 126.5006	201.5495	 10.0578	 45.6795	 45.6795	 49.2366	 52.1549	336.6026	352.3041	335.9495	336.1520	337.1384	337.1384	 12.4361	130.5348	  1.0000	   0.0107	  0.1465	    0.8414	  0.9406	   0.8414	  0.7801	 13.3917	  7.1411	  0.5127
2018	182	   6	  0	181.2500	 68.4622	 13.9954	 341.9927	  732.0049	 164.6608	334.5244	 14.6480	 60.8861	 60.8861	 87.1608	127.7919	339.8165	368.9285	350.1710	352.0943	350.5412	350.5412	 20.1753	259.1555	  1.0000	   0.1014	  0.2449	    0.8414	  0.9406	   0.8414	  0.7765	 15.8083	  9.7753	  2.9553
2018	182	   7	  0	181.2917	 80.4962	 21.6571	 477.9906	  762.6078	 196.5301	469.3951	 18.9870	 74.3803	 74.3803	 89.0330	165.8330	342.1616	384.8001	362.7301	367.9900	363.3301	363.3301	 25.2181	396.1394	  1.0000	   0.1312	  0.3327	    0.8414	  0.9406	   0.8414	  0.7691	 18.2458	 12.2975	  5.4775
2018	182	   8	  0	181.3333	 93.0047	 29.6069	 604.2425	  786.4432	 215.7843	595.1670	 24.2764	 92.6922	 84.1466	 85.1286	220.3827	344.6991	399.4588	373.3292	381.3142	373.0461	373.6651	 29.9060	531.0682	  1.0000	   0.2003	  0.4081	    0.8414	  0.9406	   0.8414	  0.7646	 19.6792	 14.6635	  7.8435
2018	182	   9	  0	181.3750	106.6442	 37.4572	 709.6719	  804.0780	 220.9098	700.7960	 29.7538	139.8026	 89.5196	 89.5196	254.1421	347.2621	412.5580	382.0499	391.9268	383.8150	382.0499	 34.3337	653.9617	  1.0000	   0.2714	  0.4680	    0.8414	  0.9406	   0.8414	  0.7634	 20.4333	 16.8316	 10.0116
2018	182	  10	  0	181.4167	122.2675	 44.7080	 790.0912	  815.0020	 217.0162	781.7956	 37.0603	209.3542	 92.5142	 92.5142	275.1980	350.8971	430.5847	393.0858	403.6423	399.0815	393.0858	 38.9687	756.3271	  1.0000	   0.3771	  0.4987	    0.8414	  0.9406	   0.8414	  0.7641	 21.1250	 18.7638	 11.9438
2018	182	  11	  0	181.4583	140.8241	 50.6708	 838.4217	  818.0693	 205.8509	830.9585	 44.9271	290.8981	 93.1660	 93.1660	253.7832	353.6275	452.6078	406.1709	414.8627	417.4374	406.1709	 42.6748	832.1164	  1.0000	   0.4948	  0.5000	    0.8414	  0.9406	   0.8414	  0.7630	 21.8875	 20.4260	 13.6060
2018	182	  12	  0	181.5000	162.7221	 54.4418	 846.7088	  835.5021	 167.0132	841.4126	 47.9861	341.4461	 83.7252	 83.7252	163.7709	356.0117	469.5078	416.5002	420.0902	432.7210	416.5002	 42.8901	875.8372	  1.0000	   0.5594	  0.5000	    0.8414	  0.9406	   0.8414	  0.7615	 22.6250	 21.7890	 14.9690
2018	182	  13	  0	181.5417	186.6616	 55.1777	 817.4787	  770.3729	 184.9969	811.0634	 47.6360	335.7689	118.4612	 87.8598	 90.6106	354.9576	477.7178	421.6393	421.4147	440.0780	422.8260	 42.4968	885.7717	  0.9861	   0.5712	  0.5000	    0.8414	  0.9406	   0.8414	  0.7560	 23.1167	 22.8289	 16.0089
2018	182	  14	  0	181.5833	209.7570	 52.6815	 753.9377	  682.0098	 211.3408	745.7883	 42.9822	281.4471	198.8530	 91.9782	 91.9782	353.9403	472.5019	419.4028	419.4028	435.7580	427.7224	 42.6081	858.3528	  0.9488	   0.5296	  0.5000	    0.8414	  0.9406	   0.8414	  0.7549	 22.9750	 23.2735	 16.5265
2018	182	  15	  0	181.6250	229.8319	 47.5752	 660.4602	  598.8736	 218.1091	651.5135	 34.9292	203.1170	221.8821	 89.0379	 89.0379	353.6152	457.9949	413.2530	413.2530	424.1466	426.5471	 39.6843	797.1690	  0.9138	   0.4358	  0.5000	    0.8414	  0.9406	   0.8414	  0.7528	 23.2958	 22.0211	 15.7296
2018	182	  16	  0	181.6667	246.6559	 40.7974	 540.7937	  504.6291	 210.4683	531.7204	 26.2057	130.0536	191.2004	 81.5471	 81.5471	351.3063	440.1102	405.1624	405.1624	410.3738	419.9038	 34.7138	706.8860	  0.8727	   0.3148	  0.4873	    0.8414	  0.9406	   0.8414	  0.7479	 23.5833	 19.9237	 14.2285
2018	182	  17	  0	181.7083	261.0607	 33.1416	 406.6156	  393.0452	 190.7694	398.0105	 19.5097	 83.2416	143.8037	 71.0559	 71.0559	349.2597	424.1596	397.2680	397.2680	397.8932	410.5831	 29.4901	591.4409	  0.8252	   0.2242	  0.4373	    0.8414	  0.9406	   0.8414	  0.7481	 23.2375	 17.1297	 12.1562
2018	182	  18	  0	181.7500	273.9818	 25.1787	 269.0827	  262.9577	 155.8692	261.7639	 13.9993	 56.5748	 95.9152	 58.6328	 56.3719	347.1731	413.4840	391.9890	392.6197	392.3863	402.6014	 24.9032	460.2896	  0.7617	   0.1640	  0.3679	    0.8414	  0.9406	   0.8414	  0.7482	 22.9375	 13.5438	  9.4879
2018	182	  19	  0	181.7917	286.1580	 17.3388	 142.0198	  113.8473	 106.4924	136.8288	  8.6917	 37.6009	 49.1057	 40.5997	 37.6009	345.2586	402.3389	387.8726	387.5189	387.5189	393.1960	 20.1488	322.1325	  0.6705	   0.1083	  0.2858	    0.8414	  0.9406	   0.8414	  0.7519	 22.1500	  9.2315	  6.3342
2018	182	  20	  0	181.8333	298.1442	  9.9851	  46.9571	   13.1982	  44.4851	 44.7323	  3.4869	 15.4856	 16.3499	 15.8841	 15.4856	343.8715	392.7702	383.8235	382.9194	382.9194	386.0500	 15.5891	187.2730	  0.5592	   0.0557	  0.1922	    0.8414	  0.9406	   0.8414	  0.7576	 21.0042	  6.9328	  4.6003
2018	182	  21	  0	181.8750	310.3387	  3.5268	   6.5377	    2.1430	   6.3618	  6.2184	  0.4959	  2.2273	  2.2395	  2.2393	  2.2273	342.3900	385.0112	378.7020	375.8824	375.8824	379.4166	 12.4959	 67.1841	  0.5716	   0.0162	  0.0981	    0.8414	  0.9406	   0.8414	  0.7618	 19.7417	  9.2474	  5.8420
2018	182	  22	  0	181.9167	322.9907	 -1.6873	   0.2979	    0.1787	   0.1719	  0.1646	  0.0134	  0.0603	  0.0603	  0.0603	  0.0603	338.4201	374.5859	367.4375	366.2872	366.2872	367.3069	 10.2209	 44.7019	  0.5781	   0.0000	  0.0026	    0.8414	  0.9406	   0.8414	  0.7669	 17.9083	  2.6781	  1.6348
2018	182	  23	  0	181.9583	336.2027	 -6.2827	   0.0000	    0.0000	   0.0000	  0.0000	  0.0000	  0.0000	  0.0000	  0.0000	  0.0000	335.6696	365.2946	359.0822	359.0822	359.0822	359.0822	  8.7397	 51.9508	  0.5074	   0.0000	  0.0000	    0.8414	  0.9406	   0.8414	  0.7714	 16.0875	  0.0000	  0.0000
2018	183	   0	  0	182.0000	349.8994	 -8.6511	   0.0000	    0.0000	   0.0000	  0.0000	  0.0000	  0.0000	  0.0000	  0.0000	  0.0000	333.9592	357.2385	351.4169	351.4169	351.4169	351.4169	  7.2852	 51.8839	  0.5074	   0.0000	  0.0000	    0.8414	  0.9406	   0.8414	  0.7745	 14.4792	  0.0000	  0.0000
2018	183	   1	  0	182.0417	 93.8312	 -9.0901	   0.0510	    0.0000	   0.0000	  0.0000	  0.0000	  0.0000	  0.0000	  0.0000	  0.0000	333.2091	350.7176	345.1877	345.1877	345.1877	345.1877	  6.0954	 51.6494	  0.5090	   0.0000	  0.0000	    0.8414	  0.9406	   0.8414	  0.7769	 13.1583	  0.0000	  0.0000
2018	183	   2	  0	182.0833	 17.6714	 -7.5992	   1.9965	    0.0000	   0.0000	  0.0000	  0.0000	  0.0000	  0.0000	  0.0000	  0.0000	332.0003	346.1057	340.0007	340.0007	340.0007	340.0007	  5.0947	 51.6465	  0.5466	   0.0000	  0.0000	    0.8414	  0.9406	   0.8414	  0.7774	 12.2125	  0.0000	  0.0000
2018	183	   3	  0	182.1250	 31.1266	 -4.0026	  20.9546	    0.0000	   0.0000	  0.0000	  0.0000	  0.0000	  0.0000	  0.0000	  0.0000	330.6063	342.5407	331.0460	331.0460	331.0460	331.0460	  3.4041	 51.6576	  0.8306	   0.0000	  0.0000	    0.8414	  0.9406	   0.8414	  0.7770	 11.4750	  0.0000	  0.0000
2018	183	   4	  0	182.1667	 44.0324	  1.0870	  91.9506	   73.4204	  67.3046	 68.0004	  5.2484	 23.5533	 23.5533	 23.5533	 23.5533	333.9403	346.4060	330.6144	330.6144	331.5793	331.5793	  7.1536	 41.5465	  1.0000	   0.0157	  0.0488	    0.8414	  0.9406	   0.8414	  0.7794	 12.2292	  2.4621	  0.0000
2018	183	   5	  0	182.2083	 56.4130	  6.9095	 206.7933	  647.8549	 127.1433	200.7655	 10.1024	 45.8791	 45.8791	 49.3322	 52.1717	339.3563	356.7361	340.2449	340.4422	341.4601	341.4601	 13.2422	129.1269	  1.0000	   0.0104	  0.1450	    0.8414	  0.9406	   0.8414	  0.7813	 14.2917	  7.1091	  0.4941
2018	183	   6	  0	182.2500	 68.4586	 13.9183	 342.7708	  731.2117	 166.5993	335.1997	 14.7829	 61.5303	 61.5303	 87.7284	128.2151	341.5266	371.8273	352.9447	354.8575	353.3330	353.3330	 20.7199	257.7402	  1.0000	   0.1012	  0.2439	    0.8414	  0.9406	   0.8414	  0.7769	 16.3833	  9.7436	  2.9236
2018	183	   7	  0	182.2917	 80.4959	 21.5795	 481.5717	  761.2131	 201.5788	472.7157	 19.3474	 76.0826	 76.0826	 90.6511	167.0336	346.5452	385.1753	363.7554	368.9882	364.3619	364.3619	 25.6045	393.9518	  1.0000	   0.1306	  0.3319	    0.8414	  0.9406	   0.8414	  0.7751	 18.3292	 12.2666	  5.4466
2018	183	   8	  0	182.3333	 93.0054	 29.5291	 612.5781	  786.9345	 224.7779	603.0475	 24.9420	 95.7370	 87.1989	 88.1766	223.1862	350.4363	400.5967	375.2554	383.2213	374.9680	375.5917	 30.5940	528.3912	  1.0000	   0.1997	  0.4074	    0.8414	  0.9406	   0.8414	  0.7722	 19.9042	 14.6335	  7.8135
2018	183	   9	  0	182.3750	106.6422	 37.3791	 721.9688	  810.6005	 230.0486	712.6479	 30.5139	143.3372	 92.7061	 92.7061	258.3593	347.3680	414.0021	383.2807	393.1487	385.0380	383.2807	 34.9351	653.3724	  1.0000	   0.2705	  0.4675	    0.8414	  0.9406	   0.8414	  0.7619	 20.7167	 16.8027	  9.9827
2018	183	  10	  0	182.4167	122.2571	 44.6300	 803.9000	  825.4650	 224.2574	795.2703	 37.7771	213.1444	 95.1418	 95.1418	279.6980	345.6321	433.4321	394.4784	405.0595	400.4860	394.4784	 39.5238	758.9837	  1.0000	   0.3756	  0.4986	    0.8414	  0.9406	   0.8414	  0.7524	 21.6583	 18.7359	 11.9159
2018	183	  11	  0	182.4583	140.7959	 50.5944	 855.2206	  832.5375	 212.1422	847.4891	 45.8201	296.5952	 95.6370	 95.6370	258.9665	342.8009	458.0494	408.4842	417.2386	419.8208	408.4842	 43.3738	839.6221	  1.0000	   0.4934	  0.5000	    0.8414	  0.9406	   0.8414	  0.7390	 22.8417	 20.3992	 13.5792
2018	183	  12	  0	182.5000	162.6660	 54.3703	 862.5298	  843.5554	 176.8296	856.7676	 48.9940	347.3256	 87.1788	 87.1788	167.6929	345.2171	474.0556	418.0517	421.6755	434.3538	418.0517	 43.4981	883.5853	  1.0000	   0.5582	  0.5000	    0.8414	  0.9406	   0.8414	  0.7384	 23.4083	 21.7632	 14.9432
2018	183	  13	  0	182.5417	186.5766	 55.1157	 826.3996	  803.0563	 167.5631	820.9807	 47.6056	341.7282	114.6312	 83.2654	 86.2548	351.3092	482.2158	424.3877	424.1665	442.9307	425.5553	 42.7531	889.3442	  0.9900	   0.5702	  0.5000	    0.8414	  0.9406	   0.8414	  0.7448	 23.8792	 22.8038	 15.9838
2018	183	  14	  0	182.5833	209.6561	 52.6315	 752.9192	  684.3994	 208.6942	744.9102	 42.8254	281.5671	197.8218	 91.1695	 91.1695	359.6540	478.2590	424.9555	424.9555	441.4719	433.3161	 43.3306	856.9094	  0.9492	   0.5288	  0.5000	    0.8414	  0.9406	   0.8414	  0.7580	 23.9292	 23.2765	 16.5217
2018	183	  15	  0	182.6250	229.7298	 47.5358	 654.2779	  573.6427	 230.6476	644.6156	 35.1399	202.1865	219.3990	 92.5244	 92.5244	373.5572	458.1918	417.0115	417.0115	427.7603	430.0411	 40.3578	787.3541	  0.9164	   0.4350	  0.5000	    0.8414	  0.9406	   0.8414	  0.7838	 23.4833	 21.6815	 15.4806
2018	183	  16	  0	182.6667	246.5597	 40.7650	 533.9317	  470.6097	 226.0543	523.9725	 26.7415	131.4662	188.1804	 86.0893	 86.0893	375.9081	436.3940	406.4179	406.4179	411.4243	420.5571	 35.1739	694.9699	  0.8760	   0.3144	  0.4871	    0.8414	  0.9406	   0.8414	  0.7905	 23.1375	 19.3287	 13.7980
2018	183	  17	  0	182.7083	260.9718	 33.1125	 399.8567	  358.1129	 203.2081	390.5388	 20.0636	 86.0209	140.9893	 74.7660	 74.7660	374.5067	419.4113	397.4587	397.4587	398.0087	409.9852	 29.8197	581.0610	  0.8260	   0.2238	  0.4370	    0.8414	  0.9406	   0.8414	  0.7926	 22.5667	 16.3741	 11.6152
2018	183	  18	  0	182.7500	273.8992	 25.1499	 263.2919	  231.1605	 163.7837	255.5128	 14.3926	 58.9356	 93.5414	 60.6746	 58.7430	373.7476	408.6782	391.8790	392.5608	392.3308	401.7582	 25.1555	451.6856	  0.7601	   0.1639	  0.3677	    0.8414	  0.9406	   0.8414	  0.7948	 22.2000	 12.7473	  8.9258
2018	183	  19	  0	182.7917	286.0804	 17.3079	 137.3244	   89.5136	 109.1757	131.9649	  8.8194	 38.3627	 47.4316	 40.6655	 38.3627	369.4839	397.7607	386.9875	386.8096	386.8096	391.8390	 20.1740	316.4780	  0.6637	   0.1079	  0.2855	    0.8414	  0.9406	   0.8414	  0.7940	 21.3875	  8.4780	  5.8145
2018	183	  20	  0	182.8333	298.0706	  9.9502	  44.2815	   10.6253	  42.2805	 42.1653	  3.3116	 14.7091	 15.4306	 15.0398	 14.7091	367.7700	387.9828	382.0639	381.1974	381.1974	384.2522	 15.3989	183.8593	  0.5497	   0.0562	  0.1916	    0.8414	  0.9406	   0.8414	  0.7978	 20.1042	  6.8581	  4.5475
2018	183	  21	  0	182.8750	310.2691	  3.4880	   5.5558	    1.2266	   5.4468	  5.2825	  0.4245	  1.9065	  1.9098	  1.9098	  1.9065	370.8921	381.3535	378.3446	375.5822	375.5822	379.0636	 12.6770	 65.4579	  0.5600	   0.0147	  0.0971	    0.8414	  0.9406	   0.8414	  0.8050	 19.0583	  9.1843	  5.7976
2018	183	  22	  0	182.9167	322.9256	 -1.7403	   0.2225	    0.1231	   0.1199	  0.1147	  0.0093	  0.0420	  0.0420	  0.0420	  0.0420	373.6213	375.0715	371.1261	369.9973	369.9973	371.0005	 11.2591	 43.6900	  0.5770	   0.0000	  0.0024	    0.8414	  0.9406	   0.8414	  0.8126	 18.0042	  2.6510	  1.6165
2018	183	  23	  0	182.9583	336.1436	 -6.3420	   0.0031	    0.0000	   0.0000	  0.0000	  0.0000	  0.0000	  0.0000	  0.0000	  0.0000	368.6018	369.9868	366.0616	366.0616	366.0616	366.0616	 10.3789	 51.0496	  0.5080	   0.0000	  0.0000	    0.8414	  0.9406	   0.8414	  0.8094	 17.0125	  0.0000	  0.0000
2018	184	   0	  0	183.0000	349.8481	 -8.7146	   0.0000	    0.0000	   0.0000	  0.0000	  0.0000	  0.0000	  0.0000	  0.0000	  0.0000	361.1981	365.1445	360.9090	360.9090	360.9090	360.9090	  9.3542	 51.1587	  0.5080	   0.0000	  0.0000	    0.8414	  0.9406	   0.8414	  0.8028	 16.0583	  0.0000	  0.0000
2018	184	   1	  0	183.0417	 93.7894	 -9.1602	   0.0612	    0.0000	   0.0000	  0.0000	  0.0000	  0.0000	  0.0000	  0.0000	  0.0000	360.6134	360.1204	356.0336	356.0336	356.0336	356.0336	  8.4452	 50.9760	  0.5098	   0.0000	  0.0000	    0.8414	  0.9406	   0.8414	  0.8036	 15.0583	  0.0000	  0.0000
2018	184	   2	  0	183.0833	 17.6400	 -7.6754	   1.9979	    0.0000	   0.0000	  0.0000	  0.0000	  0.0000	  0.0000	  0.0000	  0.0000	358.8458	355.1483	350.4689	350.4689	350.4689	350.4689	  7.3920	 50.9978	  0.5477	   0.0000	  0.0000	    0.8414	  0.9406	   0.8414	  0.8027	 14.0583	  0.0000	  0.0000
2018	184	   3	  0	183.1250	 31.1054	 -4.0948	  19.9498	    0.0000	   0.0000	  0.0000	  0.0000	  0.0000	  0.0000	  0.0000	  0.0000	355.8613	352.0856	342.3588	342.3588	342.3588	342.3588	  5.8817	 51.0471	  0.8272	   0.0000	  0.0000	    0.8414	  0.9406	   0.8414	  0.8002	 13.4375	  0.0000	  0.0000
2018	184	   4	  0	183.1667	 44.0202	  1.0136	  87.2527	   69.8888	  64.1375	 64.7081	  5.0014	 22.4463	 22.4463	 22.4463	 22.4463	359.9237	357.2447	343.4469	343.4469	344.4424	344.4424	  9.6570	 40.2169	  1.0000	   0.0150	  0.0474	    0.8414	  0.9406	   0.8414	  0.8035	 14.4375	  2.4633	  0.0000
2018	184	   5	  0	183.2083	 56.4083	  6.8288	 200.7819	  624.1425	 124.9284	194.8480	  9.9181	 45.0357	 45.0357	 48.2690	 50.9339	368.3378	369.3822	355.2504	355.4453	356.5226	356.5226	 15.9840	126.3024	  1.0000	   0.0101	  0.1435	    0.8414	  0.9406	   0.8414	  0.8093	 16.8083	  7.0740	  0.4736
2018	184	   6	  0	183.2500	 68.4596	 13.8361	 333.2404	  699.0648	 165.8769	325.6655	 14.6322	 61.0843	 61.0843	 86.0869	124.6820	378.4245	385.2390	369.9108	371.8517	370.3384	370.3384	 23.5598	252.4816	  1.0000	   0.1009	  0.2428	    0.8414	  0.9406	   0.8414	  0.8158	 18.9750	  9.7089	  2.8889
2018	184	   7	  0	183.2917	 80.5006	 21.4969	 466.3940	  726.2070	 200.2083	457.5439	 19.0477	 75.2831	 75.2831	 89.1104	161.7260	385.4681	397.5438	380.3306	385.6544	380.9715	380.9715	 28.1677	386.1444	  1.0000	   0.1300	  0.3311	    0.8414	  0.9406	   0.8414	  0.8188	 20.6667	 12.2326	  5.4126
2018	184	   8	  0	183.3333	 93.0113	 29.4462	 589.2752	  748.3922	 221.4849	579.8189	 24.2777	 93.6202	 85.5339	 86.4613	214.4985	391.5920	414.3556	393.6094	401.7283	393.3049	393.9574	 33.1081	517.6068	  1.0000	   0.1990	  0.4067	    0.8414	  0.9406	   0.8414	  0.8197	 22.4292	 14.6005	  7.7805
2018	184	   9	  0	183.3750	106.6460	 37.2959	 690.0942	  763.0069	 227.9974	680.7405	 29.5512	138.6383	 91.1082	 91.1082	246.6760	397.6154	427.1504	402.7133	412.7631	404.4869	402.7133	 37.3823	636.7835	  1.0000	   0.2696	  0.4669	    0.8414	  0.9406	   0.8414	  0.8243	 23.0833	 16.7708	  9.9508
2018	184	  10	  0	183.4167	122.2524	 44.5466	 768.1867	  775.7827	 224.2157	759.3964	 36.4485	204.4763	 93.8751	 93.8751	266.8538	398.0205	441.6089	410.2661	420.9612	416.3283	410.2661	 41.2631	737.4870	  1.0000	   0.3740	  0.4985	    0.8414	  0.9406	   0.8414	  0.8238	 23.1167	 18.7053	 11.8853
2018	184	  11	  0	183.4583	140.7729	 50.5120	 812.3587	  801.7324	 193.5465	805.4513	 43.2086	282.1253	 88.5251	 88.5251	245.3510	397.5544	461.4969	421.1084	429.8973	432.4743	421.1084	 44.2005	812.4089	  1.0000	   0.4919	  0.5000	    0.8414	  0.9406	   0.8414	  0.8208	 23.4625	 20.3697	 13.5497
2018	184	  12	  0	183.5000	162.6135	 54.2923	 803.7115	  733.8034	 208.0933	795.9671	 46.7076	319.2460	 93.5530	 93.5530	165.2415	398.2685	475.9680	429.3002	432.9399	445.6157	429.3002	 44.5574	855.2929	  0.9969	   0.5570	  0.5000	    0.8414	  0.9406	   0.8414	  0.8198	 23.7625	 21.7347	 14.9147
2018	184	  13	  0	183.5417	186.4927	 55.0468	 788.8735	  691.3281	 222.2211	780.2869	 46.9657	319.5693	124.5239	 97.1746	 99.7160	392.2645	487.5091	436.5068	436.2891	455.1729	437.6578	 44.7033	868.0940	  0.9729	   0.5691	  0.5000	    0.8414	  0.9406	   0.8414	  0.8050	 24.7667	 22.7762	 15.9562
2018	184	  14	  0	183.5833	209.5537	 52.5747	 732.9027	  639.4742	 224.9366	723.9120	 42.2578	272.7116	194.6283	 94.9891	 94.9891	379.1243	488.0320	437.0395	437.0395	453.4561	445.2629	 44.8080	849.4990	  0.9336	   0.5278	  0.5000	    0.8414	  0.9406	   0.8414	  0.7780	 25.7708	 22.7924	 16.1699
2018	184	  15	  0	183.6250	229.6247	 47.4898	 641.0037	  554.2235	 232.0251	631.2054	 34.6193	198.4666	214.6765	 92.4284	 92.4284	376.0683	466.5965	425.2202	425.2202	435.7555	437.9304	 41.1791	788.5930	  0.8985	   0.4341	  0.5000	    0.8414	  0.9406	   0.8414	  0.7776	 25.1875	 21.0018	 14.9886
2018	184	  16	  0	183.6667	246.4600	 40.7263	 522.4590	  448.9637	 228.8718	512.2930	 26.5280	130.0704	183.8143	 86.5871	 86.5871	381.1484	441.9944	412.6993	412.6993	417.5286	426.3533	 35.8897	694.0742	  0.8606	   0.3138	  0.4869	    0.8414	  0.9406	   0.8414	  0.7920	 24.3375	 18.6159	 13.2832
2018	184	  17	  0	183.7083	260.8793	 33.0773	 388.5742	  334.9072	 204.8070	379.1171	 19.9055	 85.5809	136.7905	 74.9527	 74.9527	381.0839	425.7685	404.6129	404.6129	405.0783	416.5661	 30.7265	579.7340	  0.8082	   0.2234	  0.4368	    0.8414	  0.9406	   0.8414	  0.7958	 23.8750	 15.5985	 11.0600
2018	184	  18	  0	183.7500	273.8132	 25.1150	 252.9848	  206.6550	 163.9667	245.1487	 14.2381	 58.7327	 89.7322	 60.2013	 58.5436	378.9962	412.3195	396.4218	397.1781	396.9441	405.6574	 25.6867	450.4769	  0.7389	   0.1637	  0.3674	    0.8414	  0.9406	   0.8414	  0.7988	 23.0042	 11.8663	  8.3050
2018	184	  19	  0	183.7917	285.9997	 17.2709	 130.6910	   70.5277	 108.3442	125.3469	  8.6912	 37.9463	 45.1362	 39.7253	 37.9463	379.6059	401.3045	391.7055	391.6879	391.6879	396.1909	 20.8779	314.4972	  0.6458	   0.1075	  0.2851	    0.8414	  0.9406	   0.8414	  0.8054	 22.1208	  7.7950	  5.3428
2018	184	  20	  0	183.8333	297.9945	  9.9091	  41.9871	    9.4790	  40.2068	 39.9741	  3.1483	 13.9844	 14.6352	 14.2815	 13.9844	380.7903	392.1042	387.2377	386.3889	386.3889	389.4396	 16.3132	182.1256	  0.5406	   0.0567	  0.1910	    0.8414	  0.9406	   0.8414	  0.8124	 20.8792	  6.8251	  4.5221
2018	184	  21	  0	183.8750	310.1974	  3.4430	   5.7925	    1.2945	   5.6869	  5.5071	  0.4432	  1.9902	  1.9959	  1.9958	  1.9902	380.0341	383.3229	380.8597	378.0581	378.0581	381.5936	 13.2280	 64.3663	  0.5708	   0.0131	  0.0959	    0.8414	  0.9406	   0.8414	  0.8154	 19.4500	  9.2649	  5.8418
2018	184	  22	  0	183.9167	322.8591	 -1.8005	   0.3021	    0.1640	   0.1441	  0.1378	  0.0112	  0.0507	  0.0507	  0.0507	  0.0507	378.3340	378.3004	374.5322	373.3696	373.3696	374.4073	 11.9210	 43.3213	  0.5820	   0.0000	  0.0022	    0.8414	  0.9406	   0.8414	  0.8168	 18.6292	  2.7123	  1.6521
2018	184	  23	  0	183.9583	336.0838	 -6.4064	   0.0052	    0.0000	   0.0000	  0.0000	  0.0000	  0.0000	  0.0000	  0.0000	  0.0000	376.4131	375.1559	371.5552	371.5552	371.5552	371.5552	 11.4587	 50.7302	  0.5087	   0.0000	  0.0000	    0.8414	  0.9406	   0.8414	  0.8164	 18.0208	  0.0000	  0.0000
2018	185	   0	  0	184.0000	349.7970	 -8.7847	   0.0000	    0.0000	   0.0000	  0.0000	  0.0000	  0.0000	  0.0000	  0.0000	  0.0000	375.3528	371.5612	368.0431	368.0431	368.0431	368.0431	 10.8121	 50.7219	  0.5086	   0.0000	  0.0000	    0.8414	  0.9406	   0.8414	  0.8164	 17.3208	  0.0000	  0.0000
2018	185	   1	  0	184.0417	 93.7488	 -9.2369	   0.0277	    0.0000	   0.0000	  0.0000	  0.0000	  0.0000	  0.0000	  0.0000	  0.0000	376.9122	368.2674	364.9728	364.9728	364.9728	364.9728	 10.2703	 50.5292	  0.5096	   0.0000	  0.0000	    0.8414	  0.9406	   0.8414	  0.8187	 16.6750	  0.0000	  0.0000
2018	185	   2	  0	184.0833	 17.6107	 -7.7579	   1.4258	    0.0000	   0.0000	  0.0000	  0.0000	  0.0000	  0.0000	  0.0000	  0.0000	378.6584	366.0482	362.4915	362.4915	362.4915	362.4915	  9.8410	 50.4958	  0.5373	   0.0000	  0.0000	    0.8414	  0.9406	   0.8414	  0.8207	 16.2375	  0.0000	  0.0000
2018	185	   3	  0	184.1250	 31.0871	 -4.1972	  15.1613	    0.0000	   0.0000	  0.0000	  0.0000	  0.0000	  0.0000	  0.0000	  0.0000	376.9447	364.5327	356.7589	356.7589	356.7589	356.7589	  8.8149	 50.5252	  0.7857	   0.0000	  0.0000	    0.8414	  0.9406	   0.8414	  0.8192	 15.9375	  0.0000	  0.0000
2018	185	   4	  0	184.1667	 44.0116	  0.9349	  70.7835	  118.4011	  50.2865	 53.5977	  3.9251	 17.6514	 17.6514	 17.8171	 17.8270	376.9163	366.5177	353.9557	353.9557	354.9743	354.9743	 11.0945	 38.9594	  1.0000	   0.0142	  0.0459	    0.8414	  0.9406	   0.8414	  0.8190	 16.2875	  2.6905	  0.0000
2018	185	   5	  0	184.2083	 56.4077	  6.7427	 185.6379	  635.6844	 109.9535	180.4560	  8.7475	 39.7984	 39.7984	 42.9408	 45.5336	379.2861	373.5183	360.3655	360.5529	361.6662	361.6662	 16.2380	124.2561	  1.0000	   0.0099	  0.1418	    0.8414	  0.9406	   0.8414	  0.8200	 17.6208	  7.0359	  0.4514
2018	185	   6	  0	184.2500	 68.4650	 13.7488	 321.0569	  691.6985	 156.4825	313.9414	 13.8672	 57.7726	 57.7726	 82.4499	120.5451	383.5891	386.4513	371.6896	373.6101	372.1358	372.1358	 23.4132	250.4223	  1.0000	   0.1006	  0.2417	    0.8414	  0.9406	   0.8414	  0.8213	 19.2125	  9.6711	  2.8511
2018	185	   7	  0	184.2917	 80.5101	 21.4094	 452.5294	  718.6517	 190.1207	444.1691	 18.1984	 71.7141	 71.7141	 85.3196	156.9044	387.1735	397.4296	380.4932	385.7800	381.1420	381.1420	 27.7028	384.3624	  1.0000	   0.1294	  0.3302	    0.8414	  0.9406	   0.8414	  0.8210	 20.6583	 12.1956	  5.3756
2018	185	   8	  0	184.3333	 93.0226	 29.3585	 578.1358	  743.8936	 213.4960	569.0667	 23.5710	 90.7589	 82.7115	 83.6223	210.5344	389.2269	408.8985	388.5452	396.5450	388.2497	388.8921	 31.9651	516.2159	  1.0000	   0.1982	  0.4060	    0.8414	  0.9406	   0.8414	  0.8201	 21.4625	 14.5645	  7.7445
2018	185	   9	  0	184.3750	106.6554	 37.2077	 685.6917	  769.5381	 220.4553	676.7314	 29.0111	136.5727	 88.6363	 88.6363	245.2166	383.6690	422.6219	396.6275	406.5632	398.3867	396.6275	 36.1903	639.6432	  1.0000	   0.2687	  0.4663	    0.8414	  0.9406	   0.8414	  0.8080	 22.3042	 16.7361	  9.9161
2018	185	  10	  0	184.4167	122.2536	 44.4579	 765.2435	  787.9948	 213.5949	757.0221	 35.8040	202.5477	 90.5517	 90.5517	265.7341	376.0446	441.0366	406.1909	416.8439	412.2276	406.1909	 40.3197	745.2014	  1.0000	   0.3724	  0.4984	    0.8414	  0.9406	   0.8414	  0.7922	 23.0625	 18.6719	 11.8519
2018	185	  11	  0	184.4583	140.7553	 50.4238	 809.9577	  822.6422	 175.6387	804.0211	 42.4451	281.7937	 83.1985	 83.1985	243.7023	371.5673	461.9145	417.0328	425.8083	428.3770	417.0328	 43.1986	823.6280	  1.0000	   0.4903	  0.5000	    0.8414	  0.9406	   0.8414	  0.7813	 23.5792	 20.3375	 13.5175
2018	185	  12	  0	184.5000	162.5649	 54.2079	 819.8944	  799.6251	 171.5159	814.2292	 46.4815	329.5762	 83.7633	 83.7633	161.9971	370.9136	476.8575	425.2639	428.9140	441.5636	425.2639	 43.6817	868.2543	  0.9985	   0.5556	  0.5000	    0.8414	  0.9406	   0.8414	  0.7772	 23.9542	 21.7036	 14.8836
2018	185	  13	  0	184.5417	186.4101	 54.9712	 794.4004	  716.4007	 207.7079	786.6347	 46.8244	323.7749	120.9135	 93.2642	 96.0499	368.2125	481.7258	427.8231	427.6116	446.2887	428.9325	 43.2772	878.1285	  0.9690	   0.5679	  0.5000	    0.8414	  0.9406	   0.8414	  0.7727	 23.8917	 22.7368	 15.9195
2018	185	  14	  0	184.5833	209.4500	 52.5112	 731.1321	  629.7987	 231.1833	721.7908	 42.3175	271.9869	194.2462	 96.7106	 96.7106	371.9350	476.7703	427.3476	427.3476	443.1435	435.2053	 43.4884	849.4936	  0.9316	   0.5268	  0.5000	    0.8414	  0.9406	   0.8414	  0.7765	 24.2333	 22.3218	 15.8278
2018	185	  15	  0	184.6250	229.5168	 47.4373	 636.4204	  539.7010	 238.5493	626.2435	 34.6350	197.4359	212.8748	 94.1707	 94.1707	377.3100	461.6806	421.9554	421.9554	432.1686	434.2407	 40.7025	786.1768	  0.8952	   0.4331	  0.5000	    0.8414	  0.9406	   0.8414	  0.7836	 24.6000	 20.5468	 14.6567
2018	185	  16	  0	184.6667	246.3569	 40.6813	 517.3769	  441.7312	 228.7928	507.1921	 26.3557	129.2802	181.8497	 86.3975	 86.3975	373.7615	440.7844	411.0121	411.0121	415.7113	424.2621	 35.4621	696.3854	  0.8510	   0.3132	  0.4867	    0.8414	  0.9406	   0.8414	  0.7809	 24.2750	 18.1868	 12.9707
2018	185	  17	  0	184.7083	260.7833	 33.0360	 384.7867	  330.1492	 203.8583	375.3644	 19.7625	 85.1037	135.3870	 74.5500	 74.5500	371.9935	424.1544	402.2481	402.2481	402.6827	413.8531	 30.1915	582.0048	  0.7993	   0.2229	  0.4365	    0.8414	  0.9406	   0.8414	  0.7830	 23.6750	 15.2566	 10.8118
2018	185	  18	  0	184.7500	273.7238	 25.0741	 252.8996	  211.1796	 162.1689	245.1616	 14.1218	 58.1693	 89.7580	 59.6425	 57.9685	371.8662	412.7485	395.8554	396.6172	396.3863	405.1614	 25.4980	451.7234	  0.7375	   0.1636	  0.3670	    0.8414	  0.9406	   0.8414	  0.7876	 23.0750	 11.9419	  8.3527
2018	185	  19	  0	184.7917	285.9160	 17.2277	 130.5185	   72.8911	 107.4500	125.2226	  8.6289	 37.6554	 45.0692	 39.4733	 37.6554	375.3116	401.7790	391.6310	391.6122	391.6122	396.1715	 20.8019	314.5981	  0.6454	   0.1070	  0.2846	    0.8414	  0.9406	   0.8414	  0.7987	 22.2042	  7.8590	  5.3833
2018	185	  20	  0	184.8333	297.9157	  9.8618	  40.9210	    9.1005	  39.2115	 38.9578	  3.0703	 13.6364	 14.2734	 13.9258	 13.6364	381.3243	392.4433	387.6642	386.8271	386.8271	389.8716	 16.3441	181.2791	  0.5362	   0.0570	  0.1902	    0.8414	  0.9406	   0.8414	  0.8128	 20.9417	  6.8146	  4.5115
2018	185	  21	  0	184.8750	310.1236	  3.3921	   5.1708	    1.0257	   5.0825	  4.9158	  0.3961	  1.7788	  1.7816	  1.7815	  1.7788	384.2276	384.0283	382.0225	379.2334	379.2334	382.7707	 13.4461	 63.3475	  0.5641	   0.0120	  0.0944	    0.8414	  0.9406	   0.8414	  0.8200	 19.5958	  9.2583	  5.8317
2018	185	  22	  0	184.9167	322.7912	 -1.8682	   0.1979	    0.0660	   0.0649	  0.0622	  0.0051	  0.0227	  0.0227	  0.0227	  0.0227	383.5641	378.8192	375.5391	375.0180	375.0180	375.4960	 12.2081	 47.0130	  0.5410	   0.0000	  0.0017	    0.8414	  0.9406	   0.8414	  0.8230	 18.7292	  1.2549	  0.7659
2018	185	  23	  0	184.9583	336.0234	 -6.4783	   0.0000	    0.0000	   0.0000	  0.0000	  0.0000	  0.0000	  0.0000	  0.0000	  0.0000	381.3432	374.2783	371.0683	371.0683	371.0683	371.0683	 11.4229	 50.4680	  0.5091	   0.0000	  0.0000	    0.8414	  0.9406	   0.8414	  0.8221	 17.8500	  0.0000	  0.0000
2018	186	   0	  0	185.0000	349.7462	 -8.8616	   0.0000	    0.0000	   0.0000	  0.0000	  0.0000	  0.0000	  0.0000	  0.0000	  0.0000	379.4524	371.1766	367.9560	367.9560	367.9560	367.9560	 10.8404	 50.4837	  0.5091	   0.0000	  0.0000	    0.8414	  0.9406	   0.8414	  0.8208	 17.2458	  0.0000	  0.0000
2018	186	   1	  0	185.0417	 93.7095	 -9.3202	   0.0977	    0.0000	   0.0000	  0.0000	  0.0000	  0.0000	  0.0000	  0.0000	  0.0000	379.5006	369.8366	366.6308	366.6308	366.6308	366.6308	 10.6007	 50.3485	  0.5114	   0.0000	  0.0000	    0.8414	  0.9406	   0.8414	  0.8211	 16.9833	  0.0000	  0.0000
2018	186	   2	  0	185.0833	 17.5836	 -7.8468	   1.3046	    0.0000	   0.0000	  0.0000	  0.0000	  0.0000	  0.0000	  0.0000	  0.0000	378.1214	369.4541	365.7630	365.7630	365.7630	365.7630	 10.4328	 50.3733	  0.5354	   0.0000	  0.0000	    0.8414	  0.9406	   0.8414	  0.8197	 16.9083	  0.0000	  0.0000
2018	186	   3	  0	185.1250	 31.0717	 -4.3101	   8.3598	    0.0000	   0.0000	  0.0000	  0.0000	  0.0000	  0.0000	  0.0000	  0.0000	376.4378	369.9213	363.7068	363.7068	363.7068	363.7068	 10.0678	 50.4058	  0.6753	   0.0000	  0.0000	    0.8414	  0.9406	   0.8414	  0.8179	 17.0000	  0.0000	  0.0000
2018	186	   4	  0	185.1667	 44.0066	  0.8508	  38.6004	  262.0121	  20.1968	 29.7478	  1.5963	  7.2521	  7.2521	 10.4456	 10.5298	372.4622	371.0577	357.9288	357.9288	358.9583	358.9583	 10.4865	 37.9426	  0.9808	   0.0131	  0.0443	    0.8414	  0.9406	   0.8414	  0.8134	 17.1625	  3.0430	  0.0000
2018	186	   5	  0	185.2083	 56.4112	  6.6515	 117.9542	  755.6517	  28.0877	116.9520	  2.3960	 11.4592	 11.4592	 15.0106	 17.9389	371.2042	372.9649	358.8561	359.0334	360.1697	360.1697	 12.0320	123.0044	  1.0000	   0.0097	  0.1400	    0.8414	  0.9406	   0.8414	  0.8113	 17.5167	  6.9948	  0.4274
2018	186	   6	  0	185.2500	 68.4751	 13.6564	 190.7323	  541.2739	  68.4987	187.8464	  6.5852	 26.4071	 26.4071	 46.5537	 75.3598	371.8935	380.2267	365.1117	366.8413	365.6227	365.6227	 17.2294	249.9364	  0.9703	   0.1003	  0.2405	    0.8414	  0.9406	   0.8414	  0.8102	 18.0792	  9.1317	  2.6307
2018	186	   7	  0	185.2917	 80.5247	 21.3170	 179.0048	  110.3285	 141.5324	172.0613	 11.4721	 49.6517	 49.6517	 52.0840	 61.6681	371.6229	378.4551	368.7732	370.6049	369.9345	369.9345	 18.8442	384.5257	  0.6777	   0.1287	  0.3293	    0.8414	  0.9406	   0.8414	  0.8101	 18.0750	  4.7089	  2.0114
2018	186	   8	  0	185.3333	 93.0393	 29.2660	 159.8365	   14.1170	 152.9397	152.1802	 12.0467	 52.6539	 52.4969	 52.5177	 54.9084	371.7175	377.2365	372.3836	372.7514	371.6872	372.7611	 19.0698	516.8811	  0.4668	   0.1974	  0.4052	    0.8414	  0.9406	   0.8414	  0.8108	 17.9083	  2.6150	  1.3836
2018	186	   9	  0	185.3750	106.6705	 37.1146	 275.5544	   44.5427	 247.8025	263.2248	 20.0592	 88.2679	 84.9072	 84.9072	 94.2900	372.6493	381.0172	374.0665	374.5473	373.1501	374.0665	 24.0502	637.9141	  0.5517	   0.2677	  0.4657	    0.8414	  0.9406	   0.8414	  0.8109	 18.2708	  3.2051	  1.9046
2018	186	  10	  0	185.4167	122.2605	 44.3639	 468.7685	  226.8369	 308.8263	453.9742	 29.7251	142.8688	109.0974	109.0974	159.5175	373.1764	396.0375	380.0538	383.4031	381.6952	380.0538	 30.9867	739.8878	  0.7280	   0.3706	  0.4982	    0.8414	  0.9406	   0.8414	  0.8086	 18.9333	  8.0694	  5.1309
2018	186	  11	  0	185.4583	140.7431	 50.3298	 617.6531	  397.3379	 311.4536	603.3936	 38.1272	211.2290	115.1142	115.1142	192.2972	373.5310	419.6603	392.1417	396.9197	398.5394	392.1417	 36.8204	815.7898	  0.8342	   0.4886	  0.5000	    0.8414	  0.9406	   0.8414	  0.8046	 19.8417	 13.1544	  8.7403
2018	186	  12	  0	185.5000	162.5202	 54.1171	 685.7044	  459.3524	 313.3190	671.6529	 43.4163	260.2776	118.6112	118.6112	161.7865	374.7674	433.5899	399.4803	401.4372	410.0395	399.4803	 39.0087	858.9507	  0.8648	   0.5541	  0.5000	    0.8414	  0.9406	   0.8414	  0.8044	 20.1375	 15.5197	 10.6404
2018	186	  13	  0	185.5417	186.3289	 54.8889	 774.4560	  632.8268	 256.8308	763.9062	 46.9645	309.7273	132.0820	106.3622	108.5297	377.3935	455.6965	409.5295	409.3074	426.4289	410.5645	 41.1884	866.9425	  0.9580	   0.5666	  0.5000	    0.8414	  0.9406	   0.8414	  0.8055	 20.2167	 21.7342	 15.2114
2018	186	  14	  0	185.5833	209.3453	 52.4409	 743.8369	  625.1742	 248.0436	733.6292	 43.3730	276.0915	198.5851	102.0734	102.0734	378.4794	454.6661	409.6964	409.6964	425.1121	417.3288	 41.6664	839.9351	  0.9567	   0.5256	  0.5000	    0.8414	  0.9406	   0.8414	  0.8055	 20.5083	 22.5156	 15.9562
2018	186	  15	  0	185.6250	229.4062	 47.3783	 637.0071	  510.5148	 260.8667	625.6093	 35.4753	198.7585	212.6713	100.7965	100.7965	376.0516	434.8599	400.0396	400.0396	409.3891	411.2034	 37.9381	780.0689	  0.9024	   0.4320	  0.5000	    0.8414	  0.9406	   0.8414	  0.8034	 20.4375	 19.6721	 14.0250
2018	186	  16	  0	185.6667	246.2504	 40.6301	 515.5550	  410.2234	 247.8066	504.3195	 27.2052	132.0972	180.5959	 92.1513	 92.1513	374.6586	416.9287	391.4549	391.4549	395.6764	403.3933	 32.8838	690.4513	  0.8549	   0.3125	  0.4865	    0.8414	  0.9406	   0.8414	  0.8025	 20.4083	 17.2123	 12.2691
2018	186	  17	  0	185.7083	260.6840	 32.9886	 382.1804	  301.2601	 217.1829	372.0157	 20.4545	 88.4126	134.0805	 78.6539	 78.6539	375.0555	404.1535	385.7343	385.7343	386.0722	396.1474	 27.9028	576.8775	  0.8008	   0.2224	  0.4361	    0.8414	  0.9406	   0.8414	  0.8045	 20.2833	 14.3369	 10.1545
2018	186	  18	  0	185.7500	273.6313	 25.0271	 245.9952	  175.3503	 170.4280	237.7730	 14.5244	 60.6130	 86.9961	 61.7141	 60.4253	373.5116	393.1035	379.2450	380.0540	379.8328	387.2434	 22.8803	448.0790	  0.7264	   0.1633	  0.3666	    0.8414	  0.9406	   0.8414	  0.8058	 19.6667	 10.6755	  7.4633
2018	186	  19	  0	185.7917	285.8294	 17.1785	 117.8775	   40.7067	 104.9074	112.6633	  8.3204	 36.5498	 40.7593	 37.5543	 36.5498	373.4325	384.4050	376.3722	376.5804	376.5804	380.0562	 17.8834	312.6568	  0.6076	   0.1065	  0.2840	    0.8414	  0.9406	   0.8414	  0.8087	 19.0833	  6.6511	  4.5507
2018	186	  20	  0	185.8333	297.8345	  9.8084	  36.0175	    6.3539	  34.8262	 34.2723	  2.7241	 12.1037	 12.5547	 12.3076	 12.1037	376.5077	379.9421	375.9316	375.1428	375.1428	378.0575	 14.0306	180.2890	  0.5122	   0.0574	  0.1893	    0.8414	  0.9406	   0.8414	  0.8138	 18.5750	  6.7147	  4.4410
2018	186	  21	  0	185.8750	310.0479	  3.3351	   4.6217	    0.7061	   4.5629	  4.3926	  0.3556	  1.5966	  1.5988	  1.5988	  1.5966	376.2380	374.7004	372.5502	369.7914	369.7914	373.2960	 11.6501	 62.4306	  0.5628	   0.0108	  0.0926	    0.8414	  0.9406	   0.8414	  0.8146	 17.8125	  9.2996	  5.8503
2018	186	  22	  0	185.9167	322.7219	 -1.9433	   0.3312	    0.0701	   0.0689	  0.0659	  0.0054	  0.0241	  0.0241	  0.0241	  0.0241	371.8855	371.6881	367.7651	367.2264	367.2264	367.7226	 10.6825	 46.9821	  0.5470	   0.0000	  0.0016	    0.8414	  0.9406	   0.8414	  0.8123	 17.3458	  1.3057	  0.7958
2018	186	  23	  0	185.9583	335.9625	 -6.5556	   0.0208	    0.0000	   0.0000	  0.0000	  0.0000	  0.0000	  0.0000	  0.0000	  0.0000	369.1796	369.7946	365.8868	365.8868	365.8868	365.8868	 10.3539	 50.5464	  0.5099	   0.0000	  0.0000	    0.8414	  0.9406	   0.8414	  0.8101	 16.9750	  0.0000	  0.0000
2018	187	   0	  0	186.0000	349.1149	 -8.8966	   0.0000	    0.0000	   0.0000	  0.0000	  0.0000	  0.0000	  0.0000	  0.0000	  0.0000	366.5579	367.8857	363.8827	363.8827	363.8827	363.8827	  9.9594	 50.5892	  0.5095	   0.0000	  0.0000	    0.8414	  0.9406	   0.8414	  0.8079	 16.6000	  0.0000	  0.0000
