Year	DOY	Hour	Min	 Dectime	 azimuth	altitude	GlobalRad	DiffuseRad	DirectRad	 Kdown2d	   Kup2d	  Ksouth	   Kwest	  Knorth	   Keast	 Ldown2d	   Lup2d	  Lsouth	   Lwest	  Lnorth	   Least	    Tmrt	      I0	      CI	SH_Ground	SH_Walls	SVF_Ground	SVF_Roof	SVF_BdVeg	Emis_Sky	      Ta	      Tg	      Tw
2018	179	   0	  0	178.0000	356.4721	 -8.9669	   0.0200	    0.0000	   0.0000	  0.0000	  0.0000	  0.0000	  0.0000	  0.0000	  0.0000	400.2303	383.8927	379.8235	379.8235	379.8235	379.8235	 13.2077	 51.3840	  0.5056	   0.0000	  0.0000	    0.8189	  0.9347	   0.8189	  0.8405	 18.9000	  0.0000	  0.0000
2018	179	   1	  0	178.0417	 94.0155	 -8.8690	   0.1496	    0.0000	   0.0000	  0.0000	  0.0000	  0.0000	  0.0000	  0.0000	  0.0000	397.0014	382.4712	378.2084	378.2084	378.2084	378.2084	 12.8878	 51.4448	  0.5081	   0.0000	  0.0000	    0.8189	  0.9347	   0.8189	  0.8374	 18.6292	  0.0000	  0.0000
2018	179	   2	  0	178.0833	 17.8229	 -7.3515	   2.4581	    0.0000	   0.0000	  0.0000	  0.0000	  0.0000	  0.0000	  0.0000	  0.0000	392.8553	378.7286	373.6939	373.6939	373.6939	373.6939	 12.0460	 51.5214	  0.5529	   0.0000	  0.0000	    0.8189	  0.9347	   0.8189	  0.8337	 17.9125	  0.0000	  0.0000
2018	179	   3	  0	178.1250	 31.2453	 -3.6475	  20.5810	    0.0000	   0.0000	  0.0000	  0.0000	  0.0000	  0.0000	  0.0000	  0.0000	393.9801	376.3038	367.4495	367.4495	367.4495	367.4495	 10.9809	 51.5026	  0.8350	   0.0000	  0.0000	    0.8189	  0.9347	   0.8189	  0.8349	 17.4458	  0.0000	  0.0000
2018	179	   4	  0	178.1667	 44.1215	  1.3340	  85.2542	  124.5458	  64.6368	 68.3266	  5.0042	 22.7469	 22.7469	 22.9229	 22.9340	397.0241	379.1075	366.5334	366.5334	367.9644	367.9644	 14.3272	 40.2383	  1.0000	   0.0148	  0.0478	    0.8189	  0.9347	   0.8189	  0.8377	 17.9417	  3.0098	  0.0000
2018	179	   5	  0	178.2083	 56.4783	  7.1858	 193.9660	  623.6800	 114.9970	188.6319	  9.0908	 42.3457	 42.3457	 44.5269	 46.3653	401.1342	387.2927	374.4526	374.7061	376.0504	376.0504	 19.1498	131.1460	  1.0000	   0.0071	  0.1281	    0.8189	  0.9347	   0.8189	  0.8408	 19.4833	  7.2203	  0.5645
2018	179	   6	  0	178.2500	 68.5068	 14.2012	 323.6306	  681.8669	 156.0439	316.8179	 13.7666	 59.2105	 59.2105	 82.1213	117.2809	399.1279	403.6103	388.1218	390.3740	388.7874	388.7874	 26.1802	257.1725	  1.0000	   0.0947	  0.2181	    0.8189	  0.9347	   0.8189	  0.8334	 21.6458	  9.8528	  3.0328
2018	179	   7	  0	178.2917	 80.5346	 21.8641	 456.5967	  712.4805	 191.2381	448.6696	 17.8477	 74.4978	 74.4978	 85.5335	144.5780	399.3057	414.6821	396.7772	402.8030	397.7202	397.7202	 30.1848	390.7953	  1.0000	   0.1077	  0.3008	    0.8189	  0.9347	   0.8189	  0.8275	 23.2417	 12.3726	  5.5526
2018	179	   8	  0	178.3333	 93.0442	 29.8135	 581.4260	  734.4841	 216.3467	572.9149	 22.7716	 93.3120	 86.7600	 87.4763	190.9214	406.3506	425.4863	405.4980	414.3534	405.0532	405.9450	 34.3875	520.5589	  1.0000	   0.1643	  0.3744	    0.8189	  0.9347	   0.8189	  0.8326	 24.0792	 14.7356	  7.9156
2018	179	   9	  0	178.3750	106.6952	 37.6618	 687.2823	  755.7110	 225.7050	678.9711	 27.4138	132.2487	 93.9236	 93.9236	218.6187	407.2592	437.2558	413.5780	424.4723	415.3180	413.5780	 38.2873	640.5314	  1.0000	   0.2194	  0.4369	    0.8189	  0.9347	   0.8189	  0.8293	 24.8333	 16.9004	 10.0804
2018	179	  10	  0	178.4167	122.3464	 44.9081	 766.0317	  774.0506	 219.7866	758.6197	 32.5350	183.0638	 96.1888	 96.1888	232.0579	400.3474	452.9155	422.0049	433.6461	428.5269	422.0049	 41.7006	744.5656	  1.0000	   0.2961	  0.4827	    0.8189	  0.9347	   0.8189	  0.8137	 25.6333	 18.8292	 12.0092
2018	179	  11	  0	178.4583	140.9544	 50.8608	 811.1337	  822.4819	 172.8861	806.7716	 37.4931	247.2142	 86.2530	 86.2530	214.7498	393.9457	471.8412	431.6275	441.1081	444.0629	431.6275	 44.0258	822.5167	  1.0000	   0.3992	  0.4998	    0.8189	  0.9347	   0.8189	  0.7995	 26.1625	 20.4882	 13.6682
2018	179	  12	  0	178.5000	162.9251	 54.6115	 822.4575	  801.4145	 169.3194	818.3829	 42.1517	296.4645	 87.3315	 87.3315	152.2122	388.2641	485.3138	437.5501	441.2259	455.4104	437.5501	 44.6508	867.9993	  0.9985	   0.4754	  0.5000	    0.8189	  0.9347	   0.8189	  0.7896	 26.1375	 21.8485	 15.0285
2018	179	  13	  0	178.5417	186.9312	 55.3153	 796.4375	  721.0950	 203.4283	790.1925	 42.8592	293.8843	121.1209	 96.0324	 98.0034	383.4423	490.4931	439.9654	439.6261	460.1665	441.1589	 44.4555	878.4799	  0.9701	   0.4890	  0.5000	    0.8189	  0.9347	   0.8189	  0.7809	 26.1625	 22.8861	 16.0661
2018	179	  14	  0	178.5833	210.0546	 52.7830	 726.1021	  617.1934	 234.0542	717.5778	 38.4705	242.7272	180.5085	100.7038	100.7038	388.5647	482.3473	437.6524	437.6524	454.6330	446.1149	 44.1618	848.0916	  0.9261	   0.4385	  0.5000	    0.8189	  0.9347	   0.8189	  0.7888	 26.2458	 22.2761	 15.8316
2018	179	  15	  0	178.6250	230.1212	 47.6473	 585.1885	  423.3717	 271.8031	573.4731	 31.1746	167.2708	177.6233	104.6631	104.6631	391.5371	456.5095	426.4940	426.4940	434.8592	436.8836	 39.8767	784.3612	  0.8310	   0.3381	  0.4943	    0.8189	  0.9347	   0.8189	  0.7972	 26.0917	 16.8643	 12.0568
2018	179	  16	  0	178.6667	246.9230	 40.8513	 491.1592	  374.7284	 245.8963	480.2911	 25.0385	121.3404	158.4535	 92.9433	 92.9433	390.7226	442.4293	417.9176	417.9176	421.8039	430.2668	 35.8697	693.2909	  0.8164	   0.2531	  0.4588	    0.8189	  0.9347	   0.8189	  0.8008	 25.3500	 16.1732	 11.5605
2018	179	  17	  0	178.7083	261.3062	 33.1880	 383.1725	  312.5459	 211.3206	373.5586	 19.4455	 85.9934	125.0853	 78.4379	 78.4379	399.5939	429.5314	410.9600	410.9600	411.0178	423.1859	 31.6611	576.2386	  0.8028	   0.1810	  0.4020	    0.8189	  0.9347	   0.8189	  0.8194	 24.4750	 15.1131	 10.7353
2018	179	  18	  0	178.7500	274.2105	 25.2259	 253.0598	  202.1530	 165.8315	245.1801	 14.0543	 60.1188	 84.9965	 61.5202	 60.0123	392.1584	419.4803	403.6973	404.6593	404.3493	413.6178	 26.9578	449.5960	  0.7396	   0.1349	  0.3331	    0.8189	  0.9347	   0.8189	  0.8132	 23.8208	 11.8813	  8.3322
2018	179	  19	  0	178.7917	286.3749	 17.3937	 132.9092	   78.2243	 108.1162	127.5461	  8.5940	 38.2007	 44.6720	 39.8918	 38.2007	378.8744	409.7858	397.8833	397.9935	397.9935	402.8889	 21.9466	317.2777	  0.6483	   0.0928	  0.2550	    0.8189	  0.9347	   0.8189	  0.7995	 22.9583	  8.0955	  5.5619
2018	179	  20	  0	178.8333	298.3524	 10.0530	  43.2283	   10.5163	  41.2414	 41.1300	  3.2014	 14.3820	 15.0060	 14.6685	 14.3820	369.5000	400.7696	392.5651	391.8414	391.8414	394.9191	 17.2023	185.9899	  0.5403	   0.0477	  0.1686	    0.8189	  0.9347	   0.8189	  0.7922	 21.7417	  6.8520	  4.5536
2018	179	  21	  0	178.8750	310.5393	  3.6089	   6.0204	    1.5552	   5.8872	  5.7198	  0.4549	  2.0621	  2.0686	  2.0685	  2.0621	370.6443	392.6414	387.2078	384.4680	384.4680	387.9433	 14.2863	 67.8563	  0.5597	   0.0146	  0.0863	    0.8189	  0.9347	   0.8189	  0.7991	 20.3958	  9.0725	  5.7452
2018	179	  22	  0	178.9167	323.1824	 -1.5683	   0.2792	    0.1675	   0.1635	  0.1566	  0.0126	  0.0573	  0.0573	  0.0573	  0.0573	378.9023	384.6425	379.0770	377.8921	377.8921	378.9273	 12.7553	 44.8218	  0.5727	   0.0000	  0.0025	    0.8189	  0.9347	   0.8189	  0.8162	 19.0417	  2.6276	  1.6078
2018	179	  23	  0	178.9583	336.3817	 -6.1530	   0.0000	    0.0000	   0.0000	  0.0000	  0.0000	  0.0000	  0.0000	  0.0000	  0.0000	380.2757	379.2921	374.0765	374.0765	374.0765	374.0765	 11.9734	 51.7853	  0.5052	   0.0000	  0.0000	    0.8189	  0.9347	   0.8189	  0.8205	 18.0208	  0.0000	  0.0000
2018	180	   0	  0	179.0000	350.0606	 -8.4949	   0.0000	    0.0000	   0.0000	  0.0000	  0.0000	  0.0000	  0.0000	  0.0000	  0.0000	372.2609	379.3135	373.5180	373.5180	373.5180	373.5180	 11.7887	 51.9309	  0.5052	   0.0000	  0.0000	    0.8189	  0.9347	   0.8189	  0.8113	 18.0250	  0.0000	  0.0000
2018	180	   1	  0	179.0417	 93.9694	 -8.9124	   0.1531	    0.0000	   0.0000	  0.0000	  0.0000	  0.0000	  0.0000	  0.0000	  0.0000	357.7187	381.3142	374.2134	374.2134	374.2134	374.2134	 11.7619	 52.0150	  0.5090	   0.0000	  0.0000	    0.8189	  0.9347	   0.8189	  0.7920	 18.4083	  0.0000	  0.0000
2018	180	   2	  0	179.0833	 17.7836	 -7.4016	   2.9312	    0.0000	   0.0000	  0.0000	  0.0000	  0.0000	  0.0000	  0.0000	  0.0000	344.7383	377.5621	368.6553	368.6553	368.6553	368.6553	 10.6295	 52.2931	  0.5620	   0.0000	  0.0000	    0.8189	  0.9347	   0.8189	  0.7772	 17.6875	  0.0000	  0.0000
2018	180	   3	  0	179.1250	 31.2129	 -3.7543	  23.7140	    0.0000	   0.0000	  0.0000	  0.0000	  0.0000	  0.0000	  0.0000	  0.0000	337.2798	369.0051	354.5028	354.5028	354.5028	354.5028	  8.0029	 52.3721	  0.8579	   0.0000	  0.0000	    0.8189	  0.9347	   0.8189	  0.7734	 16.0250	  0.0000	  0.0000
2018	180	   4	  0	179.1667	 44.0955	  1.2820	  89.7579	  148.2838	  66.0016	 70.8331	  5.1117	 23.2546	 23.2546	 23.4343	 23.4455	335.3061	366.1180	347.5298	347.5298	348.9104	348.9104	 10.3917	 40.3558	  1.0000	   0.0144	  0.0468	    0.8189	  0.9347	   0.8189	  0.7729	 15.4167	  3.0160	  0.0000
2018	180	   5	  0	179.2083	 56.4576	  7.1266	 187.3952	  692.3517	 100.9231	182.8347	  8.0209	 37.6235	 37.6235	 39.9266	 41.8682	333.4572	366.8476	347.7388	347.9744	349.2588	349.2588	 13.3119	133.7093	  1.0000	   0.0068	  0.1272	    0.8189	  0.9347	   0.8189	  0.7698	 15.5458	  7.1977	  0.5494
2018	180	   6	  0	179.2500	 68.4899	 14.1398	 383.6417	  742.4899	 201.8670	374.5818	 17.4479	 75.5060	 75.5060	100.4193	138.6400	333.7807	374.6874	353.8598	355.9713	354.4631	354.4631	 22.5367	262.7644	  1.0000	   0.0945	  0.2174	    0.8189	  0.9347	   0.8189	  0.7666	 16.2042	  9.8305	  3.0105
2018	180	   7	  0	179.2917	 80.5197	 21.8018	 499.7950	  775.7204	 211.7009	490.9799	 19.6797	 82.2931	 82.2931	 94.2778	158.2848	336.4730	381.0286	358.6212	364.2525	359.4677	359.4677	 25.0790	399.3102	  1.0000	   0.1072	  0.3002	    0.8189	  0.9347	   0.8189	  0.7657	 17.0167	 12.3509	  5.5309
2018	180	   8	  0	179.3333	 93.0291	 29.7508	 620.2725	  796.6700	 225.0819	611.5259	 23.9291	 97.8443	 90.7839	 91.5668	203.5022	340.8043	392.3040	367.2882	375.6275	366.8831	367.6965	 29.1081	533.3146	  1.0000	   0.1639	  0.3739	    0.8189	  0.9347	   0.8189	  0.7659	 18.0667	 14.7146	  7.8946
2018	180	   9	  0	179.3750	106.6765	 37.5993	 724.5892	  813.5998	 228.4146	716.3828	 28.3383	137.2004	 96.1045	 96.1045	230.0347	344.0450	404.4068	376.0265	386.3204	377.6938	376.0265	 33.2011	655.9441	  1.0000	   0.2187	  0.4365	    0.8189	  0.9347	   0.8189	  0.7649	 19.0167	 16.8802	 10.0602
2018	180	  10	  0	179.4167	122.3190	 44.8467	 804.6000	  826.7549	 221.8295	797.3405	 33.6866	190.8434	 98.3222	 98.3222	243.2337	344.1036	416.9056	383.1357	394.1028	389.2847	383.1357	 36.7009	759.1624	  1.0000	   0.2953	  0.4824	    0.8189	  0.9347	   0.8189	  0.7617	 19.4167	 18.8099	 11.9899
2018	180	  11	  0	179.4583	140.9107	 50.8024	 853.0533	  830.8627	 209.3814	846.8601	 40.3841	260.0596	 98.6175	 98.6175	228.7763	345.4297	435.7846	394.3219	403.2850	406.0523	394.3219	 40.0652	835.3775	  1.0000	   0.3980	  0.4998	    0.8189	  0.9347	   0.8189	  0.7588	 20.1417	 20.4697	 13.6497
2018	180	  12	  0	179.5000	162.8585	 54.5596	 860.1140	  835.1223	 179.7071	855.6992	 44.1336	310.1331	 92.0798	 92.0798	158.7959	345.3620	453.2802	404.6511	408.1852	421.6255	404.6511	 40.8388	880.3624	  1.0000	   0.4744	  0.5000	    0.8189	  0.9347	   0.8189	  0.7531	 20.9250	 21.8306	 15.0106
2018	180	  13	  0	179.5417	186.8439	 55.2738	 833.0752	  803.8131	 172.3726	828.8974	 43.5124	309.4700	116.7144	 89.0139	 91.2877	342.4002	461.6780	409.5898	409.2812	428.9040	410.7276	 40.2691	891.5295	  0.9935	   0.4881	  0.5000	    0.8189	  0.9347	   0.8189	  0.7438	 21.5250	 22.8689	 16.0489
2018	180	  14	  0	179.5833	209.9590	 52.7533	 767.6838	  715.2552	 198.0947	761.5471	 38.8165	256.1832	185.0680	 92.2735	 92.2735	344.3897	460.7806	411.3753	411.3753	428.7593	420.2436	 40.6875	863.9611	  0.9588	   0.4379	  0.5000	    0.8189	  0.9347	   0.8189	  0.7420	 22.2333	 23.5360	 16.7247
2018	180	  15	  0	179.6250	230.0289	 47.6273	 668.4963	  616.9720	 212.2986	660.8339	 31.1652	181.4632	196.7680	 90.5863	 90.5863	346.6862	446.5608	405.8143	405.8143	417.4273	420.1200	 37.6529	800.8333	  0.9199	   0.3378	  0.4943	    0.8189	  0.9347	   0.8189	  0.7442	 22.5458	 22.4411	 16.0398
2018	180	  16	  0	179.6667	246.8382	 40.8375	 545.3215	  511.0560	 210.4777	536.8981	 24.5263	123.4305	173.5958	 84.3219	 84.3219	346.2013	431.3333	398.7206	398.7206	404.0150	414.2930	 33.3310	708.4385	  0.8772	   0.2528	  0.4587	    0.8189	  0.9347	   0.8189	  0.7453	 22.4458	 20.0470	 14.3259
2018	180	  17	  0	179.7083	261.2287	 33.1770	 408.6377	  388.0023	 195.2127	400.1415	 18.9581	 83.8756	132.2320	 74.3698	 74.3698	356.4362	418.9050	394.5155	394.5155	394.9003	408.4437	 29.0412	588.3627	  0.8321	   0.1807	  0.4020	    0.8189	  0.9347	   0.8189	  0.7647	 22.2375	 17.1142	 12.1535
2018	180	  18	  0	179.7500	274.1387	 25.2152	 268.6896	  249.1163	 161.0795	261.1967	 13.9814	 59.1928	 89.8925	 60.8538	 59.0509	359.6513	409.1451	389.6987	390.5663	390.2724	400.6580	 24.7104	456.2364	  0.7654	   0.1348	  0.3330	    0.8189	  0.9347	   0.8189	  0.7744	 21.7750	 13.2463	  9.2871
2018	180	  19	  0	179.7917	286.3069	 17.3810	 135.4973	   86.6006	 108.0162	130.1582	  8.6128	 38.2499	 45.4143	 40.1043	 38.2499	349.2156	400.3980	386.1451	386.2131	386.2131	391.1979	 19.7961	321.4124	  0.6507	   0.0924	  0.2549	    0.8189	  0.9347	   0.8189	  0.7632	 21.2292	  8.2802	  5.6874
2018	180	  20	  0	179.8333	298.2872	 10.0366	  46.8062	   12.7806	  44.4202	 44.5479	  3.4498	 15.4991	 16.2332	 15.8366	 15.4991	342.0253	393.0086	382.4942	381.7532	381.7532	384.8439	 15.3688	188.2233	  0.5575	   0.0482	  0.1684	    0.8189	  0.9347	   0.8189	  0.7578	 20.2958	  6.9152	  4.5935
2018	180	  21	  0	179.8750	310.4765	  3.5882	   6.9567	    2.2835	   6.7710	  6.6112	  0.5232	  2.3725	  2.3847	  2.3847	  2.3725	339.2408	384.9088	376.8858	374.1677	374.1677	377.6246	 12.1865	 68.3733	  0.5732	   0.0142	  0.0858	    0.8189	  0.9347	   0.8189	  0.7603	 18.9417	  9.1070	  5.7636
2018	180	  22	  0	179.9167	323.1221	 -1.5994	   0.3567	    0.2071	   0.1998	  0.1913	  0.0154	  0.0701	  0.0701	  0.0701	  0.0701	337.1543	377.3656	368.6206	367.4296	367.4296	368.4743	 10.4380	 45.3153	  0.5766	   0.0000	  0.0024	    0.8189	  0.9347	   0.8189	  0.7657	 17.6500	  2.6700	  1.6326
2018	180	  23	  0	179.9583	336.3250	 -6.1803	   0.0021	    0.0000	   0.0000	  0.0000	  0.0000	  0.0000	  0.0000	  0.0000	  0.0000	333.6123	367.3143	359.3398	359.3398	359.3398	359.3398	  8.7821	 52.4432	  0.5061	   0.0000	  0.0000	    0.8189	  0.9347	   0.8189	  0.7696	 15.6917	  0.0000	  0.0000
2018	181	   0	  0	180.0000	350.0089	 -8.5380	   0.0058	    0.0000	   0.0000	  0.0000	  0.0000	  0.0000	  0.0000	  0.0000	  0.0000	331.9879	358.0242	350.5545	350.5545	350.5545	350.5545	  7.1198	 52.3588	  0.5062	   0.0000	  0.0000	    0.8189	  0.9347	   0.8189	  0.7735	 13.8500	  0.0000	  0.0000
2018	181	   1	  0	180.0417	 93.9244	 -8.9625	   0.1802	    0.0000	   0.0000	  0.0000	  0.0000	  0.0000	  0.0000	  0.0000	  0.0000	329.6581	351.2755	343.9816	343.9816	343.9816	343.9816	  5.8431	 52.1244	  0.5102	   0.0000	  0.0000	    0.8189	  0.9347	   0.8189	  0.7740	 12.4875	  0.0000	  0.0000
2018	181	   2	  0	180.0833	 17.7462	 -7.4583	   2.7046	    0.0000	   0.0000	  0.0000	  0.0000	  0.0000	  0.0000	  0.0000	  0.0000	325.1852	345.2653	337.1459	337.1459	337.1459	337.1459	  4.4844	 52.1795	  0.5586	   0.0000	  0.0000	    0.8189	  0.9347	   0.8189	  0.7714	 11.2583	  0.0000	  0.0000
2018	181	   3	  0	180.1250	 31.1832	 -3.8270	  22.5377	    0.0000	   0.0000	  0.0000	  0.0000	  0.0000	  0.0000	  0.0000	  0.0000	324.4165	341.7366	328.6816	328.6816	328.6816	328.6816	  2.8821	 52.1772	  0.8447	   0.0000	  0.0000	    0.8189	  0.9347	   0.8189	  0.7717	 10.5292	  0.0000	  0.0000
2018	181	   4	  0	180.1667	 44.0729	  1.2246	  95.1450	   86.0159	  74.8260	 75.9421	  5.7865	 26.2529	 26.2529	 26.2529	 26.2529	328.7755	347.3919	330.1121	330.1121	331.4270	331.4270	  7.4640	 39.4503	  1.0000	   0.0140	  0.0458	    0.8189	  0.9347	   0.8189	  0.7745	 11.6542	  2.8135	  0.0000
2018	181	   5	  0	180.2083	 56.4408	  7.0619	 209.4506	  655.6271	 127.3335	203.5068	 10.0486	 46.7451	 46.7451	 48.9383	 50.7886	337.5116	359.5604	341.8354	342.0626	343.3317	343.3317	 13.5612	132.0084	  1.0000	   0.0066	  0.1261	    0.8189	  0.9347	   0.8189	  0.7793	 14.1000	  7.1719	  0.5322
2018	181	   6	  0	180.2500	 68.4773	 14.0732	 344.0331	  728.7773	 166.5926	336.7495	 14.6783	 63.1674	 63.1674	 87.6262	125.0687	344.8717	374.5207	355.2032	357.2968	355.8164	355.8164	 21.1632	260.0537	  1.0000	   0.0944	  0.2166	    0.8189	  0.9347	   0.8189	  0.7815	 16.1750	  9.8051	  2.9851
2018	181	   7	  0	180.2917	 80.5097	 21.7343	 481.2310	  757.7670	 200.5798	472.9331	 18.7235	 78.2076	 78.2076	 89.8666	152.1507	349.8630	384.8836	363.8316	369.4819	364.6940	364.6940	 25.3780	395.7095	  1.0000	   0.1067	  0.2996	    0.8189	  0.9347	   0.8189	  0.7814	 17.7583	 12.3260	  5.5060
2018	181	   8	  0	180.3333	 93.0192	 29.6830	 609.8123	  785.9579	 220.6262	601.2517	 23.4684	 96.0061	 89.0448	 89.8143	199.9776	349.0196	396.3465	371.9449	380.3137	371.5332	372.3592	 29.5836	530.4864	  1.0000	   0.1633	  0.3734	    0.8189	  0.9347	   0.8189	  0.7743	 18.8333	 14.6905	  7.8705
2018	181	   9	  0	180.3750	106.6634	 37.5315	 718.7002	  809.0245	 226.0675	710.5891	 28.0479	135.9032	 95.1637	 95.1637	228.0174	346.9339	407.3973	378.9956	389.3158	380.6586	378.9956	 33.4882	654.4823	  1.0000	   0.2180	  0.4360	    0.8189	  0.9347	   0.8189	  0.7663	 19.5792	 16.8571	 10.0371
2018	181	  10	  0	180.4167	122.2972	 44.7797	 797.7846	  822.6494	 218.5886	790.6659	 33.2873	188.8998	 97.0682	 97.0682	241.0202	345.4450	421.0076	386.7538	397.7772	392.9247	386.7538	 37.0215	758.8064	  1.0000	   0.2944	  0.4821	    0.8189	  0.9347	   0.8189	  0.7596	 20.1708	 18.7877	 11.9677
2018	181	  11	  0	180.4583	140.8721	 50.7380	 842.1588	  823.7769	 204.5813	836.1685	 39.7052	256.3498	 96.7127	 96.7127	225.6237	347.8986	441.4908	399.3910	408.4295	411.2057	399.3910	 40.4652	835.1333	  1.0000	   0.3966	  0.4998	    0.8189	  0.9347	   0.8189	  0.7567	 21.1583	 20.4484	 13.6284
2018	181	  12	  0	180.5000	162.7952	 54.5011	 849.4985	  832.4262	 171.8047	845.4695	 43.3307	306.3321	 89.3017	 89.3017	156.1851	351.8471	458.3020	409.8011	413.3767	426.8807	409.8011	 41.2478	877.7608	  1.0000	   0.4732	  0.5000	    0.8189	  0.9347	   0.8189	  0.7583	 21.8000	 21.8101	 14.9901
2018	181	  13	  0	180.5417	186.7571	 55.2254	 820.4858	  771.5318	 186.6921	815.3852	 43.3340	303.9190	118.7735	 92.4316	 94.6954	350.5360	464.4647	413.3612	413.0564	432.7419	414.4742	 40.8292	887.1335	  0.9878	   0.4872	  0.5000	    0.8189	  0.9347	   0.8189	  0.7541	 22.0167	 22.8490	 16.0290
2018	181	  14	  0	180.5833	209.8614	 52.7168	 760.5281	  695.0453	 207.3290	753.8031	 38.8114	253.8229	184.4486	 94.5748	 94.5748	347.4700	459.1346	410.8421	410.8421	428.0872	419.5611	 40.6110	861.1110	  0.9536	   0.4372	  0.5000	    0.8189	  0.9347	   0.8189	  0.7485	 22.0375	 23.3838	 16.6106
2018	181	  15	  0	180.6250	229.9332	 47.6008	 665.6319	  606.6823	 217.2959	657.6582	 31.2706	181.3084	196.1091	 91.9297	 91.9297	342.0521	439.9335	400.0859	400.0859	411.3352	413.8972	 36.8048	800.8328	  0.9164	   0.3373	  0.4942	    0.8189	  0.9347	   0.8189	  0.7431	 21.5750	 21.9997	 15.7193
2018	181	  16	  0	180.6667	246.7496	 40.8175	 547.3062	  513.0877	 211.3223	538.8476	 24.6080	123.9806	174.1374	 84.6489	 84.6489	340.3870	424.9804	392.5828	392.5828	397.8243	407.9299	 32.4355	708.8955	  0.8797	   0.2526	  0.4586	    0.8189	  0.9347	   0.8189	  0.7428	 21.3542	 19.9936	 14.2830
2018	181	  17	  0	180.7083	261.1473	 33.1600	 410.9950	  396.2357	 193.2404	402.6303	 18.8764	 83.5873	132.8089	 73.8426	 73.8426	341.8031	412.7076	387.2056	387.2056	387.6178	400.9979	 27.7969	591.9245	  0.8320	   0.1804	  0.4019	    0.8189	  0.9347	   0.8189	  0.7479	 21.1292	 17.1328	 12.1627
2018	181	  18	  0	180.7500	274.0631	 25.1984	 271.7258	  262.0111	 158.8029	264.3870	 13.8773	 58.5974	 90.7862	 60.3338	 58.4404	339.6302	402.9785	381.6866	382.5293	382.2433	392.6878	 23.2632	460.5387	  0.7669	   0.1348	  0.3329	    0.8189	  0.9347	   0.8189	  0.7492	 20.6292	 13.4383	  9.4176
2018	181	  19	  0	180.7917	286.2357	 17.3622	 143.2396	  110.8342	 108.5709	137.9227	  8.7263	 38.6652	 47.8263	 41.0993	 38.6652	341.5193	395.1403	380.1267	379.9960	379.9960	385.6406	 18.9093	322.0254	  0.6742	   0.0920	  0.2547	    0.8189	  0.9347	   0.8189	  0.7567	 20.1833	  9.1079	  6.2522
2018	181	  20	  0	180.8333	298.2192	 10.0140	  47.4771	   12.6400	  45.0970	 45.1840	  3.5027	 15.7316	 16.4956	 16.0807	 15.7316	345.2299	387.4226	377.6488	376.9178	376.9178	379.9827	 14.5901	187.0596	  0.5618	   0.0487	  0.1681	    0.8189	  0.9347	   0.8189	  0.7685	 19.2417	  6.9133	  4.5899
2018	181	  21	  0	180.8750	310.4113	  3.5615	   6.8281	    1.9978	   6.6647	  6.4879	  0.5150	  2.3348	  2.3450	  2.3449	  2.3348	344.8327	379.9804	372.9098	370.2156	370.2156	373.6515	 11.5246	 67.5399	  0.5739	   0.0139	  0.0851	    0.8189	  0.9347	   0.8189	  0.7732	 18.0042	  9.1147	  5.7643
2018	181	  22	  0	180.9167	323.0602	 -1.6378	   0.3388	    0.1998	   0.1929	  0.1846	  0.0149	  0.0677	  0.0677	  0.0677	  0.0677	341.3496	373.2301	365.2081	364.0245	364.0245	365.0661	  9.8568	 44.8657	  0.5777	   0.0000	  0.0023	    0.8189	  0.9347	   0.8189	  0.7750	 16.8500	  2.6775	  1.6359
2018	181	  23	  0	180.9583	336.2674	 -6.2255	   0.0010	    0.0000	   0.0000	  0.0000	  0.0000	  0.0000	  0.0000	  0.0000	  0.0000	337.8446	366.8160	359.1942	359.1942	359.1942	359.1942	  8.8029	 52.0732	  0.5068	   0.0000	  0.0000	    0.8189	  0.9347	   0.8189	  0.7756	 15.5958	  0.0000	  0.0000
2018	182	   0	  0	181.0000	349.9573	 -8.5880	   0.0000	    0.0000	   0.0000	  0.0000	  0.0000	  0.0000	  0.0000	  0.0000	  0.0000	334.4645	361.0684	353.5748	353.5748	353.5748	353.5748	  7.7165	 52.0734	  0.5068	   0.0000	  0.0000	    0.8189	  0.9347	   0.8189	  0.7749	 14.4583	  0.0000	  0.0000
2018	182	   1	  0	181.0417	 93.8804	 -9.0193	   0.1415	    0.0000	   0.0000	  0.0000	  0.0000	  0.0000	  0.0000	  0.0000	  0.0000	331.0923	355.8042	348.3387	348.3387	348.3387	348.3387	  6.6908	 51.8872	  0.5102	   0.0000	  0.0000	    0.8189	  0.9347	   0.8189	  0.7736	 13.4042	  0.0000	  0.0000
2018	182	   2	  0	181.0833	 17.7107	 -7.5215	   2.5767	    0.0000	   0.0000	  0.0000	  0.0000	  0.0000	  0.0000	  0.0000	  0.0000	330.1512	349.3120	341.3267	341.3267	341.3267	341.3267	  5.3492	 51.8621	  0.5571	   0.0000	  0.0000	    0.8189	  0.9347	   0.8189	  0.7753	 12.0875	  0.0000	  0.0000
2018	182	   3	  0	181.1250	 31.1563	 -3.9080	  21.8960	    0.0000	   0.0000	  0.0000	  0.0000	  0.0000	  0.0000	  0.0000	  0.0000	328.7262	344.3746	331.5756	331.5756	331.5756	331.5756	  3.5008	 51.8643	  0.8399	   0.0000	  0.0000	    0.8189	  0.9347	   0.8189	  0.7754	 11.0750	  0.0000	  0.0000
2018	182	   4	  0	181.1667	 44.0538	  1.1619	  93.6165	   82.0578	  67.8824	 69.0493	  5.2498	 23.8189	 23.8189	 23.8189	 23.8189	329.4290	346.9084	329.8962	329.8962	331.0621	331.0621	  7.0435	 42.6137	  1.0000	   0.0134	  0.0445	    0.8189	  0.9347	   0.8189	  0.7754	 11.5583	  2.4939	  0.0000
2018	182	   5	  0	181.2083	 56.4280	  6.9918	 207.5388	  654.0247	 126.3773	201.6371	  9.9701	 46.3850	 46.3850	 48.4993	 50.2853	336.8785	356.0151	338.5866	338.8046	340.0785	340.0785	 12.9124	130.6606	  1.0000	   0.0064	  0.1250	    0.8189	  0.9347	   0.8189	  0.7801	 13.3917	  7.1430	  0.5137
2018	182	   6	  0	181.2500	 68.4693	 14.0013	 341.9927	  732.0075	 164.5875	334.8115	 14.5205	 62.4718	 62.4718	 86.9969	124.5509	340.2265	372.6178	352.9104	354.9777	353.5306	353.5306	 20.6579	259.2628	  1.0000	   0.0942	  0.2158	    0.8189	  0.9347	   0.8189	  0.7765	 15.8083	  9.7765	  2.9565
2018	182	   7	  0	181.2917	 80.5045	 21.6618	 477.9906	  762.5860	 196.4800	469.9088	 18.4031	 76.8151	 76.8151	 88.4957	150.8779	342.7212	387.4191	364.9766	370.6282	365.8523	365.8523	 25.3305	396.2212	  1.0000	   0.1062	  0.2990	    0.8189	  0.9347	   0.8189	  0.7691	 18.2458	 12.2981	  5.4781
2018	182	   8	  0	181.3333	 93.0146	 29.6101	 604.2425	  786.4278	 215.7538	595.9265	 23.0594	 94.2688	 87.3419	 88.1137	198.0139	345.3747	400.8497	375.1942	383.5951	374.7739	375.6139	 29.8281	531.1203	  1.0000	   0.1627	  0.3728	    0.8189	  0.9347	   0.8189	  0.7646	 19.6792	 14.6635	  7.8435
2018	182	   9	  0	181.3750	106.6559	 37.4586	 709.6719	  804.0720	 220.8980	701.7984	 27.5292	133.5976	 93.2465	 93.2465	224.9208	348.0268	412.0081	383.0238	393.3941	384.6847	383.0238	 33.7971	653.9822	  1.0000	   0.2172	  0.4356	    0.8189	  0.9347	   0.8189	  0.7634	 20.4333	 16.8310	 10.0110
2018	182	  10	  0	181.4167	122.2811	 44.7072	 790.0912	  815.0049	 217.0220	783.0097	 32.9410	187.0131	 96.2753	 96.2753	238.6175	351.7369	426.2633	392.1219	403.2182	398.3250	392.1219	 37.6334	756.3166	  1.0000	   0.2934	  0.4818	    0.8189	  0.9347	   0.8189	  0.7641	 21.1250	 18.7626	 11.9426
2018	182	  11	  0	181.4583	140.8387	 50.6675	 838.4217	  818.0802	 205.8721	832.3299	 39.5361	255.0417	 96.8938	 96.8938	224.7116	354.5424	445.5247	403.8167	412.9059	415.6777	403.8167	 41.0488	832.0775	  1.0000	   0.3952	  0.4997	    0.8189	  0.9347	   0.8189	  0.7630	 21.8875	 20.4243	 13.6043
2018	182	  12	  0	181.5000	162.7355	 54.4361	 846.7088	  835.6295	 166.9578	842.9424	 42.9716	305.3362	 87.7641	 87.7641	155.0874	356.9934	463.0487	414.5166	418.1232	431.6944	414.5166	 41.7898	875.7744	  1.0000	   0.4720	  0.5000	    0.8189	  0.9347	   0.8189	  0.7615	 22.6250	 21.7870	 14.9670
2018	182	  13	  0	181.5417	186.6712	 55.1702	 817.4787	  770.5777	 184.8863	812.4622	 43.0800	302.8631	117.7380	 91.7544	 94.0937	356.0048	470.9562	419.5274	419.2237	439.0834	420.6194	 41.6105	885.6911	  0.9862	   0.4861	  0.5000	    0.8189	  0.9347	   0.8189	  0.7560	 23.1167	 22.8265	 16.0065
2018	182	  14	  0	181.5833	209.7621	 52.6736	 753.9377	  682.2246	 211.2274	746.9392	 38.6416	251.7372	183.1794	 95.3779	 95.3779	355.0090	464.4038	416.5128	416.5128	433.8337	425.2056	 41.3486	858.2618	  0.9490	   0.4363	  0.5000	    0.8189	  0.9347	   0.8189	  0.7549	 22.9750	 23.2744	 16.5264
2018	182	  15	  0	181.6250	229.8342	 47.5679	 660.4602	  599.0834	 218.0059	652.4088	 31.1080	180.2082	194.5308	 91.9122	 91.9122	354.6685	449.9767	410.3222	410.3222	421.7793	424.3596	 38.2500	797.0759	  0.9140	   0.3367	  0.4942	    0.8189	  0.9347	   0.8189	  0.7528	 23.2958	 22.0269	 15.7330
2018	182	  16	  0	181.6667	246.6571	 40.7913	 540.7937	  504.8167	 210.3863	532.3438	 24.3862	122.9148	171.9918	 84.1157	 84.1157	352.3253	437.6409	405.0413	405.0413	410.3928	420.6324	 34.2023	706.7988	  0.8728	   0.2521	  0.4585	    0.8189	  0.9347	   0.8189	  0.7479	 23.5833	 19.9290	 14.2317
2018	182	  17	  0	181.7083	261.0621	 33.1370	 406.6156	  393.1943	 190.7143	398.3672	 18.6393	 82.6351	131.2904	 72.9104	 72.9104	350.1974	424.4944	398.4735	398.4735	398.8986	412.5329	 29.4506	591.3678	  0.8254	   0.1800	  0.4018	    0.8189	  0.9347	   0.8189	  0.7481	 23.2375	 17.1340	 12.1588
2018	182	  18	  0	181.7500	273.9840	 25.1756	 269.0827	  263.0533	 155.8408	261.8978	 13.6510	 57.5974	 89.8659	 59.3014	 57.4299	348.0113	415.7804	393.8040	394.6855	394.3938	405.1638	 25.1559	460.2375	  0.7618	   0.1346	  0.3328	    0.8189	  0.9347	   0.8189	  0.7482	 22.9375	 13.5465	  9.4893
2018	182	  19	  0	181.7917	286.1612	 17.3374	 142.0198	  113.8824	 106.4844	136.8159	  8.5725	 37.9705	 47.3458	 40.4534	 37.9705	345.9651	405.8565	390.1192	389.9816	389.9816	395.8369	 20.5372	322.1069	  0.6706	   0.0915	  0.2545	    0.8189	  0.9347	   0.8189	  0.7519	 22.1500	  9.2322	  6.3345
2018	182	  20	  0	181.8333	298.1484	  9.9853	  46.9571	   13.1979	  44.4851	 44.6960	  3.4563	 15.5206	 16.3181	 15.8841	 15.5206	344.4848	396.8587	386.1369	385.4049	385.4049	388.5275	 16.0335	187.2773	  0.5592	   0.0492	  0.1677	    0.8189	  0.9347	   0.8189	  0.7576	 21.0042	  6.9321	  4.5997
2018	182	  21	  0	181.8750	310.3439	  3.5286	   6.5377	    2.1415	   6.3619	  6.2128	  0.4916	  2.2293	  2.2401	  2.2400	  2.2293	343.0106	389.1340	381.1847	378.3923	378.3923	381.9511	 12.9664	 67.2178	  0.5714	   0.0139	  0.0842	    0.8189	  0.9347	   0.8189	  0.7618	 19.7417	  9.2445	  5.8400
2018	182	  22	  0	181.9167	322.9966	 -1.6834	   0.2979	    0.1787	   0.1720	  0.1645	  0.0133	  0.0603	  0.0603	  0.0603	  0.0603	338.8648	378.7159	369.9791	368.7830	368.7830	369.8386	 10.7018	 44.6837	  0.5781	   0.0000	  0.0022	    0.8189	  0.9347	   0.8189	  0.7669	 17.9083	  2.6764	  1.6337
2018	182	  23	  0	181.9583	336.2090	 -6.2773	   0.0000	    0.0000	   0.0000	  0.0000	  0.0000	  0.0000	  0.0000	  0.0000	  0.0000	336.0177	369.3220	361.3670	361.3670	361.3670	361.3670	  9.1860	 51.9190	  0.5075	   0.0000	  0.0000	    0.8189	  0.9347	   0.8189	  0.7714	 16.0875	  0.0000	  0.0000
2018	183	   0	  0	182.0000	349.9058	 -8.6447	   0.0000	    0.0000	   0.0000	  0.0000	  0.0000	  0.0000	  0.0000	  0.0000	  0.0000	334.2673	361.1771	353.6475	353.6475	353.6475	353.6475	  7.7275	 51.8544	  0.5075	   0.0000	  0.0000	    0.8189	  0.9347	   0.8189	  0.7745	 14.4792	  0.0000	  0.0000
2018	183	   1	  0	182.0417	 93.8374	 -9.0827	   0.0510	    0.0000	   0.0000	  0.0000	  0.0000	  0.0000	  0.0000	  0.0000	  0.0000	333.4811	354.5844	347.3798	347.3798	347.3798	347.3798	  6.5352	 51.6460	  0.5090	   0.0000	  0.0000	    0.8189	  0.9347	   0.8189	  0.7769	 13.1583	  0.0000	  0.0000
2018	183	   2	  0	182.0833	 17.6772	 -7.5912	   1.9965	    0.0000	   0.0000	  0.0000	  0.0000	  0.0000	  0.0000	  0.0000	  0.0000	332.2507	349.9216	342.2304	342.2304	342.2304	342.2304	  5.5452	 51.6431	  0.5467	   0.0000	  0.0000	    0.8189	  0.9347	   0.8189	  0.7774	 12.2125	  0.0000	  0.0000
2018	183	   3	  0	182.1250	 31.1322	 -3.9927	  20.9546	    0.0000	   0.0000	  0.0000	  0.0000	  0.0000	  0.0000	  0.0000	  0.0000	330.8426	346.3173	333.7344	333.7344	333.7344	333.7344	  3.9461	 51.6542	  0.8306	   0.0000	  0.0000	    0.8189	  0.9347	   0.8189	  0.7770	 11.4750	  0.0000	  0.0000
2018	183	   4	  0	182.1667	 44.0381	  1.0939	  91.9506	   74.4904	  67.2418	 67.9500	  5.1995	 23.5853	 23.5853	 23.5853	 23.5853	334.1802	350.1840	333.3687	333.3687	334.5470	334.5470	  7.7082	 41.6315	  1.0000	   0.0127	  0.0434	    0.8189	  0.9347	   0.8189	  0.7794	 12.2292	  2.4662	  0.0000
2018	183	   5	  0	182.2083	 56.4192	  6.9164	 206.7933	  648.3830	 127.0182	200.8491	 10.0142	 46.5716	 46.5716	 48.6072	 50.3302	339.6436	360.4976	342.9051	343.1176	344.4280	344.4280	 13.7196	129.2526	  1.0000	   0.0062	  0.1238	    0.8189	  0.9347	   0.8189	  0.7813	 14.2917	  7.1109	  0.4950
2018	183	   6	  0	182.2500	 68.4656	 13.9242	 342.7708	  731.2190	 166.5250	335.4822	 14.6553	 63.1065	 63.1065	 87.5666	125.0124	341.9442	375.5516	355.7027	357.7587	356.3442	356.3442	 21.2038	257.8476	  1.0000	   0.0940	  0.2149	    0.8189	  0.9347	   0.8189	  0.7769	 16.3833	  9.7448	  2.9248
2018	183	   7	  0	182.2917	 80.5042	 21.5842	 481.5717	  761.1942	 201.5277	473.2209	 18.7620	 78.5107	 78.5107	 90.1029	152.0763	347.0816	387.8002	365.9614	371.5838	366.8442	366.8442	 25.7097	394.0335	  1.0000	   0.1056	  0.2983	    0.8189	  0.9347	   0.8189	  0.7751	 18.3292	 12.2671	  5.4471
2018	183	   8	  0	182.3333	 93.0152	 29.5322	 612.5781	  786.9208	 224.7465	603.7969	 23.7210	 97.3220	 90.4032	 91.1715	200.7955	351.0862	402.0003	377.0737	385.4533	376.6480	377.4938	 30.5101	528.4432	  1.0000	   0.1621	  0.3722	    0.8189	  0.9347	   0.8189	  0.7722	 19.9042	 14.6334	  7.8134
2018	183	   9	  0	182.3750	106.6540	 37.3805	 721.9688	  810.5949	 230.0364	713.6494	 28.2676	137.0703	 96.4734	 96.4734	228.8516	348.1413	413.4610	384.2744	394.6343	385.9260	384.2744	 34.3975	653.3930	  1.0000	   0.2163	  0.4351	    0.8189	  0.9347	   0.8189	  0.7619	 20.7167	 16.8020	  9.9820
2018	183	  10	  0	182.4167	122.2706	 44.6292	 803.9000	  825.4679	 224.2634	796.4938	 33.6303	190.6431	 98.9698	 98.9698	242.8241	346.5206	429.1543	393.6364	404.7574	399.8505	393.6364	 38.2052	758.9731	  1.0000	   0.2923	  0.4814	    0.8189	  0.9347	   0.8189	  0.7524	 21.6583	 18.7348	 11.9148
2018	183	  11	  0	182.4583	140.8104	 50.5911	 855.2206	  832.5481	 212.1642	848.8805	 40.3270	259.9795	 99.4351	 99.4351	229.2657	343.8127	450.9101	406.3069	415.4602	418.2402	406.3069	 41.7527	839.5828	  1.0000	   0.3936	  0.4997	    0.8189	  0.9347	   0.8189	  0.7390	 22.8417	 20.3976	 13.5776
2018	183	  12	  0	182.5000	162.6793	 54.3645	 862.5298	  837.3069	 181.9926	857.9989	 44.0855	310.4919	 92.7586	 92.7586	160.0338	346.2896	467.5451	416.2397	419.8799	433.5022	416.2397	 42.5003	883.5218	  1.0000	   0.4706	  0.5000	    0.8189	  0.9347	   0.8189	  0.7384	 23.4083	 21.7611	 14.9411
2018	183	  13	  0	182.5417	186.5862	 55.1082	 826.3996	  803.2672	 167.4500	822.4616	 42.8661	307.1757	113.8446	 87.2305	 89.7710	352.4063	475.4037	422.3610	422.0604	442.0264	423.4305	 41.8430	889.2631	  0.9900	   0.4849	  0.5000	    0.8189	  0.9347	   0.8189	  0.7448	 23.8792	 22.8015	 15.9815
2018	183	  14	  0	182.5833	209.6612	 52.6235	 752.9192	  684.6146	 208.5809	746.0677	 38.4681	251.6087	182.1361	 94.5660	 94.5660	360.7278	470.0761	422.0145	422.0145	439.5055	430.7483	 42.0673	856.8185	  0.9494	   0.4353	  0.5000	    0.8189	  0.9347	   0.8189	  0.7580	 23.9292	 23.2774	 16.5216
2018	183	  15	  0	182.6250	229.7321	 47.5284	 654.2779	  573.8477	 230.5459	645.4524	 31.4645	180.2238	193.3574	 95.3618	 95.3618	374.4948	450.3703	413.9655	413.9655	425.2665	427.7183	 38.9688	787.2619	  0.9165	   0.3360	  0.4941	    0.8189	  0.9347	   0.8189	  0.7838	 23.4833	 21.6873	 15.4841
2018	183	  16	  0	182.6667	246.5610	 40.7588	 533.9317	  470.7909	 225.9739	524.5253	 25.0240	124.8405	170.3387	 88.5593	 88.5593	376.7533	434.1427	406.1167	406.1167	411.2495	421.0626	 34.6799	694.8840	  0.8761	   0.2517	  0.4584	    0.8189	  0.9347	   0.8189	  0.7905	 23.1375	 19.3341	 13.8013
2018	183	  17	  0	182.7083	260.9733	 33.1079	 399.8567	  358.2552	 203.1544	390.8359	 19.2469	 85.4821	129.5918	 76.5076	 76.5076	375.2551	419.9051	398.4558	398.4558	398.8025	411.6705	 29.7729	580.9890	  0.8261	   0.1795	  0.4016	    0.8189	  0.9347	   0.8189	  0.7926	 22.5667	 16.3784	 11.6178
2018	183	  18	  0	182.7500	273.9014	 25.1468	 263.2919	  231.2504	 163.7563	255.6051	 14.0666	 59.8645	 88.2310	 61.3039	 59.7057	374.3871	411.0679	393.4601	394.3946	394.1069	404.0329	 25.3839	451.6342	  0.7601	   0.1345	  0.3326	    0.8189	  0.9347	   0.8189	  0.7948	 22.2000	 12.7500	  8.9273
2018	183	  19	  0	182.7917	286.0836	 17.3064	 137.3244	   89.5447	 109.1683	131.9311	  8.7057	 38.6743	 45.9984	 40.5598	 38.6743	370.0075	401.2995	389.0100	389.0588	389.0588	394.2209	 20.5325	316.4526	  0.6637	   0.0910	  0.2542	    0.8189	  0.9347	   0.8189	  0.7940	 21.3875	  8.4787	  5.8147
2018	183	  20	  0	182.8333	298.0749	  9.9504	  44.2815	   10.6251	  42.2805	 42.1300	  3.2825	 14.7392	 15.4084	 15.0427	 14.7392	368.2147	392.0248	384.1814	383.4868	383.4868	386.5310	 15.8103	183.8633	  0.5497	   0.0497	  0.1673	    0.8189	  0.9347	   0.8189	  0.7978	 20.1042	  6.8575	  4.5469
2018	183	  21	  0	182.8750	310.2743	  3.4898	   5.5558	    1.2255	   5.4468	  5.2776	  0.4208	  1.9078	  1.9108	  1.9107	  1.9078	371.3255	385.4541	380.6278	377.8948	377.8948	381.3990	 13.1114	 65.4908	  0.5599	   0.0128	  0.0831	    0.8189	  0.9347	   0.8189	  0.8050	 19.0583	  9.1813	  5.7955
2018	183	  22	  0	182.9167	322.9316	 -1.7363	   0.2225	    0.1231	   0.1199	  0.1146	  0.0093	  0.0420	  0.0420	  0.0420	  0.0420	373.8680	379.2068	373.4990	372.3258	372.3258	373.3639	 11.7045	 43.6955	  0.5769	   0.0000	  0.0020	    0.8189	  0.9347	   0.8189	  0.8126	 18.0042	  2.6495	  1.6155
2018	183	  23	  0	182.9583	336.1499	 -6.3365	   0.0031	    0.0000	   0.0000	  0.0000	  0.0000	  0.0000	  0.0000	  0.0000	  0.0000	368.7916	374.0660	368.2620	368.2620	368.2620	368.2620	 10.8020	 51.0463	  0.5081	   0.0000	  0.0000	    0.8189	  0.9347	   0.8189	  0.8094	 17.0125	  0.0000	  0.0000
2018	184	   0	  0	183.0000	349.8545	 -8.7081	   0.0000	    0.0000	   0.0000	  0.0000	  0.0000	  0.0000	  0.0000	  0.0000	  0.0000	361.4001	369.1704	363.1039	363.1039	363.1039	363.1039	  9.7805	 51.1553	  0.5080	   0.0000	  0.0000	    0.8189	  0.9347	   0.8189	  0.8028	 16.0583	  0.0000	  0.0000
2018	184	   1	  0	183.0417	 93.7956	 -9.1528	   0.0612	    0.0000	   0.0000	  0.0000	  0.0000	  0.0000	  0.0000	  0.0000	  0.0000	360.7877	364.0908	358.2044	358.2044	358.2044	358.2044	  8.8705	 50.9722	  0.5098	   0.0000	  0.0000	    0.8189	  0.9347	   0.8189	  0.8036	 15.0583	  0.0000	  0.0000
2018	184	   2	  0	183.0833	 17.6458	 -7.6674	   1.9979	    0.0000	   0.0000	  0.0000	  0.0000	  0.0000	  0.0000	  0.0000	  0.0000	358.9994	359.0639	352.6764	352.6764	352.6764	352.6764	  7.8277	 50.9940	  0.5477	   0.0000	  0.0000	    0.8189	  0.9347	   0.8189	  0.8027	 14.0583	  0.0000	  0.0000
2018	184	   3	  0	183.1250	 31.1110	 -4.0848	  19.9498	    0.0000	   0.0000	  0.0000	  0.0000	  0.0000	  0.0000	  0.0000	  0.0000	356.0129	355.9674	344.9910	344.9910	344.9910	344.9910	  6.3996	 51.0433	  0.8272	   0.0000	  0.0000	    0.8189	  0.9347	   0.8189	  0.8002	 13.4375	  0.0000	  0.0000
2018	184	   4	  0	183.1667	 44.0259	  1.0205	  87.2527	   70.9587	  64.0767	 64.6599	  4.9546	 22.4760	 22.4760	 22.4760	 22.4760	360.0828	361.1392	346.1192	346.1192	347.3349	347.3349	 10.1838	 40.3010	  1.0000	   0.0119	  0.0422	    0.8189	  0.9347	   0.8189	  0.8035	 14.4375	  2.4674	  0.0000
2018	184	   5	  0	183.2083	 56.4144	  6.8356	 200.7819	  624.6636	 124.8075	194.9242	  9.8316	 45.6954	 45.6954	 47.5793	 49.1780	368.5382	373.2808	357.8024	358.0123	359.3942	359.3942	 16.4337	126.4267	  1.0000	   0.0059	  0.1225	    0.8189	  0.9347	   0.8189	  0.8093	 16.8083	  7.0758	  0.4746
2018	184	   6	  0	183.2500	 68.4666	 13.8420	 333.2404	  699.0726	 165.8056	325.9266	 14.5070	 62.5846	 62.5846	 85.9359	121.6592	378.7159	389.1062	372.4803	374.5665	373.1721	373.1721	 24.0042	252.5875	  1.0000	   0.0938	  0.2140	    0.8189	  0.9347	   0.8189	  0.8158	 18.9750	  9.7101	  2.8901
2018	184	   7	  0	183.2917	 80.5088	 21.5016	 466.3940	  726.1883	 200.1598	458.0161	 18.4847	 77.6005	 77.6005	 88.5816	147.4284	385.8618	400.2692	382.2797	387.9999	383.2070	383.2070	 28.2461	386.2248	  1.0000	   0.1050	  0.2975	    0.8189	  0.9347	   0.8189	  0.8188	 20.6667	 12.2331	  5.4131
2018	184	   8	  0	183.3333	 93.0212	 29.4494	 589.2752	  748.3783	 221.4553	580.5217	 23.1143	 95.1366	 88.5861	 89.3146	193.1931	392.0964	415.8404	395.1317	403.6693	394.6831	395.5662	 33.0035	517.6580	  1.0000	   0.1614	  0.3715	    0.8189	  0.9347	   0.8189	  0.8197	 22.4292	 14.6004	  7.7804
2018	184	   9	  0	183.3750	106.6577	 37.2973	 690.0942	  763.0014	 227.9861	681.6699	 27.4316	132.7481	 94.6736	 94.6736	218.8611	398.1883	426.6402	403.2674	413.8147	404.9288	403.2674	 36.8380	636.8036	  1.0000	   0.2154	  0.4345	    0.8189	  0.9347	   0.8189	  0.8243	 23.0833	 16.7702	  9.9502
2018	184	  10	  0	183.4167	122.2660	 44.5458	 768.1867	  775.7855	 224.2213	760.5315	 32.5676	183.4648	 97.5203	 97.5203	232.3828	398.6645	437.3598	408.8987	420.1372	415.1665	408.8987	 39.9786	737.4767	  1.0000	   0.2912	  0.4810	    0.8189	  0.9347	   0.8189	  0.8238	 23.1167	 18.7041	 11.8841
2018	184	  11	  0	183.4583	140.7874	 50.5087	 812.3587	  801.7927	 193.5283	806.8026	 37.9214	246.6678	 92.1259	 92.1259	216.6906	398.2775	454.3188	418.2688	427.4570	430.2313	418.2688	 42.5496	812.3707	  1.0000	   0.3919	  0.4996	    0.8189	  0.9347	   0.8189	  0.8208	 23.4625	 20.3681	 13.5481
2018	184	  12	  0	183.5000	162.6269	 54.2865	 803.7115	  733.9611	 208.0080	797.2509	 42.2388	287.4279	 97.2921	 97.2921	157.4566	399.0519	469.4249	426.8185	430.4747	444.0942	426.8185	 43.5140	855.2313	  0.9969	   0.4691	  0.5000	    0.8189	  0.9347	   0.8189	  0.8198	 23.7625	 21.7327	 14.9127
2018	184	  13	  0	183.5417	186.5023	 55.0393	 788.8735	  691.5183	 222.1171	781.4866	 42.8220	289.9369	124.0400	100.8538	103.0121	393.1629	480.6380	433.9486	433.6513	453.7432	434.9978	 43.8486	868.0146	  0.9730	   0.4836	  0.5000	    0.8189	  0.9347	   0.8189	  0.8050	 24.7667	 22.7739	 15.9539
2018	184	  14	  0	183.5833	209.5588	 52.5668	 732.9027	  639.6784	 224.8285	724.9638	 38.1571	244.6830	179.9820	 98.2685	 98.2685	380.1483	480.0213	434.0254	434.0254	451.4067	442.6073	 43.6147	849.4086	  0.9337	   0.4341	  0.5000	    0.8189	  0.9347	   0.8189	  0.7780	 25.7708	 22.7973	 16.1727
2018	184	  15	  0	183.6250	229.6270	 47.4825	 641.0037	  554.4217	 231.9269	632.0043	 31.0670	177.2268	189.5942	 95.2058	 95.2058	377.0394	459.1002	422.3711	422.3711	433.4369	435.7748	 39.8640	788.5005	  0.8986	   0.3352	  0.4939	    0.8189	  0.9347	   0.8189	  0.7776	 25.1875	 21.0075	 14.9920
2018	184	  16	  0	183.6667	246.4613	 40.7201	 522.4590	  449.1379	 228.7943	512.8075	 24.8794	123.7264	166.8187	 88.9755	 88.9755	381.9903	439.9970	412.5005	412.5005	417.4391	426.9211	 35.4358	693.9882	  0.8607	   0.2511	  0.4582	    0.8189	  0.9347	   0.8189	  0.7920	 24.3375	 18.6211	 13.2864
2018	184	  17	  0	183.7083	260.8808	 33.0727	 388.5742	  335.0421	 204.7559	379.3807	 19.1296	 85.0744	126.1205	 76.6075	 76.6075	381.8232	426.4709	405.6726	405.6726	405.9240	418.2670	 30.7033	579.6618	  0.8083	   0.1790	  0.4014	    0.8189	  0.9347	   0.8189	  0.7958	 23.8750	 15.6027	 11.0624
2018	184	  18	  0	183.7500	273.8154	 25.1119	 252.9848	  206.7382	 163.9412	245.2147	 13.9328	 59.5815	 84.9711	 60.7967	 59.4259	379.6126	414.8733	398.0237	399.0401	398.7476	407.9044	 25.9263	450.4254	  0.7390	   0.1342	  0.3324	    0.8189	  0.9347	   0.8189	  0.7988	 23.0042	 11.8688	  8.3063
2018	184	  19	  0	183.7917	286.0029	 17.2694	 130.6910	   70.5534	 108.3379	125.2994	  8.5839	 38.2102	 43.9586	 39.6492	 38.2102	380.0809	404.9388	393.6789	393.9024	393.9024	398.4967	 21.2318	314.4717	  0.6458	   0.0904	  0.2539	    0.8189	  0.9347	   0.8189	  0.8054	 22.1208	  7.7955	  5.3429
2018	184	  20	  0	183.8333	297.9988	  9.9093	  41.9871	    9.4788	  40.2068	 39.9403	  3.1206	 14.0118	 14.6170	 14.2852	 14.0118	381.1867	396.1925	389.3068	388.6337	388.6337	391.6710	 16.7133	182.1294	  0.5406	   0.0502	  0.1667	    0.8189	  0.9347	   0.8189	  0.8124	 20.8792	  6.8244	  4.5215
2018	184	  21	  0	183.8750	310.2026	  3.4448	   5.7925	    1.2930	   5.6869	  5.5020	  0.4393	  1.9915	  1.9966	  1.9965	  1.9915	380.4304	387.4532	383.1400	380.3663	380.3663	383.9271	 13.6593	 64.3988	  0.5707	   0.0114	  0.0819	    0.8189	  0.9347	   0.8189	  0.8154	 19.4500	  9.2614	  5.8394
2018	184	  22	  0	183.9167	322.8650	 -1.7965	   0.3021	    0.1640	   0.1450	  0.1386	  0.0112	  0.0512	  0.0512	  0.0512	  0.0512	378.5752	382.4712	376.9159	375.7069	375.7069	376.7816	 12.3654	 43.3265	  0.5819	   0.0000	  0.0018	    0.8189	  0.9347	   0.8189	  0.8168	 18.6292	  2.7104	  1.6509
2018	184	  23	  0	183.9583	336.0901	 -6.3979	   0.0052	    0.0000	   0.0000	  0.0000	  0.0000	  0.0000	  0.0000	  0.0000	  0.0000	376.5904	379.2921	373.7617	373.7617	373.7617	373.7617	 11.8786	 50.7265	  0.5087	   0.0000	  0.0000	    0.8189	  0.9347	   0.8189	  0.8164	 18.0208	  0.0000	  0.0000
2018	185	   0	  0	184.0000	349.8034	 -8.7783	   0.0000	    0.0000	   0.0000	  0.0000	  0.0000	  0.0000	  0.0000	  0.0000	  0.0000	375.5139	375.6578	370.2324	370.2324	370.2324	370.2324	 11.2313	 50.7181	  0.5086	   0.0000	  0.0000	    0.8189	  0.9347	   0.8189	  0.8164	 17.3208	  0.0000	  0.0000
2018	185	   1	  0	184.0417	 93.7550	 -9.2295	   0.0277	    0.0000	   0.0000	  0.0000	  0.0000	  0.0000	  0.0000	  0.0000	  0.0000	377.0440	372.3277	367.1414	367.1414	367.1414	367.1414	 10.6877	 50.5250	  0.5096	   0.0000	  0.0000	    0.8189	  0.9347	   0.8189	  0.8187	 16.6750	  0.0000	  0.0000
2018	185	   2	  0	184.0833	 17.6165	 -7.7499	   1.4258	    0.0000	   0.0000	  0.0000	  0.0000	  0.0000	  0.0000	  0.0000	  0.0000	378.7666	370.0840	364.6844	364.6844	364.6844	364.6844	 10.2638	 50.4915	  0.5373	   0.0000	  0.0000	    0.8189	  0.9347	   0.8189	  0.8207	 16.2375	  0.0000	  0.0000
2018	185	   3	  0	184.1250	 31.0927	 -4.1877	  15.1613	    0.0000	   0.0000	  0.0000	  0.0000	  0.0000	  0.0000	  0.0000	  0.0000	377.0533	368.5518	359.3110	359.3110	359.3110	359.3110	  9.3042	 50.5209	  0.7858	   0.0000	  0.0000	    0.8189	  0.9347	   0.8189	  0.8192	 15.9375	  0.0000	  0.0000
2018	185	   4	  0	184.1667	 44.0173	  0.9418	  70.7835	  119.7588	  50.2163	 53.5683	  3.8879	 17.6936	 17.6936	 17.6936	 17.6936	377.0361	370.4994	356.5763	356.5763	357.8201	357.8201	 11.5970	 39.0429	  1.0000	   0.0109	  0.0410	    0.8189	  0.9347	   0.8189	  0.8190	 16.2875	  2.6953	  0.0000
2018	185	   5	  0	184.2083	 56.4138	  6.7495	 185.6379	  636.0240	 109.8487	180.5451	  8.6728	 40.4597	 40.4597	 42.2505	 43.7752	379.4492	377.4608	362.8669	363.0687	364.4919	364.4919	 16.6789	124.3799	  1.0000	   0.0057	  0.1210	    0.8189	  0.9347	   0.8189	  0.8200	 17.6208	  7.0377	  0.4524
2018	185	   6	  0	184.2500	 68.4720	 13.7547	 321.0569	  691.6908	 156.4154	314.2044	 13.7501	 59.2466	 59.2466	 82.2985	117.5786	383.8577	390.3361	374.2277	376.2919	374.9402	374.9402	 23.8536	250.5279	  1.0000	   0.0935	  0.2130	    0.8189	  0.9347	   0.8189	  0.8213	 19.2125	  9.6723	  2.8523
2018	185	   7	  0	184.2917	 80.5184	 21.4141	 452.5294	  718.6281	 190.0745	444.6415	 17.6480	 73.9915	 73.9915	 84.7728	142.7047	387.5559	400.1572	382.4265	388.1069	383.3622	383.3622	 27.7793	384.4427	  1.0000	   0.1043	  0.2968	    0.8189	  0.9347	   0.8189	  0.8210	 20.6583	 12.1961	  5.3761
2018	185	   8	  0	184.3333	 93.0325	 29.3617	 578.1358	  743.8782	 213.4674	569.7693	 22.4218	 92.2441	 85.7285	 86.4435	189.3138	389.7087	410.3626	390.0461	398.4587	389.6098	390.4791	 31.8555	516.2670	  1.0000	   0.1606	  0.3709	    0.8189	  0.9347	   0.8189	  0.8201	 21.4625	 14.5645	  7.7445
2018	185	   9	  0	184.3750	106.6670	 37.2091	 685.6917	  769.5322	 220.4441	677.6758	 26.8809	130.5678	 92.2047	 92.2047	217.0702	384.2914	422.1074	397.3000	407.7273	398.9484	397.3000	 35.6452	639.6634	  1.0000	   0.2144	  0.4340	    0.8189	  0.9347	   0.8189	  0.8080	 22.3042	 16.7355	  9.9155
2018	185	  10	  0	184.4167	122.2671	 44.4571	 765.2435	  787.9978	 213.6004	758.1864	 31.9002	181.2592	 94.2092	 94.2092	230.8204	376.8103	436.8540	405.1060	416.2995	411.3467	405.1060	 39.0450	745.1910	  1.0000	   0.2899	  0.4806	    0.8189	  0.9347	   0.8189	  0.7922	 23.0625	 18.6707	 11.8507
2018	185	  11	  0	184.4583	140.7698	 50.4205	 809.9577	  822.7041	 175.6201	805.4280	 37.0316	245.1498	 86.7944	 86.7944	214.1409	372.4415	454.7254	414.5028	423.6763	426.4418	414.5028	 41.5238	823.5892	  1.0000	   0.3901	  0.4996	    0.8189	  0.9347	   0.8189	  0.7813	 23.5792	 20.3359	 13.5159
2018	185	  12	  0	184.5000	162.5782	 54.2021	 819.8944	  799.7920	 171.4270	815.6789	 41.6398	294.5049	 87.6299	 87.6299	153.2215	371.8590	470.2881	423.1134	426.7801	440.3715	423.1134	 42.5815	868.1917	  0.9985	   0.4674	  0.5000	    0.8189	  0.9347	   0.8189	  0.7772	 23.9542	 21.7016	 14.8816
2018	185	  13	  0	184.5417	186.4197	 54.9637	 794.4004	  716.5954	 207.6022	787.8980	 42.5381	292.8158	120.4122	 96.9916	 99.3555	369.2116	474.8907	425.5174	425.2270	445.1003	426.5247	 42.4135	878.0481	  0.9691	   0.4821	  0.5000	    0.8189	  0.9347	   0.8189	  0.7727	 23.8917	 22.7351	 15.9176
2018	185	  14	  0	184.5833	209.4552	 52.5032	 731.1321	  630.0019	 231.0753	722.8167	 38.2674	244.2724	179.9043	 99.9745	 99.9745	372.9249	469.1110	424.5009	424.5009	441.2212	432.6953	 42.3151	849.4030	  0.9317	   0.4328	  0.5000	    0.8189	  0.9347	   0.8189	  0.7765	 24.2333	 22.3272	 15.8309
2018	185	  15	  0	184.6250	229.5191	 47.4300	 636.4204	  539.8965	 238.4521	627.0086	 31.1744	176.7625	188.5414	 96.9254	 96.9254	378.2376	454.5169	419.2192	419.2192	429.9411	432.1685	 39.4257	786.0843	  0.8954	   0.3343	  0.4938	    0.8189	  0.9347	   0.8189	  0.7836	 24.6000	 20.5524	 14.6600
2018	185	  16	  0	184.6667	246.3582	 40.6752	 517.3769	  441.9032	 228.7164	507.6942	 24.7332	123.0122	165.1419	 88.7553	 88.7553	374.6309	438.9439	410.9492	410.9492	415.7482	424.9360	 35.0322	696.2988	  0.8511	   0.2505	  0.4579	    0.8189	  0.9347	   0.8189	  0.7809	 24.2750	 18.1919	 12.9738
2018	185	  17	  0	184.7083	260.7848	 33.0314	 384.7867	  330.2825	 203.8078	375.6218	 18.9955	 84.5829	124.8414	 76.1835	 76.1835	372.7676	424.9299	403.4074	403.4074	403.6264	415.6283	 30.1838	581.9321	  0.7994	   0.1784	  0.4012	    0.8189	  0.9347	   0.8189	  0.7830	 23.6750	 15.2606	 10.8141
2018	185	  18	  0	184.7500	273.7261	 25.0710	 252.8996	  211.2638	 162.1432	245.2336	 13.8140	 59.0272	 84.8812	 60.2459	 58.8621	372.5274	415.2920	397.5114	398.5341	398.2449	407.4677	 25.7442	451.6715	  0.7376	   0.1340	  0.3321	    0.8189	  0.9347	   0.8189	  0.7876	 23.0750	 11.9444	  8.3541
2018	185	  19	  0	184.7917	285.9192	 17.2263	 130.5185	   72.9173	 107.4437	125.1778	  8.5209	 37.9247	 43.8337	 39.3899	 37.9247	375.8155	405.4024	393.6301	393.8526	393.8526	398.5070	 21.1589	314.5723	  0.6454	   0.0898	  0.2535	    0.8189	  0.9347	   0.8189	  0.7987	 22.2042	  7.8596	  5.3835
2018	185	  20	  0	184.8333	297.9200	  9.8620	  40.9210	    9.1004	  39.2115	 38.9247	  3.0433	 13.6628	 14.2567	 13.9299	 13.6628	381.7194	396.5365	389.7262	389.0659	389.0659	392.0963	 16.7431	181.2827	  0.5362	   0.0506	  0.1661	    0.8189	  0.9347	   0.8189	  0.8128	 20.9417	  6.8140	  4.5109
2018	185	  21	  0	184.8750	310.1288	  3.3939	   5.1708	    1.0246	   5.0826	  4.9111	  0.3926	  1.7799	  1.7822	  1.7822	  1.7799	384.6047	388.1447	384.2659	381.5059	381.5059	385.0684	 13.8701	 63.3799	  0.5639	   0.0099	  0.0807	    0.8189	  0.9347	   0.8189	  0.8200	 19.5958	  9.2551	  5.8295
2018	185	  22	  0	184.9167	322.7971	 -1.8642	   0.1979	    0.0660	   0.0649	  0.0621	  0.0050	  0.0227	  0.0227	  0.0227	  0.0227	383.7488	382.9958	377.8130	377.2737	377.2737	377.7666	 12.6348	 47.0131	  0.5409	   0.0000	  0.0014	    0.8189	  0.9347	   0.8189	  0.8230	 18.7292	  1.2530	  0.7647
2018	185	  23	  0	184.9583	336.0297	 -6.4723	   0.0000	    0.0000	   0.0000	  0.0000	  0.0000	  0.0000	  0.0000	  0.0000	  0.0000	381.4870	378.4048	373.2548	373.2548	373.2548	373.2548	 11.8391	 50.4638	  0.5091	   0.0000	  0.0000	    0.8189	  0.9347	   0.8189	  0.8221	 17.8500	  0.0000	  0.0000
2018	186	   0	  0	185.0000	349.7527	 -8.8552	   0.0000	    0.0000	   0.0000	  0.0000	  0.0000	  0.0000	  0.0000	  0.0000	  0.0000	379.5879	375.2689	370.1316	370.1316	370.1316	370.1316	 11.2569	 50.4794	  0.5091	   0.0000	  0.0000	    0.8189	  0.9347	   0.8189	  0.8208	 17.2458	  0.0000	  0.0000
2018	186	   1	  0	185.0417	 93.7156	 -9.3128	   0.0977	    0.0000	   0.0000	  0.0000	  0.0000	  0.0000	  0.0000	  0.0000	  0.0000	379.6275	373.9142	368.8028	368.8028	368.8028	368.8028	 11.0173	 50.3437	  0.5115	   0.0000	  0.0000	    0.8189	  0.9347	   0.8189	  0.8211	 16.9833	  0.0000	  0.0000
2018	186	   2	  0	185.0833	 17.5894	 -7.8388	   1.3046	    0.0000	   0.0000	  0.0000	  0.0000	  0.0000	  0.0000	  0.0000	  0.0000	378.2537	373.5274	367.9721	367.9721	367.9721	367.9721	 10.8565	 50.3685	  0.5354	   0.0000	  0.0000	    0.8189	  0.9347	   0.8189	  0.8197	 16.9083	  0.0000	  0.0000
2018	186	   3	  0	185.1250	 31.0774	 -4.2979	   8.3598	    0.0000	   0.0000	  0.0000	  0.0000	  0.0000	  0.0000	  0.0000	  0.0000	376.5826	373.9998	366.1312	366.1312	366.1312	366.1312	 10.5300	 50.4010	  0.6754	   0.0000	  0.0000	    0.8189	  0.9347	   0.8189	  0.8179	 17.0000	  0.0000	  0.0000
2018	186	   4	  0	185.1667	 44.0123	  0.8577	  38.6004	  262.1980	  20.1475	 29.7456	  1.5823	  7.3402	  7.3402	  9.5897	  9.6334	372.6347	375.0757	360.5790	360.5790	361.8362	361.8362	 10.9561	 38.0263	  0.9808	   0.0101	  0.0395	    0.8189	  0.9347	   0.8189	  0.8134	 17.1625	  3.0422	  0.0000
2018	186	   5	  0	185.2083	 56.4173	  6.6583	 117.9542	  754.4745	  28.1514	117.1444	  2.3944	 12.2814	 12.2814	 14.2601	 15.9457	371.4091	376.9054	361.4150	361.6059	363.0535	363.0535	 12.5040	123.1286	  1.0000	   0.0055	  0.1195	    0.8189	  0.9347	   0.8189	  0.8113	 17.5167	  6.9966	  0.4284
2018	186	   6	  0	185.2500	 68.4821	 13.6624	 190.7323	  540.5994	  68.5924	188.0788	  6.5569	 27.5408	 27.5408	 46.5029	 73.5513	372.1836	384.0991	367.6678	369.5265	368.4466	368.4466	 17.7175	250.0426	  0.9702	   0.0933	  0.2120	    0.8189	  0.9347	   0.8189	  0.8102	 18.0792	  9.1311	  2.6312
2018	186	   7	  0	185.2917	 80.5329	 21.3217	 179.0048	  110.2224	 141.5595	172.0178	 11.3123	 50.1052	 50.1052	 51.9704	 59.4542	371.8936	381.9940	370.6465	372.6136	372.1242	372.1242	 19.1644	384.6065	  0.6776	   0.1036	  0.2960	    0.8189	  0.9347	   0.8189	  0.8101	 18.0750	  4.7065	  2.0105
2018	186	   8	  0	185.3333	 93.0491	 29.2692	 159.8365	   14.1133	 152.9407	152.0515	 11.9210	 52.9150	 52.7884	 52.8047	 54.7336	371.9622	380.8810	374.2066	374.4296	373.3441	374.6694	 19.4018	516.9324	  0.4667	   0.1598	  0.3702	    0.8189	  0.9347	   0.8189	  0.8108	 17.9083	  2.6147	  1.3834
2018	186	   9	  0	185.3750	106.6821	 37.1159	 275.5544	   44.5348	 247.8067	263.0572	 19.7607	 88.3358	 85.6443	 85.6443	 93.1435	372.9173	384.2793	375.9097	376.1952	374.6953	375.9097	 24.3475	637.9344	  0.5517	   0.2134	  0.4334	    0.8189	  0.9347	   0.8189	  0.8109	 18.2708	  3.2046	  1.9043
2018	186	  10	  0	185.4167	122.2740	 44.3631	 468.7685	  226.8513	 308.8186	454.0771	 28.3765	137.0916	110.9582	110.9582	150.0764	373.5709	396.6878	380.8454	384.2095	382.3772	380.8454	 30.8121	739.8774	  0.7280	   0.2886	  0.4801	    0.8189	  0.9347	   0.8189	  0.8086	 18.9333	  8.0693	  5.1307
2018	186	  11	  0	185.4583	140.7575	 50.3265	 617.6531	  397.4035	 311.4175	603.8583	 35.3504	194.3443	117.7646	117.7646	178.9663	374.0801	416.8635	391.3650	396.2600	398.0040	391.3650	 36.1082	815.7513	  0.8342	   0.3882	  0.4995	    0.8189	  0.9347	   0.8189	  0.8046	 19.8417	 13.1557	  8.7407
2018	186	  12	  0	185.5000	162.5335	 54.1113	 685.7044	  459.4654	 313.2544	672.2816	 40.4821	240.7962	121.6115	121.6115	157.7914	375.3886	430.4668	398.6083	400.4714	409.7168	398.6083	 38.4723	858.8886	  0.8649	   0.4656	  0.5000	    0.8189	  0.9347	   0.8189	  0.8044	 20.1375	 15.5224	 10.6418
2018	186	  13	  0	185.5417	186.3384	 54.8814	 774.4560	  633.0092	 256.7293	764.9511	 43.1153	282.4536	131.6665	109.9036	111.7411	378.1724	449.5512	407.2681	406.9697	425.1863	408.2050	 40.3954	866.8629	  0.9581	   0.4806	  0.5000	    0.8189	  0.9347	   0.8189	  0.8055	 20.2167	 21.7379	 15.2133
2018	186	  14	  0	185.5833	209.3504	 52.4329	 743.8369	  625.3822	 247.9317	734.6289	 39.3321	248.4841	184.3838	105.3776	105.3776	379.2920	447.0798	406.6803	406.6803	423.0047	414.6451	 40.4567	839.8453	  0.9569	   0.4314	  0.5000	    0.8189	  0.9347	   0.8189	  0.8055	 20.5083	 22.5213	 15.9595
2018	186	  15	  0	185.6250	229.4085	 47.3710	 637.0071	  510.7078	 260.7690	626.2992	 32.1807	179.2558	189.8679	103.5400	103.5400	376.8021	428.4395	397.5220	397.5220	407.3297	409.2803	 36.7204	779.9769	  0.9025	   0.3333	  0.4937	    0.8189	  0.9347	   0.8189	  0.8034	 20.4375	 19.6777	 14.0284
2018	186	  16	  0	185.6667	246.2517	 40.6239	 515.5550	  410.3914	 247.7304	504.7518	 25.6745	126.3229	165.1670	 94.4290	 94.4290	375.3503	415.4454	391.4089	391.4089	395.7075	403.9993	 32.4823	690.3652	  0.8550	   0.2498	  0.4577	    0.8189	  0.9347	   0.8189	  0.8025	 20.4083	 17.2174	 12.2722
2018	186	  17	  0	185.7083	260.6854	 32.9839	 382.1804	  301.3895	 217.1329	372.2209	 19.7300	 87.9573	124.4657	 80.1999	 80.1999	375.6630	405.0604	386.8107	386.8107	386.9370	397.7623	 27.9011	576.8051	  0.8009	   0.1777	  0.4009	    0.8189	  0.9347	   0.8189	  0.8045	 20.2833	 14.3409	 10.1569
2018	186	  18	  0	185.7500	273.6335	 25.0240	 245.9952	  175.4281	 170.4033	237.7994	 14.2405	 61.3664	 82.9313	 62.2767	 61.2123	374.0101	395.6941	380.7971	381.8612	381.5843	389.3506	 23.1274	448.0272	  0.7265	   0.1337	  0.3317	    0.8189	  0.9347	   0.8189	  0.8058	 19.6667	 10.6779	  7.4647
2018	186	  19	  0	185.7917	285.8327	 17.1770	 117.8775	   40.7234	 104.9031	112.5958	  8.2286	 36.7389	 40.1126	 37.5551	 36.7389	373.8108	388.0052	378.2401	378.6965	378.6965	382.1970	 18.2413	312.6309	  0.6076	   0.0891	  0.2531	    0.8189	  0.9347	   0.8189	  0.8087	 19.0833	  6.6514	  4.5507
2018	186	  20	  0	185.8333	297.8388	  9.8085	  36.0175	    6.3538	  34.8262	 34.2421	  2.7001	 12.1242	 12.5457	 12.3129	 12.1242	376.8474	383.9070	377.8955	377.2796	377.2796	380.1782	 14.4207	180.2924	  0.5122	   0.0510	  0.1654	    0.8189	  0.9347	   0.8189	  0.8138	 18.5750	  6.7140	  4.4404
2018	186	  21	  0	185.8750	310.0531	  3.3369	   4.6217	    0.7051	   4.5630	  4.3884	  0.3524	  1.5974	  1.5991	  1.5991	  1.5974	376.6005	378.6847	374.7515	372.0185	372.0185	375.5514	 12.0731	 62.4628	  0.5627	   0.0082	  0.0793	    0.8189	  0.9347	   0.8189	  0.8146	 17.8125	  9.2961	  5.8480
2018	186	  22	  0	185.9167	322.7279	 -1.9393	   0.3312	    0.0701	   0.0689	  0.0658	  0.0053	  0.0241	  0.0241	  0.0241	  0.0241	372.0931	375.7861	370.0482	369.4897	369.4897	370.0024	 11.1169	 46.9817	  0.5469	   0.0000	  0.0013	    0.8189	  0.9347	   0.8189	  0.8123	 17.3458	  1.3034	  0.7944
2018	186	  23	  0	185.9583	335.9688	 -6.5502	   0.0208	    0.0000	   0.0000	  0.0000	  0.0000	  0.0000	  0.0000	  0.0000	  0.0000	369.3649	373.8717	368.0871	368.0871	368.0871	368.0871	 10.7771	 50.5415	  0.5099	   0.0000	  0.0000	    0.8189	  0.9347	   0.8189	  0.8101	 16.9750	  0.0000	  0.0000
2018	187	   0	  0	186.0000	349.1213	 -8.8902	   0.0000	    0.0000	   0.0000	  0.0000	  0.0000	  0.0000	  0.0000	  0.0000	  0.0000	366.7463	371.9417	366.0794	366.0794	366.0794	366.0794	 10.3835	 50.5844	  0.5095	   0.0000	  0.0000	    0.8189	  0.9347	   0.8189	  0.8079	 16.6000	  0.0000	  0.0000
