Year	DOY	Hour	Min	 Dectime	 azimuth	altitude	GlobalRad	DiffuseRad	DirectRad	 Kdown2d	   Kup2d	  Ksouth	   Kwest	  Knorth	   Keast	 Ldown2d	   Lup2d	  Lsouth	   Lwest	  Lnorth	   Least	    Tmrt	      I0	      CI	SH_Ground	SH_Walls	SVF_Ground	SVF_Roof	SVF_BdVeg	Emis_Sky	      Ta	      Tg	      Tw
2018	179	   0	  0	178.0000	356.4721	 -8.9705	   0.0200	    0.0000	   0.0000	  0.0000	  0.0000	  0.0000	  0.0000	  0.0000	  0.0000	400.1994	379.7254	377.6559	377.6559	377.6559	377.6559	 12.8014	 51.3710	  0.5056	   0.0000	  0.0000	    0.8287	  0.9373	   0.8287	  0.8405	 18.9000	  0.0000	  0.0000
2018	179	   1	  0	178.0417	 94.0155	 -8.8726	   0.1496	    0.0000	   0.0000	  0.0000	  0.0000	  0.0000	  0.0000	  0.0000	  0.0000	396.9661	378.3194	376.0429	376.0429	376.0429	376.0429	 12.4806	 51.4318	  0.5081	   0.0000	  0.0000	    0.8287	  0.9373	   0.8287	  0.8374	 18.6292	  0.0000	  0.0000
2018	179	   2	  0	178.0833	 17.8231	 -7.3549	   2.4581	    0.0000	   0.0000	  0.0000	  0.0000	  0.0000	  0.0000	  0.0000	  0.0000	392.8197	374.6174	371.5170	371.5170	371.5170	371.5170	 11.6338	 51.5084	  0.5529	   0.0000	  0.0000	    0.8287	  0.9373	   0.8287	  0.8337	 17.9125	  0.0000	  0.0000
2018	179	   3	  0	178.1250	 31.2454	 -3.6862	  20.5810	    0.0000	   0.0000	  0.0000	  0.0000	  0.0000	  0.0000	  0.0000	  0.0000	393.9540	372.2189	365.1255	365.1255	365.1255	365.1255	 10.5394	 51.4896	  0.8351	   0.0000	  0.0000	    0.8287	  0.9373	   0.8287	  0.8349	 17.4458	  0.0000	  0.0000
2018	179	   4	  0	178.1667	 44.1215	  1.3317	  85.2542	  124.2002	  64.6584	 68.2507	  5.0000	 22.3477	 22.3477	 22.6087	 22.6252	396.9986	375.0154	364.2338	364.2338	365.5503	365.5503	 13.8531	 40.2035	  1.0000	   0.0160	  0.0503	    0.8287	  0.9373	   0.8287	  0.8377	 17.9417	  3.0084	  0.0000
2018	179	   5	  0	178.2083	 56.4779	  7.1838	 193.9660	  623.5922	 115.0262	188.3785	  9.0680	 41.1990	 41.1990	 43.9329	 46.2108	401.0888	383.1647	372.1723	372.4182	373.6249	373.6249	 18.6503	131.1110	  1.0000	   0.0088	  0.1370	    0.8287	  0.9373	   0.8287	  0.8408	 19.4833	  7.2194	  0.5639
2018	179	   6	  0	178.2500	 68.5059	 14.1999	 323.6306	  681.8699	 156.0581	316.3678	 13.7292	 57.2560	 57.2560	 80.8250	117.1330	399.0090	399.3889	385.7380	387.9241	386.2825	386.2825	 25.6370	257.1494	  1.0000	   0.0976	  0.2300	    0.8287	  0.9373	   0.8287	  0.8334	 21.6458	  9.8522	  3.0322
2018	179	   7	  0	178.2917	 80.5332	 21.8635	 456.5967	  712.4835	 191.2438	448.0116	 17.9606	 71.7428	 71.7428	 83.9591	148.5778	399.1241	410.8842	394.5989	400.4487	395.4101	395.4101	 29.7478	390.7853	  1.0000	   0.1181	  0.3146	    0.8287	  0.9373	   0.8287	  0.8275	 23.2417	 12.3723	  5.5523
2018	179	   8	  0	178.3333	 93.0422	 29.8137	 581.4260	  734.4832	 216.3450	572.0553	 23.1098	 90.4528	 83.2920	 84.0911	197.4483	406.1357	422.1748	403.4898	412.1664	403.1105	403.8974	 34.0018	520.5618	  1.0000	   0.1801	  0.3889	    0.8287	  0.9373	   0.8287	  0.8326	 24.0792	 14.7356	  7.9156
2018	179	   9	  0	178.3750	106.6925	 37.6629	 687.2823	  755.7069	 225.6969	677.9307	 28.1453	132.1986	 89.9218	 89.9218	227.7056	406.9987	434.7463	411.9288	422.6128	413.7242	411.9288	 38.0677	640.5462	  1.0000	   0.2424	  0.4503	    0.8287	  0.9373	   0.8287	  0.8293	 24.8333	 16.9007	 10.0807
2018	179	  10	  0	178.4167	122.3434	 44.9100	 766.0317	  774.0438	 219.7732	757.4342	 33.8527	188.2333	 91.9103	 91.9103	242.3696	400.0234	451.5788	420.9016	432.3125	427.3410	420.9016	 41.6947	744.5904	  1.0000	   0.3281	  0.4919	    0.8287	  0.9373	   0.8287	  0.8137	 25.6333	 18.8298	 12.0098
2018	179	  11	  0	178.4583	140.9516	 50.8636	 811.1337	  822.4282	 172.9032	805.4655	 39.6864	260.4238	 82.0845	 82.0845	224.7652	393.5677	472.1599	431.3232	440.6375	443.5052	431.3232	 44.3072	822.5490	  1.0000	   0.4427	  0.5000	    0.8287	  0.9373	   0.8287	  0.7995	 26.1625	 20.4891	 13.6691
2018	179	  12	  0	178.5000	162.9236	 54.6149	 822.4575	  801.3166	 169.3716	817.0517	 44.0989	309.0070	 83.0304	 83.0304	153.2407	387.8484	485.2678	437.0130	440.6910	454.4626	437.0130	 44.6816	868.0359	  0.9985	   0.5138	  0.5000	    0.8287	  0.9373	   0.8287	  0.7896	 26.1375	 21.8495	 15.0295
2018	179	  13	  0	178.5417	186.9319	 55.3188	 796.4375	  721.0041	 203.4778	788.9359	 44.5699	304.6815	118.8147	 91.7632	 93.8810	382.9956	490.5440	439.4690	439.1667	459.1917	440.7095	 44.3850	878.5174	  0.9700	   0.5263	  0.5000	    0.8287	  0.9373	   0.8287	  0.7809	 26.1625	 22.8873	 16.0673
2018	179	  14	  0	178.5833	210.0570	 52.7861	 726.1021	  617.1169	 234.0950	716.4722	 40.0425	251.8693	184.1151	 96.7452	 96.7452	388.1329	482.7667	437.4158	437.4158	454.0096	445.7408	 44.2258	848.1263	  0.9261	   0.4796	  0.5000	    0.8287	  0.9373	   0.8287	  0.7888	 26.2458	 22.2752	 15.8313
2018	179	  15	  0	178.6250	230.1242	 47.6495	 585.1885	  423.3215	 271.8289	572.6506	 32.1492	171.2269	182.7615	101.2694	101.2694	391.1817	455.5541	425.6630	425.6630	433.8916	435.8583	 39.8021	784.3896	  0.8310	   0.3778	  0.4986	    0.8287	  0.9373	   0.8287	  0.7972	 26.0917	 16.8632	 12.0563
2018	179	  16	  0	178.6667	246.9258	 40.8527	 491.1592	  374.6941	 245.9120	479.6157	 25.4697	121.2304	161.9946	 90.0230	 90.0230	390.3866	439.9733	416.3352	416.3352	420.2147	428.4320	 35.5685	693.3104	  0.8164	   0.2781	  0.4715	    0.8287	  0.9373	   0.8287	  0.8008	 25.3500	 16.1727	 11.5603
2018	179	  17	  0	178.7083	261.3085	 33.1885	 383.1725	  312.5311	 211.3264	373.0480	 19.6491	 84.4996	127.5842	 76.1393	 76.1393	399.3091	426.4672	409.1283	409.1283	409.2899	421.1046	 31.2819	576.2468	  0.8028	   0.1995	  0.4166	    0.8287	  0.9373	   0.8287	  0.8194	 24.4750	 15.1132	 10.7356
2018	179	  18	  0	178.7500	274.2122	 25.2257	 253.0598	  202.1598	 165.8296	244.8648	 14.1064	 58.6101	 85.7646	 60.1330	 58.4941	391.9055	415.7521	401.6714	402.5176	402.2341	411.3212	 26.5134	449.5915	  0.7396	   0.1472	  0.3474	    0.8287	  0.9373	   0.8287	  0.8132	 23.8208	 11.8822	  8.3330
2018	179	  19	  0	178.7917	286.3760	 17.3927	 132.9092	   78.2398	 108.1126	127.3978	  8.5979	 37.4192	 44.5396	 39.2672	 37.4192	378.6460	405.6715	395.6885	395.6913	395.6913	400.5489	 21.4914	317.2598	  0.6483	   0.0997	  0.2677	    0.8287	  0.9373	   0.8287	  0.7995	 22.9583	  8.0967	  5.5629
2018	179	  20	  0	178.8333	298.3529	 10.0513	  43.2283	   10.5196	  41.2411	 41.0867	  3.1989	 14.1377	 14.7838	 14.4357	 14.1377	369.2826	396.5132	390.3417	389.5365	389.5365	392.6274	 16.7642	185.9590	  0.5404	   0.0503	  0.1786	    0.8287	  0.9373	   0.8287	  0.7922	 21.7417	  6.8529	  4.5543
2018	179	  21	  0	178.8750	310.5395	  3.6067	   6.0204	    1.5570	   5.8872	  5.7139	  0.4545	  2.0287	  2.0356	  2.0356	  2.0287	370.4324	388.4425	384.9502	382.1885	382.1885	385.6645	 13.8607	 67.8158	  0.5599	   0.0158	  0.0918	    0.8287	  0.9373	   0.8287	  0.7991	 20.3958	  9.0751	  5.7470
2018	179	  22	  0	178.9167	323.1823	 -1.5714	   0.2792	    0.1675	   0.1635	  0.1564	  0.0126	  0.0564	  0.0564	  0.0564	  0.0564	378.7924	380.4671	376.8096	375.6399	375.6399	376.6640	 12.3308	 44.8033	  0.5730	   0.0000	  0.0027	    0.8287	  0.9373	   0.8287	  0.8162	 19.0417	  2.6323	  1.6107
2018	179	  23	  0	178.9583	336.3816	 -6.0684	   0.0000	    0.0000	   0.0000	  0.0000	  0.0000	  0.0000	  0.0000	  0.0000	  0.0000	380.2069	375.1747	371.9089	371.9089	371.9089	371.9089	 11.5619	 51.7722	  0.5052	   0.0000	  0.0000	    0.8287	  0.9373	   0.8287	  0.8205	 18.0208	  0.0000	  0.0000
2018	180	   0	  0	179.0000	350.0605	 -8.4984	   0.0000	    0.0000	   0.0000	  0.0000	  0.0000	  0.0000	  0.0000	  0.0000	  0.0000	372.1719	375.1959	371.3388	371.3388	371.3388	371.3388	 11.3742	 51.9202	  0.5053	   0.0000	  0.0000	    0.8287	  0.9373	   0.8287	  0.8113	 18.0250	  0.0000	  0.0000
2018	180	   1	  0	179.0417	 93.9695	 -8.9160	   0.1531	    0.0000	   0.0000	  0.0000	  0.0000	  0.0000	  0.0000	  0.0000	  0.0000	357.5876	377.1749	371.9971	371.9971	371.9971	371.9971	 11.3403	 52.0305	  0.5089	   0.0000	  0.0000	    0.8287	  0.9373	   0.8287	  0.7920	 18.4083	  0.0000	  0.0000
2018	180	   2	  0	179.0833	 17.7838	 -7.4050	   2.9312	    0.0000	   0.0000	  0.0000	  0.0000	  0.0000	  0.0000	  0.0000	  0.0000	344.5847	373.4635	366.3995	366.3995	366.3995	366.3995	 10.1963	 52.3086	  0.5620	   0.0000	  0.0000	    0.8287	  0.9373	   0.8287	  0.7772	 17.6875	  0.0000	  0.0000
2018	180	   3	  0	179.1250	 31.2130	 -3.7580	  23.7140	    0.0000	   0.0000	  0.0000	  0.0000	  0.0000	  0.0000	  0.0000	  0.0000	337.1305	364.9994	352.0640	352.0640	352.0640	352.0640	  7.5263	 52.3877	  0.8579	   0.0000	  0.0000	    0.8287	  0.9373	   0.8287	  0.7734	 16.0250	  0.0000	  0.0000
2018	180	   4	  0	179.1667	 44.0955	  1.2797	  89.7579	  147.9402	  66.0234	 70.7537	  5.1069	 22.8398	 22.8398	 23.1133	 23.1304	335.1603	362.1667	345.1201	345.1201	346.3903	346.3903	  9.8777	 40.3274	  1.0000	   0.0156	  0.0493	    0.8287	  0.9373	   0.8287	  0.7729	 15.4167	  3.0148	  0.0000
2018	180	   5	  0	179.2083	 56.4572	  7.1246	 187.3952	  692.3156	 100.9496	182.5817	  7.9968	 36.5042	 36.5042	 39.4162	 41.8411	333.2971	362.9384	345.3681	345.5967	346.7504	346.7504	 12.7757	133.6733	  1.0000	   0.0086	  0.1359	    0.8287	  0.9373	   0.8287	  0.7698	 15.5458	  7.1968	  0.5488
2018	180	   6	  0	179.2500	 68.4890	 14.1385	 383.6417	  742.4750	 201.8868	374.0619	 17.4053	 73.2048	 73.2048	 98.8294	138.2818	333.5776	370.7687	351.4411	353.4907	351.9325	351.9325	 21.9381	262.7407	  1.0000	   0.0974	  0.2292	    0.8287	  0.9373	   0.8287	  0.7666	 16.2042	  9.8299	  3.0099
2018	180	   7	  0	179.2917	 80.5183	 21.8012	 499.7950	  775.7218	 211.7078	490.2616	 19.8030	 79.2779	 79.2779	 92.5555	162.6515	336.2283	377.5539	356.4324	361.8992	357.1583	357.1583	 24.6128	399.3000	  1.0000	   0.1177	  0.3140	    0.8287	  0.9373	   0.8287	  0.7657	 17.0167	 12.3506	  5.5306
2018	180	   8	  0	179.3333	 93.0271	 29.7510	 620.2725	  796.6692	 225.0801	610.6042	 24.2947	 94.8019	 87.0853	 87.9580	210.6350	340.5193	389.2721	365.2350	373.4044	364.8903	365.6072	 28.6966	533.3176	  1.0000	   0.1796	  0.3884	    0.8287	  0.9373	   0.8287	  0.7659	 18.0667	 14.7146	  7.8946
2018	180	   9	  0	179.3750	106.6739	 37.6003	 724.5892	  813.5956	 228.4057	715.2781	 29.1250	137.2382	 91.8934	 91.8934	239.9295	343.7200	402.1238	374.3125	384.4055	376.0293	374.3125	 32.9747	655.9592	  1.0000	   0.2417	  0.4499	    0.8287	  0.9373	   0.8287	  0.7649	 19.0167	 16.8805	 10.0605
2018	180	  10	  0	179.4167	122.3160	 44.8486	 804.6000	  826.7480	 221.8149	796.0880	 35.0850	196.4047	 93.8398	 93.8398	254.2913	343.7417	415.7255	381.9760	392.7237	388.0446	381.9760	 36.7060	759.1878	  1.0000	   0.3272	  0.4917	    0.8287	  0.9373	   0.8287	  0.7617	 19.4167	 18.8104	 11.9904
2018	180	  11	  0	179.4583	140.9080	 50.8052	 853.0533	  830.8537	 209.3631	845.5112	 42.5994	273.1814	 94.1556	 94.1556	238.8043	345.0323	436.1810	393.9585	402.7617	405.4475	393.9585	 40.3361	835.4104	  1.0000	   0.4416	  0.5000	    0.8287	  0.9373	   0.8287	  0.7588	 20.1417	 20.4705	 13.6505
2018	180	  12	  0	179.5000	162.8570	 54.5630	 860.1140	  835.0803	 179.7128	854.3120	 46.1629	323.2335	 87.5621	 87.5621	159.7789	344.9287	453.3269	404.0724	407.6054	420.6545	404.0724	 40.8685	880.3997	  1.0000	   0.5128	  0.5000	    0.8287	  0.9373	   0.8287	  0.7531	 20.9250	 21.8317	 15.0117
2018	180	  13	  0	179.5417	186.8445	 55.2773	 833.0752	  803.7132	 172.4265	827.5497	 45.4245	321.9339	114.5098	 84.6351	 87.0788	341.9317	461.8077	409.0221	408.7479	427.8771	410.2036	 40.2240	891.5677	  0.9934	   0.5256	  0.5000	    0.8287	  0.9373	   0.8287	  0.7438	 21.5250	 22.8700	 16.0500
2018	180	  14	  0	179.5833	209.9613	 52.7564	 767.6838	  715.1690	 198.1400	760.3376	 40.6463	267.3498	189.8693	 88.2102	 88.2102	343.9021	461.5799	411.1812	411.1812	428.1624	419.8954	 40.8298	863.9965	  0.9588	   0.4790	  0.5000	    0.8287	  0.9373	   0.8287	  0.7420	 22.2333	 23.5368	 16.7256
2018	180	  15	  0	179.6250	230.0319	 47.6296	 668.4963	  616.9050	 212.3315	659.8137	 32.5870	188.4863	205.5377	 86.9326	 86.9326	346.2103	446.9406	405.4542	405.4542	416.8307	419.4466	 37.7863	800.8624	  0.9198	   0.3774	  0.4986	    0.8287	  0.9373	   0.8287	  0.7442	 22.5458	 22.4397	 16.0392
2018	180	  16	  0	179.6667	246.8411	 40.8389	 545.3215	  511.0124	 210.4968	536.0969	 25.1245	124.1384	179.2542	 81.1472	 81.1472	345.7555	429.5206	397.2725	397.2725	402.5149	412.4947	 33.0995	708.4585	  0.8772	   0.2779	  0.4714	    0.8287	  0.9373	   0.8287	  0.7453	 22.4458	 20.0464	 14.3257
2018	180	  17	  0	179.7083	261.2310	 33.1776	 408.6377	  387.9849	 195.2194	399.5722	 19.2156	 82.4558	135.7740	 71.9344	 71.9344	356.0563	416.1425	392.6768	392.6768	393.1527	406.3028	 28.6720	588.3711	  0.8321	   0.1993	  0.4165	    0.8287	  0.9373	   0.8287	  0.7647	 22.2375	 17.1144	 12.1539
2018	180	  18	  0	179.7500	274.1403	 25.2149	 268.6896	  249.1239	 161.0774	260.8497	 14.0486	 57.5936	 91.1170	 59.3989	 57.4390	359.3341	405.6130	387.6598	388.4167	388.1484	398.3178	 24.2598	456.2319	  0.7654	   0.1471	  0.3473	    0.8287	  0.9373	   0.8287	  0.7744	 21.7750	 13.2473	  9.2880
2018	180	  19	  0	179.7917	286.3080	 17.3800	 135.4973	   86.6167	 108.0125	130.0053	  8.6179	 37.4524	 45.3385	 39.4796	 37.4524	348.9375	396.3903	383.9309	383.8950	383.8950	388.8372	 19.3293	321.3943	  0.6508	   0.0994	  0.2676	    0.8287	  0.9373	   0.8287	  0.7632	 21.2292	  8.2814	  5.6883
2018	180	  20	  0	179.8333	298.2878	 10.0349	  46.8062	   12.7847	  44.4198	 44.5008	  3.4471	 15.2345	 15.9957	 15.5861	 15.2345	341.7600	388.8347	380.2425	379.4225	379.4225	382.5242	 14.9161	188.1921	  0.5576	   0.0507	  0.1784	    0.8287	  0.9373	   0.8287	  0.7578	 20.2958	  6.9161	  4.5942
2018	180	  21	  0	179.8750	310.4767	  3.5860	   6.9567	    2.2862	   6.7709	  6.6043	  0.5228	  2.3338	  2.3470	  2.3468	  2.3338	338.9717	380.7943	374.5971	371.8584	371.8584	375.3145	 11.7460	 68.3322	  0.5734	   0.0155	  0.0913	    0.8287	  0.9373	   0.8287	  0.7603	 18.9417	  9.1096	  5.7653
2018	180	  22	  0	179.9167	323.1220	 -1.6026	   0.3567	    0.2071	   0.1997	  0.1910	  0.0154	  0.0689	  0.0689	  0.0689	  0.0689	336.9581	373.2691	366.3150	365.1417	365.1417	366.1729	  9.9965	 45.3206	  0.5767	   0.0000	  0.0026	    0.8287	  0.9373	   0.8287	  0.7657	 17.6500	  2.6713	  1.6335
2018	180	  23	  0	179.9583	336.3249	 -6.1838	   0.0021	    0.0000	   0.0000	  0.0000	  0.0000	  0.0000	  0.0000	  0.0000	  0.0000	333.4584	363.3270	357.1754	357.1754	357.1754	357.1754	  8.3575	 52.4588	  0.5060	   0.0000	  0.0000	    0.8287	  0.9373	   0.8287	  0.7696	 15.6917	  0.0000	  0.0000
2018	181	   0	  0	180.0000	350.0088	 -8.5415	   0.0058	    0.0000	   0.0000	  0.0000	  0.0000	  0.0000	  0.0000	  0.0000	  0.0000	331.8550	354.1377	348.4470	348.4470	348.4470	348.4470	  6.6991	 52.3744	  0.5062	   0.0000	  0.0000	    0.8287	  0.9373	   0.8287	  0.7735	 13.8500	  0.0000	  0.0000
2018	181	   1	  0	180.0417	 93.9244	 -8.9660	   0.1802	    0.0000	   0.0000	  0.0000	  0.0000	  0.0000	  0.0000	  0.0000	  0.0000	329.5376	347.4623	341.9095	341.9095	341.9095	341.9095	  5.4241	 52.1402	  0.5102	   0.0000	  0.0000	    0.8287	  0.9373	   0.8287	  0.7740	 12.4875	  0.0000	  0.0000
2018	181	   2	  0	180.0833	 17.7463	 -7.4617	   2.7046	    0.0000	   0.0000	  0.0000	  0.0000	  0.0000	  0.0000	  0.0000	  0.0000	325.0698	341.5173	335.0695	335.0695	335.0695	335.0695	  4.0592	 52.1952	  0.5585	   0.0000	  0.0000	    0.8287	  0.9373	   0.8287	  0.7714	 11.2583	  0.0000	  0.0000
2018	181	   3	  0	180.1250	 31.1834	 -3.8307	  22.5377	    0.0000	   0.0000	  0.0000	  0.0000	  0.0000	  0.0000	  0.0000	  0.0000	324.3087	338.0269	326.4206	326.4206	326.4206	326.4206	  2.4157	 52.1930	  0.8446	   0.0000	  0.0000	    0.8287	  0.9373	   0.8287	  0.7717	 10.5292	  0.0000	  0.0000
2018	181	   4	  0	180.1667	 44.0729	  1.2223	  95.1450	   85.7151	  74.8452	 75.8601	  5.7820	 25.8091	 25.8091	 25.8091	 25.8091	328.6638	343.6374	327.8220	327.8220	329.0317	329.0317	  6.9488	 39.4218	  1.0000	   0.0152	  0.0481	    0.8287	  0.9373	   0.8287	  0.7745	 11.6542	  2.8128	  0.0000
2018	181	   5	  0	180.2083	 56.4404	  7.0600	 209.4506	  655.4836	 127.3689	203.2355	 10.0256	 45.5114	 45.5114	 48.3101	 50.6402	337.3818	355.7303	339.5378	339.7580	340.8988	340.8988	 13.0259	131.9726	  1.0000	   0.0084	  0.1348	    0.8287	  0.9373	   0.8287	  0.7793	 14.1000	  7.1710	  0.5316
2018	181	   6	  0	180.2500	 68.4765	 14.0719	 344.0331	  728.7760	 166.6089	336.2715	 14.6371	 61.0905	 61.0905	 86.2416	124.8702	344.6972	370.6013	352.8288	354.8609	353.3297	353.3297	 20.5856	260.0300	  1.0000	   0.0972	  0.2284	    0.8287	  0.9373	   0.8287	  0.7815	 16.1750	  9.8045	  2.9845
2018	181	   7	  0	180.2917	 80.5083	 21.7337	 481.2310	  757.7694	 200.5862	472.2389	 18.8446	 75.3040	 75.3040	 88.2311	156.4849	349.6415	381.3728	361.6688	367.1541	362.4093	362.4093	 24.9245	395.6993	  1.0000	   0.1172	  0.3133	    0.8287	  0.9373	   0.8287	  0.7814	 17.7583	 12.3258	  5.5058
2018	181	   8	  0	180.3333	 93.0172	 29.6832	 609.8123	  785.9570	 220.6244	600.3449	 23.8278	 93.0174	 85.4084	 86.2657	207.0188	348.7440	393.2762	369.8937	378.0924	369.5429	370.2715	 29.1762	530.4894	  1.0000	   0.1790	  0.3879	    0.8287	  0.9373	   0.8287	  0.7743	 18.8333	 14.6906	  7.8706
2018	181	   9	  0	180.3750	106.6608	 37.5326	 718.7002	  809.0203	 226.0586	709.4930	 28.8291	135.9512	 90.9872	 90.9872	237.8834	346.6076	405.0908	377.2704	387.3898	378.9838	377.2704	 33.2621	654.4975	  1.0000	   0.2409	  0.4494	    0.8287	  0.9373	   0.8287	  0.7663	 19.5792	 16.8574	 10.0374
2018	181	  10	  0	180.4167	122.2942	 44.7816	 797.7846	  822.6423	 218.5742	789.4229	 34.6704	194.4118	 92.6236	 92.6236	252.0027	345.0746	419.7899	385.5627	396.3661	391.6536	385.5627	 37.0210	758.8318	  1.0000	   0.3261	  0.4914	    0.8287	  0.9373	   0.8287	  0.7596	 20.1708	 18.7882	 11.9682
2018	181	  11	  0	180.4583	140.8694	 50.7408	 842.1588	  823.7677	 204.5633	834.8351	 41.9029	269.4218	 92.3144	 92.3144	235.6407	347.4909	441.8765	399.0082	407.8861	410.5805	399.0082	 40.7340	835.1662	  1.0000	   0.4403	  0.5000	    0.8287	  0.9373	   0.8287	  0.7567	 21.1583	 20.4492	 13.6292
2018	181	  12	  0	180.5000	162.7938	 54.5045	 849.4985	  832.3612	 171.8291	844.0937	 45.3581	319.5022	 84.8593	 84.8593	157.2797	351.4156	458.3416	409.2292	412.8036	425.9147	409.2292	 41.2857	877.7980	  1.0000	   0.5118	  0.5000	    0.8287	  0.9373	   0.8287	  0.7583	 21.8000	 21.8111	 14.9911
2018	181	  13	  0	180.5417	186.7577	 55.2290	 820.4858	  771.4348	 186.7446	814.0717	 45.1712	315.7907	116.5018	 88.0845	 90.5182	350.0798	464.5923	412.8280	412.5577	431.7483	413.9860	 40.7750	887.1716	  0.9877	   0.5247	  0.5000	    0.8287	  0.9373	   0.8287	  0.7541	 22.0167	 22.8502	 16.0302
2018	181	  14	  0	180.5833	209.8638	 52.7199	 760.5281	  694.9607	 207.3737	752.6140	 40.5909	264.6187	189.0122	 90.5237	 90.5237	346.9955	459.9021	410.6589	410.6589	427.5045	419.2275	 40.7417	861.1463	  0.9535	   0.4783	  0.5000	    0.8287	  0.9373	   0.8287	  0.7485	 22.0375	 23.3841	 16.6112
2018	181	  15	  0	180.6250	229.9362	 47.6031	 665.6319	  606.6159	 217.3286	656.6472	 32.6651	188.1612	204.6493	 88.2770	 88.2770	341.5867	440.2195	399.6845	399.6845	410.7066	413.1955	 36.9244	800.8620	  0.9164	   0.3769	  0.4986	    0.8287	  0.9373	   0.8287	  0.7431	 21.5750	 21.9984	 15.7187
2018	181	  16	  0	180.6667	246.7524	 40.8189	 547.3062	  513.0437	 211.3417	538.0436	 25.2093	124.7101	179.8296	 81.4626	 81.4626	339.9458	423.2004	391.1493	391.1493	396.3388	406.1512	 32.2054	708.9156	  0.8796	   0.2776	  0.4713	    0.8287	  0.9373	   0.8287	  0.7428	 21.3542	 19.9930	 14.2829
2018	181	  17	  0	180.7083	261.1497	 33.1606	 410.9950	  396.2179	 193.2472	402.0552	 19.1400	 82.1834	136.4753	 71.3944	 71.3944	341.4046	409.9993	385.3564	385.3564	385.8573	398.8489	 27.4248	591.9331	  0.8320	   0.1990	  0.4164	    0.8287	  0.9373	   0.8287	  0.7479	 21.1292	 17.1330	 12.1631
2018	181	  18	  0	180.7500	274.0648	 25.1981	 271.7258	  262.0189	 158.8008	264.0326	 13.9482	 56.9812	 92.1367	 58.8687	 56.8100	339.2789	399.5157	379.6237	380.3578	380.0968	390.3221	 22.8049	460.5342	  0.7669	   0.1471	  0.3472	    0.8287	  0.9373	   0.8287	  0.7492	 20.6292	 13.4393	  9.4186
2018	181	  19	  0	180.7917	286.2368	 17.3612	 143.2396	  110.8561	 108.5660	137.7565	  8.7327	 37.8190	 47.8596	 40.4653	 37.8190	341.2293	391.2174	377.9174	377.6899	377.6899	383.2714	 18.4397	322.0074	  0.6742	   0.0990	  0.2674	    0.8287	  0.9373	   0.8287	  0.7567	 20.1833	  9.1093	  6.2534
2018	181	  20	  0	180.8333	298.2198	 10.0123	  47.4771	   12.6440	  45.0967	 45.1363	  3.4999	 15.4633	 16.2531	 15.8257	 15.4633	344.9887	383.3069	375.4410	374.6321	374.6321	377.7072	 14.1415	187.0286	  0.5619	   0.0512	  0.1780	    0.8287	  0.9373	   0.8287	  0.7685	 19.2417	  6.9142	  4.5906
2018	181	  21	  0	180.8750	310.4115	  3.5593	   6.8281	    2.0003	   6.6647	  6.4812	  0.5146	  2.2969	  2.3077	  2.3076	  2.2969	344.5918	375.9143	370.6671	367.9528	367.9528	371.3873	 11.0898	 67.4991	  0.5741	   0.0150	  0.0906	    0.8287	  0.9373	   0.8287	  0.7732	 18.0042	  9.1174	  5.7660
2018	181	  22	  0	180.9167	323.0601	 -1.6409	   0.3388	    0.1998	   0.1928	  0.1843	  0.0149	  0.0665	  0.0665	  0.0665	  0.0665	341.1754	369.1786	362.9411	361.7751	361.7751	362.8031	  9.4200	 44.8711	  0.5777	   0.0000	  0.0025	    0.8287	  0.9373	   0.8287	  0.7750	 16.8500	  2.6789	  1.6368
2018	181	  23	  0	180.9583	336.2673	 -6.2289	   0.0010	    0.0000	   0.0000	  0.0000	  0.0000	  0.0000	  0.0000	  0.0000	  0.0000	337.7027	362.8341	357.0396	357.0396	357.0396	357.0396	  8.3803	 52.0889	  0.5067	   0.0000	  0.0000	    0.8287	  0.9373	   0.8287	  0.7756	 15.5958	  0.0000	  0.0000
2018	182	   0	  0	181.0000	349.9572	 -8.5915	   0.0000	    0.0000	   0.0000	  0.0000	  0.0000	  0.0000	  0.0000	  0.0000	  0.0000	334.3296	357.1489	351.4515	351.4515	351.4515	351.4515	  7.2953	 52.0892	  0.5068	   0.0000	  0.0000	    0.8287	  0.9373	   0.8287	  0.7749	 14.4583	  0.0000	  0.0000
2018	182	   1	  0	181.0417	 93.8804	 -9.0228	   0.1415	    0.0000	   0.0000	  0.0000	  0.0000	  0.0000	  0.0000	  0.0000	  0.0000	330.9632	351.9418	346.2409	346.2409	346.2409	346.2409	  6.2703	 51.9032	  0.5101	   0.0000	  0.0000	    0.8287	  0.9373	   0.8287	  0.7736	 13.4042	  0.0000	  0.0000
2018	182	   2	  0	181.0833	 17.7109	 -7.5250	   2.5767	    0.0000	   0.0000	  0.0000	  0.0000	  0.0000	  0.0000	  0.0000	  0.0000	330.0373	345.5201	339.2334	339.2334	339.2334	339.2334	  4.9245	 51.8780	  0.5571	   0.0000	  0.0000	    0.8287	  0.9373	   0.8287	  0.7753	 12.0875	  0.0000	  0.0000
2018	182	   3	  0	181.1250	 31.1565	 -3.9120	  21.8960	    0.0000	   0.0000	  0.0000	  0.0000	  0.0000	  0.0000	  0.0000	  0.0000	328.6220	340.6363	329.3088	329.3088	329.3088	329.3088	  3.0362	 51.8803	  0.8398	   0.0000	  0.0000	    0.8287	  0.9373	   0.8287	  0.7754	 11.0750	  0.0000	  0.0000
2018	182	   4	  0	181.1667	 44.0537	  1.1596	  93.6165	   81.7407	  67.9019	 68.9745	  5.2458	 23.4153	 23.4153	 23.4153	 23.4153	329.3203	343.1596	327.5999	327.5999	328.6725	328.6725	  6.5312	 42.5907	  1.0000	   0.0147	  0.0467	    0.8287	  0.9373	   0.8287	  0.7754	 11.5583	  2.4924	  0.0000
2018	182	   5	  0	181.2083	 56.4276	  6.9899	 207.5388	  653.8773	 126.4128	201.3685	  9.9476	 45.1629	 45.1629	 47.8880	 50.1577	336.7570	352.2233	336.3134	336.5248	337.6711	337.6711	 12.3800	130.6247	  1.0000	   0.0082	  0.1336	    0.8287	  0.9373	   0.8287	  0.7801	 13.3917	  7.1420	  0.5132
2018	182	   6	  0	181.2500	 68.4684	 14.0000	 341.9927	  732.0065	 164.6038	334.3355	 14.4787	 60.4063	 60.4063	 85.6217	124.3504	340.0459	368.7163	350.5320	352.5386	351.0402	351.0402	 20.0778	259.2391	  1.0000	   0.0970	  0.2276	    0.8287	  0.9373	   0.8287	  0.7765	 15.8083	  9.7759	  2.9559
2018	182	   7	  0	181.2917	 80.5031	 21.6612	 477.9906	  762.5887	 196.4863	469.2169	 18.5259	 73.9306	 73.9306	 86.8943	155.3091	342.4748	383.8850	362.7625	368.2491	363.5152	363.5152	 24.8735	396.2110	  1.0000	   0.1167	  0.3127	    0.8287	  0.9373	   0.8287	  0.7691	 18.2458	 12.2978	  5.4778
2018	182	   8	  0	181.3333	 93.0125	 29.6103	 604.2425	  786.4269	 215.7520	595.0257	 23.4178	 91.3113	 83.7392	 84.5984	205.0901	345.0772	397.7372	373.0860	381.3168	372.7274	373.4687	 29.4166	531.1233	  1.0000	   0.1784	  0.3873	    0.8287	  0.9373	   0.8287	  0.7646	 19.6792	 14.6635	  7.8435
2018	182	   9	  0	181.3750	106.6533	 37.4596	 709.6719	  804.0676	 220.8894	700.7141	 28.3044	133.6738	 89.1242	 89.1242	234.7735	347.6901	409.6663	381.2654	391.4345	382.9779	381.2654	 33.5698	653.9974	  1.0000	   0.2401	  0.4490	    0.8287	  0.9373	   0.8287	  0.7634	 20.4333	 16.8313	 10.0113
2018	182	  10	  0	181.4167	122.2781	 44.7091	 790.0912	  814.9978	 217.0078	781.7791	 34.3020	192.4323	 91.8698	 91.8698	249.4562	351.3672	425.0004	390.9154	401.7909	397.0388	390.9154	 37.6267	756.3420	  1.0000	   0.3250	  0.4912	    0.8287	  0.9373	   0.8287	  0.7641	 21.1250	 18.7632	 11.9432
2018	182	  11	  0	181.4583	140.8359	 50.6703	 838.4217	  818.0710	 205.8541	831.0042	 41.7186	268.0443	 92.5099	 92.5099	234.6801	354.1396	445.9011	403.4447	412.3728	415.0629	403.4447	 41.3152	832.1104	  1.0000	   0.4389	  0.5000	    0.8287	  0.9373	   0.8287	  0.7630	 21.8875	 20.4252	 13.6052
2018	182	  12	  0	181.5000	162.7340	 54.4395	 846.7088	  835.5567	 166.9884	841.5673	 45.0111	318.6643	 83.3494	 83.3494	156.2727	356.5612	463.0822	413.9464	417.5521	430.7284	413.9464	 41.8345	875.8116	  1.0000	   0.5106	  0.5000	    0.8287	  0.9373	   0.8287	  0.7615	 22.6250	 21.7880	 14.9680
2018	182	  13	  0	181.5417	186.6718	 55.1737	 817.4787	  770.4808	 184.9386	811.1526	 44.9182	314.7940	115.4664	 87.4270	 89.9426	355.5438	471.0731	418.9883	418.7195	438.0804	420.1271	 41.5582	885.7291	  0.9861	   0.5237	  0.5000	    0.8287	  0.9373	   0.8287	  0.7560	 23.1167	 22.8277	 16.0077
2018	182	  14	  0	181.5833	209.7644	 52.6767	 753.9377	  682.1411	 211.2715	745.7651	 40.3898	262.3328	187.5943	 91.3489	 91.3489	354.5386	465.1434	416.3330	416.3330	433.2533	424.8774	 41.4717	858.2971	  0.9489	   0.4775	  0.5000	    0.8287	  0.9373	   0.8287	  0.7549	 22.9750	 23.2744	 16.5268
2018	182	  15	  0	181.6250	229.8372	 47.5702	 660.4602	  599.0176	 218.0383	651.4076	 32.4818	186.9625	202.9162	 88.2813	 88.2813	354.2050	450.2344	409.9259	409.9259	421.1522	423.6588	 38.3636	797.1050	  0.9139	   0.3763	  0.4986	    0.8287	  0.9373	   0.8287	  0.7528	 23.2958	 22.0255	 15.7324
2018	182	  16	  0	181.6667	246.6599	 40.7927	 540.7937	  504.7733	 210.4053	531.5506	 24.9787	123.6406	177.5884	 80.9659	 80.9659	351.8771	435.7831	403.5749	403.5749	408.8743	418.8168	 33.9701	706.8189	  0.8728	   0.2773	  0.4712	    0.8287	  0.9373	   0.8287	  0.7479	 23.5833	 19.9284	 14.2316
2018	182	  17	  0	181.7083	261.0645	 33.1375	 406.6156	  393.1765	 190.7210	397.7979	 18.9015	 81.2594	134.9503	 70.4884	 70.4884	349.7851	421.7001	396.5747	396.5747	397.0911	410.3295	 29.0786	591.3765	  0.8253	   0.1986	  0.4163	    0.8287	  0.9373	   0.8287	  0.7481	 23.2375	 17.1342	 12.1592
2018	182	  18	  0	181.7500	273.9857	 25.1754	 269.0827	  263.0610	 155.8387	261.5458	 13.7225	 55.9980	 91.2496	 57.8505	 55.8153	347.6428	412.2092	391.6804	392.4494	392.1834	402.7275	 24.6977	460.2331	  0.7618	   0.1470	  0.3470	    0.8287	  0.9373	   0.8287	  0.7482	 22.9375	 13.5475	  9.4902
2018	182	  19	  0	181.7917	286.1623	 17.3364	 142.0198	  113.9042	 106.4796	136.6502	  8.5793	 37.1310	 47.4090	 39.8309	 37.1310	345.6544	401.8321	387.8467	387.6099	387.6099	393.3987	 20.0655	322.0889	  0.6706	   0.0985	  0.2672	    0.8287	  0.9373	   0.8287	  0.7519	 22.1500	  9.2336	  6.3356
2018	182	  20	  0	181.8333	298.1490	  9.9836	  46.9571	   13.2020	  44.4847	 44.6487	  3.4535	 15.2552	 16.0792	 15.6324	 15.2552	344.2149	392.6412	383.8607	383.0484	383.0484	386.1819	 15.5792	187.2463	  0.5592	   0.0517	  0.1776	    0.8287	  0.9373	   0.8287	  0.7576	 21.0042	  6.9331	  4.6004
2018	182	  21	  0	181.8750	310.3441	  3.5264	   6.5377	    2.1434	   6.3618	  6.2064	  0.4912	  2.1930	  2.2043	  2.2042	  2.1930	342.7377	384.9455	378.8592	376.0471	376.0471	379.6034	 12.5229	 67.1769	  0.5716	   0.0146	  0.0898	    0.8287	  0.9373	   0.8287	  0.7618	 19.7417	  9.2474	  5.8419
2018	182	  22	  0	181.9167	322.9965	 -1.6865	   0.2979	    0.1787	   0.1719	  0.1643	  0.0133	  0.0593	  0.0593	  0.0593	  0.0593	338.6691	374.6048	367.6660	366.4876	366.4876	367.5296	 10.2602	 44.6893	  0.5781	   0.0000	  0.0023	    0.8287	  0.9373	   0.8287	  0.7669	 17.9083	  2.6779	  1.6346
2018	182	  23	  0	181.9583	336.2089	 -6.2807	   0.0000	    0.0000	   0.0000	  0.0000	  0.0000	  0.0000	  0.0000	  0.0000	  0.0000	335.8644	365.3129	359.1924	359.1924	359.1924	359.1924	  8.7613	 51.9349	  0.5074	   0.0000	  0.0000	    0.8287	  0.9373	   0.8287	  0.7714	 16.0875	  0.0000	  0.0000
2018	183	   0	  0	182.0000	349.9057	 -8.6482	   0.0000	    0.0000	   0.0000	  0.0000	  0.0000	  0.0000	  0.0000	  0.0000	  0.0000	334.1317	357.2564	351.5225	351.5225	351.5225	351.5225	  7.3061	 51.8679	  0.5075	   0.0000	  0.0000	    0.8287	  0.9373	   0.8287	  0.7745	 14.4792	  0.0000	  0.0000
2018	183	   1	  0	182.0417	 93.8374	 -9.0863	   0.0510	    0.0000	   0.0000	  0.0000	  0.0000	  0.0000	  0.0000	  0.0000	  0.0000	333.3614	350.7352	345.2918	345.2918	345.2918	345.2918	  6.1160	 51.6333	  0.5090	   0.0000	  0.0000	    0.8287	  0.9373	   0.8287	  0.7769	 13.1583	  0.0000	  0.0000
2018	183	   2	  0	182.0833	 17.6774	 -7.5947	   1.9965	    0.0000	   0.0000	  0.0000	  0.0000	  0.0000	  0.0000	  0.0000	  0.0000	332.1405	346.1231	340.1416	340.1416	340.1416	340.1416	  5.1220	 51.6304	  0.5467	   0.0000	  0.0000	    0.8287	  0.9373	   0.8287	  0.7774	 12.2125	  0.0000	  0.0000
2018	183	   3	  0	182.1250	 31.1324	 -3.9954	  20.9546	    0.0000	   0.0000	  0.0000	  0.0000	  0.0000	  0.0000	  0.0000	  0.0000	330.7386	342.5579	331.4634	331.4634	331.4634	331.4634	  3.4827	 51.6414	  0.8306	   0.0000	  0.0000	    0.8287	  0.9373	   0.8287	  0.7770	 11.4750	  0.0000	  0.0000
2018	183	   4	  0	182.1667	 44.0380	  1.0916	  91.9506	   74.1496	  67.2618	 67.8767	  5.1958	 23.1886	 23.1886	 23.1886	 23.1886	334.0746	346.4006	331.0631	331.0631	332.1471	332.1471	  7.1983	 41.5989	  1.0000	   0.0140	  0.0456	    0.8287	  0.9373	   0.8287	  0.7794	 12.2292	  2.4647	  0.0000
2018	183	   5	  0	182.2083	 56.4188	  6.9144	 206.7933	  648.2257	 127.0542	200.5824	  9.9924	 45.3552	 45.3552	 48.0069	 50.2174	339.5171	356.6582	340.6085	340.8145	341.9951	341.9951	 13.1882	129.2168	  1.0000	   0.0080	  0.1323	    0.8287	  0.9373	   0.8287	  0.7813	 14.2917	  7.1100	  0.4946
2018	183	   6	  0	182.2500	 68.4648	 13.9229	 342.7708	  731.2170	 166.5414	335.0064	 14.6129	 61.0375	 61.0375	 86.1818	124.7829	341.7603	371.6165	353.3066	355.3022	353.8347	353.8347	 20.6225	257.8239	  1.0000	   0.0968	  0.2266	    0.8287	  0.9373	   0.8287	  0.7769	 16.3833	  9.7442	  2.9242
2018	183	   7	  0	182.2917	 80.5028	 21.5836	 481.5717	  761.1965	 201.5342	472.5268	 18.8848	 75.6056	 75.6056	 88.4844	156.5067	346.8454	384.2635	363.7644	369.2226	364.5239	364.5239	 25.2554	394.0232	  1.0000	   0.1162	  0.3119	    0.8287	  0.9373	   0.8287	  0.7751	 18.3292	 12.2668	  5.4468
2018	183	   8	  0	182.3333	 93.0132	 29.5324	 612.5781	  786.9200	 224.7446	602.8886	 24.0777	 94.3136	 86.7492	 87.6039	207.8241	350.8000	398.8743	374.9810	383.1914	374.6175	375.3640	 30.0983	528.4462	  1.0000	   0.1778	  0.3867	    0.8287	  0.9373	   0.8287	  0.7722	 19.9042	 14.6335	  7.8135
2018	183	   9	  0	182.3750	106.6513	 37.3815	 721.9688	  810.5908	 230.0275	712.5508	 29.0478	137.1111	 92.2751	 92.2751	238.7613	347.8008	411.1056	382.5025	392.6619	384.2063	382.5025	 34.1665	653.4083	  1.0000	   0.2393	  0.4485	    0.8287	  0.9373	   0.8287	  0.7619	 20.7167	 16.8024	  9.9824
2018	183	  10	  0	182.4167	122.2677	 44.6311	 803.9000	  825.4610	 224.2487	795.2445	 35.0004	196.0741	 94.4795	 94.4795	253.7463	346.1294	427.8603	392.3717	403.2719	398.5065	392.3717	 38.1887	758.9987	  1.0000	   0.3238	  0.4909	    0.8287	  0.9373	   0.8287	  0.7524	 21.6583	 18.7354	 11.9154
2018	183	  11	  0	182.4583	140.8077	 50.5938	 855.2206	  832.5391	 212.1456	847.5301	 42.5476	273.2357	 94.9581	 94.9581	239.4287	343.3672	451.2728	405.8406	414.8323	417.5302	405.8406	 42.0110	839.6160	  1.0000	   0.4374	  0.5000	    0.8287	  0.9373	   0.8287	  0.7390	 22.8417	 20.3984	 13.5784
2018	183	  12	  0	182.5000	162.6778	 54.3679	 862.5298	  843.5894	 176.8219	856.9066	 45.9797	324.1996	 86.7740	 86.7740	160.0876	345.8175	467.5739	415.5832	419.2227	432.4485	415.5832	 42.4476	883.5594	  1.0000	   0.5093	  0.5000	    0.8287	  0.9373	   0.8287	  0.7384	 23.4083	 21.7622	 14.9422
2018	183	  13	  0	182.5417	186.5868	 55.1117	 826.3996	  803.1674	 167.5035	821.1218	 44.7870	319.8610	111.6285	 82.8988	 85.6320	351.9233	475.5158	421.7723	421.5067	440.9716	422.8900	 41.8030	889.3015	  0.9900	   0.5226	  0.5000	    0.8287	  0.9373	   0.8287	  0.7448	 23.8792	 22.8026	 15.9826
2018	183	  14	  0	182.5833	209.6635	 52.6266	 752.9192	  684.5308	 208.6250	744.8932	 40.2243	262.3242	186.5664	 90.5484	 90.5484	360.2551	470.8186	421.8390	421.8390	438.9258	430.4245	 42.1934	856.8538	  0.9493	   0.4766	  0.5000	    0.8287	  0.9373	   0.8287	  0.7580	 23.9292	 23.2774	 16.5220
2018	183	  15	  0	182.6250	229.7350	 47.5307	 654.2779	  573.7833	 230.5779	644.4725	 32.7806	186.5922	201.2206	 91.7337	 91.7337	374.0823	450.5504	413.6207	413.6207	424.6957	427.0775	 39.0673	787.2908	  0.9165	   0.3756	  0.4985	    0.8287	  0.9373	   0.8287	  0.7838	 23.4833	 21.6859	 15.4835
2018	183	  16	  0	182.6667	246.5638	 40.7603	 533.9317	  470.7489	 225.9926	523.7571	 25.5760	125.3484	175.3778	 85.4303	 85.4303	376.3816	432.2244	404.7430	404.7430	409.8294	419.3577	 34.4443	694.9039	  0.8761	   0.2768	  0.4710	    0.8287	  0.9373	   0.8287	  0.7905	 23.1375	 19.3334	 13.8011
2018	183	  17	  0	182.7083	260.9756	 33.1084	 399.8567	  358.2381	 203.1610	390.2889	 19.4858	 84.0629	132.7678	 74.1183	 74.1183	374.9261	417.0735	396.6608	396.6608	397.1001	409.5944	 29.4062	580.9976	  0.8261	   0.1982	  0.4161	    0.8287	  0.9373	   0.8287	  0.7926	 22.5667	 16.3785	 11.6181
2018	183	  18	  0	182.7500	273.9031	 25.1466	 263.2919	  231.2574	 163.7544	255.2698	 14.1287	 58.2993	 89.2993	 59.8643	 58.1259	374.1060	407.4875	391.4512	392.2725	392.0103	401.7339	 24.9390	451.6300	  0.7602	   0.1468	  0.3468	    0.8287	  0.9373	   0.8287	  0.7948	 22.2000	 12.7509	  8.9282
2018	183	  19	  0	182.7917	286.0847	 17.3054	 137.3244	   89.5627	 109.1642	131.7759	  8.7107	 37.8652	 45.9294	 39.9262	 37.8652	369.7774	397.2942	386.8470	386.7923	386.7923	391.9068	 20.0767	316.4350	  0.6638	   0.0980	  0.2669	    0.8287	  0.9373	   0.8287	  0.7940	 21.3875	  8.4800	  5.8157
2018	183	  20	  0	182.8333	298.0755	  9.9488	  44.2815	   10.6286	  42.2802	 42.0857	  3.2799	 14.4893	 15.1792	 14.8034	 14.4893	368.0190	387.8565	382.0037	381.2290	381.2290	384.2852	 15.3738	183.8328	  0.5497	   0.0522	  0.1771	    0.8287	  0.9373	   0.8287	  0.7978	 20.1042	  6.8584	  4.5476
2018	183	  21	  0	182.8750	310.2745	  3.4876	   5.5558	    1.2269	   5.4468	  5.2722	  0.4205	  1.8770	  1.8801	  1.8801	  1.8770	371.1351	381.3014	378.4011	375.6475	375.6475	379.1499	 12.6868	 65.4506	  0.5600	   0.0133	  0.0888	    0.8287	  0.9373	   0.8287	  0.8050	 19.0583	  9.1843	  5.7975
2018	183	  22	  0	182.9167	322.9315	 -1.7394	   0.2225	    0.1231	   0.1199	  0.1144	  0.0093	  0.0413	  0.0413	  0.0413	  0.0413	373.7595	375.0904	371.2552	370.0991	370.0991	371.1240	 11.2801	 43.6774	  0.5770	   0.0000	  0.0022	    0.8287	  0.9373	   0.8287	  0.8126	 18.0042	  2.6509	  1.6164
2018	183	  23	  0	182.9583	336.1497	 -6.3400	   0.0031	    0.0000	   0.0000	  0.0000	  0.0000	  0.0000	  0.0000	  0.0000	  0.0000	368.7080	370.0054	366.1068	366.1068	366.1068	366.1068	 10.3880	 51.0337	  0.5081	   0.0000	  0.0000	    0.8287	  0.9373	   0.8287	  0.8094	 17.0125	  0.0000	  0.0000
2018	184	   0	  0	183.0000	349.8544	 -8.7117	   0.0000	    0.0000	   0.0000	  0.0000	  0.0000	  0.0000	  0.0000	  0.0000	  0.0000	361.3112	365.1629	360.9671	360.9671	360.9671	360.9671	  9.3657	 51.1427	  0.5081	   0.0000	  0.0000	    0.8287	  0.9373	   0.8287	  0.8028	 16.0583	  0.0000	  0.0000
2018	184	   1	  0	183.0417	 93.7956	 -9.1564	   0.0612	    0.0000	   0.0000	  0.0000	  0.0000	  0.0000	  0.0000	  0.0000	  0.0000	360.7110	360.1385	356.0944	356.0944	356.0944	356.0944	  8.4571	 50.9598	  0.5098	   0.0000	  0.0000	    0.8287	  0.9373	   0.8287	  0.8036	 15.0583	  0.0000	  0.0000
2018	184	   2	  0	183.0833	 17.6460	 -7.6708	   1.9979	    0.0000	   0.0000	  0.0000	  0.0000	  0.0000	  0.0000	  0.0000	  0.0000	358.9317	355.1662	350.5672	350.5672	350.5672	350.5672	  7.4105	 50.9815	  0.5478	   0.0000	  0.0000	    0.8287	  0.9373	   0.8287	  0.8027	 14.0583	  0.0000	  0.0000
2018	184	   3	  0	183.1250	 31.1111	 -4.0887	  19.9498	    0.0000	   0.0000	  0.0000	  0.0000	  0.0000	  0.0000	  0.0000	  0.0000	355.9462	352.1032	342.7123	342.7123	342.7123	342.7123	  5.9462	 51.0309	  0.8273	   0.0000	  0.0000	    0.8287	  0.9373	   0.8287	  0.8002	 13.4375	  0.0000	  0.0000
2018	184	   4	  0	183.1667	 44.0259	  1.0182	  87.2527	   70.6179	  64.0960	 64.5901	  4.9511	 22.0985	 22.0985	 22.0985	 22.0985	360.0128	357.2382	343.8125	343.8125	344.9310	344.9310	  9.6881	 40.2688	  1.0000	   0.0133	  0.0443	    0.8287	  0.9373	   0.8287	  0.8035	 14.4375	  2.4659	  0.0000
2018	184	   5	  0	183.2083	 56.4141	  6.8336	 200.7819	  624.5084	 124.8423	194.6663	  9.8109	 44.5156	 44.5156	 46.9985	 49.0711	368.4499	369.3050	355.5106	355.7142	356.9608	356.9608	 15.9194	126.3913	  1.0000	   0.0078	  0.1308	    0.8287	  0.9373	   0.8287	  0.8093	 16.8083	  7.0749	  0.4741
2018	184	   6	  0	183.2500	 68.4657	 13.8407	 333.2404	  699.0704	 165.8214	325.4673	 14.4657	 60.5762	 60.5762	 84.5764	121.3858	378.5875	385.0252	370.1192	372.1443	370.6928	370.6928	 23.4460	252.5641	  1.0000	   0.0965	  0.2257	    0.8287	  0.9373	   0.8287	  0.8158	 18.9750	  9.7095	  2.8895
2018	184	   7	  0	183.2917	 80.5074	 21.5010	 466.3940	  726.1906	 200.1659	457.3479	 18.6021	 74.7880	 74.7880	 87.0012	151.6469	385.6884	396.6143	380.1518	385.7049	380.9514	380.9514	 27.8123	386.2147	  1.0000	   0.1156	  0.3111	    0.8287	  0.9373	   0.8287	  0.8188	 20.6667	 12.2328	  5.4128
2018	184	   8	  0	183.3333	 93.0191	 29.4496	 589.2752	  748.3774	 221.4536	579.6523	 23.4518	 92.2329	 85.0697	 85.8796	199.8359	391.8743	412.5922	393.1181	401.4846	392.7343	393.5143	 32.6118	517.6609	  1.0000	   0.1771	  0.3860	    0.8287	  0.9373	   0.8287	  0.8197	 22.4292	 14.6004	  7.7804
2018	184	   9	  0	183.3750	106.6551	 37.2983	 690.0942	  762.9973	 227.9778	680.6264	 28.1640	132.7205	 90.6537	 90.6537	228.1421	397.9360	424.1886	401.6376	411.9824	403.3542	401.6376	 36.6229	636.8185	  1.0000	   0.2384	  0.4479	    0.8287	  0.9373	   0.8287	  0.8243	 23.0833	 16.7705	  9.9505
2018	184	  10	  0	183.4167	122.2630	 44.5477	 768.1867	  775.7787	 224.2077	759.3459	 33.8466	188.4539	 93.2119	 93.2119	242.5315	398.3810	436.0036	407.8299	418.8462	414.0189	407.8299	 39.9683	737.5016	  1.0000	   0.3225	  0.4906	    0.8287	  0.9373	   0.8287	  0.8238	 23.1167	 18.7047	 11.8847
2018	184	  11	  0	183.4583	140.7847	 50.5115	 812.3587	  801.7468	 193.5398	805.5116	 40.0608	259.5639	 87.9017	 87.9017	226.5470	397.9591	454.6715	418.0686	427.0951	429.7876	418.0686	 42.8357	812.4030	  1.0000	   0.4357	  0.5000	    0.8287	  0.9373	   0.8287	  0.8208	 23.4625	 20.3689	 13.5489
2018	184	  12	  0	183.5000	162.6254	 54.2899	 803.7115	  733.8673	 208.0587	795.9849	 44.0373	298.8516	 93.0040	 93.0040	158.2407	398.7070	469.4567	426.4394	430.0949	443.3181	426.4394	 43.5362	855.2678	  0.9969	   0.5079	  0.5000	    0.8287	  0.9373	   0.8287	  0.8198	 23.7625	 21.7337	 14.9137
2018	184	  13	  0	183.5417	186.5029	 55.0429	 788.8735	  691.4283	 222.1663	780.2587	 44.4761	300.3880	121.6276	 96.5880	 98.9108	392.7674	480.7444	433.5685	433.3062	452.8945	434.6675	 43.7834	868.0521	  0.9730	   0.5214	  0.5000	    0.8287	  0.9373	   0.8287	  0.8050	 24.7667	 22.7750	 15.9550
2018	184	  14	  0	183.5833	209.5611	 52.5699	 732.9027	  639.5989	 224.8706	723.8384	 39.8004	254.5508	183.9567	 94.3074	 94.3074	379.6975	480.6297	433.8487	433.8487	450.8301	442.2887	 43.7117	849.4437	  0.9336	   0.4755	  0.5000	    0.8287	  0.9373	   0.8287	  0.7780	 25.7708	 22.7957	 16.1719
2018	184	  15	  0	183.6250	229.6299	 47.4848	 641.0037	  554.3593	 231.9579	631.0493	 32.3354	183.3330	197.1071	 91.6367	 91.6367	376.6121	459.0949	421.9178	421.9178	432.7670	435.0382	 39.9352	788.5295	  0.8985	   0.3747	  0.4984	    0.8287	  0.9373	   0.8287	  0.7776	 25.1875	 21.0062	 14.9914
2018	184	  16	  0	183.6667	246.4641	 40.7216	 522.4590	  449.0974	 228.8124	512.0622	 25.4067	124.1540	171.5542	 85.9061	 85.9061	381.6200	437.9434	411.0687	411.0687	415.9683	425.1752	 35.1876	694.0081	  0.8607	   0.2763	  0.4708	    0.8287	  0.9373	   0.8287	  0.7920	 24.3375	 18.6204	 13.2862
2018	184	  17	  0	183.7083	260.8831	 33.0733	 388.5742	  335.0257	 204.7622	378.8551	 19.3533	 83.6685	129.0174	 74.2817	 74.2817	381.4982	423.5110	403.8301	403.8301	404.1788	416.1633	 30.3297	579.6705	  0.8083	   0.1978	  0.4159	    0.8287	  0.9373	   0.8287	  0.7958	 23.8750	 15.6028	 11.0627
2018	184	  18	  0	183.7500	273.8170	 25.1117	 252.9848	  206.7444	 163.9394	244.8979	 13.9882	 58.0783	 85.8379	 59.3997	 57.9083	379.3417	411.2005	395.9939	396.8940	396.6273	405.6050	 25.4797	450.4213	  0.7390	   0.1467	  0.3466	    0.8287	  0.9373	   0.8287	  0.7988	 23.0042	 11.8697	  8.3071
2018	184	  19	  0	183.7917	286.0040	 17.2684	 130.6910	   70.5668	 108.3348	125.1553	  8.5876	 37.4423	 43.8015	 39.0240	 37.4423	379.8721	400.8696	391.5243	391.6383	391.6383	396.2024	 20.7803	314.4543	  0.6459	   0.0975	  0.2665	    0.8287	  0.9373	   0.8287	  0.8054	 22.1208	  7.7966	  5.3438
2018	184	  20	  0	183.8333	297.9993	  9.9077	  41.9871	    9.4819	  40.2065	 39.8983	  3.1181	 13.7751	 14.3982	 14.0576	 13.7751	381.0123	391.9781	387.1357	386.3809	386.3809	389.4314	 16.2830	182.0992	  0.5406	   0.0526	  0.1765	    0.8287	  0.9373	   0.8287	  0.8124	 20.8792	  6.8253	  4.5222
2018	184	  21	  0	183.8750	310.2027	  3.4426	   5.7925	    1.2948	   5.6868	  5.4963	  0.4390	  1.9594	  1.9647	  1.9647	  1.9594	380.2564	383.2844	380.9127	378.1189	378.1189	381.6771	 13.2370	 64.3589	  0.5709	   0.0121	  0.0875	    0.8287	  0.9373	   0.8287	  0.8154	 19.4500	  9.2648	  5.8417
2018	184	  22	  0	183.9167	322.8650	 -1.7997	   0.3021	    0.1640	   0.1441	  0.1376	  0.0111	  0.0500	  0.0500	  0.0500	  0.0500	378.4692	378.3194	374.6568	373.4656	373.4656	374.5263	 11.9410	 43.3085	  0.5820	   0.0000	  0.0020	    0.8287	  0.9373	   0.8287	  0.8168	 18.6292	  2.7122	  1.6520
2018	184	  23	  0	183.9583	336.0900	 -6.4037	   0.0052	    0.0000	   0.0000	  0.0000	  0.0000	  0.0000	  0.0000	  0.0000	  0.0000	376.5123	375.1747	371.5868	371.5868	371.5868	371.5868	 11.4654	 50.7141	  0.5087	   0.0000	  0.0000	    0.8287	  0.9373	   0.8287	  0.8164	 18.0208	  0.0000	  0.0000
2018	185	   0	  0	184.0000	349.8033	 -8.7818	   0.0000	    0.0000	   0.0000	  0.0000	  0.0000	  0.0000	  0.0000	  0.0000	  0.0000	375.4430	371.5799	368.0767	368.0767	368.0767	368.0767	 10.8191	 50.7058	  0.5087	   0.0000	  0.0000	    0.8287	  0.9373	   0.8287	  0.8164	 17.3208	  0.0000	  0.0000
2018	185	   1	  0	184.0417	 93.7550	 -9.2331	   0.0277	    0.0000	   0.0000	  0.0000	  0.0000	  0.0000	  0.0000	  0.0000	  0.0000	376.9860	368.2859	365.0054	365.0054	365.0054	365.0054	 10.2770	 50.5128	  0.5097	   0.0000	  0.0000	    0.8287	  0.9373	   0.8287	  0.8187	 16.6750	  0.0000	  0.0000
2018	185	   2	  0	184.0833	 17.6167	 -7.7534	   1.4258	    0.0000	   0.0000	  0.0000	  0.0000	  0.0000	  0.0000	  0.0000	  0.0000	378.7189	366.0666	362.5454	362.5454	362.5454	362.5454	  9.8512	 50.4794	  0.5374	   0.0000	  0.0000	    0.8287	  0.9373	   0.8287	  0.8207	 16.2375	  0.0000	  0.0000
2018	185	   3	  0	184.1250	 31.0928	 -4.1913	  15.1613	    0.0000	   0.0000	  0.0000	  0.0000	  0.0000	  0.0000	  0.0000	  0.0000	377.0054	364.5510	357.0250	357.0250	357.0250	357.0250	  8.8620	 50.5088	  0.7858	   0.0000	  0.0000	    0.8287	  0.9373	   0.8287	  0.8192	 15.9375	  0.0000	  0.0000
2018	185	   4	  0	184.1667	 44.0173	  0.9395	  70.7835	  119.3222	  50.2388	 53.5081	  3.8848	 17.3810	 17.3810	 17.4552	 17.4596	376.9833	366.5033	354.2611	354.2611	355.4054	355.4054	 11.1184	 39.0109	  1.0000	   0.0123	  0.0430	    0.8287	  0.9373	   0.8287	  0.8190	 16.2875	  2.6935	  0.0000
2018	185	   5	  0	184.2083	 56.4135	  6.7476	 185.6379	  635.9227	 109.8788	180.3023	  8.6524	 39.3627	 39.3627	 41.7535	 43.7528	379.3774	373.4404	360.5829	360.7786	362.0643	362.0643	 16.1766	124.3446	  1.0000	   0.0075	  0.1293	    0.8287	  0.9373	   0.8287	  0.8200	 17.6208	  7.0368	  0.4519
2018	185	   6	  0	184.2500	 68.4712	 13.7534	 321.0569	  691.6922	 156.4303	313.7591	 13.7090	 57.3086	 57.3086	 80.9977	117.3369	383.7394	386.2395	371.8757	373.8793	372.4690	372.4690	 23.3021	250.5046	  1.0000	   0.0963	  0.2246	    0.8287	  0.9373	   0.8287	  0.8213	 19.2125	  9.6717	  2.8517
2018	185	   7	  0	184.2917	 80.5170	 21.4135	 452.5294	  718.6310	 190.0803	443.9898	 17.7652	 71.2619	 71.2619	 83.2674	146.9688	387.3875	396.5045	380.3069	385.8214	381.1146	381.1146	 27.3522	384.4326	  1.0000	   0.1150	  0.3103	    0.8287	  0.9373	   0.8287	  0.8210	 20.6583	 12.1958	  5.3758
2018	185	   8	  0	184.3333	 93.0304	 29.3619	 578.1358	  743.8774	 213.4657	568.9132	 22.7563	 89.4061	 82.2793	 83.0736	195.9644	389.4965	407.1570	388.0593	396.3032	387.6863	388.4542	 31.4687	516.2700	  1.0000	   0.1763	  0.3853	    0.8287	  0.9373	   0.8287	  0.8201	 21.4625	 14.5645	  7.7445
2018	185	   9	  0	184.3750	106.6644	 37.2101	 685.6917	  769.5278	 220.4358	676.6339	 27.6193	130.6178	 88.2158	 88.2158	226.5174	384.0174	419.6847	395.6345	405.8615	397.3374	395.6345	 35.4304	639.6784	  1.0000	   0.2374	  0.4474	    0.8287	  0.9373	   0.8287	  0.8080	 22.3042	 16.7358	  9.9158
2018	185	  10	  0	184.4167	122.2641	 44.4590	 765.2435	  787.9906	 213.5869	756.9973	 33.1911	186.3929	 89.9302	 89.9302	241.1945	376.4732	435.4796	403.9229	414.8955	410.0856	403.9229	 39.0294	745.2162	  1.0000	   0.3212	  0.4902	    0.8287	  0.9373	   0.8287	  0.7922	 23.0625	 18.6713	 11.8513
2018	185	  11	  0	184.4583	140.7671	 50.4233	 809.9577	  822.6569	 175.6318	804.1266	 39.2273	258.6038	 82.6281	 82.6281	224.4270	372.0567	455.0742	414.1672	423.1796	425.8635	414.1672	 41.8204	823.6221	  1.0000	   0.4339	  0.5000	    0.8287	  0.9373	   0.8287	  0.7813	 23.5792	 20.3367	 13.5167
2018	185	  12	  0	184.5000	162.5768	 54.2055	 819.8944	  799.6927	 171.4798	814.3540	 43.6070	307.4294	 83.3485	 83.3485	154.5048	371.4428	470.3262	422.5918	426.2578	439.4536	422.5918	 42.6312	868.2288	  0.9985	   0.5064	  0.5000	    0.8287	  0.9373	   0.8287	  0.7772	 23.9542	 21.7026	 14.8826
2018	185	  13	  0	184.5417	186.4202	 54.9673	 794.4004	  716.5032	 207.6523	786.6483	 44.2569	303.8803	118.0351	 92.7317	 95.2769	368.7717	475.0161	425.0484	424.7928	444.1675	426.1056	 42.3518	878.0861	  0.9691	   0.5200	  0.5000	    0.8287	  0.9373	   0.8287	  0.7727	 23.8917	 22.7360	 15.9186
2018	185	  14	  0	184.5833	209.4575	 52.5063	 731.1321	  629.9227	 231.1174	721.6996	 39.8875	253.9882	183.7309	 96.0069	 96.0069	372.4892	469.6318	424.2852	424.2852	440.6224	432.3466	 42.4014	849.4383	  0.9317	   0.4743	  0.5000	    0.8287	  0.9373	   0.8287	  0.7765	 24.2333	 22.3254	 15.8300
2018	185	  15	  0	184.6250	229.5220	 47.4323	 636.4204	  539.8349	 238.4828	626.0671	 32.4047	182.6271	195.7449	 93.3617	 93.3617	377.8294	454.4052	418.7360	418.7360	429.2504	431.4143	 39.4812	786.1134	  0.8953	   0.3737	  0.4984	    0.8287	  0.9373	   0.8287	  0.7836	 24.6000	 20.5511	 14.6594
2018	185	  16	  0	184.6667	246.3610	 40.6766	 517.3769	  441.8631	 228.7343	506.9579	 25.2522	123.4310	169.7886	 85.7135	 85.7135	374.2485	436.8386	409.4675	409.4675	414.2315	423.1526	 34.7753	696.3189	  0.8511	   0.2757	  0.4706	    0.8287	  0.9373	   0.8287	  0.7809	 24.2750	 18.1913	 12.9736
2018	185	  17	  0	184.7083	260.7871	 33.0319	 384.7867	  330.2662	 203.8141	375.1022	 19.2163	 83.1964	127.7007	 73.8797	 73.8797	372.4273	421.9494	401.5280	401.5280	401.8451	413.4984	 29.8038	581.9409	  0.7994	   0.1972	  0.4156	    0.8287	  0.9373	   0.8287	  0.7830	 23.6750	 15.2607	 10.8145
2018	185	  18	  0	184.7500	273.7277	 25.0708	 252.8996	  211.2700	 162.1415	244.9156	 13.8707	 57.5253	 85.8017	 58.8507	 57.3447	372.2368	411.6210	395.4574	396.3634	396.0999	405.1418	 25.2944	451.6674	  0.7376	   0.1464	  0.3462	    0.8287	  0.9373	   0.8287	  0.7876	 23.0750	 11.9452	  8.3549
2018	185	  19	  0	184.7917	285.9203	 17.2253	 130.5185	   72.9308	 107.4406	125.0333	  8.5251	 37.1574	 43.7033	 38.7704	 37.1574	375.5939	401.3343	391.4628	391.5757	391.5757	396.1983	 20.7058	314.5549	  0.6455	   0.0969	  0.2661	    0.8287	  0.9373	   0.8287	  0.7987	 22.2042	  7.8607	  5.3844
2018	185	  20	  0	184.8333	297.9206	  9.8604	  40.9210	    9.1034	  39.2112	 38.8839	  3.0409	 13.4321	 14.0430	 13.7079	 13.4321	381.5456	392.3172	387.5567	386.8142	386.8142	389.8581	 16.3137	181.2525	  0.5362	   0.0530	  0.1759	    0.8287	  0.9373	   0.8287	  0.8128	 20.9417	  6.8149	  4.5116
2018	185	  21	  0	184.8750	310.1290	  3.3917	   5.1708	    1.0260	   5.0825	  4.9061	  0.3923	  1.7513	  1.7537	  1.7537	  1.7513	384.4391	383.9747	382.0506	379.2700	379.2700	382.8298	 13.4511	 63.3401	  0.5641	   0.0107	  0.0862	    0.8287	  0.9373	   0.8287	  0.8200	 19.5958	  9.2583	  5.8316
2018	185	  22	  0	184.9167	322.7970	 -1.8674	   0.1979	    0.0660	   0.0649	  0.0621	  0.0050	  0.0224	  0.0224	  0.0224	  0.0224	383.6677	378.8383	375.5980	375.0652	375.0652	375.5529	 12.2182	 46.9983	  0.5410	   0.0000	  0.0015	    0.8287	  0.9373	   0.8287	  0.8230	 18.7292	  1.2548	  0.7658
2018	185	  23	  0	184.9583	336.0296	 -6.4762	   0.0000	    0.0000	   0.0000	  0.0000	  0.0000	  0.0000	  0.0000	  0.0000	  0.0000	381.4237	374.2971	371.0914	371.0914	371.0914	371.0914	 11.4279	 50.4516	  0.5091	   0.0000	  0.0000	    0.8287	  0.9373	   0.8287	  0.8221	 17.8500	  0.0000	  0.0000
2018	186	   0	  0	185.0000	349.7526	 -8.8587	   0.0000	    0.0000	   0.0000	  0.0000	  0.0000	  0.0000	  0.0000	  0.0000	  0.0000	379.5282	371.1952	367.9831	367.9831	367.9831	367.9831	 10.8461	 50.4673	  0.5092	   0.0000	  0.0000	    0.8287	  0.9373	   0.8287	  0.8208	 17.2458	  0.0000	  0.0000
2018	186	   1	  0	185.0417	 93.7157	 -9.3164	   0.0977	    0.0000	   0.0000	  0.0000	  0.0000	  0.0000	  0.0000	  0.0000	  0.0000	379.5716	369.8552	366.6602	366.6602	366.6602	366.6602	 10.6067	 50.3318	  0.5115	   0.0000	  0.0000	    0.8287	  0.9373	   0.8287	  0.8211	 16.9833	  0.0000	  0.0000
2018	186	   2	  0	185.0833	 17.5896	 -7.8422	   1.3046	    0.0000	   0.0000	  0.0000	  0.0000	  0.0000	  0.0000	  0.0000	  0.0000	378.1955	369.4727	365.8150	365.8150	365.8150	365.8150	 10.4427	 50.3566	  0.5355	   0.0000	  0.0000	    0.8287	  0.9373	   0.8287	  0.8197	 16.9083	  0.0000	  0.0000
2018	186	   3	  0	185.1250	 31.0775	 -4.3021	   8.3598	    0.0000	   0.0000	  0.0000	  0.0000	  0.0000	  0.0000	  0.0000	  0.0000	376.5188	369.9398	363.8810	363.8810	363.8810	363.8810	 10.0987	 50.3891	  0.6755	   0.0000	  0.0000	    0.8287	  0.9373	   0.8287	  0.8179	 17.0000	  0.0000	  0.0000
2018	186	   4	  0	185.1667	 44.0123	  0.8554	  38.6004	  262.1373	  20.1636	 29.7098	  1.5784	  7.1598	  7.1598	  9.7032	  9.7579	372.5588	371.0294	358.2322	358.2322	359.3887	359.3887	 10.4977	 37.9942	  0.9808	   0.0112	  0.0416	    0.8287	  0.9373	   0.8287	  0.8134	 17.1625	  3.0422	  0.0000
2018	186	   5	  0	185.2083	 56.4170	  6.6563	 117.9542	  754.8014	  28.1346	116.9581	  2.3700	 11.5352	 11.5352	 14.1896	 16.4109	371.3189	372.8872	359.1074	359.2926	360.6020	360.6020	 12.0246	123.0932	  1.0000	   0.0073	  0.1277	    0.8287	  0.9373	   0.8287	  0.8113	 17.5167	  6.9957	  0.4279
2018	186	   6	  0	185.2500	 68.4813	 13.6610	 190.7323	  540.7534	  68.5714	187.7961	  6.5221	 26.3565	 26.3565	 45.8022	 73.5425	372.0558	380.0511	365.3311	367.1354	365.9903	365.9903	 17.2015	250.0192	  0.9703	   0.0960	  0.2235	    0.8287	  0.9373	   0.8287	  0.8102	 18.0792	  9.1309	  2.6307
2018	186	   7	  0	185.2917	 80.5316	 21.3211	 179.0048	  110.2377	 141.5557	171.8148	 11.3262	 49.0385	 49.0385	 51.1526	 59.5555	371.7743	378.1178	368.6148	370.5246	369.9522	369.9522	 18.7111	384.5963	  0.6776	   0.1143	  0.3094	    0.8287	  0.9373	   0.8287	  0.8101	 18.0750	  4.7068	  2.0105
2018	186	   8	  0	185.3333	 93.0471	 29.2694	 159.8365	   14.1131	 152.9408	151.8918	 11.9201	 51.9516	 51.8130	 51.8311	 53.9501	371.8544	376.9578	372.1896	372.4788	371.4007	372.6147	 18.9452	516.9354	  0.4667	   0.1755	  0.3846	    0.8287	  0.9373	   0.8287	  0.8108	 17.9083	  2.6147	  1.3834
2018	186	   9	  0	185.3750	106.6795	 37.1170	 275.5544	   44.5264	 247.8113	262.7686	 19.7966	 86.8800	 83.9081	 83.9081	 92.1946	372.7992	380.4989	373.8729	374.2474	372.7911	373.8729	 23.8571	637.9495	  0.5517	   0.2364	  0.4468	    0.8287	  0.9373	   0.8287	  0.8109	 18.2708	  3.2044	  1.9042
2018	186	  10	  0	185.4167	122.2711	 44.3650	 468.7685	  226.8196	 308.8355	453.4931	 28.7519	137.0595	108.0738	108.0738	151.4356	373.3970	393.7581	379.1220	382.4862	380.7069	379.1220	 30.4327	739.9026	  0.7279	   0.3197	  0.4898	    0.8287	  0.9373	   0.8287	  0.8086	 18.9333	  8.0685	  5.1302
2018	186	  11	  0	185.4583	140.7548	 50.3293	 617.6531	  397.3482	 311.4479	603.0102	 36.4022	199.2616	114.1313	114.1313	182.2952	373.8381	415.5368	390.3817	395.2335	396.9258	390.3817	 35.9850	815.7839	  0.8342	   0.4320	  0.5000	    0.8287	  0.9373	   0.8287	  0.8046	 19.8417	 13.1543	  8.7400
2018	186	  12	  0	185.5000	162.5320	 54.1147	 685.7044	  459.3986	 313.2926	671.3131	 41.6032	246.7674	117.6490	117.6490	156.9074	375.1149	429.2345	397.6426	399.5513	408.5262	397.6426	 38.2647	858.9255	  0.8649	   0.5047	  0.5000	    0.8287	  0.9373	   0.8287	  0.8044	 20.1375	 15.5207	 10.6409
2018	186	  13	  0	185.5417	186.3390	 54.8849	 774.4560	  632.9230	 256.7773	763.7774	 44.6354	291.8004	129.1608	105.6365	107.6159	377.8295	449.5280	406.8550	406.5902	424.3502	407.8397	 40.2960	866.9006	  0.9580	   0.5186	  0.5000	    0.8287	  0.9373	   0.8287	  0.8055	 20.2167	 21.7363	 15.2126
2018	186	  14	  0	185.5833	209.3527	 52.4360	 743.8369	  625.3010	 247.9754	733.5029	 40.9429	258.0721	188.0676	101.3115	101.3115	378.9343	447.7014	406.6051	406.6051	422.5528	414.4383	 40.5534	839.8803	  0.9568	   0.4730	  0.5000	    0.8287	  0.9373	   0.8287	  0.8055	 20.5083	 22.5193	 15.9585
2018	186	  15	  0	185.6250	229.4114	 47.3733	 637.0071	  510.6469	 260.7999	625.3750	 33.3423	184.5969	196.4151	 99.9239	 99.9239	376.4719	428.2058	397.0467	397.0467	406.6678	408.5628	 36.7489	780.0059	  0.9025	   0.3726	  0.4983	    0.8287	  0.9373	   0.8287	  0.8034	 20.4375	 19.6763	 14.0277
2018	186	  16	  0	185.6667	246.2546	 40.6253	 515.5550	  410.3521	 247.7483	504.0343	 26.1554	126.5064	169.2650	 91.3769	 91.3769	375.0461	413.3529	390.0057	390.0057	394.2785	402.3297	 32.2122	690.3853	  0.8550	   0.2751	  0.4703	    0.8287	  0.9373	   0.8287	  0.8025	 20.4083	 17.2168	 12.2720
2018	186	  17	  0	185.7083	260.6877	 32.9845	 382.1804	  301.3735	 217.1392	371.7169	 19.9314	 86.5140	126.9035	 77.9040	 77.9040	375.3959	402.1490	385.0318	385.0318	385.2541	395.7650	 27.5173	576.8140	  0.8009	   0.1966	  0.4153	    0.8287	  0.9373	   0.8287	  0.8045	 20.2833	 14.3410	 10.1572
2018	186	  18	  0	185.7500	273.6352	 25.0238	 245.9952	  175.4334	 170.4018	237.5004	 14.2872	 59.9054	 83.5069	 60.8953	 59.7367	373.7910	392.1262	378.8512	379.8014	379.5491	387.1728	 22.6786	448.0233	  0.7265	   0.1462	  0.3459	    0.8287	  0.9373	   0.8287	  0.8058	 19.6667	 10.6787	  7.4654
2018	186	  19	  0	185.7917	285.8337	 17.1760	 117.8775	   40.7309	 104.9013	112.4716	  8.2290	 36.0480	 39.7823	 36.9450	 36.0480	373.6445	384.0570	376.1856	376.5299	376.5299	380.0277	 17.7942	312.6136	  0.6076	   0.0963	  0.2656	    0.8287	  0.9373	   0.8287	  0.8087	 19.0833	  6.6522	  4.5514
2018	186	  20	  0	185.8333	297.8394	  9.8069	  36.0175	    6.3561	  34.8260	 34.2064	  2.6981	 11.9215	 12.3545	 12.1161	 11.9215	376.6980	379.8207	375.8086	375.1124	375.1124	378.0251	 13.9994	180.2623	  0.5122	   0.0534	  0.1751	    0.8287	  0.9373	   0.8287	  0.8138	 18.5750	  6.7149	  4.4411
2018	186	  21	  0	185.8750	310.0533	  3.3347	   4.6217	    0.7063	   4.5629	  4.3839	  0.3522	  1.5718	  1.5737	  1.5736	  1.5718	376.4413	374.6236	372.5816	369.8296	369.8296	373.3584	 11.6556	 62.4230	  0.5629	   0.0091	  0.0847	    0.8287	  0.9373	   0.8287	  0.8146	 17.8125	  9.2996	  5.8502
2018	186	  22	  0	185.9167	322.7278	 -1.9425	   0.3312	    0.0701	   0.0689	  0.0657	  0.0053	  0.0237	  0.0237	  0.0237	  0.0237	372.0019	371.7068	367.8527	367.3013	367.3013	367.8082	 10.6977	 46.9670	  0.5470	   0.0000	  0.0014	    0.8287	  0.9373	   0.8287	  0.8123	 17.3458	  1.3055	  0.7957
2018	186	  23	  0	185.9583	335.9687	 -6.5537	   0.0208	    0.0000	   0.0000	  0.0000	  0.0000	  0.0000	  0.0000	  0.0000	  0.0000	369.2833	369.8131	365.9326	365.9326	365.9326	365.9326	 10.3631	 50.5296	  0.5100	   0.0000	  0.0000	    0.8287	  0.9373	   0.8287	  0.8101	 16.9750	  0.0000	  0.0000
2018	187	   0	  0	186.0000	349.1212	 -8.8937	   0.0000	    0.0000	   0.0000	  0.0000	  0.0000	  0.0000	  0.0000	  0.0000	  0.0000	366.6633	367.9041	363.9328	363.9328	363.9328	363.9328	  9.9694	 50.5724	  0.5096	   0.0000	  0.0000	    0.8287	  0.9373	   0.8287	  0.8079	 16.6000	  0.0000	  0.0000
