Year	DOY	Hour	Min	 Dectime	 azimuth	altitude	GlobalRad	DiffuseRad	DirectRad	 Kdown2d	   Kup2d	  Ksouth	   Kwest	  Knorth	   Keast	 Ldown2d	   Lup2d	  Lsouth	   Lwest	  Lnorth	   Least	    Tmrt	      I0	      CI	SH_Ground	SH_Walls	SVF_Ground	SVF_Roof	SVF_BdVeg	Emis_Sky	      Ta	      Tg	      Tw
2018	179	   0	  0	178.0000	356.4720	 -8.9741	   0.0200	    0.0000	   0.0000	  0.0000	  0.0000	  0.0000	  0.0000	  0.0000	  0.0000	400.4494	382.7400	379.5179	379.5179	379.5179	379.5179	 13.1467	 51.3861	  0.5056	   0.0000	  0.0000	    0.7536	  0.9163	   0.7536	  0.8405	 18.9000	  0.0000	  0.0000
2018	179	   1	  0	178.0417	 94.0155	 -8.8762	   0.1496	    0.0000	   0.0000	  0.0000	  0.0000	  0.0000	  0.0000	  0.0000	  0.0000	397.2508	381.3228	377.9371	377.9371	377.9371	377.9371	 12.8327	 51.4469	  0.5081	   0.0000	  0.0000	    0.7536	  0.9163	   0.7536	  0.8374	 18.6292	  0.0000	  0.0000
2018	179	   2	  0	178.0833	 17.8232	 -7.3584	   2.4581	    0.0000	   0.0000	  0.0000	  0.0000	  0.0000	  0.0000	  0.0000	  0.0000	393.1069	377.5914	373.6091	373.6091	373.6091	373.6091	 12.0218	 51.5235	  0.5529	   0.0000	  0.0000	    0.7536	  0.9163	   0.7536	  0.8337	 17.9125	  0.0000	  0.0000
2018	179	   3	  0	178.1250	 31.2455	 -3.6931	  20.5810	    0.0000	   0.0000	  0.0000	  0.0000	  0.0000	  0.0000	  0.0000	  0.0000	394.1653	375.1738	368.2758	368.2758	368.2758	368.2758	 11.1100	 51.5047	  0.8350	   0.0000	  0.0000	    0.7536	  0.9163	   0.7536	  0.8349	 17.4458	  0.0000	  0.0000
2018	179	   4	  0	178.1667	 44.1214	  1.3294	  85.2542	  123.8535	  64.6801	 67.2187	  4.6638	 19.8897	 19.8897	 19.8897	 19.8897	397.2043	377.8808	366.9918	366.9918	369.2378	369.2378	 14.1033	 40.1757	  1.0000	   0.0096	  0.0353	    0.7536	  0.9163	   0.7536	  0.8377	 17.9417	  3.0071	  0.0000
2018	179	   5	  0	178.2083	 56.4775	  7.1819	 193.9660	  623.5042	 115.0554	186.7042	  8.4387	 37.2275	 37.2275	 37.4359	 37.6198	401.4536	385.8468	374.5254	374.8203	377.1743	377.1743	 18.4850	131.0760	  1.0000	   0.0007	  0.0869	    0.7536	  0.9163	   0.7536	  0.8408	 19.4833	  7.2185	  0.5633
2018	179	   6	  0	178.2500	 68.5051	 14.1986	 323.6306	  681.8729	 156.0723	314.2441	 12.7391	 52.2628	 52.2628	 71.3513	100.5105	399.9664	401.5368	388.1846	390.8086	389.7700	389.7700	 25.1437	257.1263	  1.0000	   0.0786	  0.1643	    0.7536	  0.9163	   0.7536	  0.8334	 21.6458	  9.8516	  3.0316
2018	179	   7	  0	178.2917	 80.5318	 21.8629	 456.5967	  712.4865	 191.2494	445.5549	 15.4724	 65.7385	 65.7385	 69.9935	 96.5023	400.5894	409.3204	395.2064	402.2290	397.1320	397.1320	 27.9313	390.7753	  1.0000	   0.0473	  0.2341	    0.7536	  0.9163	   0.7536	  0.8275	 23.2417	 12.3720	  5.5520
2018	179	   8	  0	178.3333	 93.0401	 29.8139	 581.4260	  734.4824	 216.3434	569.4333	 19.9836	 81.0543	 76.7615	 77.3047	147.9371	407.8707	419.8401	404.4329	414.1271	403.4940	405.1620	 32.3552	520.5648	  1.0000	   0.1122	  0.2879	    0.7536	  0.9163	   0.7536	  0.8326	 24.0792	 14.7356	  7.9156
2018	179	   9	  0	178.3750	106.6899	 37.6639	 687.2823	  755.7027	 225.6887	675.3908	 23.2104	108.3369	 83.0624	 83.0624	165.2134	409.1035	428.6490	411.3565	423.2121	412.5390	411.3565	 35.5788	640.5610	  1.0000	   0.1446	  0.3462	    0.7536	  0.9163	   0.7536	  0.8293	 24.8333	 16.9010	 10.0810
2018	179	  10	  0	178.4167	122.3404	 44.9120	 766.0317	  774.0369	 219.7598	755.1950	 25.7792	137.3113	 84.6633	 84.6633	167.4876	402.6418	438.6735	417.1991	429.9175	423.9470	417.1991	 37.9239	744.6153	  1.0000	   0.1801	  0.4023	    0.7536	  0.9163	   0.7536	  0.8137	 25.6333	 18.8304	 12.0104
2018	179	  11	  0	178.4583	140.9489	 50.8664	 811.1337	  822.3745	 172.9204	804.2049	 27.1597	168.8666	 75.0568	 75.0568	150.3687	396.6225	449.9105	423.1473	433.3418	436.7834	423.1473	 39.0791	822.5813	  1.0000	   0.2333	  0.4439	    0.7536	  0.9163	   0.7536	  0.7995	 26.1625	 20.4899	 13.6699
2018	179	  12	  0	178.5000	162.9222	 54.6183	 822.4575	  801.2188	 169.4238	815.8814	 29.3416	193.8881	 75.3600	 75.3600	112.2643	391.2088	456.3387	425.6164	429.0436	445.5783	425.6164	 39.1894	868.0726	  0.9985	   0.2695	  0.4708	    0.7536	  0.9163	   0.7536	  0.7896	 26.1375	 21.8505	 15.0305
2018	179	  13	  0	178.5417	186.9325	 55.3224	 796.4375	  720.9132	 203.5272	787.0684	 30.7116	195.9874	 97.4112	 83.2860	 84.4227	386.6072	459.3810	426.9719	426.3619	449.6631	427.7191	 39.2560	878.5549	  0.9700	   0.2785	  0.4750	    0.7536	  0.9163	   0.7536	  0.7809	 26.1625	 22.8885	 16.0685
2018	179	  14	  0	178.5833	210.0593	 52.7892	 726.1021	  617.0404	 234.1359	713.8659	 29.0290	169.4329	133.7799	 88.0375	 88.0375	391.6180	455.3793	426.4494	426.4494	445.3798	435.4538	 39.3082	848.1609	  0.9260	   0.2515	  0.4573	    0.7536	  0.9163	   0.7536	  0.7888	 26.2458	 22.2742	 15.8309
2018	179	  15	  0	178.6250	230.1273	 47.6518	 585.1885	  423.2714	 271.8546	569.0033	 25.9276	129.5575	135.6915	 92.2128	 92.2128	394.0488	441.4689	420.8593	420.8593	429.7483	432.1108	 36.6061	784.4181	  0.8310	   0.2017	  0.4227	    0.7536	  0.9163	   0.7536	  0.7972	 26.0917	 16.8620	 12.0557
2018	179	  16	  0	178.6667	246.9287	 40.8541	 491.1592	  374.6598	 245.9276	476.2244	 21.8084	100.2736	124.3330	 81.9568	 81.9568	393.0990	432.7151	414.9031	414.9031	418.5808	428.4475	 33.5385	693.3299	  0.8163	   0.1636	  0.3712	    0.7536	  0.9163	   0.7536	  0.8008	 25.3500	 16.1721	 11.5602
2018	179	  17	  0	178.7083	261.3108	 33.1891	 383.1725	  312.5163	 211.3322	370.0404	 17.3941	 74.0783	 99.6451	 69.1053	 69.1053	401.6097	422.8640	409.1541	409.1541	408.3797	422.5657	 29.9470	576.2549	  0.8028	   0.1183	  0.3127	    0.7536	  0.9163	   0.7536	  0.8194	 24.4750	 15.1134	 10.7360
2018	179	  18	  0	178.7500	274.2139	 25.2254	 253.0598	  202.1666	 165.8276	242.3902	 12.8201	 52.8448	 68.9576	 53.5790	 52.7710	393.9505	414.9657	401.9589	403.7732	403.2723	413.3849	 25.7578	449.5870	  0.7397	   0.0850	  0.2554	    0.7536	  0.9163	   0.7536	  0.8132	 23.8208	 11.8832	  8.3339
2018	179	  19	  0	178.7917	286.3770	 17.3917	 132.9092	   78.2553	 108.1091	125.7073	  7.9072	 33.4950	 36.3850	 34.3479	 33.4950	380.4930	406.7387	396.6876	397.6386	397.6386	402.5239	 21.1946	317.2419	  0.6483	   0.0557	  0.1946	    0.7536	  0.9163	   0.7536	  0.7995	 22.9583	  8.0979	  5.5638
2018	179	  20	  0	178.8333	298.3535	 10.0496	  43.2283	   10.5230	  41.2408	 40.4237	  2.9798	 12.5646	 13.0669	 12.7900	 12.5646	371.0406	399.0918	391.8248	391.7903	391.7903	394.5694	 16.9341	185.9282	  0.5404	   0.0345	  0.1226	    0.7536	  0.9163	   0.7536	  0.7922	 21.7417	  6.8539	  4.5550
2018	179	  21	  0	178.8750	310.5397	  3.6045	   6.0204	    1.5588	   5.8871	  5.6189	  0.4235	  1.7992	  1.8039	  1.8039	  1.7992	372.1488	391.2209	386.9594	384.5577	384.5577	387.8171	 14.2472	 67.7753	  0.5601	   0.0102	  0.0603	    0.7536	  0.9163	   0.7536	  0.7991	 20.3958	  9.0777	  5.7487
2018	179	  22	  0	178.9167	323.1822	 -1.5746	   0.2792	    0.1675	   0.1634	  0.1537	  0.0118	  0.0500	  0.0500	  0.0500	  0.0500	379.6899	383.4875	379.2682	378.0117	378.0117	379.0931	 12.7749	 44.8084	  0.5732	   0.0000	  0.0016	    0.7536	  0.9163	   0.7536	  0.8162	 19.0417	  2.6368	  1.6135
2018	179	  23	  0	178.9583	336.3814	 -6.1426	   0.0000	    0.0000	   0.0000	  0.0000	  0.0000	  0.0000	  0.0000	  0.0000	  0.0000	380.7622	378.1531	373.9222	373.9222	373.9222	373.9222	 11.9402	 51.7874	  0.5052	   0.0000	  0.0000	    0.7536	  0.9163	   0.7536	  0.8205	 18.0208	  0.0000	  0.0000
2018	180	   0	  0	179.0000	350.0604	 -8.5019	   0.0000	    0.0000	   0.0000	  0.0000	  0.0000	  0.0000	  0.0000	  0.0000	  0.0000	372.8907	378.1745	373.4298	373.4298	373.4298	373.4298	 11.7681	 51.9354	  0.5052	   0.0000	  0.0000	    0.7536	  0.9163	   0.7536	  0.8113	 18.0250	  0.0000	  0.0000
2018	180	   1	  0	179.0417	 93.9695	 -8.9195	   0.1531	    0.0000	   0.0000	  0.0000	  0.0000	  0.0000	  0.0000	  0.0000	  0.0000	358.6459	380.1692	374.2807	374.2807	374.2807	374.2807	 11.7707	 52.0460	  0.5089	   0.0000	  0.0000	    0.7536	  0.9163	   0.7536	  0.7920	 18.4083	  0.0000	  0.0000
2018	180	   2	  0	179.0833	 17.7839	 -7.4085	   2.9312	    0.0000	   0.0000	  0.0000	  0.0000	  0.0000	  0.0000	  0.0000	  0.0000	345.8250	376.4284	369.0730	369.0730	369.0730	369.0730	 10.7001	 52.3242	  0.5619	   0.0000	  0.0000	    0.7536	  0.9163	   0.7536	  0.7772	 17.6875	  0.0000	  0.0000
2018	180	   3	  0	179.1250	 31.2132	 -3.7616	  23.7140	    0.0000	   0.0000	  0.0000	  0.0000	  0.0000	  0.0000	  0.0000	  0.0000	338.3355	367.8971	356.2395	356.2395	356.2395	356.2395	  8.3059	 52.4033	  0.8578	   0.0000	  0.0000	    0.7536	  0.9163	   0.7536	  0.7734	 16.0250	  0.0000	  0.0000
2018	180	   4	  0	179.1667	 44.0955	  1.2774	  89.7579	  147.5954	  66.0452	 69.7025	  4.7644	 20.3378	 20.3378	 20.3378	 20.3378	336.3376	364.9325	349.0488	349.0488	351.2156	351.2156	 10.3389	 40.2989	  1.0000	   0.0091	  0.0347	    0.7536	  0.9163	   0.7536	  0.7729	 15.4167	  3.0136	  0.0000
2018	180	   5	  0	179.2083	 56.4568	  7.1227	 187.3952	  692.2794	 100.9761	181.1536	  7.4414	 33.1338	 33.1338	 33.3306	 33.5041	334.5874	365.4830	349.0117	349.2858	351.5284	351.5284	 12.8793	133.6374	  1.0000	   0.0006	  0.0862	    0.7536	  0.9163	   0.7536	  0.7698	 15.5458	  7.1959	  0.5482
2018	180	   6	  0	179.2500	 68.4882	 14.1372	 383.6417	  742.4601	 201.9065	371.2299	 16.1589	 66.5384	 66.5384	 87.2587	118.9130	335.2157	372.7463	355.0790	357.5391	356.5337	356.5337	 21.3727	262.7169	  1.0000	   0.0784	  0.1639	    0.7536	  0.9163	   0.7536	  0.7666	 16.2042	  9.8293	  3.0093
2018	180	   7	  0	179.2917	 80.5169	 21.8006	 499.7950	  775.7232	 211.7146	487.5282	 17.0824	 72.6116	 72.6116	 77.2168	105.8737	338.2023	376.0360	358.2514	364.8143	359.9972	359.9972	 22.6727	399.2897	  1.0000	   0.0469	  0.2335	    0.7536	  0.9163	   0.7536	  0.7657	 17.0167	 12.3503	  5.5303
2018	180	   8	  0	179.3333	 93.0250	 29.7512	 620.2725	  796.6683	 225.0783	607.9135	 20.9701	 84.9741	 80.3485	 80.9434	157.4752	342.8200	387.0416	367.4853	376.6264	366.6239	368.1521	 27.0354	533.3207	  1.0000	   0.1120	  0.2874	    0.7536	  0.9163	   0.7536	  0.7659	 18.0667	 14.7146	  7.8946
2018	180	   9	  0	179.3750	106.6713	 37.6014	 724.5892	  813.5914	 228.3968	712.7778	 23.9099	112.1333	 85.0216	 85.0216	173.3056	346.3452	396.3514	375.1062	386.3259	376.2682	375.1062	 30.4187	655.9744	  1.0000	   0.1442	  0.3458	    0.7536	  0.9163	   0.7536	  0.7649	 19.0167	 16.8809	 10.0609
2018	180	  10	  0	179.4167	122.3130	 44.8505	 804.6000	  826.7410	 221.8004	793.9039	 26.5678	142.6235	 86.5365	 86.5365	174.9030	346.6659	403.6037	379.5785	391.5798	385.9605	379.5785	 32.7456	759.2132	  1.0000	   0.1796	  0.4019	    0.7536	  0.9163	   0.7536	  0.7617	 19.4167	 18.8110	 11.9910
2018	180	  11	  0	179.4583	140.9052	 50.8080	 853.0533	  830.8447	 209.3447	843.6761	 29.8556	180.3313	 86.0399	 86.0399	162.4991	348.2442	415.2511	387.1133	396.7714	399.9947	387.1133	 34.9550	835.4433	  1.0000	   0.2328	  0.4435	    0.7536	  0.9163	   0.7536	  0.7588	 20.1417	 20.4713	 13.6513
2018	180	  12	  0	179.5000	162.8556	 54.5664	 860.1140	  835.0383	 179.7185	853.0438	 30.7716	202.9830	 79.4549	 79.4549	117.3916	348.4310	425.8511	394.0133	397.3335	413.0007	394.0133	 35.1735	880.4369	  1.0000	   0.2689	  0.4705	    0.7536	  0.9163	   0.7536	  0.7531	 20.9250	 21.8327	 15.0127
2018	180	  13	  0	179.5417	186.8451	 55.2809	 833.0752	  803.6133	 172.4804	826.3481	 30.2831	202.3047	 92.3533	 76.7633	 78.0740	345.7192	432.0340	397.9801	397.4191	419.6893	398.7009	 34.8277	891.6058	  0.9934	   0.2780	  0.4748	    0.7536	  0.9163	   0.7536	  0.7438	 21.5250	 22.8712	 16.0512
2018	180	  14	  0	179.5833	209.9637	 52.7595	 767.6838	  715.0828	 198.1853	758.5004	 28.3175	174.2789	133.5259	 80.3164	 80.3164	347.8418	433.5460	400.8986	400.8986	420.3480	410.4234	 35.4799	864.0319	  0.9587	   0.2512	  0.4571	    0.7536	  0.9163	   0.7536	  0.7420	 22.2333	 23.5375	 16.7265
2018	180	  15	  0	179.6250	230.0349	 47.6318	 668.4963	  616.8381	 212.3644	657.4739	 24.5336	133.8618	142.9310	 79.6060	 79.6060	350.0503	427.4795	399.3224	399.3224	412.0364	415.1788	 33.7519	800.8916	  0.9198	   0.2016	  0.4225	    0.7536	  0.9163	   0.7536	  0.7442	 22.5458	 22.4384	 16.0386
2018	180	  16	  0	179.6667	246.8439	 40.8403	 545.3215	  510.9689	 210.5160	533.4950	 20.7758	 99.6311	132.1492	 74.4253	 74.4253	349.3544	419.8322	395.8981	395.8981	401.2494	413.2325	 30.7918	708.4785	  0.8772	   0.1635	  0.3711	    0.7536	  0.9163	   0.7536	  0.7453	 22.4458	 20.0458	 14.3256
2018	180	  17	  0	179.7083	261.2334	 33.1781	 408.6377	  387.9675	 195.2260	396.9257	 16.7697	 71.8584	103.4999	 65.5998	 65.5998	359.1244	411.6821	393.3426	393.3426	392.9743	408.7638	 27.3299	588.3795	  0.8321	   0.1182	  0.3126	    0.7536	  0.9163	   0.7536	  0.7647	 22.2375	 17.1145	 12.1543
2018	180	  18	  0	179.7500	274.1420	 25.2146	 268.6896	  249.1315	 161.0753	258.5012	 12.6964	 52.0700	 72.1155	 52.9497	 51.9716	361.8981	404.3992	388.4898	390.1753	389.6969	401.1308	 23.5307	456.2274	  0.7654	   0.0854	  0.2552	    0.7536	  0.9163	   0.7536	  0.7744	 21.7750	 13.2483	  9.2890
2018	180	  19	  0	179.7917	286.3091	 17.3790	 135.4973	   86.6329	 108.0088	128.3229	  7.9123	 33.5424	 36.6643	 34.4581	 33.5424	351.1861	397.3326	385.3630	386.2457	386.2457	391.2543	 19.0777	321.3762	  0.6508	   0.0549	  0.1946	    0.7536	  0.9163	   0.7536	  0.7632	 21.2292	  8.2826	  5.6893
2018	180	  20	  0	179.8333	298.2884	 10.0332	  46.8062	   12.7888	  44.4194	 43.7873	  3.2109	 13.5413	 14.1270	 13.8039	 13.5413	343.9039	391.3582	382.1701	382.0996	382.0996	384.9098	 15.1470	188.1610	  0.5577	   0.0351	  0.1225	    0.7536	  0.9163	   0.7536	  0.7578	 20.2958	  6.9171	  4.5949
2018	180	  21	  0	179.8750	310.4768	  3.5838	   6.9567	    2.2889	   6.7708	  6.4951	  0.4872	  2.0701	  2.0793	  2.0793	  2.0701	341.1504	383.5371	377.0827	374.6907	374.6907	377.9442	 12.2203	 68.2911	  0.5736	   0.0102	  0.0598	    0.7536	  0.9163	   0.7536	  0.7603	 18.9417	  9.1123	  5.7671
2018	180	  22	  0	179.9167	323.1220	 -1.6057	   0.3567	    0.2071	   0.1997	  0.1878	  0.0144	  0.0611	  0.0611	  0.0611	  0.0611	338.5447	376.2325	369.2852	368.0236	368.0236	369.1146	 10.5458	 45.3260	  0.5767	   0.0000	  0.0016	    0.7536	  0.9163	   0.7536	  0.7657	 17.6500	  2.6727	  1.6343
2018	180	  23	  0	179.9583	336.3247	 -6.1874	   0.0021	    0.0000	   0.0000	  0.0000	  0.0000	  0.0000	  0.0000	  0.0000	  0.0000	334.7010	366.2114	359.5733	359.5733	359.5733	359.5733	  8.8223	 52.4744	  0.5060	   0.0000	  0.0000	    0.7536	  0.9163	   0.7536	  0.7696	 15.6917	  0.0000	  0.0000
2018	181	   0	  0	180.0000	350.0087	 -8.5451	   0.0058	    0.0000	   0.0000	  0.0000	  0.0000	  0.0000	  0.0000	  0.0000	  0.0000	332.9276	356.9491	350.7691	350.7691	350.7691	350.7691	  7.1560	 52.3900	  0.5061	   0.0000	  0.0000	    0.7536	  0.9163	   0.7536	  0.7735	 13.8500	  0.0000	  0.0000
2018	181	   1	  0	180.0417	 93.9245	 -8.9696	   0.1802	    0.0000	   0.0000	  0.0000	  0.0000	  0.0000	  0.0000	  0.0000	  0.0000	330.5101	350.2207	344.2168	344.2168	344.2168	344.2168	  5.8827	 52.1559	  0.5101	   0.0000	  0.0000	    0.7536	  0.9163	   0.7536	  0.7740	 12.4875	  0.0000	  0.0000
2018	181	   2	  0	180.0833	 17.7465	 -7.4652	   2.7046	    0.0000	   0.0000	  0.0000	  0.0000	  0.0000	  0.0000	  0.0000	  0.0000	326.0019	344.2286	337.6044	337.6044	337.6044	337.6044	  4.5649	 52.2110	  0.5585	   0.0000	  0.0000	    0.7536	  0.9163	   0.7536	  0.7714	 11.2583	  0.0000	  0.0000
2018	181	   3	  0	180.1250	 31.1835	 -3.8343	  22.5377	    0.0000	   0.0000	  0.0000	  0.0000	  0.0000	  0.0000	  0.0000	  0.0000	325.1793	340.7104	330.3042	330.3042	330.3042	330.3042	  3.1782	 52.2088	  0.8446	   0.0000	  0.0000	    0.7536	  0.9163	   0.7536	  0.7717	 10.5292	  0.0000	  0.0000
2018	181	   4	  0	180.1667	 44.0729	  1.2200	  95.1450	   85.4134	  74.8644	 74.6584	  5.3918	 22.9419	 22.9419	 22.9419	 22.9419	329.5652	346.2769	331.5621	331.5621	333.6257	333.6257	  7.3557	 39.3934	  1.0000	   0.0086	  0.0339	    0.7536	  0.9163	   0.7536	  0.7745	 11.6542	  2.8120	  0.0000
2018	181	   5	  0	180.2083	 56.4400	  7.0580	 209.4506	  655.3399	 127.4043	201.3685	  9.3313	 41.0796	 41.0796	 41.2438	 41.3883	338.4282	358.2251	342.9410	343.2052	345.4152	345.4152	 12.9575	131.9367	  1.0000	   0.0005	  0.0854	    0.7536	  0.9163	   0.7536	  0.7793	 14.1000	  7.1701	  0.5311
2018	181	   6	  0	180.2500	 68.4757	 14.0706	 344.0331	  728.7746	 166.6251	334.0006	 13.5812	 55.7514	 55.7514	 76.0678	107.0532	346.1037	372.5784	356.1684	358.6076	357.6343	357.6343	 20.1260	260.0064	  1.0000	   0.0782	  0.1634	    0.7536	  0.9163	   0.7536	  0.7815	 16.1750	  9.8039	  2.9839
2018	181	   7	  0	180.2917	 80.5069	 21.7331	 481.2310	  757.7718	 200.5926	469.6677	 16.2269	 69.0156	 69.0156	 73.4792	101.3013	351.4293	379.8676	363.1957	369.7808	364.9679	364.9679	 23.0270	395.6891	  1.0000	   0.0466	  0.2330	    0.7536	  0.9163	   0.7536	  0.7814	 17.7583	 12.3255	  5.5055
2018	181	   8	  0	180.3333	 93.0151	 29.6834	 609.8123	  785.9562	 220.6226	597.7119	 20.5697	 83.3750	 78.8138	 79.4001	154.8135	350.9694	391.0743	372.0145	381.1847	371.1430	372.6912	 27.5411	530.4924	  1.0000	   0.1118	  0.2869	    0.7536	  0.9163	   0.7536	  0.7743	 18.8333	 14.6906	  7.8706
2018	181	   9	  0	180.3750	106.6582	 37.5336	 718.7002	  809.0160	 226.0498	707.0222	 23.6699	111.0831	 84.1940	 84.1940	171.8249	349.2430	399.3345	378.0677	389.3120	379.2185	378.0677	 30.7386	654.5127	  1.0000	   0.1438	  0.3453	    0.7536	  0.9163	   0.7536	  0.7663	 19.5792	 16.8577	 10.0377
2018	181	  10	  0	180.4167	122.2912	 44.7835	 797.7846	  822.6352	 218.5598	787.2827	 26.2440	141.1231	 85.4359	 85.4359	173.2479	348.0673	407.6613	383.2435	395.3023	389.6429	383.2435	 33.1176	758.8572	  1.0000	   0.1791	  0.4014	    0.7536	  0.9163	   0.7536	  0.7596	 20.1708	 18.7888	 11.9688
2018	181	  11	  0	180.4583	140.8667	 50.7435	 842.1588	  823.7585	 204.5453	833.0629	 29.3390	177.7175	 84.3777	 84.3777	160.1936	350.7861	420.8606	392.2144	401.9494	405.1830	392.2144	 35.4392	835.1991	  1.0000	   0.2323	  0.4430	    0.7536	  0.9163	   0.7536	  0.7567	 21.1583	 20.4500	 13.6300
2018	181	  12	  0	180.5000	162.7923	 54.5079	 849.4985	  832.2963	 171.8536	842.9451	 30.0909	199.9324	 77.0076	 77.0076	115.0306	354.9028	430.7213	399.0276	402.3867	418.1282	399.0276	 35.6273	877.8352	  1.0000	   0.2682	  0.4701	    0.7536	  0.9163	   0.7536	  0.7583	 21.8000	 21.8122	 14.9922
2018	181	  13	  0	180.5417	186.7583	 55.2325	 820.4858	  771.3379	 186.7971	812.5735	 30.5491	200.3250	 94.7428	 79.9220	 81.2263	353.7673	434.7516	401.5175	400.9595	423.2989	402.2057	 35.4672	887.2096	  0.9877	   0.2774	  0.4744	    0.7536	  0.9163	   0.7536	  0.7541	 22.0167	 22.8513	 16.0313
2018	181	  14	  0	180.5833	209.8661	 52.7230	 760.5281	  694.8760	 207.4183	750.5878	 28.5542	173.7196	133.9643	 82.4188	 82.4188	350.8288	432.1656	400.3478	400.3478	419.6364	409.7000	 35.4571	861.1816	  0.9535	   0.2508	  0.4569	    0.7536	  0.9163	   0.7536	  0.7485	 22.0375	 23.3843	 16.6117
2018	181	  15	  0	180.6250	229.9392	 47.6054	 665.6319	  606.5495	 217.3614	654.2076	 24.7228	134.2036	142.9740	 80.8077	 80.8077	345.3416	421.4530	393.8617	393.8617	406.1626	409.1525	 32.9303	800.8912	  0.9164	   0.2014	  0.4223	    0.7536	  0.9163	   0.7536	  0.7431	 21.5750	 21.9971	 15.7181
2018	181	  16	  0	180.6667	246.7553	 40.8203	 547.3062	  512.9997	 211.3611	535.4307	 20.8485	100.0641	132.5870	 74.7149	 74.7149	343.5079	413.6568	389.8624	389.8624	395.1640	406.9460	 29.8805	708.9356	  0.8796	   0.1633	  0.3710	    0.7536	  0.9163	   0.7536	  0.7428	 21.3542	 19.9923	 14.2828
2018	181	  17	  0	180.7083	261.1520	 33.1611	 410.9950	  396.2001	 193.2539	399.4510	 16.6796	 71.5644	103.7921	 65.1444	 65.1444	344.6236	405.5816	386.2995	386.2995	385.9753	401.5743	 26.1020	591.9417	  0.8319	   0.1181	  0.3124	    0.7536	  0.9163	   0.7536	  0.7479	 21.1292	 17.1332	 12.1635
2018	181	  18	  0	180.7500	274.0665	 25.1979	 271.7258	  262.0268	 158.7986	261.7339	 12.5850	 51.5547	 72.5684	 52.4705	 51.4459	342.1186	398.2578	380.8305	382.4766	382.0097	393.5225	 22.1149	460.5298	  0.7670	   0.0857	  0.2549	    0.7536	  0.9163	   0.7536	  0.7492	 20.6292	 13.4404	  9.4195
2018	181	  19	  0	180.7917	286.2378	 17.3602	 143.2396	  110.8780	 108.5611	136.0826	  7.9975	 33.9218	 38.1768	 35.2050	 33.9218	343.5747	391.9332	379.4928	380.1323	380.1323	385.9219	 18.1712	321.9894	  0.6743	   0.0541	  0.1946	    0.7536	  0.9163	   0.7536	  0.7567	 20.1833	  9.1108	  6.2545
2018	181	  20	  0	180.8333	298.2204	 10.0107	  47.4771	   12.6481	  45.0963	 44.4118	  3.2603	 13.7438	 14.3646	 14.0209	 13.7438	346.9389	385.7970	377.2591	377.1889	377.1889	379.9803	 14.3499	186.9976	  0.5619	   0.0357	  0.1224	    0.7536	  0.9163	   0.7536	  0.7685	 19.2417	  6.9152	  4.5914
2018	181	  21	  0	180.8750	310.4117	  3.5571	   6.8281	    2.0028	   6.6646	  6.3737	  0.4795	  2.0371	  2.0450	  2.0450	  2.0371	346.5431	378.6435	373.0067	370.6326	370.6326	373.8717	 11.5401	 67.4583	  0.5743	   0.0102	  0.0593	    0.7536	  0.9163	   0.7536	  0.7732	 18.0042	  9.1201	  5.7678
2018	181	  22	  0	180.9167	323.0600	 -1.6440	   0.3388	    0.1998	   0.1928	  0.1812	  0.0139	  0.0590	  0.0590	  0.0590	  0.0590	342.5850	372.1094	365.7897	364.5352	364.5352	365.6240	  9.9495	 44.8766	  0.5778	   0.0000	  0.0015	    0.7536	  0.9163	   0.7536	  0.7750	 16.8500	  2.6803	  1.6377
2018	181	  23	  0	180.9583	336.2671	 -6.2324	   0.0010	    0.0000	   0.0000	  0.0000	  0.0000	  0.0000	  0.0000	  0.0000	  0.0000	338.8484	365.7146	359.3880	359.3880	359.3880	359.3880	  8.8353	 52.1047	  0.5067	   0.0000	  0.0000	    0.7536	  0.9163	   0.7536	  0.7756	 15.5958	  0.0000	  0.0000
2018	182	   0	  0	181.0000	349.9571	 -8.5950	   0.0000	    0.0000	   0.0000	  0.0000	  0.0000	  0.0000	  0.0000	  0.0000	  0.0000	335.4184	359.9842	353.7794	353.7794	353.7794	353.7794	  7.7508	 52.1049	  0.5067	   0.0000	  0.0000	    0.7536	  0.9163	   0.7536	  0.7749	 14.4583	  0.0000	  0.0000
2018	182	   1	  0	181.0417	 93.8804	 -9.0264	   0.1415	    0.0000	   0.0000	  0.0000	  0.0000	  0.0000	  0.0000	  0.0000	  0.0000	332.0055	354.7358	348.5714	348.5714	348.5714	348.5714	  6.7301	 51.9191	  0.5101	   0.0000	  0.0000	    0.7536	  0.9163	   0.7536	  0.7736	 13.4042	  0.0000	  0.0000
2018	182	   2	  0	181.0833	 17.7110	 -7.5284	   2.5767	    0.0000	   0.0000	  0.0000	  0.0000	  0.0000	  0.0000	  0.0000	  0.0000	330.9568	348.2631	341.7476	341.7476	341.7476	341.7476	  5.4220	 51.8940	  0.5570	   0.0000	  0.0000	    0.7536	  0.9163	   0.7536	  0.7753	 12.0875	  0.0000	  0.0000
2018	182	   3	  0	181.1250	 31.1566	 -3.9161	  21.8960	    0.0000	   0.0000	  0.0000	  0.0000	  0.0000	  0.0000	  0.0000	  0.0000	329.4627	343.3405	333.1441	333.1441	333.1441	333.1441	  3.7848	 51.8962	  0.8397	   0.0000	  0.0000	    0.7536	  0.9163	   0.7536	  0.7754	 11.0750	  0.0000	  0.0000
2018	182	   4	  0	181.1667	 44.0537	  1.1573	  93.6165	   81.4226	  67.9214	 67.8845	  4.8921	 20.8180	 20.8180	 20.8180	 20.8180	330.1980	345.7942	331.4155	331.4155	333.2453	333.2453	  6.9808	 42.5676	  1.0000	   0.0080	  0.0330	    0.7536	  0.9163	   0.7536	  0.7754	 11.5583	  2.4910	  0.0000
2018	182	   5	  0	181.2083	 56.4272	  6.9880	 207.5388	  653.7296	 126.4483	199.5146	  9.2595	 40.7621	 40.7621	 40.8967	 41.0151	337.7366	354.6990	339.6758	339.9294	342.1377	342.1377	 12.3099	130.5888	  1.0000	   0.0004	  0.0846	    0.7536	  0.9163	   0.7536	  0.7801	 13.3917	  7.1411	  0.5127
2018	182	   6	  0	181.2500	 68.4676	 13.9987	 341.9927	  732.0055	 164.6200	332.0970	 13.4327	 55.1436	 55.1436	 75.4814	106.5124	341.5018	370.6820	353.9539	356.3625	355.4242	355.4242	 19.6332	259.2155	  1.0000	   0.0779	  0.1628	    0.7536	  0.9163	   0.7536	  0.7765	 15.8083	  9.7753	  2.9553
2018	182	   7	  0	181.2917	 80.5017	 21.6606	 477.9906	  762.5914	 196.4926	466.7142	 15.9280	 67.7948	 67.7948	 72.2440	100.0240	344.4636	382.3961	364.5604	371.1471	366.3533	366.3533	 23.0265	396.2007	  1.0000	   0.0462	  0.2324	    0.7536	  0.9163	   0.7536	  0.7691	 18.2458	 12.2975	  5.4775
2018	182	   8	  0	181.3333	 93.0105	 29.6105	 604.2425	  786.4260	 215.7503	592.4699	 20.2033	 81.8622	 77.3225	 77.9123	153.2875	347.4789	395.5664	375.4601	384.6610	374.5741	376.1454	 27.8487	531.1264	  1.0000	   0.1116	  0.2863	    0.7536	  0.9163	   0.7536	  0.7646	 19.6792	 14.6635	  7.8435
2018	182	   9	  0	181.3750	106.6506	 37.4606	 709.6719	  804.0631	 220.8807	698.3177	 23.2203	109.1563	 82.5086	 82.5086	169.4277	350.4097	403.9179	382.1700	393.4635	383.3093	382.1700	 31.1057	654.0127	  1.0000	   0.1434	  0.3448	    0.7536	  0.9163	   0.7536	  0.7634	 20.4333	 16.8317	 10.0117
2018	182	  10	  0	181.4167	122.2751	 44.7110	 790.0912	  814.9906	 216.9936	779.6495	 25.9919	139.7885	 84.7448	 84.7448	171.6076	354.3544	412.8504	388.5352	400.6686	394.9616	388.5352	 33.7801	756.3674	  1.0000	   0.1786	  0.4009	    0.7536	  0.9163	   0.7536	  0.7641	 21.1250	 18.7638	 11.9438
2018	182	  11	  0	181.4583	140.8332	 50.6731	 838.4217	  818.0619	 205.8362	829.1990	 29.2842	177.1339	 84.5626	 84.5626	159.8249	357.3949	424.8760	396.5452	406.3313	409.5598	396.5452	 36.0691	832.1433	  1.0000	   0.2317	  0.4425	    0.7536	  0.9163	   0.7536	  0.7630	 21.8875	 20.4260	 13.6060
2018	182	  12	  0	181.5000	162.7326	 54.4429	 846.7088	  835.4839	 167.0191	840.5015	 29.7517	198.8558	 75.6418	 75.6418	113.9098	360.0544	435.3356	403.6502	407.0364	422.8561	403.6502	 36.1924	875.8488	  1.0000	   0.2674	  0.4697	    0.7536	  0.9163	   0.7536	  0.7615	 22.6250	 21.7890	 14.9690
2018	182	  13	  0	181.5417	186.6724	 55.1773	 817.4787	  770.3841	 184.9909	809.6807	 30.3496	199.4913	 93.9444	 79.3284	 80.6754	359.2706	441.0051	407.5657	407.0059	429.5392	408.2202	 36.2870	885.7672	  0.9861	   0.2767	  0.4741	    0.7536	  0.9163	   0.7536	  0.7560	 23.1167	 22.8289	 16.0089
2018	182	  14	  0	181.5833	209.7667	 52.6797	 753.9377	  682.0576	 211.3156	743.6504	 28.5557	172.8281	133.5388	 83.1689	 83.1689	358.3383	437.3626	405.8825	405.8825	425.2487	415.1935	 36.2593	858.3324	  0.9489	   0.2503	  0.4566	    0.7536	  0.9163	   0.7536	  0.7549	 22.9750	 23.2744	 16.5272
2018	182	  15	  0	181.6250	229.8402	 47.5725	 660.4602	  598.9518	 218.0707	648.9423	 24.6448	133.5979	142.0859	 80.8037	 80.8037	357.9445	431.2173	403.8464	403.8464	416.3704	419.3817	 34.4237	797.1342	  0.9139	   0.2012	  0.4221	    0.7536	  0.9163	   0.7536	  0.7528	 23.2958	 22.0242	 15.7318
2018	182	  16	  0	181.6667	246.6628	 40.7941	 540.7937	  504.7300	 210.4244	528.9395	 20.6779	 99.2361	131.0564	 74.2417	 74.2417	355.4954	426.0940	402.1712	402.1712	407.5763	419.5146	 31.6950	706.8390	  0.8728	   0.1630	  0.3709	    0.7536	  0.9163	   0.7536	  0.7479	 23.5833	 19.9277	 14.2314
2018	182	  17	  0	181.7083	261.0668	 33.1381	 406.6156	  393.1588	 190.7277	395.2302	 16.4706	 70.7357	102.6181	 64.3239	 64.3239	353.1156	417.2305	397.5318	397.5318	397.1994	413.0949	 27.7964	591.3851	  0.8253	   0.1179	  0.3122	    0.7536	  0.9163	   0.7536	  0.7481	 23.2375	 17.1343	 12.1596
2018	182	  18	  0	181.7500	273.9874	 25.1751	 269.0827	  263.0686	 155.8367	259.2957	 12.3773	 50.6764	 71.8229	 51.5772	 50.5605	350.6216	410.9414	392.9157	394.6282	394.1505	406.0216	 24.0441	460.2288	  0.7618	   0.0860	  0.2546	    0.7536	  0.9163	   0.7536	  0.7482	 22.9375	 13.5485	  9.4912
2018	182	  19	  0	181.7917	286.1634	 17.3354	 142.0198	  113.9260	 106.4748	135.0121	  7.8505	 33.3162	 37.6299	 34.6152	 33.3162	348.1665	402.5215	389.4797	390.1326	390.1326	396.1464	 19.8193	322.0709	  0.6706	   0.0532	  0.1945	    0.7536	  0.9163	   0.7536	  0.7519	 22.1500	  9.2351	  6.3367
2018	182	  20	  0	181.8333	298.1495	  9.9820	  46.9571	   13.2061	  44.4844	 43.9344	  3.2171	 13.5596	 14.2094	 13.8489	 13.5596	346.3963	395.1981	385.8189	385.7665	385.7665	388.6061	 15.8151	187.2153	  0.5593	   0.0363	  0.1222	    0.7536	  0.9163	   0.7536	  0.7576	 21.0042	  6.9341	  4.6011
2018	182	  21	  0	181.8750	310.3442	  3.5242	   6.5377	    2.1454	   6.3617	  6.1038	  0.4577	  1.9451	  1.9536	  1.9536	  1.9451	344.9472	387.7736	381.3799	378.9095	378.9095	382.2736	 13.0023	 67.1360	  0.5718	   0.0104	  0.0586	    0.7536	  0.9163	   0.7536	  0.7618	 19.7417	  9.2503	  5.8438
2018	182	  22	  0	181.9167	322.9965	 -1.6897	   0.2979	    0.1787	   0.1719	  0.1614	  0.0124	  0.0526	  0.0526	  0.0526	  0.0526	340.2519	377.5787	370.6408	369.3743	369.3743	370.4769	 10.8088	 44.6949	  0.5781	   0.0000	  0.0014	    0.7536	  0.9163	   0.7536	  0.7669	 17.9083	  2.6794	  1.6356
2018	182	  23	  0	181.9583	336.2087	 -6.2842	   0.0000	    0.0000	   0.0000	  0.0000	  0.0000	  0.0000	  0.0000	  0.0000	  0.0000	337.1019	368.2131	361.5922	361.5922	361.5922	361.5922	  9.2246	 51.9509	  0.5074	   0.0000	  0.0000	    0.7536	  0.9163	   0.7536	  0.7714	 16.0875	  0.0000	  0.0000
2018	183	   0	  0	182.0000	349.9056	 -8.6517	   0.0000	    0.0000	   0.0000	  0.0000	  0.0000	  0.0000	  0.0000	  0.0000	  0.0000	335.2268	360.0926	353.8573	353.8573	353.8573	353.8573	  7.7627	 51.8839	  0.5074	   0.0000	  0.0000	    0.7536	  0.9163	   0.7536	  0.7745	 14.4792	  0.0000	  0.0000
2018	183	   1	  0	182.0417	 93.8375	 -9.0898	   0.0510	    0.0000	   0.0000	  0.0000	  0.0000	  0.0000	  0.0000	  0.0000	  0.0000	334.3284	353.5197	347.5858	347.5858	347.5858	347.5858	  6.5691	 51.6494	  0.5090	   0.0000	  0.0000	    0.7536	  0.9163	   0.7536	  0.7769	 13.1583	  0.0000	  0.0000
2018	183	   2	  0	182.0833	 17.6775	 -7.5981	   1.9965	    0.0000	   0.0000	  0.0000	  0.0000	  0.0000	  0.0000	  0.0000	  0.0000	333.0306	348.8709	342.5927	342.5927	342.5927	342.5927	  5.6069	 51.6466	  0.5466	   0.0000	  0.0000	    0.7536	  0.9163	   0.7536	  0.7774	 12.2125	  0.0000	  0.0000
2018	183	   3	  0	182.1250	 31.1325	 -4.0013	  20.9546	    0.0000	   0.0000	  0.0000	  0.0000	  0.0000	  0.0000	  0.0000	  0.0000	331.5786	345.2774	335.2460	335.2460	335.2460	335.2460	  4.2183	 51.6576	  0.8306	   0.0000	  0.0000	    0.7536	  0.9163	   0.7536	  0.7770	 11.4750	  0.0000	  0.0000
2018	183	   4	  0	182.1667	 44.0380	  1.0893	  91.9506	   73.8077	  67.2818	 66.7959	  4.8451	 20.6125	 20.6125	 20.6125	 20.6125	334.9274	349.0591	334.8338	334.8338	336.6830	336.6830	  7.6406	 41.5760	  1.0000	   0.0073	  0.0322	    0.7536	  0.9163	   0.7536	  0.7794	 12.2292	  2.4632	  0.0000
2018	183	   5	  0	182.2083	 56.4185	  6.9125	 206.7933	  648.0682	 127.0902	198.7147	  9.3018	 40.9206	 40.9206	 41.0260	 41.1186	340.5370	359.1724	343.9833	344.2304	346.4903	346.4903	 13.1220	129.1809	  1.0000	   0.0003	  0.0837	    0.7536	  0.9163	   0.7536	  0.7813	 14.2917	  7.1091	  0.4941
2018	183	   6	  0	182.2500	 68.4640	 13.9216	 342.7708	  731.2149	 166.5579	332.7337	 13.5571	 55.6939	 55.6939	 75.9410	106.8317	343.2434	373.6001	356.7397	359.1352	358.2408	358.2408	 20.1726	257.8002	  1.0000	   0.0776	  0.1623	    0.7536	  0.9163	   0.7536	  0.7769	 16.3833	  9.7436	  2.9236
2018	183	   7	  0	182.2917	 80.5014	 21.5830	 481.5717	  761.1988	 201.5406	469.9388	 16.2721	 69.2813	 69.2813	 73.6722	101.1937	348.7517	382.7944	365.4495	372.0020	367.2516	367.2516	 23.3824	394.0130	  1.0000	   0.0458	  0.2318	    0.7536	  0.9163	   0.7536	  0.7751	 18.3292	 12.2666	  5.4466
2018	183	   8	  0	182.3333	 93.0112	 29.5326	 612.5781	  786.9192	 224.7428	600.1856	 20.8344	 84.5442	 80.0072	 80.5963	155.9413	353.1102	396.7457	377.2278	386.4014	376.3331	377.9134	 28.4948	528.4493	  1.0000	   0.1114	  0.2857	    0.7536	  0.9163	   0.7536	  0.7722	 19.9042	 14.6335	  7.8135
2018	183	   9	  0	182.3750	106.6487	 37.3825	 721.9688	  810.5866	 230.0185	710.0140	 23.9080	112.1847	 85.3505	 85.3505	172.8269	350.5508	405.4012	383.4748	394.7531	384.6001	383.4748	 31.6848	653.4235	  1.0000	   0.1430	  0.3442	    0.7536	  0.9163	   0.7536	  0.7619	 20.7167	 16.8027	  9.9827
2018	183	  10	  0	182.4167	122.2647	 44.6330	 803.9000	  825.4541	 224.2341	793.0135	 26.6010	142.7559	 87.1256	 87.1256	174.9409	349.2901	415.7351	390.2872	402.4436	396.7207	390.2872	 34.3536	759.0242	  1.0000	   0.1780	  0.4003	    0.7536	  0.9163	   0.7536	  0.7524	 21.6583	 18.7359	 11.9159
2018	183	  11	  0	182.4583	140.8049	 50.5966	 855.2206	  832.5302	 212.1270	845.6484	 29.9418	180.8931	 86.8074	 86.8074	163.3525	346.9671	430.2034	399.5051	409.3554	412.5933	399.5051	 36.8032	839.6493	  1.0000	   0.2311	  0.4419	    0.7536	  0.9163	   0.7536	  0.7390	 22.8417	 20.3992	 13.5792
2018	183	  12	  0	182.5000	162.6764	 54.3713	 862.5298	  843.5468	 176.8276	855.6980	 30.5612	202.9689	 78.7525	 78.7525	117.1956	349.6335	439.7258	405.7977	409.2144	425.0937	405.7977	 36.8454	883.5970	  1.0000	   0.2666	  0.4693	    0.7536	  0.9163	   0.7536	  0.7384	 23.4083	 21.7632	 14.9432
2018	183	  13	  0	182.5417	186.5874	 55.1152	 826.3996	  803.0676	 167.5570	819.9957	 29.7657	200.3724	 90.1657	 75.1984	 76.6603	355.8273	445.3259	410.6027	410.0447	432.6953	411.2242	 36.4966	889.3397	  0.9900	   0.2759	  0.4737	    0.7536	  0.9163	   0.7536	  0.7448	 23.8792	 22.8038	 15.9838
2018	183	  14	  0	182.5833	209.6658	 52.6297	 752.9192	  684.4471	 208.6691	742.8253	 28.3871	172.5107	132.6948	 82.4439	 82.4439	364.0730	442.8463	411.2739	411.2739	430.8276	420.6219	 37.0028	856.8892	  0.9493	   0.2498	  0.4563	    0.7536	  0.9163	   0.7536	  0.7580	 23.9292	 23.2774	 16.5223
2018	183	  15	  0	182.6250	229.7380	 47.5330	 654.2779	  573.7189	 230.6099	641.7590	 25.1713	134.6767	142.4653	 83.8754	 83.8754	377.4101	431.9052	407.1212	407.1212	419.4612	422.3226	 35.1619	787.3197	  0.9165	   0.2010	  0.4217	    0.7536	  0.9163	   0.7536	  0.7838	 23.4833	 21.6846	 15.4828
2018	183	  16	  0	182.6667	246.5666	 40.7617	 533.9317	  470.7069	 226.0113	520.8395	 21.4116	101.5003	131.0007	 78.1374	 78.1374	379.3821	422.9813	402.7396	402.7396	407.8948	419.3358	 32.1288	694.9237	  0.8761	   0.1626	  0.3707	    0.7536	  0.9163	   0.7536	  0.7905	 23.1375	 19.3327	 13.8009
2018	183	  17	  0	182.7083	260.9779	 33.1090	 399.8567	  358.2210	 203.1676	387.4734	 17.1185	 73.3724	102.3094	 67.4499	 67.4499	377.5839	412.9863	396.9903	396.9903	396.5739	411.5759	 28.0472	581.0061	  0.8261	   0.1178	  0.3120	    0.7536	  0.9163	   0.7536	  0.7926	 22.5667	 16.3787	 11.6185
2018	183	  18	  0	182.7500	273.9047	 25.1463	 263.2919	  231.2644	 163.7524	252.8585	 12.8099	 52.6349	 71.3623	 53.4018	 52.5250	376.3784	406.5241	392.0442	393.8119	393.3405	404.2341	 24.1985	451.6258	  0.7602	   0.0865	  0.2542	    0.7536	  0.9163	   0.7536	  0.7948	 22.2000	 12.7519	  8.9290
2018	183	  19	  0	182.7917	286.0857	 17.3044	 137.3244	   89.5808	 109.1600	130.0764	  7.9955	 33.9205	 37.0535	 34.8397	 33.9205	371.6392	398.1322	387.8905	388.7526	388.7526	393.9663	 19.7540	316.4174	  0.6638	   0.0522	  0.1944	    0.7536	  0.9163	   0.7536	  0.7940	 21.3875	  8.4813	  5.8168
2018	183	  20	  0	182.8333	298.0760	  9.9471	  44.2815	   10.6321	  42.2798	 41.4059	  3.0555	 12.8754	 13.4281	 13.1204	 12.8754	369.6012	390.3913	383.4627	383.4443	383.4443	386.2022	 15.5338	183.8023	  0.5498	   0.0369	  0.1220	    0.7536	  0.9163	   0.7536	  0.7978	 20.1042	  6.8594	  4.5483
2018	183	  21	  0	182.8750	310.2746	  3.4854	   5.5558	    1.2283	   5.4467	  5.1842	  0.3918	  1.6644	  1.6668	  1.6668	  1.6644	372.6796	384.1223	380.3879	377.9791	377.9791	381.2871	 13.0742	 65.4105	  0.5602	   0.0095	  0.0575	    0.7536	  0.9163	   0.7536	  0.8050	 19.0583	  9.1873	  5.7995
2018	183	  22	  0	182.9167	322.9314	 -1.7426	   0.2225	    0.1231	   0.1199	  0.1125	  0.0086	  0.0367	  0.0367	  0.0367	  0.0367	374.6381	378.0682	373.7431	372.5027	372.5027	373.5854	 11.7339	 43.6830	  0.5770	   0.0000	  0.0013	    0.7536	  0.9163	   0.7536	  0.8126	 18.0042	  2.6523	  1.6173
2018	183	  23	  0	182.9583	336.1496	 -6.3436	   0.0031	    0.0000	   0.0000	  0.0000	  0.0000	  0.0000	  0.0000	  0.0000	  0.0000	369.3827	372.9428	368.2092	368.2092	368.2092	368.2092	 10.7869	 51.0496	  0.5080	   0.0000	  0.0000	    0.7536	  0.9163	   0.7536	  0.8094	 17.0125	  0.0000	  0.0000
2018	184	   0	  0	183.0000	349.8543	 -8.7152	   0.0000	    0.0000	   0.0000	  0.0000	  0.0000	  0.0000	  0.0000	  0.0000	  0.0000	362.0292	368.0618	363.1080	363.1080	363.1080	363.1080	  9.7756	 51.1588	  0.5080	   0.0000	  0.0000	    0.7536	  0.9163	   0.7536	  0.8028	 16.0583	  0.0000	  0.0000
2018	184	   1	  0	183.0417	 93.7957	 -9.1600	   0.0612	    0.0000	   0.0000	  0.0000	  0.0000	  0.0000	  0.0000	  0.0000	  0.0000	361.3304	362.9976	358.2224	358.2224	358.2224	358.2224	  8.8671	 50.9760	  0.5098	   0.0000	  0.0000	    0.7536	  0.9163	   0.7536	  0.8036	 15.0583	  0.0000	  0.0000
2018	184	   2	  0	183.0833	 17.6461	 -7.6743	   1.9979	    0.0000	   0.0000	  0.0000	  0.0000	  0.0000	  0.0000	  0.0000	  0.0000	359.4777	357.9858	352.8537	352.8537	352.8537	352.8537	  7.8516	 50.9978	  0.5477	   0.0000	  0.0000	    0.7536	  0.9163	   0.7536	  0.8027	 14.0583	  0.0000	  0.0000
2018	184	   3	  0	183.1250	 31.1113	 -4.0925	  19.9498	    0.0000	   0.0000	  0.0000	  0.0000	  0.0000	  0.0000	  0.0000	  0.0000	356.4852	354.8985	346.2293	346.2293	346.2293	346.2293	  6.6126	 51.0471	  0.8272	   0.0000	  0.0000	    0.7536	  0.9163	   0.7536	  0.8002	 13.4375	  0.0000	  0.0000
2018	184	   4	  0	183.1667	 44.0258	  1.0159	  87.2527	   70.2760	  64.1154	 63.5600	  4.6169	 19.6428	 19.6428	 19.6428	 19.6428	360.5784	359.9794	347.2281	347.2281	349.1361	349.1361	 10.0727	 40.2462	  1.0000	   0.0065	  0.0313	    0.7536	  0.9163	   0.7536	  0.8035	 14.4375	  2.4644	  0.0000
2018	184	   5	  0	183.2083	 56.4137	  6.8317	 200.7819	  624.3529	 124.8772	192.8254	  9.1339	 40.1431	 40.1431	 40.2167	 40.2814	369.1609	371.9174	358.4323	358.6764	361.0456	361.0456	 15.8021	126.3558	  1.0000	   0.0002	  0.0828	    0.7536	  0.9163	   0.7536	  0.8093	 16.8083	  7.0740	  0.4736
2018	184	   6	  0	183.2500	 68.4649	 13.8394	 333.2404	  699.0683	 165.8372	323.1850	 13.4217	 55.2088	 55.2088	 74.5002	103.9178	379.6217	387.0892	372.8547	375.2854	374.4418	374.4418	 22.9206	252.5408	  1.0000	   0.0773	  0.1617	    0.7536	  0.9163	   0.7536	  0.8158	 18.9750	  9.7089	  2.8889
2018	184	   7	  0	183.2917	 80.5060	 21.5004	 466.3940	  726.1929	 200.1721	454.7488	 16.0770	 68.4648	 68.4648	 72.5985	 98.6661	387.0873	395.1574	380.9727	387.6392	382.8517	382.8517	 25.9333	386.2046	  1.0000	   0.0454	  0.2311	    0.7536	  0.9163	   0.7536	  0.8188	 20.6667	 12.2326	  5.4126
2018	184	   8	  0	183.3333	 93.0171	 29.4498	 589.2752	  748.3766	 221.4519	576.9542	 20.3487	 82.6759	 78.3777	 78.9387	150.5167	393.6678	410.4860	394.4312	403.7676	393.4948	395.1400	 30.9877	517.6639	  1.0000	   0.1112	  0.2850	    0.7536	  0.9163	   0.7536	  0.8197	 22.4292	 14.6005	  7.7805
2018	184	   9	  0	183.3750	106.6524	 37.2993	 690.0942	  762.9932	 227.9694	678.0508	 23.2933	108.9287	 83.7374	 83.7374	165.8982	399.9738	418.4379	401.3101	412.7808	402.4207	401.3101	 34.1374	636.8334	  1.0000	   0.1425	  0.3436	    0.7536	  0.9163	   0.7536	  0.8243	 23.0833	 16.7708	  9.9508
2018	184	  10	  0	183.4167	122.2600	 44.5497	 768.1867	  775.7720	 224.1941	757.0293	 25.9222	138.0352	 85.8641	 85.8641	168.2156	400.6723	423.8216	404.1964	416.4737	410.6764	404.1964	 36.1646	737.5265	  1.0000	   0.1774	  0.3997	    0.7536	  0.9163	   0.7536	  0.8238	 23.1167	 18.7053	 11.8853
2018	184	  11	  0	183.4583	140.7820	 50.5143	 812.3587	  801.7008	 193.5512	803.8704	 28.0240	171.0217	 80.3902	 80.3902	153.8885	400.5323	433.6431	409.9437	419.8278	423.0592	409.9437	 37.6317	812.4353	  1.0000	   0.2304	  0.4413	    0.7536	  0.9163	   0.7536	  0.8208	 23.4625	 20.3697	 13.5497
2018	184	  12	  0	183.5000	162.6239	 54.2933	 803.7115	  733.7736	 208.1094	794.0497	 30.4043	192.1408	 84.4886	 84.4886	118.6780	401.4955	441.6295	414.8255	418.2568	434.1330	414.8255	 38.1477	855.3043	  0.9969	   0.2657	  0.4687	    0.7536	  0.9163	   0.7536	  0.8198	 23.7625	 21.7347	 14.9147
2018	184	  13	  0	183.5417	186.5034	 55.0464	 788.8735	  691.3384	 222.2156	778.0253	 31.1631	195.2510	100.7451	 87.7097	 88.9508	395.9649	450.4067	420.9131	420.3574	443.1463	421.5024	 38.6801	868.0896	  0.9729	   0.2751	  0.4732	    0.7536	  0.9163	   0.7536	  0.8050	 24.7667	 22.7762	 15.9562
2018	184	  14	  0	183.5833	209.5634	 52.5730	 732.9027	  639.5194	 224.9127	721.4201	 28.6220	169.8477	132.7659	 85.8587	 85.8587	383.3335	452.9334	422.9779	422.9779	442.3794	432.1265	 38.7226	849.4789	  0.9336	   0.2492	  0.4559	    0.7536	  0.9163	   0.7536	  0.7780	 25.7708	 22.7941	 16.1711
2018	184	  15	  0	183.6250	229.6329	 47.4871	 641.0037	  554.2970	 231.9888	628.2782	 24.9635	132.9207	140.2582	 83.7581	 83.7581	380.0595	440.9591	415.7729	415.7729	427.8196	430.5482	 36.1918	788.5586	  0.8985	   0.2008	  0.4213	    0.7536	  0.9163	   0.7536	  0.7776	 25.1875	 21.0048	 14.9907
2018	184	  16	  0	183.6667	246.4669	 40.7230	 522.4590	  449.0569	 228.8305	509.0644	 21.3660	100.8590	128.7990	 78.4929	 78.4929	384.6086	429.0984	409.1963	409.1963	414.1117	425.1668	 32.9515	694.0281	  0.8607	   0.1623	  0.3705	    0.7536	  0.9163	   0.7536	  0.7920	 24.3375	 18.6198	 13.2860
2018	184	  17	  0	183.7083	260.8854	 33.0738	 388.5742	  335.0094	 204.7685	375.9826	 17.0660	 73.1102	100.0675	 67.5169	 67.5169	384.1235	419.7619	404.2135	404.2135	403.6716	418.0615	 29.0246	579.6791	  0.8083	   0.1175	  0.3117	    0.7536	  0.9163	   0.7536	  0.7958	 23.8750	 15.6029	 11.0631
2018	184	  18	  0	183.7500	273.8187	 25.1115	 252.9848	  206.7506	 163.9376	242.4583	 12.7215	 52.3647	 69.2862	 53.0182	 52.2570	381.5319	410.5697	396.5804	398.4503	397.9709	407.9612	 24.7778	450.4172	  0.7390	   0.0869	  0.2538	    0.7536	  0.9163	   0.7536	  0.7988	 23.0042	 11.8706	  8.3079
2018	184	  19	  0	183.7917	286.0051	 17.2674	 130.6910	   70.5801	 108.3317	123.4552	  7.8995	 33.5056	 35.7725	 34.1551	 33.5056	381.5613	401.8870	392.3837	393.4576	393.4576	398.0009	 20.4611	314.4368	  0.6459	   0.0511	  0.1942	    0.7536	  0.9163	   0.7536	  0.8054	 22.1208	  7.7977	  5.3447
2018	184	  20	  0	183.8333	297.9999	  9.9060	  41.9871	    9.4851	  40.2062	 39.2516	  2.9049	 12.2392	 12.7427	 12.4617	 12.2392	382.4224	394.5484	388.4093	388.4244	388.4244	391.1658	 16.4217	182.0689	  0.5407	   0.0375	  0.1217	    0.7536	  0.9163	   0.7536	  0.8124	 20.8792	  6.8263	  4.5229
2018	184	  21	  0	183.8750	310.2029	  3.4405	   5.7925	    1.2967	   5.6868	  5.4045	  0.4090	  1.7375	  1.7415	  1.7414	  1.7375	381.6692	386.1302	382.8612	380.4087	380.4087	383.7790	 13.6134	 64.3190	  0.5711	   0.0085	  0.0563	    0.7536	  0.9163	   0.7536	  0.8154	 19.4500	  9.2683	  5.8439
2018	184	  22	  0	183.9167	322.8649	 -1.8029	   0.3021	    0.1640	   0.1432	  0.1345	  0.0103	  0.0443	  0.0443	  0.0443	  0.0443	379.3287	381.3228	377.1390	375.8571	375.8571	376.9823	 12.3903	 43.3143	  0.5821	   0.0000	  0.0012	    0.7536	  0.9163	   0.7536	  0.8168	 18.6292	  2.7139	  1.6531
2018	184	  23	  0	183.9583	336.0898	 -6.4101	   0.0052	    0.0000	   0.0000	  0.0000	  0.0000	  0.0000	  0.0000	  0.0000	  0.0000	377.1426	378.1531	373.6490	373.6490	373.6490	373.6490	 11.8530	 50.7303	  0.5087	   0.0000	  0.0000	    0.7536	  0.9163	   0.7536	  0.8164	 18.0208	  0.0000	  0.0000
2018	185	   0	  0	184.0000	349.8032	 -8.7854	   0.0000	    0.0000	   0.0000	  0.0000	  0.0000	  0.0000	  0.0000	  0.0000	  0.0000	376.0157	374.5298	370.1298	370.1298	370.1298	370.1298	 11.2068	 50.7220	  0.5086	   0.0000	  0.0000	    0.7536	  0.9163	   0.7536	  0.8164	 17.3208	  0.0000	  0.0000
2018	185	   1	  0	184.0417	 93.7551	 -9.2367	   0.0277	    0.0000	   0.0000	  0.0000	  0.0000	  0.0000	  0.0000	  0.0000	  0.0000	377.4548	371.2097	367.0363	367.0363	367.0363	367.0363	 10.6617	 50.5293	  0.5096	   0.0000	  0.0000	    0.7536	  0.9163	   0.7536	  0.8187	 16.6750	  0.0000	  0.0000
2018	185	   2	  0	184.0833	 17.6168	 -7.7568	   1.4258	    0.0000	   0.0000	  0.0000	  0.0000	  0.0000	  0.0000	  0.0000	  0.0000	379.1037	368.9727	364.6689	364.6689	364.6689	364.6689	 10.2522	 50.4958	  0.5373	   0.0000	  0.0000	    0.7536	  0.9163	   0.7536	  0.8207	 16.2375	  0.0000	  0.0000
2018	185	   3	  0	184.1250	 31.0930	 -4.1949	  15.1613	    0.0000	   0.0000	  0.0000	  0.0000	  0.0000	  0.0000	  0.0000	  0.0000	377.3916	367.4451	360.1776	360.1776	360.1776	360.1776	  9.4448	 50.5252	  0.7857	   0.0000	  0.0000	    0.7536	  0.9163	   0.7536	  0.8192	 15.9375	  0.0000	  0.0000
2018	185	   4	  0	184.1667	 44.0173	  0.9372	  70.7835	  118.8839	  50.2614	 52.7070	  3.6251	 15.4774	 15.4774	 15.4774	 15.4774	377.4089	369.3099	357.4417	357.4417	359.3938	359.3938	 11.5197	 38.9885	  1.0000	   0.0056	  0.0304	    0.7536	  0.9163	   0.7536	  0.8190	 16.2875	  2.6918	  0.0000
2018	185	   5	  0	184.2083	 56.4131	  6.7456	 185.6379	  635.8211	 109.9090	178.7036	  8.0566	 35.5716	 35.5716	 35.6172	 35.6573	379.9558	376.0910	363.3179	363.5526	365.9785	365.9785	 16.1042	124.3093	  1.0000	   0.0001	  0.0818	    0.7536	  0.9163	   0.7536	  0.8200	 17.6208	  7.0359	  0.4514
2018	185	   6	  0	184.2500	 68.4704	 13.7521	 321.0569	  691.6936	 156.4451	311.6223	 12.7162	 52.2836	 52.2836	 71.2885	100.2804	384.6926	388.3107	374.5004	376.9054	376.1141	376.1141	 22.7999	250.4813	  1.0000	   0.0770	  0.1610	    0.7536	  0.9163	   0.7536	  0.8213	 19.2125	  9.6711	  2.8511
2018	185	   7	  0	184.2917	 80.5156	 21.4129	 452.5294	  718.6339	 190.0861	441.5448	 15.3186	 65.2925	 65.2925	 69.3214	 94.9120	388.7463	395.0727	381.0927	387.7129	382.9815	382.9815	 25.5156	384.4225	  1.0000	   0.0449	  0.2304	    0.7536	  0.9163	   0.7536	  0.8210	 20.6583	 12.1956	  5.3756
2018	185	   8	  0	184.3333	 93.0284	 29.3621	 578.1358	  743.8765	 213.4640	566.3368	 19.7283	 80.1489	 75.8701	 76.4232	147.4839	391.2094	405.1202	389.3742	398.5746	388.4607	390.0802	 29.8698	516.2730	  1.0000	   0.1110	  0.2843	    0.7536	  0.9163	   0.7536	  0.8201	 21.4625	 14.5646	  7.7446
2018	185	   9	  0	184.3750	106.6618	 37.2112	 685.6917	  769.5235	 220.4275	674.1880	 22.7820	106.9864	 81.5761	 81.5761	164.2904	386.2308	414.0302	395.6940	407.0335	396.7982	395.6940	 32.9893	639.6935	  1.0000	   0.1420	  0.3430	    0.7536	  0.9163	   0.7536	  0.8080	 22.3042	 16.7361	  9.9161
2018	185	  10	  0	184.4167	122.2612	 44.4609	 765.2435	  787.9833	 213.5733	754.8713	 25.2636	135.8177	 82.9469	 82.9469	166.4076	379.1971	423.4109	401.0491	413.2745	407.4981	401.0491	 35.2988	745.2415	  1.0000	   0.1767	  0.3991	    0.7536	  0.9163	   0.7536	  0.7922	 23.0625	 18.6719	 11.8519
2018	185	  11	  0	184.4583	140.7643	 50.4261	 809.9577	  822.6096	 175.6435	802.8128	 27.0566	168.6114	 75.6394	 75.6394	150.8731	375.1670	434.1905	407.0101	416.8758	420.0969	407.0101	 36.6669	823.6549	  1.0000	   0.2297	  0.4406	    0.7536	  0.9163	   0.7536	  0.7813	 23.5792	 20.3375	 13.5175
2018	185	  12	  0	184.5000	162.5753	 54.2089	 819.8944	  799.5935	 171.5326	813.1383	 29.0874	192.8012	 75.6931	 75.6931	112.9600	374.8068	442.5748	411.9925	415.4339	431.2773	411.9925	 37.1392	868.2660	  0.9985	   0.2647	  0.4682	    0.7536	  0.9163	   0.7536	  0.7772	 23.9542	 21.7037	 14.8837
2018	185	  13	  0	184.5417	186.4208	 54.9708	 794.4004	  716.4110	 207.7024	784.6982	 30.6155	195.5632	 97.3597	 84.1957	 85.5540	372.3265	445.0583	413.2493	412.7022	435.2450	413.7991	 37.2364	878.1241	  0.9690	   0.2742	  0.4727	    0.7536	  0.9163	   0.7536	  0.7727	 23.8917	 22.7369	 15.9196
2018	185	  14	  0	184.5833	209.4597	 52.5094	 731.1321	  629.8435	 231.1595	719.1608	 28.8519	170.1943	133.3006	 87.4016	 87.4016	376.0032	443.0847	413.9650	413.9650	432.6129	422.6790	 37.4541	849.4735	  0.9317	   0.2485	  0.4555	    0.7536	  0.9163	   0.7536	  0.7765	 24.2333	 22.3235	 15.8290
2018	185	  15	  0	184.6250	229.5250	 47.4346	 636.4204	  539.7733	 238.5134	623.1635	 25.1933	133.2126	140.2033	 85.2968	 85.2968	381.1222	436.9558	412.7775	412.7775	424.4301	427.0298	 35.7909	786.1425	  0.8953	   0.2005	  0.4209	    0.7536	  0.9163	   0.7536	  0.7836	 24.6000	 20.5498	 14.6588
2018	185	  16	  0	184.6667	246.3638	 40.6780	 517.3769	  441.8230	 228.7522	503.9493	 21.2642	100.3360	127.6532	 78.2961	 78.2961	377.3350	428.3007	407.9094	407.9094	412.6628	423.3748	 32.5934	696.3390	  0.8510	   0.1618	  0.3702	    0.7536	  0.9163	   0.7536	  0.7809	 24.2750	 18.1906	 12.9734
2018	185	  17	  0	184.7083	260.7894	 33.0325	 384.7867	  330.2499	 203.8204	372.2381	 16.9574	 72.6948	 99.1629	 67.1400	 67.1400	375.1764	418.3878	402.1832	402.1832	401.6058	415.5980	 28.5439	581.9497	  0.7994	   0.1173	  0.3114	    0.7536	  0.9163	   0.7536	  0.7830	 23.6750	 15.2609	 10.8148
2018	185	  18	  0	184.7500	273.7294	 25.0706	 252.8996	  211.2762	 162.1398	242.5092	 12.6106	 51.8790	 69.1893	 52.5380	 51.7649	374.5863	411.0077	396.2217	398.0999	397.6248	407.6909	 24.6241	451.6634	  0.7376	   0.0873	  0.2533	    0.7536	  0.9163	   0.7536	  0.7876	 23.0750	 11.9461	  8.3557
2018	185	  19	  0	184.7917	285.9214	 17.2243	 130.5185	   72.9442	 107.4375	123.3494	  7.8363	 33.2575	 35.5164	 33.9003	 33.2575	377.3856	402.3027	392.3855	393.4592	393.4592	398.0717	 20.3951	314.5375	  0.6455	   0.0499	  0.1940	    0.7536	  0.9163	   0.7536	  0.7987	 22.2042	  7.8617	  5.3852
2018	185	  20	  0	184.8333	297.9211	  9.8587	  40.9210	    9.1064	  39.2109	 38.2531	  2.8330	 11.9340	 12.4314	 12.1530	 11.9340	382.9512	394.8930	388.8060	388.8366	388.8366	391.5694	 16.4535	181.2224	  0.5363	   0.0379	  0.1213	    0.7536	  0.9163	   0.7536	  0.8128	 20.9417	  6.8158	  4.5123
2018	185	  21	  0	184.8750	310.1291	  3.3895	   5.1708	    1.0273	   5.0825	  4.8240	  0.3656	  1.5528	  1.5546	  1.5546	  1.5528	385.7836	386.8373	383.9241	381.4894	381.4894	384.8598	 13.8172	 63.3004	  0.5643	   0.0074	  0.0551	    0.7536	  0.9163	   0.7536	  0.8200	 19.5958	  9.2616	  5.8338
2018	185	  22	  0	184.9167	322.7970	 -1.8705	   0.1979	    0.0660	   0.0649	  0.0610	  0.0047	  0.0198	  0.0198	  0.0198	  0.0198	384.3261	381.8458	377.7860	377.2200	377.2200	377.7317	 12.6209	 47.0096	  0.5411	   0.0000	  0.0009	    0.7536	  0.9163	   0.7536	  0.8230	 18.7292	  1.2565	  0.7669
2018	185	  23	  0	184.9583	336.0294	 -6.4802	   0.0000	    0.0000	   0.0000	  0.0000	  0.0000	  0.0000	  0.0000	  0.0000	  0.0000	381.9350	377.2686	373.1062	373.1062	373.1062	373.1062	 11.8063	 50.4681	  0.5091	   0.0000	  0.0000	    0.7536	  0.9163	   0.7536	  0.8221	 17.8500	  0.0000	  0.0000
2018	186	   0	  0	185.0000	349.7525	 -8.8622	   0.0000	    0.0000	   0.0000	  0.0000	  0.0000	  0.0000	  0.0000	  0.0000	  0.0000	380.0096	374.1421	370.0016	370.0016	370.0016	370.0016	 11.2268	 50.4837	  0.5091	   0.0000	  0.0000	    0.7536	  0.9163	   0.7536	  0.8208	 17.2458	  0.0000	  0.0000
2018	186	   1	  0	185.0417	 93.7157	 -9.3200	   0.0977	    0.0000	   0.0000	  0.0000	  0.0000	  0.0000	  0.0000	  0.0000	  0.0000	380.0226	372.7914	368.6832	368.6832	368.6832	368.6832	 10.9887	 50.3485	  0.5114	   0.0000	  0.0000	    0.7536	  0.9163	   0.7536	  0.8211	 16.9833	  0.0000	  0.0000
2018	186	   2	  0	185.0833	 17.5897	 -7.8457	   1.3046	    0.0000	   0.0000	  0.0000	  0.0000	  0.0000	  0.0000	  0.0000	  0.0000	378.6659	372.4058	367.9472	367.9472	367.9472	367.9472	 10.8441	 50.3734	  0.5354	   0.0000	  0.0000	    0.7536	  0.9163	   0.7536	  0.8197	 16.9083	  0.0000	  0.0000
2018	186	   3	  0	185.1250	 31.0777	 -4.3068	   8.3598	    0.0000	   0.0000	  0.0000	  0.0000	  0.0000	  0.0000	  0.0000	  0.0000	377.0336	372.8767	366.6158	366.6158	366.6158	366.6158	 10.6046	 50.4059	  0.6753	   0.0000	  0.0000	    0.7536	  0.9163	   0.7536	  0.8179	 17.0000	  0.0000	  0.0000
2018	186	   4	  0	185.1667	 44.0123	  0.8531	  38.6004	  262.0756	  20.1797	 29.4135	  1.4765	  6.4538	  6.4538	  7.4738	  7.4938	373.1722	373.8161	361.4372	361.4372	363.4103	363.4103	 10.9679	 37.9718	  0.9808	   0.0044	  0.0294	    0.7536	  0.9163	   0.7536	  0.8134	 17.1625	  3.0423	  0.0000
2018	186	   5	  0	185.2083	 56.4166	  6.6544	 117.9542	  755.1282	  28.1178	116.7206	  2.2045	 10.9965	 10.9965	 11.0174	 11.0357	372.0458	375.5426	362.0103	362.2324	364.6856	364.6856	 12.3581	123.0578	  1.0000	   0.0001	  0.0807	    0.7536	  0.9163	   0.7536	  0.8113	 17.5167	  6.9948	  0.4274
2018	186	   6	  0	185.2500	 68.4804	 13.6597	 190.7323	  540.9073	  68.5503	186.9822	  6.0492	 24.4461	 24.4461	 40.1547	 62.7368	373.0863	382.1676	368.0436	370.2094	369.7224	369.7224	 17.1688	249.9958	  0.9703	   0.0766	  0.1603	    0.7536	  0.9163	   0.7536	  0.8102	 18.0792	  9.1307	  2.6303
2018	186	   7	  0	185.2917	 80.5302	 21.3205	 179.0048	  110.2530	 141.5519	169.6133	 10.3597	 44.0144	 44.0144	 44.6099	 47.1459	372.7380	379.3650	369.4350	371.7278	371.9278	371.9278	 18.1250	384.5862	  0.6776	   0.0445	  0.2296	    0.7536	  0.9163	   0.7536	  0.8101	 18.0750	  4.7070	  2.0106
2018	186	   8	  0	185.3333	 93.0451	 29.2696	 159.8365	   14.1129	 152.9409	149.4318	 11.0776	 46.3568	 46.2733	 46.2859	 47.6310	372.7244	379.0726	373.3707	373.0538	371.9804	374.1021	 18.4537	516.9385	  0.4667	   0.1107	  0.2835	    0.7536	  0.9163	   0.7536	  0.8108	 17.9083	  2.6147	  1.3834
2018	186	   9	  0	185.3750	106.6769	 37.1180	 275.5544	   44.5180	 247.8158	258.8224	 18.2577	 77.0692	 75.2665	 75.2665	 80.2786	373.7524	381.8938	375.3635	374.9235	373.1750	375.3635	 22.9475	637.9645	  0.5517	   0.1416	  0.3424	    0.7536	  0.9163	   0.7536	  0.8109	 18.2708	  3.2042	  1.9041
2018	186	  10	  0	185.4167	122.2681	 44.3669	 468.7685	  226.7878	 308.8523	448.8769	 25.0965	113.6061	 97.8354	 97.8354	121.5361	374.7995	390.4989	379.0444	382.1854	380.0489	379.0444	 28.4601	739.9277	  0.7279	   0.1760	  0.3984	    0.7536	  0.9163	   0.7536	  0.8086	 18.9333	  8.0677	  5.1298
2018	186	  11	  0	185.4583	140.7521	 50.3321	 617.6531	  397.2929	 311.4783	598.7037	 29.3433	148.7739	103.8022	103.8022	139.9622	375.7893	403.9383	386.5740	391.4900	393.5207	386.5740	 32.6001	815.8165	  0.8342	   0.2289	  0.4399	    0.7536	  0.9163	   0.7536	  0.8046	 19.8417	 13.1529	  8.7393
2018	186	  12	  0	185.5000	162.5306	 54.1181	 685.7044	  459.3318	 313.3308	667.1359	 32.1269	174.3589	106.9732	106.9732	127.5078	377.3208	411.4756	390.8140	392.1930	402.9667	390.8140	 34.2582	858.9623	  0.8648	   0.2636	  0.4676	    0.7536	  0.9163	   0.7536	  0.8044	 20.1375	 15.5190	 10.6399
2018	186	  13	  0	185.5417	186.3396	 54.8885	 774.4560	  632.8369	 256.8253	760.8653	 32.2291	193.9764	108.2032	 95.9762	 97.0314	380.5952	422.1672	395.5090	394.9632	415.5987	396.0057	 35.3435	866.9383	  0.9580	   0.2732	  0.4722	    0.7536	  0.9163	   0.7536	  0.8055	 20.2167	 21.7346	 15.2117
2018	186	  14	  0	185.5833	209.3550	 52.4392	 743.8369	  625.2199	 248.0190	730.6810	 29.9260	174.3503	137.6096	 92.2255	 92.2255	381.8179	421.8722	396.0550	396.0550	414.2826	404.5424	 35.4619	839.9153	  0.9568	   0.2478	  0.4550	    0.7536	  0.9163	   0.7536	  0.8055	 20.5083	 22.5174	 15.9575
2018	186	  15	  0	185.6250	229.4144	 47.3756	 637.0071	  510.5860	 260.8308	622.0576	 26.3563	136.6797	142.9823	 91.1698	 91.1698	379.1351	412.3685	391.4350	391.4350	402.0682	404.3449	 33.0570	780.0349	  0.9025	   0.2002	  0.4204	    0.7536	  0.9163	   0.7536	  0.8034	 20.4375	 19.6750	 14.0271
2018	186	  16	  0	185.6667	246.2574	 40.6268	 515.5550	  410.3129	 247.7662	500.6675	 22.2715	103.7855	128.9737	 83.2747	 83.2747	377.5013	405.7510	388.4389	388.4389	392.6520	402.3193	 29.9851	690.4053	  0.8550	   0.1614	  0.3699	    0.7536	  0.9163	   0.7536	  0.8025	 20.4083	 17.2161	 12.2718
2018	186	  17	  0	185.7083	260.6900	 32.9851	 382.1804	  301.3575	 217.1455	368.5986	 17.7101	 75.7749	 99.8147	 70.6379	 70.6379	377.5529	399.0973	385.5073	385.5073	384.8592	397.4797	 26.1975	576.8228	  0.8009	   0.1170	  0.3111	    0.7536	  0.9163	   0.7536	  0.8045	 20.2833	 14.3411	 10.1575
2018	186	  18	  0	185.7500	273.6369	 25.0236	 245.9952	  175.4388	 170.4002	234.9237	 13.0576	 53.8967	 68.5714	 54.3988	 53.7901	375.5621	391.9422	379.4692	381.3645	380.9098	389.3090	 21.9751	448.0194	  0.7265	   0.0878	  0.2527	    0.7536	  0.9163	   0.7536	  0.8058	 19.6667	 10.6795	  7.4661
2018	186	  19	  0	185.7917	285.8348	 17.1751	 117.8775	   40.7385	 104.8995	110.8044	  7.6020	 32.2101	 33.4013	 32.5496	 32.2101	374.9898	385.3218	376.9221	378.2346	378.2346	381.5354	 17.5051	312.5963	  0.6077	   0.0487	  0.1938	    0.7536	  0.9163	   0.7536	  0.8087	 19.0833	  6.6530	  4.5520
2018	186	  20	  0	185.8333	297.8399	  9.8052	  36.0175	    6.3583	  34.8258	 33.6454	  2.5136	 10.5888	 10.9440	 10.7446	 10.5888	377.9069	382.3203	376.9263	376.9833	376.9833	379.5878	 14.1374	180.2322	  0.5123	   0.0384	  0.1209	    0.7536	  0.9163	   0.7536	  0.8138	 18.5750	  6.7158	  4.4417
2018	186	  21	  0	185.8750	310.0534	  3.3325	   4.6217	    0.7075	   4.5629	  4.3101	  0.3281	  1.3935	  1.3948	  1.3948	  1.3935	377.7340	377.4277	374.4971	372.0748	372.0748	375.4299	 12.0355	 62.3833	  0.5630	   0.0061	  0.0539	    0.7536	  0.9163	   0.7536	  0.8146	 17.8125	  9.3030	  5.8525
2018	186	  22	  0	185.9167	322.7277	 -1.9456	   0.3312	    0.0701	   0.0688	  0.0646	  0.0050	  0.0210	  0.0210	  0.0210	  0.0210	372.7422	374.6577	370.1458	369.5557	369.5557	370.0923	 11.1245	 46.9787	  0.5471	   0.0000	  0.0008	    0.7536	  0.9163	   0.7536	  0.8123	 17.3458	  1.3076	  0.7970
2018	186	  23	  0	185.9583	335.9685	 -6.5571	   0.0208	    0.0000	   0.0000	  0.0000	  0.0000	  0.0000	  0.0000	  0.0000	  0.0000	369.9421	372.7490	368.0370	368.0370	368.0370	368.0370	 10.7623	 50.5464	  0.5099	   0.0000	  0.0000	    0.7536	  0.9163	   0.7536	  0.8101	 16.9750	  0.0000	  0.0000
2018	187	   0	  0	186.0000	349.1211	 -8.8972	   0.0000	    0.0000	   0.0000	  0.0000	  0.0000	  0.0000	  0.0000	  0.0000	  0.0000	367.3332	370.8249	366.0483	366.0483	366.0483	366.0483	 10.3721	 50.5893	  0.5095	   0.0000	  0.0000	    0.7536	  0.9163	   0.7536	  0.8079	 16.6000	  0.0000	  0.0000
