Year	DOY	Hour	Min	 Dectime	 azimuth	altitude	GlobalRad	DiffuseRad	DirectRad	 Kdown2d	   Kup2d	  Ksouth	   Kwest	  Knorth	   Keast	 Ldown2d	   Lup2d	  Lsouth	   Lwest	  Lnorth	   Least	    Tmrt	      I0	      CI	SH_Ground	SH_Walls	SVF_Ground	SVF_Roof	SVF_BdVeg	Emis_Sky	      Ta	      Tg	      Tw
2018	179	   0	  0	178.0000	356.4783	 -8.9671	   0.0200	    0.0000	   0.0000	  0.0000	  0.0000	  0.0000	  0.0000	  0.0000	  0.0000	399.9199	391.8993	384.3657	384.3657	384.3657	384.3657	 14.0413	 51.3840	  0.5056	   0.0000	  0.0000	    0.9236	  0.9608	   0.9236	  0.8405	 18.9000	  0.0000	  0.0000
2018	179	   1	  0	178.0417	 94.0217	 -8.8688	   0.1496	    0.0000	   0.0000	  0.0000	  0.0000	  0.0000	  0.0000	  0.0000	  0.0000	396.6480	390.4482	382.6511	382.6511	382.6511	382.6511	 13.7069	 51.4449	  0.5081	   0.0000	  0.0000	    0.9236	  0.9608	   0.9236	  0.8374	 18.6292	  0.0000	  0.0000
2018	179	   2	  0	178.0833	 17.8290	 -7.3504	   2.4581	    0.0000	   0.0000	  0.0000	  0.0000	  0.0000	  0.0000	  0.0000	  0.0000	392.4988	386.6275	377.6303	377.6303	377.6303	377.6303	 12.7873	 51.5215	  0.5529	   0.0000	  0.0000	    0.9236	  0.9608	   0.9236	  0.8337	 17.9125	  0.0000	  0.0000
2018	179	   3	  0	178.1250	 31.2511	 -3.7147	  20.5810	    0.0000	   0.0000	  0.0000	  0.0000	  0.0000	  0.0000	  0.0000	  0.0000	393.7178	384.1521	369.0656	369.0656	369.0656	369.0656	 11.3403	 51.5026	  0.8350	   0.0000	  0.0000	    0.9236	  0.9608	   0.9236	  0.8349	 17.4458	  0.0000	  0.0000
2018	179	   4	  0	178.1667	 44.1271	  1.3363	  85.2542	  124.9249	  64.6127	 69.3756	  5.4760	 27.0719	 27.0719	 33.5914	 34.4594	396.7687	387.9184	368.4710	368.4710	368.8278	368.8278	 15.5423	 40.2706	  1.0000	   0.0518	  0.0964	    0.9236	  0.9608	   0.9236	  0.8377	 17.9417	  3.0106	  0.0000
2018	179	   5	  0	178.2083	 56.4837	  7.1887	 193.9660	  623.7974	 114.9540	190.1861	 10.6042	 48.9079	 48.9079	 88.6014	111.6333	400.6810	399.8602	378.6717	378.8186	378.9553	378.9553	 23.1827	131.1989	  1.0000	   0.1186	  0.3164	    0.9236	  0.9608	   0.9236	  0.8408	 19.4833	  7.2203	  0.5645
2018	179	   6	  0	178.2500	 68.5121	 14.2045	 323.6306	  681.8581	 156.0081	318.6427	 17.2900	 67.3547	 67.3547	129.8639	231.3369	397.9390	421.7430	394.4025	395.7074	394.1270	394.1270	 31.6667	257.2311	  1.0000	   0.2658	  0.4600	    0.9236	  0.9608	   0.9236	  0.8334	 21.6458	  9.8528	  3.0328
2018	179	   7	  0	178.2917	 80.5401	 21.8676	 456.5967	  712.4624	 191.2042	450.6245	 27.5308	 84.5700	 84.5700	133.0572	389.9570	397.4865	449.5966	411.4384	414.9295	411.3094	411.3094	 39.8204	390.8552	  1.0000	   0.4694	  0.5000	    0.9236	  0.9608	   0.9236	  0.8275	 23.2417	 12.3726	  5.5526
2018	179	   8	  0	178.3333	 93.0500	 29.8171	 581.4260	  734.4676	 216.3152	574.8221	 39.1941	123.9933	 98.7517	101.6704	499.9656	404.1968	475.9312	427.5445	433.1875	427.6303	427.6333	 45.9162	520.6154	  1.0000	   0.6330	  0.5000	    0.9236	  0.9608	   0.9236	  0.8326	 24.0792	 14.7356	  7.9156
2018	179	   9	  0	178.3750	106.7017	 37.6653	 687.2823	  755.6972	 225.6777	680.5824	 49.4046	231.8382	107.0448	107.0448	521.8500	404.6466	499.3840	440.9868	447.9878	442.6859	440.9868	 51.4356	640.5809	  1.0000	   0.7272	  0.5000	    0.9236	  0.9608	   0.9236	  0.8293	 24.8333	 16.9004	 10.0804
2018	179	  10	  0	178.4167	122.3540	 44.9111	 766.0317	  774.0398	 219.7654	759.7348	 57.4776	339.0468	109.1376	109.1376	472.8062	397.0975	521.3152	451.7135	459.1542	456.1905	451.7135	 54.5788	744.6049	  1.0000	   0.7887	  0.5000	    0.9236	  0.9608	   0.9236	  0.8137	 25.6333	 18.8292	 12.0092
2018	179	  11	  0	178.4583	140.9635	 50.8631	 811.1337	  822.4445	 172.8952	806.6703	 62.4421	428.5312	 95.8697	 95.8697	364.6168	390.1542	539.2530	459.9377	466.1311	467.8453	459.9377	 55.0095	822.5430	  1.0000	   0.8293	  0.5000	    0.9236	  0.9608	   0.9236	  0.7995	 26.1625	 20.4882	 13.6682
2018	179	  12	  0	178.5000	162.9356	 54.6126	 822.4575	  801.3840	 169.3356	818.1518	 64.5076	470.1062	 95.6297	 95.6297	212.6862	384.0935	550.0690	463.8903	466.7201	474.9397	463.8903	 53.3366	868.0105	  0.9985	   0.8511	  0.5000	    0.9236	  0.9608	   0.9236	  0.7896	 26.1375	 21.8485	 15.0285
2018	179	  13	  0	178.5417	186.9420	 55.3149	 796.4375	  721.1060	 203.4224	790.8145	 62.9535	451.7965	150.4136	106.0297	109.4229	378.9600	556.9851	467.0498	467.0281	479.4544	468.2702	 52.3986	878.4752	  0.9701	   0.8549	  0.5000	    0.9236	  0.9608	   0.9236	  0.7809	 26.1625	 22.8861	 16.0661
2018	179	  14	  0	178.5833	210.0644	 52.7812	 726.1021	  617.2374	 234.0307	719.1856	 57.1085	383.5449	266.9695	112.9329	112.9329	384.2383	551.8437	467.2448	467.2448	477.7845	472.8529	 53.2514	848.0714	  0.9262	   0.8406	  0.5000	    0.9236	  0.9608	   0.9236	  0.7888	 26.2458	 22.2774	 15.8325
2018	179	  15	  0	178.6250	230.1294	 47.6445	 585.1885	  423.4316	 271.7725	576.5498	 45.7884	266.9730	294.1965	119.1549	119.1549	387.9780	516.3434	452.8608	452.8608	458.4086	459.5835	 48.8095	784.3269	  0.8311	   0.8085	  0.5000	    0.9236	  0.9608	   0.9236	  0.7972	 26.0917	 16.8668	 12.0586
2018	179	  16	  0	178.6667	246.9299	 40.8481	 491.1592	  374.8099	 245.8595	483.2542	 37.4918	190.1384	302.5603	106.0420	106.0420	387.3560	502.3776	444.7706	444.7706	447.7168	452.6218	 45.0787	693.2449	  0.8164	   0.7574	  0.5000	    0.9236	  0.9608	   0.9236	  0.8008	 25.3500	 16.1767	 11.5630
2018	179	  17	  0	178.7083	261.3122	 33.1845	 383.1725	  312.6437	 211.2832	376.2877	 28.3394	117.4428	263.9688	 89.5860	 89.5860	396.7390	484.0220	435.9728	435.9728	436.6928	443.7448	 39.9275	576.1843	  0.8029	   0.6768	  0.5000	    0.9236	  0.9608	   0.9236	  0.8194	 24.4750	 15.1174	 10.7384
2018	179	  18	  0	178.7500	274.2161	 25.2224	 253.0598	  202.2471	 165.8027	247.5450	 18.3783	 69.2286	170.2367	 75.2833	 68.8341	389.6212	457.5758	421.7880	421.7776	421.7118	427.6505	 32.5958	449.5367	  0.7397	   0.5515	  0.5000	    0.9236	  0.9608	   0.9236	  0.8132	 23.8208	 11.8856	  8.3352
2018	179	  19	  0	178.7917	286.3802	 17.3903	 132.9092	   78.2821	 108.1026	129.2380	  9.9340	 44.5123	 71.3717	 51.3354	 44.5123	376.5827	430.4335	407.3577	406.7477	406.7477	410.2579	 24.7823	317.2173	  0.6484	   0.3451	  0.4892	    0.9236	  0.9608	   0.9236	  0.7995	 22.9583	  8.0984	  5.5640
2018	179	  20	  0	178.8333	298.3578	 10.0498	  43.2283	   10.5227	  41.2408	 41.8102	  3.4990	 17.0528	 18.8473	 17.9367	 17.0528	367.3183	414.0557	398.9242	397.8424	397.8424	400.2877	 18.6144	185.9330	  0.5404	   0.1768	  0.3869	    0.9236	  0.9608	   0.9236	  0.7922	 21.7417	  6.8532	  4.5544
2018	179	  21	  0	178.8750	310.5449	  3.6063	   6.0204	    1.5573	   5.8872	  5.8176	  0.4954	  2.4573	  2.5657	  2.5412	  2.4573	368.5153	404.2949	391.8251	389.5867	389.5867	392.2507	 15.2227	 67.8089	  0.5599	   0.0860	  0.1992	    0.9236	  0.9608	   0.9236	  0.7991	 20.3958	  9.0751	  5.7468
2018	179	  22	  0	178.9167	323.1882	 -1.5706	   0.2792	    0.1675	   0.1635	  0.1593	  0.0137	  0.0688	  0.0688	  0.0688	  0.0688	377.7908	392.6648	382.1639	381.3687	381.3687	382.0769	 13.3799	 44.8150	  0.5729	   0.0000	  0.0087	    0.9236	  0.9608	   0.9236	  0.8162	 19.0417	  2.6318	  1.6104
2018	179	  23	  0	178.9583	336.3878	 -6.1681	   0.0000	    0.0000	   0.0000	  0.0000	  0.0000	  0.0000	  0.0000	  0.0000	  0.0000	379.5863	387.2027	378.2010	378.2010	378.2010	378.2010	 12.7431	 51.7854	  0.5052	   0.0000	  0.0000	    0.9236	  0.9608	   0.9236	  0.8205	 18.0208	  0.0000	  0.0000
2018	180	   0	  0	179.0000	350.0668	 -8.4955	   0.0000	    0.0000	   0.0000	  0.0000	  0.0000	  0.0000	  0.0000	  0.0000	  0.0000	371.3686	387.2246	377.4812	377.4812	377.4812	377.4812	 12.5307	 51.9310	  0.5052	   0.0000	  0.0000	    0.9236	  0.9608	   0.9236	  0.8113	 18.0250	  0.0000	  0.0000
2018	180	   1	  0	179.0417	 93.9757	 -8.9121	   0.1531	    0.0000	   0.0000	  0.0000	  0.0000	  0.0000	  0.0000	  0.0000	  0.0000	356.4050	389.2670	377.8174	377.8174	377.8174	377.8174	 12.4400	 52.0151	  0.5090	   0.0000	  0.0000	    0.9236	  0.9608	   0.9236	  0.7920	 18.4083	  0.0000	  0.0000
2018	180	   2	  0	179.0833	 17.7897	 -7.4005	   2.9312	    0.0000	   0.0000	  0.0000	  0.0000	  0.0000	  0.0000	  0.0000	  0.0000	343.1987	385.4367	371.3467	371.3467	371.3467	371.3467	 11.1576	 52.2931	  0.5620	   0.0000	  0.0000	    0.9236	  0.9608	   0.9236	  0.7772	 17.6875	  0.0000	  0.0000
2018	180	   3	  0	179.1250	 31.2188	 -3.7520	  23.7140	    0.0000	   0.0000	  0.0000	  0.0000	  0.0000	  0.0000	  0.0000	  0.0000	335.7840	376.7012	353.7888	353.7888	353.7888	353.7888	  7.9493	 52.3722	  0.8579	   0.0000	  0.0000	    0.9236	  0.9608	   0.9236	  0.7734	 16.0250	  0.0000	  0.0000
2018	180	   4	  0	179.1667	 44.1012	  1.2842	  89.7579	  148.6585	  65.9774	 71.8993	  5.5990	 27.6616	 27.6616	 35.3549	 36.3785	333.8447	374.6266	346.7190	346.7190	347.0632	347.0632	 11.2676	 40.3890	  1.0000	   0.0513	  0.0943	    0.9236	  0.9608	   0.9236	  0.7729	 15.4167	  3.0167	  0.0000
2018	180	   5	  0	179.2083	 56.4630	  7.1295	 187.3952	  692.3994	 100.8833	184.1183	  9.5006	 43.1463	 43.1463	 86.6028	111.6413	331.8551	378.7564	348.7398	348.8763	349.0122	349.0122	 17.2051	133.7637	  1.0000	   0.1175	  0.3147	    0.9236	  0.9608	   0.9236	  0.7698	 15.5458	  7.1977	  0.5494
2018	180	   6	  0	179.2500	 68.4952	 14.1432	 383.6417	  742.5250	 201.8174	377.1068	 21.4702	 86.4071	 86.4071	154.2026	264.1717	331.7468	391.5963	356.8060	358.0294	356.5419	356.5419	 28.3303	262.8246	  1.0000	   0.2645	  0.4592	    0.9236	  0.9608	   0.9236	  0.7666	 16.2042	  9.8305	  3.0105
2018	180	   7	  0	179.2917	 80.5252	 21.8053	 499.7950	  775.7102	 211.6606	493.1706	 30.1868	 93.4630	 93.4630	146.1607	424.8279	334.0223	413.5016	369.5210	372.7835	369.3910	369.3910	 35.3439	399.3715	  1.0000	   0.4677	  0.5000	    0.9236	  0.9608	   0.9236	  0.7657	 17.0167	 12.3509	  5.5309
2018	180	   8	  0	179.3333	 93.0349	 29.7544	 620.2725	  796.6546	 225.0465	613.4382	 41.6275	130.5379	103.3006	106.4952	538.1017	337.9483	439.5420	384.9651	390.2696	385.0485	385.0456	 41.2880	533.3727	  1.0000	   0.6321	  0.5000	    0.9236	  0.9608	   0.9236	  0.7659	 18.0667	 14.7146	  7.8946
2018	180	   9	  0	179.3750	106.6830	 37.6027	 724.5892	  813.5858	 228.3847	717.8772	 51.8848	243.6504	109.5155	109.5155	556.1500	340.7865	462.8191	398.9004	405.5013	400.5051	398.9004	 47.0493	655.9949	  1.0000	   0.7266	  0.5000	    0.9236	  0.9608	   0.9236	  0.7649	 19.0167	 16.8802	 10.0602
2018	180	  10	  0	179.4167	122.3266	 44.8497	 804.6000	  826.7439	 221.8064	798.3187	 60.2336	356.9664	111.5209	111.5209	500.3143	340.4740	481.0424	408.6620	415.6559	412.8665	408.6620	 50.2218	759.2026	  1.0000	   0.7883	  0.5000	    0.9236	  0.9608	   0.9236	  0.7617	 19.4167	 18.8099	 11.9899
2018	180	  11	  0	179.4583	140.9198	 50.8047	 853.0533	  830.8554	 209.3665	847.3444	 65.8745	445.4680	110.1706	110.1706	383.7675	341.4432	499.2162	419.1400	424.9787	426.5842	419.1400	 51.3016	835.4043	  1.0000	   0.8290	  0.5000	    0.9236	  0.9608	   0.9236	  0.7588	 20.1417	 20.4697	 13.6497
2018	180	  12	  0	179.5000	162.8689	 54.5606	 860.1140	  835.1140	 179.7051	855.5147	 67.4695	491.7410	100.8947	100.8947	221.4039	341.0152	514.7334	427.9937	430.6938	438.4822	427.9937	 49.7007	880.3739	  1.0000	   0.8508	  0.5000	    0.9236	  0.9608	   0.9236	  0.7531	 20.9250	 21.8306	 15.0106
2018	180	  13	  0	179.5417	186.8546	 55.2734	 833.0752	  803.8250	 172.3663	828.6828	 65.5695	483.0427	146.3100	 97.2374	101.1584	337.6995	525.1516	433.5078	433.4931	445.3562	434.6642	 48.4043	891.5249	  0.9935	   0.8547	  0.5000	    0.9236	  0.9608	   0.9236	  0.7438	 21.5250	 22.8689	 16.0489
2018	180	  14	  0	179.5833	209.9688	 52.7515	 767.6838	  715.3050	 198.0686	762.1904	 59.9669	416.0229	282.4058	102.6347	102.6347	339.4999	531.4796	439.3478	439.3478	450.0837	445.1537	 50.4221	863.9406	  0.9589	   0.8404	  0.5000	    0.9236	  0.9608	   0.9236	  0.7420	 22.2333	 23.5364	 16.7249
2018	180	  15	  0	179.6250	230.0371	 47.6245	 668.4963	  617.0521	 212.2593	662.2466	 51.2411	317.8442	358.0565	102.5167	102.5167	341.9195	522.6864	437.3173	437.3173	444.7136	446.2764	 49.0386	800.7983	  0.9199	   0.8084	  0.5000	    0.9236	  0.9608	   0.9236	  0.7442	 22.5458	 22.4442	 16.0420
2018	180	  16	  0	179.6667	246.8451	 40.8342	 545.3215	  511.1582	 210.4331	538.8494	 40.6856	211.7895	363.5769	 96.0780	 96.0780	341.7344	502.6457	428.5298	428.5298	432.2649	438.2220	 44.5360	708.3915	  0.8773	   0.7573	  0.5000	    0.9236	  0.9608	   0.9236	  0.7453	 22.4458	 20.0511	 14.3288
2018	180	  17	  0	179.7083	261.2348	 33.1735	 408.6377	  388.1159	 195.1706	402.4066	 29.5544	119.9413	301.2942	 84.8912	 84.8912	352.6286	478.5380	419.8201	419.8201	420.7090	428.5580	 38.3429	588.3072	  0.8322	   0.6766	  0.5000	    0.9236	  0.9608	   0.9236	  0.7647	 22.2375	 17.1189	 12.1569
2018	180	  18	  0	179.7500	274.1442	 25.2116	 268.6896	  249.2245	 161.0472	263.3868	 19.0272	 68.1681	192.7525	 75.3518	 67.6410	356.4699	449.9295	407.5406	407.4909	407.4312	414.0018	 30.8956	456.1762	  0.7655	   0.5513	  0.5000	    0.9236	  0.9608	   0.9236	  0.7744	 21.7750	 13.2509	  9.2904
2018	180	  19	  0	179.7917	286.3123	 17.3776	 135.4973	   86.6614	 108.0020	131.8360	 10.0204	 44.5441	 74.3455	 52.0445	 44.5441	346.4253	420.9535	394.5204	393.9015	393.9015	397.4481	 22.5959	321.3511	  0.6508	   0.3446	  0.4891	    0.9236	  0.9608	   0.9236	  0.7632	 21.2292	  8.2832	  5.6894
2018	180	  20	  0	179.8333	298.2926	 10.0335	  46.8062	   12.7884	  44.4195	 45.2794	  3.7728	 18.3738	 20.5249	 19.4386	 18.3738	339.3646	406.0821	387.7449	386.6659	386.6659	389.1060	 16.6606	188.1656	  0.5576	   0.1766	  0.3865	    0.9236	  0.9608	   0.9236	  0.7578	 20.2958	  6.9164	  4.5943
2018	180	  21	  0	179.8750	310.4820	  3.5856	   6.9567	    2.2867	   6.7709	  6.7235	  0.5700	  2.8268	  2.9838	  2.9503	  2.8268	336.5379	396.3579	380.3531	378.1402	378.1402	380.7806	 12.9536	 68.3251	  0.5734	   0.0854	  0.1985	    0.9236	  0.9608	   0.9236	  0.7603	 18.9417	  9.1096	  5.7652
2018	180	  22	  0	179.9167	323.1279	 -1.6017	   0.3567	    0.2071	   0.1997	  0.1945	  0.0168	  0.0841	  0.0841	  0.0841	  0.0841	335.1856	385.2361	370.4735	369.6780	369.6780	370.3886	 10.8575	 45.3084	  0.5767	   0.0000	  0.0084	    0.9236	  0.9608	   0.9236	  0.7657	 17.6500	  2.6712	  1.6334
2018	180	  23	  0	179.9583	336.3310	 -6.1819	   0.0021	    0.0000	   0.0000	  0.0000	  0.0000	  0.0000	  0.0000	  0.0000	  0.0000	332.0698	374.9752	362.3935	362.3935	362.3935	362.3935	  9.3810	 52.4432	  0.5061	   0.0000	  0.0000	    0.9236	  0.9608	   0.9236	  0.7696	 15.6917	  0.0000	  0.0000
2018	181	   0	  0	180.0000	350.0151	 -8.5386	   0.0058	    0.0000	   0.0000	  0.0000	  0.0000	  0.0000	  0.0000	  0.0000	  0.0000	330.6564	365.4913	353.5595	353.5595	353.5595	353.5595	  7.7211	 52.3588	  0.5062	   0.0000	  0.0000	    0.9236	  0.9608	   0.9236	  0.7735	 13.8500	  0.0000	  0.0000
2018	181	   1	  0	180.0417	 93.9306	 -8.9622	   0.1802	    0.0000	   0.0000	  0.0000	  0.0000	  0.0000	  0.0000	  0.0000	  0.0000	328.4509	358.6019	346.8660	346.8660	346.8660	346.8660	  6.4311	 52.1245	  0.5102	   0.0000	  0.0000	    0.9236	  0.9608	   0.9236	  0.7740	 12.4875	  0.0000	  0.0000
2018	181	   2	  0	180.0833	 17.7523	 -7.4572	   2.7046	    0.0000	   0.0000	  0.0000	  0.0000	  0.0000	  0.0000	  0.0000	  0.0000	324.0281	352.4663	339.4090	339.4090	339.4090	339.4090	  4.9677	 52.1795	  0.5586	   0.0000	  0.0000	    0.9236	  0.9608	   0.9236	  0.7714	 11.2583	  0.0000	  0.0000
2018	181	   3	  0	180.1250	 31.1891	 -3.8248	  22.5377	    0.0000	   0.0000	  0.0000	  0.0000	  0.0000	  0.0000	  0.0000	  0.0000	323.3358	348.8640	327.9781	327.9781	327.9781	327.9781	  2.8264	 52.1773	  0.8447	   0.0000	  0.0000	    0.9236	  0.9608	   0.9236	  0.7717	 10.5292	  0.0000	  0.0000
2018	181	   4	  0	180.1667	 44.0786	  1.2269	  95.1450	   86.3546	  74.8042	 77.1709	  6.3148	 31.3082	 31.3082	 35.5343	 36.1701	327.6565	355.3879	329.2845	329.2845	329.6123	329.6123	  8.2251	 39.4834	  1.0000	   0.0506	  0.0920	    0.9236	  0.9608	   0.9236	  0.7745	 11.6542	  2.8139	  0.0000
2018	181	   5	  0	180.2083	 56.4462	  7.0649	 209.4506	  655.8203	 127.2815	205.2528	 11.6662	 54.0878	 54.0878	 95.2580	119.2698	336.2122	371.2135	343.1611	343.2927	343.4318	343.4318	 17.5580	132.0626	  1.0000	   0.1163	  0.3129	    0.9236	  0.9608	   0.9236	  0.7793	 14.1000	  7.1719	  0.5322
2018	181	   6	  0	180.2500	 68.4827	 14.0765	 344.0331	  728.7788	 166.5518	338.7047	 18.3747	 71.8736	 71.8736	138.1152	245.2691	343.1253	391.3375	358.7336	359.9467	358.4755	358.4755	 26.7778	260.1135	  1.0000	   0.2631	  0.4583	    0.9236	  0.9608	   0.9236	  0.7815	 16.1750	  9.8051	  2.9851
2018	181	   7	  0	180.2917	 80.5151	 21.7378	 481.2310	  757.7521	 200.5422	474.9727	 28.8900	 88.7600	 88.7600	140.0638	411.3938	347.6435	417.4908	375.4325	378.7061	375.3054	375.3054	 35.4578	395.7704	  1.0000	   0.4658	  0.5000	    0.9236	  0.9608	   0.9236	  0.7814	 17.7583	 12.3260	  5.5060
2018	181	   8	  0	180.3333	 93.0250	 29.6866	 609.8123	  785.9417	 220.5917	603.1176	 40.8777	128.2157	101.3169	104.4614	529.9180	346.2572	443.8500	390.0715	395.3975	390.1530	390.1532	 41.6413	530.5443	  1.0000	   0.6311	  0.5000	    0.9236	  0.9608	   0.9236	  0.7743	 18.8333	 14.6905	  7.8705
2018	181	   9	  0	180.3750	106.6699	 37.5350	 718.7002	  809.0102	 226.0378	712.0609	 51.4248	241.7358	108.4452	108.4452	552.5857	343.6627	466.0818	402.0280	408.6490	403.6350	402.0280	 47.2688	654.5332	  1.0000	   0.7259	  0.5000	    0.9236	  0.9608	   0.9236	  0.7663	 19.5792	 16.8571	 10.0371
2018	181	  10	  0	180.4167	122.3048	 44.7827	 797.7846	  822.6381	 218.5657	791.6067	 59.6806	354.3173	110.1003	110.1003	497.2597	341.7305	485.6128	412.3577	419.3908	416.5815	412.3577	 50.4751	758.8467	  1.0000	   0.7878	  0.5000	    0.9236	  0.9608	   0.9236	  0.7596	 20.1708	 18.7877	 11.9677
2018	181	  11	  0	180.4583	140.8812	 50.7402	 842.1588	  823.7694	 204.5666	836.6011	 64.9910	440.5636	108.0317	108.0317	379.8187	343.8087	505.6308	424.3828	430.2743	431.8849	424.3828	 51.6337	835.1601	  1.0000	   0.8286	  0.5000	    0.9236	  0.9608	   0.9236	  0.7567	 21.1583	 20.4484	 13.6284
2018	181	  12	  0	180.5000	162.8057	 54.5022	 849.4985	  832.4109	 171.8083	845.1654	 66.5768	487.5460	 97.7191	 97.7191	218.7687	347.5190	520.3525	433.6049	436.3368	444.1622	433.6049	 50.1072	877.7724	  1.0000	   0.8505	  0.5000	    0.9236	  0.9608	   0.9236	  0.7583	 21.8000	 21.8101	 14.9901
2018	181	  13	  0	180.5417	186.7679	 55.2250	 820.4858	  771.5432	 186.6860	815.5361	 64.6751	472.1978	148.2282	101.4852	105.3965	345.9595	528.2902	437.9638	437.9525	449.8551	439.1090	 48.9251	887.1290	  0.9878	   0.8544	  0.5000	    0.9236	  0.9608	   0.9236	  0.7541	 22.0167	 22.8490	 16.0290
2018	181	  14	  0	180.5833	209.8712	 52.7150	 760.5281	  695.0941	 207.3033	754.6776	 59.4834	410.4016	279.8328	105.4342	105.4342	342.7120	529.2795	438.9197	438.9197	449.5736	444.6375	 50.2775	861.0905	  0.9536	   0.8402	  0.5000	    0.9236	  0.9608	   0.9236	  0.7485	 22.0375	 23.3846	 16.6112
2018	181	  15	  0	180.6250	229.9414	 47.5981	 665.6319	  606.7616	 217.2569	659.1913	 51.0751	316.2150	355.2127	104.0943	104.0943	337.3909	513.8709	430.5686	430.5686	437.7455	439.2325	 48.0842	800.7978	  0.9165	   0.8082	  0.5000	    0.9236	  0.9608	   0.9236	  0.7431	 21.5750	 22.0028	 15.7215
2018	181	  16	  0	180.6667	246.7565	 40.8142	 547.3062	  513.1907	 211.2774	540.8077	 40.8277	212.9726	364.9046	 96.4525	 96.4525	335.9657	495.3243	421.8540	421.8540	425.5487	431.4058	 43.6966	708.8484	  0.8797	   0.7571	  0.5000	    0.9236	  0.9608	   0.9236	  0.7428	 21.3542	 19.9977	 14.2860
2018	181	  17	  0	180.7083	261.1534	 33.1565	 410.9950	  396.3510	 193.1978	404.8421	 29.6476	120.2686	305.1887	 84.2823	 84.2823	337.8082	471.7233	411.6360	411.6360	412.5309	420.2852	 37.1747	591.8687	  0.8321	   0.6764	  0.5000	    0.9236	  0.9608	   0.9236	  0.7479	 21.1292	 17.1375	 12.1660
2018	181	  18	  0	180.7500	274.0687	 25.1948	 271.7258	  262.1230	 158.7699	266.5141	 19.0953	 67.4964	198.2514	 75.0153	 66.9116	336.1065	443.6865	398.6404	398.5848	398.5280	405.1242	 29.5267	460.4779	  0.7670	   0.5510	  0.5000	    0.9236	  0.9608	   0.9236	  0.7492	 20.6292	 13.4430	  9.4209
2018	181	  19	  0	180.7917	286.2411	 17.3588	 143.2396	  110.9129	 108.5530	139.5762	 10.2943	 44.9439	 82.3149	 54.5444	 44.9439	338.6092	416.6091	388.4146	387.6897	387.6897	391.6095	 21.9228	321.9640	  0.6743	   0.3440	  0.4890	    0.9236	  0.9608	   0.9236	  0.7567	 20.1833	  9.1115	  6.2547
2018	181	  20	  0	180.8333	298.2246	 10.0109	  47.4771	   12.6478	  45.0963	 45.9269	  3.8299	 18.6520	 20.8081	 19.7077	 18.6520	342.8096	400.2974	382.9925	381.9286	381.9286	384.3444	 15.9125	187.0021	  0.5619	   0.1764	  0.3860	    0.9236	  0.9608	   0.9236	  0.7685	 19.2417	  6.9145	  4.5907
2018	181	  21	  0	180.8750	310.4169	  3.5589	   6.8281	    2.0007	   6.6646	  6.5986	  0.5609	  2.7824	  2.9195	  2.8896	  2.7824	342.4120	391.2813	376.5954	374.4044	374.4044	377.0246	 12.3332	 67.4920	  0.5742	   0.0848	  0.1976	    0.9236	  0.9608	   0.9236	  0.7732	 18.0042	  9.1174	  5.7659
2018	181	  22	  0	180.9167	323.0659	 -1.6401	   0.3388	    0.1998	   0.1928	  0.1877	  0.0162	  0.0812	  0.0812	  0.0812	  0.0812	339.6005	381.0144	367.2270	366.4369	366.4369	367.1445	 10.3087	 44.8588	  0.5778	   0.0000	  0.0081	    0.9236	  0.9608	   0.9236	  0.7750	 16.8500	  2.6787	  1.6366
2018	181	  23	  0	180.9583	336.2734	 -6.2270	   0.0010	    0.0000	   0.0000	  0.0000	  0.0000	  0.0000	  0.0000	  0.0000	  0.0000	336.4225	374.4665	362.3403	362.3403	362.3403	362.3403	  9.4189	 52.0733	  0.5068	   0.0000	  0.0000	    0.9236	  0.9608	   0.9236	  0.7756	 15.5958	  0.0000	  0.0000
2018	182	   0	  0	181.0000	349.9635	 -8.5886	   0.0000	    0.0000	   0.0000	  0.0000	  0.0000	  0.0000	  0.0000	  0.0000	  0.0000	333.1130	368.5990	356.6356	356.6356	356.6356	356.6356	  8.3242	 52.0735	  0.5068	   0.0000	  0.0000	    0.9236	  0.9608	   0.9236	  0.7749	 14.4583	  0.0000	  0.0000
2018	182	   1	  0	181.0417	 93.8866	 -9.0190	   0.1415	    0.0000	   0.0000	  0.0000	  0.0000	  0.0000	  0.0000	  0.0000	  0.0000	329.7984	363.2250	351.2760	351.2760	351.2760	351.2760	  7.2828	 51.8873	  0.5102	   0.0000	  0.0000	    0.9236	  0.9608	   0.9236	  0.7736	 13.4042	  0.0000	  0.0000
2018	182	   2	  0	181.0833	 17.7168	 -7.5204	   2.5767	    0.0000	   0.0000	  0.0000	  0.0000	  0.0000	  0.0000	  0.0000	  0.0000	329.0097	356.5974	343.7235	343.7235	343.7235	343.7235	  5.8532	 51.8621	  0.5571	   0.0000	  0.0000	    0.9236	  0.9608	   0.9236	  0.7753	 12.0875	  0.0000	  0.0000
2018	182	   3	  0	181.1250	 31.1622	 -3.9057	  21.8960	    0.0000	   0.0000	  0.0000	  0.0000	  0.0000	  0.0000	  0.0000	  0.0000	327.6826	351.5570	331.0333	331.0333	331.0333	331.0333	  3.4760	 51.8644	  0.8399	   0.0000	  0.0000	    0.9236	  0.9608	   0.9236	  0.7754	 11.0750	  0.0000	  0.0000
2018	182	   4	  0	181.1667	 44.0594	  1.1642	  93.6165	   82.4147	  67.8602	 70.1634	  5.7293	 28.3884	 28.3884	 32.3656	 32.9662	328.3394	354.8756	328.9803	328.9803	329.2710	329.2710	  7.7221	 42.6433	  1.0000	   0.0498	  0.0888	    0.9236	  0.9608	   0.9236	  0.7754	 11.5583	  2.4949	  0.0000
2018	182	   5	  0	181.2083	 56.4334	  6.9948	 207.5388	  654.2228	 126.3252	203.3716	 11.5656	 53.6793	 53.6793	 94.2974	118.0033	335.6621	367.5063	339.8956	340.0219	340.1697	340.1697	 16.8931	130.7146	  1.0000	   0.1149	  0.3109	    0.9236	  0.9608	   0.9236	  0.7801	 13.3917	  7.1430	  0.5137
2018	182	   6	  0	181.2500	 68.4746	 14.0046	 341.9927	  732.0080	 164.5468	336.7333	 18.1831	 71.0522	 71.0522	137.2497	244.3426	338.4189	389.2707	356.1702	357.3680	355.9192	355.9192	 26.2352	259.3228	  1.0000	   0.2616	  0.4573	    0.9236	  0.9608	   0.9236	  0.7765	 15.8083	  9.7765	  2.9565
2018	182	   7	  0	181.2917	 80.5099	 21.6653	 477.9906	  762.5697	 196.4426	471.8758	 28.5318	 87.1327	 87.1327	138.5788	410.5362	340.2522	420.0539	376.0339	379.3083	375.9103	375.9103	 35.3342	396.2825	  1.0000	   0.4638	  0.5000	    0.9236	  0.9608	   0.9236	  0.7691	 18.2458	 12.2981	  5.4781
2018	182	   8	  0	181.3333	 93.0204	 29.6137	 604.2425	  786.4107	 215.7197	597.7142	 40.3882	126.1754	 99.3602	102.5189	527.7549	342.3933	448.6566	392.9824	398.3324	393.0625	393.0653	 41.7941	531.1785	  1.0000	   0.6300	  0.5000	    0.9236	  0.9608	   0.9236	  0.7646	 19.6792	 14.6635	  7.8435
2018	182	   9	  0	181.3750	106.6624	 37.4620	 709.6719	  804.0571	 220.8690	703.2018	 50.7036	238.6376	106.2593	106.2593	547.6940	344.6510	471.1349	406.0764	412.7340	407.6898	406.0764	 47.4765	654.0332	  1.0000	   0.7252	  0.5000	    0.9236	  0.9608	   0.9236	  0.7634	 20.4333	 16.8310	 10.0110
2018	182	  10	  0	181.4167	122.2886	 44.7102	 790.0912	  814.9936	 216.9994	783.9530	 59.0838	351.1803	109.2149	109.2149	493.0789	348.0291	491.4677	418.1530	425.2369	422.4040	418.1530	 50.9995	756.3569	  1.0000	   0.7872	  0.5000	    0.9236	  0.9608	   0.9236	  0.7641	 21.1250	 18.7626	 11.9426
2018	182	  11	  0	181.4583	140.8477	 50.6698	 838.4217	  818.0727	 205.8574	832.8077	 64.6985	438.7272	108.2926	108.2926	378.6019	350.5021	510.1897	429.3032	435.2306	436.8387	429.3032	 52.2038	832.1044	  1.0000	   0.8281	  0.5000	    0.9236	  0.9608	   0.9236	  0.7630	 21.8875	 20.4243	 13.6043
2018	182	  12	  0	181.5000	162.7459	 54.4371	 846.7088	  835.6113	 166.9637	842.5475	 66.3066	487.6065	 95.9411	 95.9411	218.0544	352.6579	525.6724	438.6874	441.4448	449.3091	438.6874	 50.6715	875.7860	  1.0000	   0.8501	  0.5000	    0.9236	  0.9608	   0.9236	  0.7615	 22.6250	 21.7870	 14.9670
2018	182	  13	  0	181.5417	186.6819	 55.1698	 817.4787	  770.5888	 184.8803	812.5885	 64.4137	471.4462	146.9200	100.7280	104.7784	351.3794	535.5383	444.5203	444.5121	456.5231	445.6608	 49.6970	885.6866	  0.9862	   0.8541	  0.5000	    0.9236	  0.9608	   0.9236	  0.7560	 23.1167	 22.8265	 16.0065
2018	182	  14	  0	181.5833	209.7719	 52.6718	 753.9377	  682.2725	 211.2022	747.9280	 59.0019	406.3473	277.1018	106.4505	106.4505	350.2926	534.9588	445.0623	445.0623	455.7687	450.7734	 50.9456	858.2415	  0.9490	   0.8400	  0.5000	    0.9236	  0.9608	   0.9236	  0.7549	 22.9750	 23.2753	 16.5271
2018	182	  15	  0	181.6250	229.8424	 47.5651	 660.4602	  599.1616	 217.9675	653.9813	 50.6939	314.0199	351.8716	104.1023	104.1023	350.0264	525.3681	441.8435	441.8435	449.1564	450.6540	 49.4503	797.0411	  0.9140	   0.8080	  0.5000	    0.9236	  0.9608	   0.9236	  0.7528	 23.2958	 22.0299	 15.7352
2018	182	  16	  0	181.6667	246.6640	 40.7880	 540.7937	  504.9177	 210.3423	534.3144	 40.3595	210.9499	359.7985	 95.8507	 95.8507	347.8342	509.4077	435.1629	435.1629	438.9414	444.8763	 45.3035	706.7519	  0.8729	   0.7569	  0.5000	    0.9236	  0.9608	   0.9236	  0.7479	 23.5833	 19.9331	 14.2346
2018	182	  17	  0	181.7083	261.0682	 33.1335	 406.6156	  393.3079	 190.6725	400.5455	 29.3135	119.1907	302.3312	 83.2172	 83.2172	346.0642	484.8210	423.5217	423.5217	424.4430	432.3447	 38.7312	591.3120	  0.8254	   0.6761	  0.5000	    0.9236	  0.9608	   0.9236	  0.7481	 23.2375	 17.1386	 12.1621
2018	182	  18	  0	181.7500	273.9895	 25.1720	 269.0827	  263.1642	 155.8083	263.9739	 18.8569	 66.3700	197.5044	 73.7582	 65.7447	344.3150	457.7537	411.3382	411.2875	411.2307	418.0330	 31.3806	460.1767	  0.7619	   0.5506	  0.5000	    0.9236	  0.9608	   0.9236	  0.7482	 22.9375	 13.5512	  9.4926
2018	182	  19	  0	181.7917	286.1666	 17.3339	 142.0198	  113.9611	 106.4668	138.4304	 10.1443	 44.1205	 82.3889	 53.9194	 44.1205	342.8481	427.9970	398.5974	397.8510	397.8510	401.9104	 23.5365	322.0453	  0.6707	   0.3432	  0.4889	    0.9236	  0.9608	   0.9236	  0.7519	 22.1500	  9.2358	  6.3370
2018	182	  20	  0	181.8333	298.1538	  9.9822	  46.9571	   13.2058	  44.4844	 45.4282	  3.7801	 18.4014	 20.6427	 19.4974	 18.4014	341.7775	409.9985	391.3926	390.3125	390.3125	392.7773	 17.3177	187.2196	  0.5593	   0.1760	  0.3853	    0.9236	  0.9608	   0.9236	  0.7576	 21.0042	  6.9334	  4.6005
2018	182	  21	  0	181.8750	310.3495	  3.5261	   6.5377	    2.1439	   6.3618	  6.3183	  0.5355	  2.6564	  2.8022	  2.7698	  2.6564	340.2695	400.7033	384.7329	382.4698	382.4698	385.1764	 13.7393	 67.1696	  0.5716	   0.0840	  0.1965	    0.9236	  0.9608	   0.9236	  0.7618	 19.7417	  9.2474	  5.8418
2018	182	  22	  0	181.9167	323.0024	 -1.6857	   0.2979	    0.1787	   0.1719	  0.1673	  0.0144	  0.0724	  0.0724	  0.0724	  0.0724	336.9009	386.6145	371.8501	371.0507	371.0507	371.7685	 11.1241	 44.6768	  0.5781	   0.0000	  0.0076	    0.9236	  0.9608	   0.9236	  0.7669	 17.9083	  2.6777	  1.6345
2018	182	  23	  0	181.9583	336.2151	 -6.2788	   0.0000	    0.0000	   0.0000	  0.0000	  0.0000	  0.0000	  0.0000	  0.0000	  0.0000	334.4814	377.0248	364.4613	364.4613	364.4613	364.4613	  9.7900	 51.9190	  0.5074	   0.0000	  0.0000	    0.9236	  0.9608	   0.9236	  0.7714	 16.0875	  0.0000	  0.0000
2018	183	   0	  0	182.0000	349.9120	 -8.6453	   0.0000	    0.0000	   0.0000	  0.0000	  0.0000	  0.0000	  0.0000	  0.0000	  0.0000	332.9078	368.7100	356.6961	356.6961	356.6961	356.6961	  8.3330	 51.8544	  0.5075	   0.0000	  0.0000	    0.9236	  0.9608	   0.9236	  0.7745	 14.4792	  0.0000	  0.0000
2018	183	   1	  0	182.0417	 93.8436	 -9.0825	   0.0510	    0.0000	   0.0000	  0.0000	  0.0000	  0.0000	  0.0000	  0.0000	  0.0000	332.2807	361.9798	350.3669	350.3669	350.3669	350.3669	  7.1378	 51.6461	  0.5090	   0.0000	  0.0000	    0.9236	  0.9608	   0.9236	  0.7769	 13.1583	  0.0000	  0.0000
2018	183	   2	  0	182.0833	 17.6834	 -7.5901	   1.9965	    0.0000	   0.0000	  0.0000	  0.0000	  0.0000	  0.0000	  0.0000	  0.0000	331.1457	357.2197	344.7761	344.7761	344.7761	344.7761	  6.0753	 51.6432	  0.5467	   0.0000	  0.0000	    0.9236	  0.9608	   0.9236	  0.7774	 12.2125	  0.0000	  0.0000
2018	183	   3	  0	182.1250	 31.1381	 -3.9905	  20.9546	    0.0000	   0.0000	  0.0000	  0.0000	  0.0000	  0.0000	  0.0000	  0.0000	329.7998	353.5402	333.3495	333.3495	333.3495	333.3495	  3.9506	 51.6542	  0.8306	   0.0000	  0.0000	    0.9236	  0.9608	   0.9236	  0.7770	 11.4750	  0.0000	  0.0000
2018	183	   4	  0	182.1667	 44.0437	  1.0961	  91.9506	   74.8737	  67.2192	 69.0558	  5.6715	 28.1185	 28.1185	 31.6637	 32.2051	333.1215	358.2042	332.6031	332.6031	332.8968	332.8968	  8.3750	 41.6610	  1.0000	   0.0488	  0.0867	    0.9236	  0.9608	   0.9236	  0.7794	 12.2292	  2.4673	  0.0000
2018	183	   5	  0	182.2083	 56.4246	  6.9193	 206.7933	  648.5944	 126.9653	202.6009	 11.5946	 53.9297	 53.9297	 93.7479	117.0594	338.3771	372.0572	344.2645	344.3876	344.5490	344.5490	 17.6315	129.3066	  1.0000	   0.1134	  0.3088	    0.9236	  0.9608	   0.9236	  0.7813	 14.2917	  7.1109	  0.4950
2018	183	   6	  0	182.2500	 68.4710	 13.9275	 342.7708	  731.2220	 166.4836	337.4419	 18.2907	 71.8192	 71.8192	137.5642	243.8812	340.1027	392.2068	358.9589	360.1501	358.7154	358.7154	 26.7269	257.9075	  1.0000	   0.2599	  0.4562	    0.9236	  0.9608	   0.9236	  0.7769	 16.3833	  9.7448	  2.9248
2018	183	   7	  0	182.2917	 80.5096	 21.5877	 481.5717	  761.1799	 201.4896	475.2792	 28.8413	 89.1039	 89.1039	140.2190	410.6264	344.7151	420.2873	377.2044	380.4618	377.0842	377.0842	 35.6894	394.0947	  1.0000	   0.4617	  0.5000	    0.9236	  0.9608	   0.9236	  0.7751	 18.3292	 12.2671	  5.4471
2018	183	   8	  0	182.3333	 93.0210	 29.5358	 612.5781	  786.9055	 224.7114	605.7381	 41.0659	129.7124	102.8720	106.0209	531.0707	348.2184	449.7915	395.1746	400.5143	395.2536	395.2577	 42.4838	528.5013	  1.0000	   0.6288	  0.5000	    0.9236	  0.9608	   0.9236	  0.7722	 19.9042	 14.6334	  7.8134
2018	183	   9	  0	182.3750	106.6604	 37.3839	 721.9688	  810.5810	 230.0064	715.1909	 51.6473	243.4812	109.9484	109.9484	554.9288	344.7277	472.6658	407.2766	413.9307	408.8871	407.2766	 48.1187	653.4441	  1.0000	   0.7244	  0.5000	    0.9236	  0.9608	   0.9236	  0.7619	 20.7167	 16.8020	  9.9820
2018	183	  10	  0	182.4167	122.2782	 44.6322	 803.9000	  825.4569	 224.2401	797.5274	 60.1302	357.4695	112.3002	112.3002	501.3594	342.5975	494.6729	419.2359	426.3389	423.4981	419.2359	 51.6120	759.0137	  1.0000	   0.7866	  0.5000	    0.9236	  0.9608	   0.9236	  0.7524	 21.6583	 18.7348	 11.9148
2018	183	  11	  0	182.4583	140.8195	 50.5933	 855.2206	  832.5408	 212.1489	849.4143	 65.9880	447.7363	111.1915	111.1915	386.6646	339.3446	516.2524	430.9072	436.8803	438.4931	430.9072	 52.9097	839.6099	  1.0000	   0.8277	  0.5000	    0.9236	  0.9608	   0.9236	  0.7390	 22.8417	 20.3976	 13.5776
2018	183	  12	  0	182.5000	162.6897	 54.3656	 862.5298	  837.3000	 181.9892	857.8521	 67.6060	494.6514	101.7564	101.7564	224.1132	341.5533	530.7233	439.5081	442.2921	450.1860	439.5081	 51.3203	883.5336	  1.0000	   0.8497	  0.5000	    0.9236	  0.9608	   0.9236	  0.7384	 23.4083	 21.7611	 14.9411
2018	183	  13	  0	182.5417	186.5969	 55.1077	 826.3996	  803.2785	 167.4439	822.1729	 64.9679	482.2381	142.6511	 95.2413	 99.6506	347.5609	540.5326	446.9716	446.9667	459.0447	448.1045	 49.9620	889.2587	  0.9900	   0.8538	  0.5000	    0.9236	  0.9608	   0.9236	  0.7448	 23.8792	 22.8015	 15.9815
2018	183	  14	  0	182.5833	209.6709	 52.6218	 752.9192	  684.6623	 208.5558	747.0046	 58.8933	407.1462	275.9622	105.5039	105.5039	355.9889	541.4253	451.0165	451.0165	461.8301	456.7601	 51.6687	856.7982	  0.9494	   0.8397	  0.5000	    0.9236	  0.9608	   0.9236	  0.7580	 23.9292	 23.2783	 16.5223
2018	183	  15	  0	182.6250	229.7403	 47.5257	 654.2779	  573.9239	 230.5082	647.3223	 50.3735	309.9898	344.8448	108.1205	108.1205	370.3637	524.7836	446.2934	446.2934	453.5176	454.9406	 50.0075	787.2276	  0.9166	   0.8078	  0.5000	    0.9236	  0.9608	   0.9236	  0.7838	 23.4833	 21.6904	 15.4863
2018	183	  16	  0	182.6667	246.5679	 40.7556	 533.9317	  470.8881	 225.9310	526.8617	 40.1188	208.7585	346.9486	100.9593	100.9593	373.0292	503.5439	436.7863	436.7863	440.4341	446.1218	 45.4906	694.8378	  0.8762	   0.7566	  0.5000	    0.9236	  0.9608	   0.9236	  0.7905	 23.1375	 19.3381	 13.8042
2018	183	  17	  0	182.7083	260.9793	 33.1044	 399.8567	  358.3633	 203.1139	393.3122	 29.1737	120.5986	286.9113	 87.3539	 87.3539	371.9569	477.4056	423.8000	423.8000	424.6698	432.1275	 38.7306	580.9341	  0.8262	   0.6757	  0.5000	    0.9236	  0.9608	   0.9236	  0.7926	 22.5667	 16.3830	 11.6210
2018	183	  18	  0	182.7500	273.9069	 25.1432	 263.2919	  231.3543	 163.7251	257.8777	 18.8222	 69.0262	184.2814	 75.2777	 68.4315	371.5677	450.6446	411.4634	411.4489	411.3931	417.7009	 31.3750	451.5744	  0.7602	   0.5500	  0.5000	    0.9236	  0.9608	   0.9236	  0.7948	 22.2000	 12.7546	  8.9305
2018	183	  19	  0	182.7917	286.0890	 17.3030	 137.3244	   89.6119	 109.1526	133.6249	 10.1278	 45.0322	 75.4580	 52.6419	 45.0322	367.6975	422.1190	398.2248	397.5933	397.5933	401.2441	 23.4630	316.3920	  0.6639	   0.3422	  0.4887	    0.9236	  0.9608	   0.9236	  0.7940	 21.3875	  8.4820	  5.8170
2018	183	  20	  0	182.8333	298.0803	  9.9473	  44.2815	   10.6318	  42.2798	 42.8275	  3.5865	 17.4833	 19.3053	 18.3658	 17.4833	366.2513	404.9313	390.3484	389.2980	389.2980	391.7094	 17.2188	183.8064	  0.5498	   0.1756	  0.3845	    0.9236	  0.9608	   0.9236	  0.7978	 20.1042	  6.8587	  4.5477
2018	183	  21	  0	182.8750	310.2799	  3.4872	   5.5558	    1.2272	   5.4468	  5.3682	  0.4582	  2.2740	  2.3583	  2.3371	  2.2740	369.4100	396.8999	385.2342	383.0114	383.0114	385.6805	 14.0531	 65.4434	  0.5600	   0.0827	  0.1952	    0.9236	  0.9608	   0.9236	  0.8050	 19.0583	  9.1843	  5.7974
2018	183	  22	  0	182.9167	322.9373	 -1.7386	   0.2225	    0.1231	   0.1199	  0.1166	  0.0101	  0.0505	  0.0505	  0.0505	  0.0505	372.7781	387.1157	376.4064	375.6207	375.6207	376.3279	 12.3040	 43.6886	  0.5770	   0.0000	  0.0071	    0.9236	  0.9608	   0.9236	  0.8126	 18.0042	  2.6507	  1.6163
2018	183	  23	  0	182.9583	336.1559	 -6.3380	   0.0031	    0.0000	   0.0000	  0.0000	  0.0000	  0.0000	  0.0000	  0.0000	  0.0000	367.9541	381.8677	372.0834	372.0834	372.0834	372.0834	 11.5272	 51.0463	  0.5081	   0.0000	  0.0000	    0.9236	  0.9608	   0.9236	  0.8094	 17.0125	  0.0000	  0.0000
2018	184	   0	  0	183.0000	349.8607	 -8.7088	   0.0000	    0.0000	   0.0000	  0.0000	  0.0000	  0.0000	  0.0000	  0.0000	  0.0000	360.5088	376.8699	366.7355	366.7355	366.7355	366.7355	 10.4795	 51.1554	  0.5080	   0.0000	  0.0000	    0.9236	  0.9608	   0.9236	  0.8028	 16.0583	  0.0000	  0.0000
2018	184	   1	  0	183.0417	 93.8018	 -9.1526	   0.0612	    0.0000	   0.0000	  0.0000	  0.0000	  0.0000	  0.0000	  0.0000	  0.0000	360.0187	371.6845	361.7481	361.7481	361.7481	361.7481	  9.5613	 50.9722	  0.5098	   0.0000	  0.0000	    0.9236	  0.9608	   0.9236	  0.8036	 15.0583	  0.0000	  0.0000
2018	184	   2	  0	183.0833	 17.6520	 -7.6663	   1.9979	    0.0000	   0.0000	  0.0000	  0.0000	  0.0000	  0.0000	  0.0000	  0.0000	358.3216	366.5527	355.7676	355.7676	355.7676	355.7676	  8.4472	 50.9940	  0.5477	   0.0000	  0.0000	    0.9236	  0.9608	   0.9236	  0.8027	 14.0583	  0.0000	  0.0000
2018	184	   3	  0	183.1250	 31.1169	 -4.0824	  19.9498	    0.0000	   0.0000	  0.0000	  0.0000	  0.0000	  0.0000	  0.0000	  0.0000	355.3438	363.3916	345.3802	345.3802	345.3802	345.3802	  6.5488	 51.0433	  0.8272	   0.0000	  0.0000	    0.9236	  0.9608	   0.9236	  0.8002	 13.4375	  0.0000	  0.0000
2018	184	   4	  0	183.1667	 44.0315	  1.0228	  87.2527	   71.3417	  64.0547	 65.7140	  5.4035	 26.7977	 26.7977	 30.1159	 30.6230	359.3807	369.3926	346.3236	346.3236	346.6267	346.6267	 10.9628	 40.3303	  1.0000	   0.0476	  0.0844	    0.9236	  0.9608	   0.9236	  0.8035	 14.4375	  2.4684	  0.0000
2018	184	   5	  0	183.2083	 56.4199	  6.8385	 200.7819	  624.8723	 124.7564	196.6567	 11.3541	 52.9598	 52.9598	 90.7613	112.9250	367.6553	385.1437	360.3823	360.5039	360.6855	360.6855	 20.2870	126.4802	  1.0000	   0.1117	  0.3065	    0.9236	  0.9608	   0.9236	  0.8093	 16.8083	  7.0758	  0.4746
2018	184	   6	  0	183.2500	 68.4719	 13.8453	 333.2404	  699.0759	 165.7660	327.9155	 17.9866	 71.3418	 71.3418	133.8022	234.7138	377.4317	406.1654	377.5077	378.7165	377.2711	377.2711	 29.4329	252.6467	  1.0000	   0.2582	  0.4550	    0.9236	  0.9608	   0.9236	  0.8158	 18.9750	  9.7101	  2.8901
2018	184	   7	  0	183.2917	 80.5142	 21.5051	 466.3940	  726.1742	 200.1236	460.1162	 28.0881	 88.1453	 88.1453	136.6241	393.6191	384.1251	433.4079	395.6999	399.0140	395.5849	395.5849	 37.9406	386.2850	  1.0000	   0.4594	  0.4999	    0.9236	  0.9608	   0.9236	  0.8188	 20.6667	 12.2331	  5.4131
2018	184	   8	  0	183.3333	 93.0270	 29.4530	 589.2752	  748.3627	 221.4224	582.5016	 39.5998	126.3001	100.8290	103.8199	507.5312	389.8702	464.7842	415.8596	421.3082	415.9377	415.9459	 44.6471	517.7150	  1.0000	   0.6275	  0.5000	    0.9236	  0.9608	   0.9236	  0.8197	 22.4292	 14.6004	  7.7804
2018	184	   9	  0	183.3750	106.6641	 37.3007	 690.0942	  762.9876	 227.9581	683.3168	 49.4778	233.5563	107.9150	107.9150	526.7595	395.6590	487.2105	429.7153	436.4992	431.3527	429.7153	 50.1666	636.8536	  1.0000	   0.7236	  0.5000	    0.9236	  0.9608	   0.9236	  0.8243	 23.0833	 16.7702	  9.9502
2018	184	  10	  0	183.4167	122.2735	 44.5488	 768.1867	  775.7748	 224.1996	761.7315	 57.5551	341.2808	110.7158	110.7158	476.5855	395.8206	503.8120	438.2263	445.4105	442.5328	438.2263	 53.1231	737.5162	  1.0000	   0.7860	  0.5000	    0.9236	  0.9608	   0.9236	  0.8238	 23.1167	 18.7041	 11.8841
2018	184	  11	  0	183.4583	140.7965	 50.5110	 812.3587	  801.7611	 193.5330	807.1376	 62.5892	427.6745	102.9005	102.9005	367.8550	395.0838	520.1226	446.9632	452.9622	454.5718	446.9632	 53.7873	812.3971	  1.0000	   0.8272	  0.5000	    0.9236	  0.9608	   0.9236	  0.8208	 23.4625	 20.3681	 13.5481
2018	184	  12	  0	183.5000	162.6373	 54.2876	 803.7115	  733.9313	 208.0240	797.9360	 63.2353	452.1864	107.8177	107.8177	217.6434	395.5912	532.8878	454.1481	456.9445	464.8368	454.1481	 52.3044	855.2428	  0.9969	   0.8493	  0.5000	    0.9236	  0.9608	   0.9236	  0.8198	 23.7625	 21.7327	 14.9127
2018	184	  13	  0	183.5417	186.5130	 55.0389	 788.8735	  691.5285	 222.1115	782.5440	 62.4124	445.5348	153.3750	111.9693	115.7246	389.1946	546.4078	461.8966	461.8949	474.0528	463.0247	 51.9389	868.0103	  0.9730	   0.8534	  0.5000	    0.9236	  0.9608	   0.9236	  0.8050	 24.7667	 22.7739	 15.9539
2018	184	  14	  0	183.5833	209.5686	 52.5650	 732.9027	  639.7237	 224.8046	726.3423	 57.4787	392.2278	269.6640	110.0860	110.0860	375.6343	551.2963	463.9759	463.9759	474.7435	469.6488	 52.9829	849.3885	  0.9337	   0.8393	  0.5000	    0.9236	  0.9608	   0.9236	  0.7780	 25.7708	 22.7990	 16.1739
2018	184	  15	  0	183.6250	229.6352	 47.4797	 641.0037	  554.4952	 231.8906	633.9660	 49.4049	303.5362	336.4879	107.9970	107.9970	372.7599	532.5226	454.0326	454.0326	461.1363	462.4934	 50.5705	788.4661	  0.8986	   0.8074	  0.5000	    0.9236	  0.9608	   0.9236	  0.7776	 25.1875	 21.0105	 14.9941
2018	184	  16	  0	183.6667	246.4682	 40.7169	 522.4590	  449.2312	 228.7530	515.2580	 39.3687	204.8557	335.9029	101.4518	101.4518	378.2809	507.7949	442.5321	442.5321	446.0784	451.5742	 45.8717	693.9420	  0.8608	   0.7563	  0.5000	    0.9236	  0.9608	   0.9236	  0.7920	 24.3375	 18.6250	 13.2892
2018	184	  17	  0	183.7083	260.8868	 33.0692	 388.5742	  335.1443	 204.7174	381.9440	 28.5083	118.9067	274.0099	 87.4808	 87.4808	378.5652	482.2557	430.4195	430.4195	431.2461	438.3994	 39.2562	579.6070	  0.8084	   0.6753	  0.5000	    0.9236	  0.9608	   0.9236	  0.7958	 23.8750	 15.6071	 11.0655
2018	184	  18	  0	183.7500	273.8209	 25.1084	 252.9848	  206.8338	 163.9121	247.5395	 18.3063	 68.7445	171.8204	 74.0339	 68.1595	376.8950	452.5319	415.4302	415.4578	415.4012	421.2686	 31.5463	450.3657	  0.7391	   0.5494	  0.5000	    0.9236	  0.9608	   0.9236	  0.7988	 23.0042	 11.8731	  8.3093
2018	184	  19	  0	183.7917	286.0083	 17.2660	 130.6910	   70.6058	 108.3254	127.0065	  9.8667	 44.5571	 68.8022	 50.4703	 44.5571	377.9851	424.8550	403.0197	402.4830	402.4830	405.8112	 23.9992	314.4113	  0.6460	   0.3410	  0.4885	    0.9236	  0.9608	   0.9236	  0.8054	 22.1208	  7.7983	  5.3448
2018	184	  20	  0	183.8333	298.0041	  9.9062	  41.9871	    9.4849	  40.2062	 40.6042	  3.4083	 16.6247	 18.2492	 17.4081	 16.6247	379.4369	409.1603	395.9356	394.8908	394.8908	397.3050	 18.1618	182.0728	  0.5407	   0.1751	  0.3836	    0.9236	  0.9608	   0.9236	  0.8124	 20.8792	  6.8256	  4.5223
2018	184	  21	  0	183.8750	310.2081	  3.4422	   5.7925	    1.2951	   5.6868	  5.5966	  0.4783	  2.3745	  2.4612	  2.4413	  2.3745	378.6786	398.9931	387.9006	385.6507	385.6507	388.3561	 14.6264	 64.3516	  0.5709	   0.0813	  0.1936	    0.9236	  0.9608	   0.9236	  0.8154	 19.4500	  9.2648	  5.8415
2018	184	  22	  0	183.9167	322.8708	 -1.7989	   0.3021	    0.1640	   0.1442	  0.1402	  0.0121	  0.0609	  0.0609	  0.0609	  0.0609	377.5092	390.4482	379.9061	379.0990	379.0990	379.8281	 12.9766	 43.3195	  0.5820	   0.0000	  0.0064	    0.9236	  0.9608	   0.9236	  0.8168	 18.6292	  2.7120	  1.6519
2018	184	  23	  0	183.9583	336.0961	 -6.4011	   0.0052	    0.0000	   0.0000	  0.0000	  0.0000	  0.0000	  0.0000	  0.0000	  0.0000	375.8080	387.2027	377.7840	377.7840	377.7840	377.7840	 12.6310	 50.7265	  0.5087	   0.0000	  0.0000	    0.9236	  0.9608	   0.9236	  0.8164	 18.0208	  0.0000	  0.0000
2018	185	   0	  0	184.0000	349.8096	 -8.7789	   0.0000	    0.0000	   0.0000	  0.0000	  0.0000	  0.0000	  0.0000	  0.0000	  0.0000	374.8029	383.4927	374.1918	374.1918	374.1918	374.1918	 11.9782	 50.7182	  0.5086	   0.0000	  0.0000	    0.9236	  0.9608	   0.9236	  0.8164	 17.3208	  0.0000	  0.0000
2018	185	   1	  0	184.0417	 93.7612	 -9.2293	   0.0277	    0.0000	   0.0000	  0.0000	  0.0000	  0.0000	  0.0000	  0.0000	  0.0000	376.4620	380.0931	371.0716	371.0716	371.0716	371.0716	 11.4346	 50.5250	  0.5096	   0.0000	  0.0000	    0.9236	  0.9608	   0.9236	  0.8187	 16.6750	  0.0000	  0.0000
2018	185	   2	  0	184.0833	 17.6227	 -7.7488	   1.4258	    0.0000	   0.0000	  0.0000	  0.0000	  0.0000	  0.0000	  0.0000	  0.0000	378.2889	377.8027	368.3645	368.3645	368.3645	368.3645	 10.9724	 50.4916	  0.5373	   0.0000	  0.0000	    0.9236	  0.9608	   0.9236	  0.8207	 16.2375	  0.0000	  0.0000
2018	185	   3	  0	184.1250	 31.0986	 -4.1854	  15.1613	    0.0000	   0.0000	  0.0000	  0.0000	  0.0000	  0.0000	  0.0000	  0.0000	376.5739	376.2385	360.7552	360.7552	360.7552	360.7552	  9.6353	 50.5210	  0.7858	   0.0000	  0.0000	    0.9236	  0.9608	   0.9236	  0.8192	 15.9375	  0.0000	  0.0000
2018	185	   4	  0	184.1667	 44.0230	  0.9441	  70.7835	  120.2352	  50.1913	 54.3813	  4.2541	 21.0350	 21.0350	 26.8273	 27.5940	376.5077	379.0432	357.5097	357.5097	357.8197	357.8197	 12.5297	 39.0720	  1.0000	   0.0461	  0.0819	    0.9236	  0.9608	   0.9236	  0.8190	 16.2875	  2.6965	  0.0000
2018	185	   5	  0	184.2083	 56.4193	  6.7524	 185.6379	  636.1593	 109.8043	182.0281	 10.0795	 46.7315	 46.7315	 84.3137	106.2211	378.7309	389.3619	365.9031	366.0201	366.2187	366.2187	 20.4708	124.4331	  1.0000	   0.1099	  0.3041	    0.9236	  0.9608	   0.9236	  0.8200	 17.6208	  7.0377	  0.4524
2018	185	   6	  0	184.2500	 68.4774	 13.7580	 321.0569	  691.6857	 156.3781	316.0493	 17.1032	 67.4345	 67.4345	128.8050	227.9991	382.6741	407.3176	379.4576	380.6537	379.2309	379.2309	 29.1882	250.5870	  1.0000	   0.2564	  0.4537	    0.9236	  0.9608	   0.9236	  0.8213	 19.2125	  9.6723	  2.8523
2018	185	   7	  0	184.2917	 80.5238	 21.4176	 452.5294	  718.6103	 190.0399	446.5906	 27.0265	 83.9774	 83.9774	131.6373	384.8874	385.8690	433.0871	395.8417	399.1327	395.7316	395.7316	 37.3651	384.5029	  1.0000	   0.4570	  0.4999	    0.9236	  0.9608	   0.9236	  0.8210	 20.6583	 12.1961	  5.3761
2018	185	   8	  0	184.3333	 93.0383	 29.3653	 578.1358	  743.8611	 213.4354	571.6303	 38.7078	122.9553	 97.5529	100.4937	501.3015	387.5823	458.6282	410.4857	415.8541	410.5638	410.5720	 43.5013	516.3241	  1.0000	   0.6262	  0.5000	    0.9236	  0.9608	   0.9236	  0.8201	 21.4625	 14.5645	  7.7445
2018	185	   9	  0	184.3750	106.6735	 37.2125	 685.6917	  769.5176	 220.4163	679.1819	 49.0194	232.0464	105.0932	105.0932	527.4366	381.5439	482.0838	422.7159	429.4233	424.3388	422.7159	 49.0418	639.7137	  1.0000	   0.7227	  0.5000	    0.9236	  0.9608	   0.9236	  0.8080	 22.3042	 16.7355	  9.9155
2018	185	  10	  0	184.4167	122.2746	 44.4601	 765.2435	  787.9863	 213.5788	759.1729	 57.1766	341.2657	106.9223	106.9223	478.8173	373.4293	503.2092	432.8960	440.0536	437.1862	432.8960	 52.2235	745.2311	  1.0000	   0.7854	  0.5000	    0.9236	  0.9608	   0.9236	  0.7922	 23.0625	 18.6707	 11.8507
2018	185	  11	  0	184.4583	140.7788	 50.4228	 809.9577	  822.6716	 175.6250	805.3909	 62.2223	430.5283	 96.6866	 96.6866	368.4394	368.5811	520.6522	441.3679	447.3594	448.9639	441.3679	 52.7729	823.6161	  1.0000	   0.8266	  0.5000	    0.9236	  0.9608	   0.9236	  0.7813	 23.5792	 20.3359	 13.5159
2018	185	  12	  0	184.5000	162.5886	 54.2032	 819.8944	  799.7604	 171.4437	815.5050	 64.1923	471.9369	 96.1739	 96.1739	216.2456	367.6838	533.9356	448.4695	451.2738	459.1498	448.4695	 51.4582	868.2034	  0.9985	   0.8488	  0.5000	    0.9236	  0.9608	   0.9236	  0.7772	 23.9542	 21.7016	 14.8816
2018	185	  13	  0	184.5417	186.4304	 54.9633	 794.4004	  716.6056	 207.5966	788.6188	 62.7214	453.5765	149.2410	107.3120	111.4366	364.7996	540.1044	451.7710	451.7728	463.7966	452.8673	 50.4788	878.0437	  0.9691	   0.8530	  0.5000	    0.9236	  0.9608	   0.9236	  0.7727	 23.8917	 22.7352	 15.9177
2018	185	  14	  0	184.5833	209.4649	 52.5015	 731.1321	  630.0467	 231.0516	724.3373	 57.3815	390.7215	268.5303	112.1237	112.1237	368.5622	537.9675	453.2968	453.2968	463.6673	458.7309	 51.6244	849.3830	  0.9318	   0.8390	  0.5000	    0.9236	  0.9608	   0.9236	  0.7765	 24.2333	 22.3290	 15.8322
2018	185	  15	  0	184.6250	229.5273	 47.4273	 636.4204	  539.9688	 238.4162	629.1314	 49.1251	300.8790	332.4008	110.0195	110.0195	374.1501	526.0207	450.2550	450.2550	457.1540	458.4470	 50.0008	786.0500	  0.8954	   0.8071	  0.5000	    0.9236	  0.9608	   0.9236	  0.7836	 24.6000	 20.5554	 14.6621
2018	185	  16	  0	184.6667	246.3651	 40.6719	 517.3769	  441.9950	 228.6758	510.1668	 39.0080	203.3631	331.7432	101.2073	101.2073	370.8000	505.2372	439.8831	439.8831	443.3480	448.6732	 45.2952	696.2524	  0.8512	   0.7559	  0.5000	    0.9236	  0.9608	   0.9236	  0.7809	 24.2750	 18.1957	 12.9765
2018	185	  17	  0	184.7083	260.7908	 33.0278	 384.7867	  330.3833	 203.7700	378.1825	 28.2443	118.2463	270.7638	 86.9983	 86.9983	369.3559	479.4881	427.1546	427.1546	427.9607	434.9163	 38.5921	581.8770	  0.7995	   0.6747	  0.5000	    0.9236	  0.9608	   0.9236	  0.7830	 23.6750	 15.2649	 10.8172
2018	185	  18	  0	184.7500	273.7316	 25.0675	 252.8996	  211.3604	 162.1141	247.5203	 18.2314	 68.1244	173.2276	 73.4371	 67.5014	369.6121	453.1067	414.6406	414.6710	414.6161	420.5226	 31.3677	451.6115	  0.7377	   0.5486	  0.5000	    0.9236	  0.9608	   0.9236	  0.7876	 23.0750	 11.9486	  8.3571
2018	185	  19	  0	184.7917	285.9246	 17.2228	 130.5185	   72.9704	 107.4311	126.8665	  9.8148	 44.2181	 69.2381	 50.2684	 44.2181	373.5924	425.4230	402.8363	402.2982	402.2982	405.6620	 23.9203	314.5117	  0.6455	   0.3397	  0.4883	    0.9236	  0.9608	   0.9236	  0.7987	 22.2042	  7.8623	  5.3854
2018	185	  20	  0	184.8333	297.9254	  9.8589	  40.9210	    9.1063	  39.2109	 39.5723	  3.3235	 16.2130	 17.7773	 16.9623	 16.2130	379.9752	409.4668	396.3939	395.3559	395.3559	397.7667	 18.1870	181.2260	  0.5363	   0.1744	  0.3825	    0.9236	  0.9608	   0.9236	  0.8128	 20.9417	  6.8152	  4.5117
2018	185	  21	  0	184.8750	310.1344	  3.3913	   5.1708	    1.0262	   5.0825	  4.9957	  0.4274	  2.1224	  2.1908	  2.1736	  2.1224	382.9377	399.7044	389.2138	386.9706	386.9706	389.6782	 14.8602	 63.3327	  0.5641	   0.0796	  0.1919	    0.9236	  0.9608	   0.9236	  0.8200	 19.5958	  9.2583	  5.8315
2018	185	  22	  0	184.9167	322.8029	 -1.8665	   0.1979	    0.0660	   0.0649	  0.0632	  0.0055	  0.0273	  0.0273	  0.0273	  0.0273	382.9324	390.9838	381.5439	381.1778	381.1778	381.5169	 13.3491	 47.0097	  0.5410	   0.0000	  0.0050	    0.9236	  0.9608	   0.9236	  0.8230	 18.7292	  1.2546	  0.7657
2018	185	  23	  0	184.9583	336.0358	 -6.4741	   0.0000	    0.0000	   0.0000	  0.0000	  0.0000	  0.0000	  0.0000	  0.0000	  0.0000	380.8523	386.2970	377.3554	377.3554	377.3554	377.3554	 12.6062	 50.4638	  0.5091	   0.0000	  0.0000	    0.9236	  0.9608	   0.9236	  0.8221	 17.8500	  0.0000	  0.0000
2018	186	   0	  0	185.0000	349.7589	 -8.8558	   0.0000	    0.0000	   0.0000	  0.0000	  0.0000	  0.0000	  0.0000	  0.0000	  0.0000	378.9903	383.0957	374.1540	374.1540	374.1540	374.1540	 12.0153	 50.4794	  0.5091	   0.0000	  0.0000	    0.9236	  0.9608	   0.9236	  0.8208	 17.2458	  0.0000	  0.0000
2018	186	   1	  0	185.0417	 93.7219	 -9.3126	   0.0977	    0.0000	   0.0000	  0.0000	  0.0000	  0.0000	  0.0000	  0.0000	  0.0000	379.0677	381.7127	372.7846	372.7846	372.7846	372.7846	 11.7709	 50.3437	  0.5115	   0.0000	  0.0000	    0.9236	  0.9608	   0.9236	  0.8211	 16.9833	  0.0000	  0.0000
2018	186	   2	  0	185.0833	 17.5956	 -7.8377	   1.3046	    0.0000	   0.0000	  0.0000	  0.0000	  0.0000	  0.0000	  0.0000	  0.0000	377.6697	381.3179	371.7123	371.7123	371.7123	371.7123	 11.5704	 50.3686	  0.5354	   0.0000	  0.0000	    0.9236	  0.9608	   0.9236	  0.8197	 16.9083	  0.0000	  0.0000
2018	186	   3	  0	185.1250	 31.0833	 -4.2954	   8.3598	    0.0000	   0.0000	  0.0000	  0.0000	  0.0000	  0.0000	  0.0000	  0.0000	375.9435	381.8001	368.5947	368.5947	368.5947	368.5947	 11.0298	 50.4010	  0.6754	   0.0000	  0.0000	    0.9236	  0.9608	   0.9236	  0.8179	 17.0000	  0.0000	  0.0000
2018	186	   4	  0	185.1667	 44.0180	  0.8600	  38.6004	  262.2583	  20.1305	 30.0263	  1.7676	  8.5449	  8.5449	 22.8861	 24.1565	371.8733	383.7877	361.5343	361.5343	361.8477	361.8477	 12.0364	 38.0555	  0.9808	   0.0442	  0.0793	    0.9236	  0.9608	   0.9236	  0.8134	 17.1625	  3.0415	  0.0000
2018	186	   5	  0	185.2083	 56.4228	  6.6612	 117.9542	  753.9522	  28.1814	117.1931	  3.3815	 12.9887	 12.9887	 57.4384	 83.6189	370.5064	388.6952	364.0443	364.1550	364.3685	364.3685	 16.2488	123.1820	  1.0000	   0.1079	  0.3016	    0.9236	  0.9608	   0.9236	  0.8113	 17.5167	  6.9966	  0.4284
2018	186	   6	  0	185.2500	 68.4874	 13.6657	 190.7323	  540.2334	  68.6440	188.6513	  8.5399	 30.4951	 30.4951	 77.9588	148.2131	370.9040	400.0422	372.2351	373.3119	372.0567	372.0567	 21.6149	250.1019	  0.9702	   0.2544	  0.4523	    0.9236	  0.9608	   0.9236	  0.8102	 18.0792	  9.1301	  2.6308
2018	186	   7	  0	185.2917	 80.5384	 21.3252	 179.0048	  110.1469	 141.5790	174.2084	 13.3070	 57.8577	 57.8577	 66.2439	 99.6045	370.6973	398.5012	378.5788	379.7180	378.8053	378.8053	 22.3672	384.6670	  0.6775	   0.4544	  0.4999	    0.9236	  0.9608	   0.9236	  0.8101	 18.0750	  4.7046	  2.0097
2018	186	   8	  0	185.3333	 93.0549	 29.2727	 159.8365	   14.1092	 152.9420	154.5763	 13.2314	 61.0742	 60.5784	 60.6457	 68.2137	370.8821	395.3443	382.2055	382.8060	382.0204	382.3167	 21.8492	516.9898	  0.4667	   0.6247	  0.5000	    0.9236	  0.9608	   0.9236	  0.8108	 17.9083	  2.6143	  1.3832
2018	186	   9	  0	185.3750	106.6886	 37.1194	 275.5544	   44.5101	 247.8200	267.0700	 22.6587	106.4137	 97.8904	 97.8904	121.9959	371.7338	401.1223	383.9698	384.7662	383.8977	383.9698	 27.6335	637.9848	  0.5516	   0.7218	  0.5000	    0.9236	  0.9608	   0.9236	  0.8109	 18.2708	  3.2037	  1.9038
2018	186	  10	  0	185.4167	122.2816	 44.3661	 468.7685	  226.8022	 308.8446	458.4898	 37.3459	196.3531	126.7830	126.7830	232.0170	371.8295	427.3999	394.1706	396.7557	395.6951	394.1706	 37.0832	739.9173	  0.7279	   0.7846	  0.5000	    0.9236	  0.9608	   0.9236	  0.8086	 18.9333	  8.0677	  5.1296
2018	186	  11	  0	185.4583	140.7665	 50.3288	 617.6531	  397.3585	 311.4421	607.6289	 49.0570	295.9800	134.1818	134.1818	265.0101	371.6571	459.3131	409.3609	412.8405	413.8521	409.3609	 43.7528	815.7780	  0.8342	   0.8260	  0.5000	    0.9236	  0.9608	   0.9236	  0.8046	 19.8417	 13.1541	  8.7397
2018	186	  12	  0	185.5000	162.5439	 54.1124	 685.7044	  459.4448	 313.2662	675.7730	 54.8954	354.6858	137.9714	137.9714	204.2969	372.6495	475.1878	417.3229	419.0485	424.4058	417.3229	 45.4470	858.9002	  0.8649	   0.8483	  0.5000	    0.9236	  0.9608	   0.9236	  0.8044	 20.1375	 15.5216	 10.6413
2018	186	  13	  0	185.5417	186.3491	 54.8810	 774.4560	  633.0193	 256.7238	766.8171	 61.4869	429.1993	162.0694	122.9899	126.2052	374.7384	509.8368	432.8659	432.8543	443.8941	433.8969	 48.3605	866.8587	  0.9581	   0.8525	  0.5000	    0.9236	  0.9608	   0.9236	  0.8055	 20.2167	 21.7382	 15.2136
2018	186	  14	  0	185.5833	209.3602	 52.4312	 743.8369	  625.4279	 247.9072	736.4508	 58.4621	395.5483	273.4758	118.4255	118.4255	375.7119	514.0770	435.7495	435.7495	445.8570	441.0168	 50.0139	839.8255	  0.9569	   0.8386	  0.5000	    0.9236	  0.9608	   0.9236	  0.8055	 20.5083	 22.5231	 15.9608
2018	186	  15	  0	185.6250	229.4167	 47.3683	 637.0071	  510.7790	 260.7330	628.8970	 49.4017	298.9692	327.5452	117.6842	117.6842	373.4961	494.1642	426.5837	426.5837	432.9155	434.0479	 47.1247	779.9428	  0.9026	   0.8067	  0.5000	    0.9236	  0.9608	   0.9236	  0.8034	 20.4375	 19.6806	 14.0305
2018	186	  16	  0	185.6667	246.2587	 40.6206	 515.5550	  410.4809	 247.6900	507.6399	 39.1647	203.0445	321.6595	107.7193	107.7193	372.3030	475.9307	418.3606	418.3606	421.5007	426.3067	 42.4545	690.3192	  0.8551	   0.7555	  0.5000	    0.9236	  0.9608	   0.9236	  0.8025	 20.4083	 17.2212	 12.2749
2018	186	  17	  0	185.7083	260.6915	 32.9804	 382.1804	  301.4869	 217.0954	375.0791	 28.3782	120.5369	259.2020	 91.6100	 91.6100	372.9862	454.8724	409.0161	409.0161	409.7379	416.0118	 36.0066	576.7504	  0.8010	   0.6741	  0.5000	    0.9236	  0.9608	   0.9236	  0.8045	 20.2833	 14.3451	 10.1599
2018	186	  18	  0	185.7500	273.6391	 25.0205	 245.9952	  175.5166	 170.3755	240.2952	 18.1652	 70.8706	158.3612	 74.8533	 70.2869	371.8127	429.0445	396.4173	396.4973	396.4445	401.4815	 28.3399	447.9676	  0.7266	   0.5476	  0.5000	    0.9236	  0.9608	   0.9236	  0.8058	 19.6667	 10.6819	  7.4674
2018	186	  19	  0	185.7917	285.8381	 17.1736	 117.8775	   40.7552	 104.8952	114.2892	  9.2598	 42.9284	 57.0929	 46.2480	 42.9284	372.1415	405.3749	386.8160	386.4413	386.4413	389.1085	 20.6804	312.5704	  0.6077	   0.3382	  0.4880	    0.9236	  0.9608	   0.9236	  0.8087	 19.0833	  6.6533	  4.5520
2018	186	  20	  0	185.8333	297.8442	  9.8054	  36.0175	    6.3583	  34.8258	 34.8188	  2.9457	 14.3950	 15.4882	 14.9155	 14.3950	375.3473	396.3560	384.5141	383.5227	383.5227	385.8363	 15.8446	180.2357	  0.5123	   0.1736	  0.3812	    0.9236	  0.9608	   0.9236	  0.8138	 18.5750	  6.7152	  4.4412
2018	186	  21	  0	185.8750	310.0587	  3.3343	   4.6217	    0.7065	   4.5629	  4.4644	  0.3835	  1.9055	  1.9520	  1.9406	  1.9055	374.9978	390.0054	379.4249	377.2129	377.2129	379.8878	 13.0296	 62.4155	  0.5629	   0.0778	  0.1899	    0.9236	  0.9608	   0.9236	  0.8146	 17.8125	  9.2995	  5.8501
2018	186	  22	  0	185.9167	322.7337	 -1.9417	   0.3312	    0.0701	   0.0689	  0.0670	  0.0058	  0.0290	  0.0290	  0.0290	  0.0290	371.1753	383.6236	373.3981	373.0219	373.0219	373.3715	 11.7764	 46.9782	  0.5470	   0.0000	  0.0045	    0.9236	  0.9608	   0.9236	  0.8123	 17.3458	  1.3053	  0.7956
2018	186	  23	  0	185.9583	335.9749	 -6.5518	   0.0208	    0.0000	   0.0000	  0.0000	  0.0000	  0.0000	  0.0000	  0.0000	  0.0000	368.5471	381.6693	371.8995	371.8995	371.8995	371.8995	 11.5012	 50.5416	  0.5099	   0.0000	  0.0000	    0.9236	  0.9608	   0.9236	  0.8101	 16.9750	  0.0000	  0.0000
2018	187	   0	  0	186.0000	349.1275	 -8.8909	   0.0000	    0.0000	   0.0000	  0.0000	  0.0000	  0.0000	  0.0000	  0.0000	  0.0000	365.9148	379.6991	369.8256	369.8256	369.8256	369.8256	 11.0988	 50.5844	  0.5095	   0.0000	  0.0000	    0.9236	  0.9608	   0.9236	  0.8079	 16.6000	  0.0000	  0.0000
