Year	DOY	Hour	Min	 Dectime	 azimuth	altitude	GlobalRad	DiffuseRad	DirectRad	 Kdown2d	   Kup2d	  Ksouth	   Kwest	  Knorth	   Keast	 Ldown2d	   Lup2d	  Lsouth	   Lwest	  Lnorth	   Least	    Tmrt	      I0	      CI	SH_Ground	SH_Walls	SVF_Ground	SVF_Roof	SVF_BdVeg	Emis_Sky	      Ta	      Tg	      Tw
2018	179	   0	  0	178.0000	356.4783	 -8.9707	   0.0200	    0.0000	   0.0000	  0.0000	  0.0000	  0.0000	  0.0000	  0.0000	  0.0000	400.3351	391.8993	384.0819	384.0819	384.0819	384.0819	 13.9994	 51.3711	  0.5056	   0.0000	  0.0000	    0.7869	  0.9259	   0.7869	  0.8405	 18.9000	  0.0000	  0.0000
2018	179	   1	  0	178.0417	 94.0217	 -8.8723	   0.1496	    0.0000	   0.0000	  0.0000	  0.0000	  0.0000	  0.0000	  0.0000	  0.0000	397.1206	390.4482	382.4685	382.4685	382.4685	382.4685	 13.6822	 51.4319	  0.5081	   0.0000	  0.0000	    0.7869	  0.9259	   0.7869	  0.8374	 18.6292	  0.0000	  0.0000
2018	179	   2	  0	178.0833	 17.8292	 -7.3538	   2.4581	    0.0000	   0.0000	  0.0000	  0.0000	  0.0000	  0.0000	  0.0000	  0.0000	392.9756	386.6275	378.0085	378.0085	378.0085	378.0085	 12.8557	 51.5085	  0.5529	   0.0000	  0.0000	    0.7869	  0.9259	   0.7869	  0.8337	 17.9125	  0.0000	  0.0000
2018	179	   3	  0	178.1250	 31.2513	 -3.6786	  20.5810	    0.0000	   0.0000	  0.0000	  0.0000	  0.0000	  0.0000	  0.0000	  0.0000	394.0687	384.1521	372.2142	372.2142	372.2142	372.2142	 11.8743	 51.4896	  0.8351	   0.0000	  0.0000	    0.7869	  0.9259	   0.7869	  0.8349	 17.4458	  0.0000	  0.0000
2018	179	   4	  0	178.1667	 44.1271	  1.3340	  85.2542	  124.5807	  64.6343	 67.4044	  4.7340	 19.8259	 19.8259	 19.8259	 19.8259	397.1103	386.9544	371.1693	371.1693	372.9899	372.9899	 14.8439	 40.2358	  1.0000	   0.0117	  0.0409	    0.7869	  0.9259	   0.7869	  0.8377	 17.9417	  3.0092	  0.0000
2018	179	   5	  0	178.2083	 56.4833	  7.1867	 193.9660	  623.7100	 114.9831	186.8190	  8.5288	 36.4253	 36.4253	 37.3124	 38.0853	401.2869	395.1823	378.9804	379.2556	381.0782	381.0782	 19.1979	131.1639	  1.0000	   0.0029	  0.1049	    0.7869	  0.9259	   0.7869	  0.8408	 19.4833	  7.2194	  0.5639
2018	179	   6	  0	178.2500	 68.5113	 14.2032	 323.6306	  681.8611	 156.0223	314.2014	 12.9087	 50.5610	 50.5610	 71.6600	103.9830	399.5288	411.6102	392.8725	395.3197	393.9682	393.9682	 25.8920	257.2080	  1.0000	   0.0871	  0.1870	    0.7869	  0.9259	   0.7869	  0.8334	 21.6458	  9.8522	  3.0322
2018	179	   7	  0	178.2917	 80.5387	 21.8670	 456.5967	  712.4654	 191.2099	445.3076	 16.0971	 63.1316	 63.1316	 70.4199	111.1953	399.9195	420.9601	400.6736	407.2217	402.0789	402.0789	 29.0140	390.8451	  1.0000	   0.0738	  0.2649	    0.7869	  0.9259	   0.7869	  0.8275	 23.2417	 12.3723	  5.5523
2018	179	   8	  0	178.3333	 93.0479	 29.8173	 581.4260	  734.4667	 216.3136	568.9433	 20.4612	 78.3393	 73.1318	 73.6904	154.0670	407.0774	431.2449	409.4246	418.7588	408.7491	410.0062	 33.0265	520.6184	  1.0000	   0.1278	  0.3300	    0.7869	  0.9259	   0.7869	  0.8326	 24.0792	 14.7356	  7.9156
2018	179	   9	  0	178.3750	106.6990	 37.6663	 687.2823	  755.6930	 225.6696	674.6185	 24.3893	109.5079	 78.6750	 78.6750	178.4426	408.1410	442.0166	417.1765	428.6265	418.6801	417.1765	 36.5848	640.5957	  1.0000	   0.1757	  0.3882	    0.7869	  0.9259	   0.7869	  0.8293	 24.8333	 16.9007	 10.0807
2018	179	  10	  0	178.4167	122.3510	 44.9131	 766.0317	  774.0330	 219.7520	754.1302	 27.9982	146.9788	 79.8059	 79.8059	185.0750	401.4444	454.7247	424.2535	436.5108	430.9499	424.2535	 39.3516	744.6298	  1.0000	   0.2293	  0.4418	    0.7869	  0.9259	   0.7869	  0.8137	 25.6333	 18.8298	 12.0098
2018	179	  11	  0	178.4583	140.9607	 50.8659	 811.1337	  822.3908	 172.9124	802.6956	 30.2992	187.9834	 69.7639	 69.7639	164.5309	395.2256	468.2549	431.2411	441.1468	444.3612	431.2411	 40.7511	822.5753	  1.0000	   0.2938	  0.4806	    0.7869	  0.9259	   0.7869	  0.7995	 26.1625	 20.4891	 13.6691
2018	179	  12	  0	178.5000	162.9341	 54.6160	 822.4575	  801.2861	 169.3878	814.3152	 33.5894	223.4888	 70.3556	 70.3556	117.7277	389.6720	477.8887	435.2831	438.8794	454.2983	435.2831	 41.1433	868.0472	  0.9985	   0.3482	  0.4982	    0.7869	  0.9259	   0.7869	  0.7896	 26.1375	 21.8495	 15.0295
2018	179	  13	  0	178.5417	186.9426	 55.3184	 796.4375	  721.0150	 203.4719	785.8053	 34.8844	225.1243	 97.1514	 78.7040	 80.1658	384.9555	482.2160	437.2848	436.8164	458.8420	438.2889	 41.1888	878.5128	  0.9700	   0.3618	  0.4998	    0.7869	  0.9259	   0.7869	  0.7809	 26.1625	 22.8873	 16.0673
2018	179	  14	  0	178.5833	210.0667	 52.7843	 726.1021	  617.1608	 234.0716	713.0256	 31.8603	186.9263	141.7361	 83.8431	 83.8431	390.0251	475.4928	435.5134	435.5134	453.5679	444.3184	 40.9771	848.1061	  0.9261	   0.3182	  0.4910	    0.7869	  0.9259	   0.7869	  0.7888	 26.2458	 22.2766	 15.8323
2018	179	  15	  0	178.6250	230.1324	 47.6468	 585.1885	  423.3815	 271.7982	568.8576	 27.5777	136.8979	144.9444	 89.2290	 89.2290	392.7388	457.7587	428.2331	428.2331	436.9266	439.1319	 37.9351	784.3553	  0.8310	   0.2580	  0.4602	    0.7869	  0.9259	   0.7869	  0.7972	 26.0917	 16.8657	 12.0581
2018	179	  16	  0	178.6667	246.9327	 40.8495	 491.1592	  374.7755	 245.8751	476.2159	 22.7461	102.1521	131.9006	 79.5281	 79.5281	391.8600	446.7554	421.1753	421.1753	425.0060	434.2080	 34.5991	693.2644	  0.8164	   0.2021	  0.4121	    0.7869	  0.9259	   0.7869	  0.8008	 25.3500	 16.1761	 11.5628
2018	179	  17	  0	178.7083	261.3145	 33.1850	 383.1725	  312.6289	 211.2890	370.1583	 17.8655	 73.2828	103.9999	 67.3636	 67.3636	400.5591	435.0594	414.6427	414.6427	414.3176	427.5470	 30.8180	576.1925	  0.8029	   0.1420	  0.3545	    0.7869	  0.9259	   0.7869	  0.8194	 24.4750	 15.1176	 10.7387
2018	179	  18	  0	178.7500	274.2178	 25.2221	 253.0598	  202.2539	 165.8007	242.6357	 13.0446	 51.9524	 70.5537	 52.9779	 51.8742	393.0166	425.8713	407.3215	408.6842	408.2830	418.0414	 26.5621	449.5322	  0.7397	   0.1004	  0.2935	    0.7869	  0.9259	   0.7869	  0.8132	 23.8208	 11.8865	  8.3361
2018	179	  19	  0	178.7917	286.3813	 17.3893	 132.9092	   78.2976	 108.0990	125.9702	  8.0727	 33.2279	 37.7990	 34.4724	 33.2279	379.6491	417.3444	402.0089	402.5053	402.5053	407.4500	 22.0818	317.1994	  0.6484	   0.0731	  0.2210	    0.7869	  0.9259	   0.7869	  0.7995	 22.9583	  8.0996	  5.5649
2018	179	  20	  0	178.8333	298.3583	 10.0482	  43.2283	   10.5261	  41.2405	 40.5478	  3.0299	 12.5523	 13.1107	 12.8055	 12.5523	370.2369	408.8533	396.8271	396.4116	396.4116	399.3850	 17.7871	185.9021	  0.5405	   0.0402	  0.1425	    0.7869	  0.9259	   0.7869	  0.7922	 21.7417	  6.8541	  4.5551
2018	179	  21	  0	178.8750	310.5450	  3.6041	   6.0204	    1.5591	   5.8871	  5.6371	  0.4306	  1.8004	  1.8059	  1.8059	  1.8004	371.3642	400.6914	391.6392	389.0240	389.0240	392.4377	 15.0857	 67.7684	  0.5601	   0.0121	  0.0714	    0.7869	  0.9259	   0.7869	  0.7991	 20.3958	  9.0777	  5.7486
2018	179	  22	  0	178.9167	323.1881	 -1.5737	   0.2792	    0.1675	   0.1634	  0.1542	  0.0120	  0.0500	  0.0500	  0.0500	  0.0500	379.2799	392.6648	383.6110	382.3777	382.3777	383.4474	 13.5938	 44.7965	  0.5732	   0.0000	  0.0020	    0.7869	  0.9259	   0.7869	  0.8162	 19.0417	  2.6365	  1.6133
2018	179	  23	  0	178.9583	336.3876	 -6.1348	   0.0000	    0.0000	   0.0000	  0.0000	  0.0000	  0.0000	  0.0000	  0.0000	  0.0000	380.5083	387.2027	378.3610	378.3610	378.3610	378.3610	 12.7801	 51.7723	  0.5052	   0.0000	  0.0000	    0.7869	  0.9259	   0.7869	  0.8205	 18.0208	  0.0000	  0.0000
2018	180	   0	  0	179.0000	350.0667	 -8.4990	   0.0000	    0.0000	   0.0000	  0.0000	  0.0000	  0.0000	  0.0000	  0.0000	  0.0000	372.5620	387.2246	377.8374	377.8374	377.8374	377.8374	 12.6035	 51.9202	  0.5053	   0.0000	  0.0000	    0.7869	  0.9259	   0.7869	  0.8113	 18.0250	  0.0000	  0.0000
2018	180	   1	  0	179.0417	 93.9757	 -8.9157	   0.1531	    0.0000	   0.0000	  0.0000	  0.0000	  0.0000	  0.0000	  0.0000	  0.0000	358.1620	389.2670	378.6377	378.6377	378.6377	378.6377	 12.5965	 52.0305	  0.5089	   0.0000	  0.0000	    0.7869	  0.9259	   0.7869	  0.7920	 18.4083	  0.0000	  0.0000
2018	180	   2	  0	179.0833	 17.7899	 -7.4039	   2.9312	    0.0000	   0.0000	  0.0000	  0.0000	  0.0000	  0.0000	  0.0000	  0.0000	345.2579	385.4367	373.2201	373.2201	373.2201	373.2201	 11.4978	 52.3087	  0.5620	   0.0000	  0.0000	    0.7869	  0.9259	   0.7869	  0.7772	 17.6875	  0.0000	  0.0000
2018	180	   3	  0	179.1250	 31.2189	 -3.7557	  23.7140	    0.0000	   0.0000	  0.0000	  0.0000	  0.0000	  0.0000	  0.0000	  0.0000	337.7845	376.7012	359.6614	359.6614	359.6614	359.6614	  8.9962	 52.3877	  0.8579	   0.0000	  0.0000	    0.7869	  0.9259	   0.7869	  0.7734	 16.0250	  0.0000	  0.0000
2018	180	   4	  0	179.1667	 44.1011	  1.2819	  89.7579	  148.3164	  65.9991	 69.8886	  4.8352	 20.2611	 20.2611	 20.2611	 20.2611	335.7993	373.6967	352.5713	352.5713	354.3278	354.3278	 10.9897	 40.3605	  1.0000	   0.0113	  0.0401	    0.7869	  0.9259	   0.7869	  0.7729	 15.4167	  3.0155	  0.0000
2018	180	   5	  0	179.2083	 56.4626	  7.1276	 187.3952	  692.3636	 100.9098	181.1993	  7.5091	 32.2472	 32.2472	 33.1587	 33.9533	333.9976	374.3227	352.6581	352.9141	354.6523	354.6523	 13.4858	133.7277	  1.0000	   0.0027	  0.1041	    0.7869	  0.9259	   0.7869	  0.7698	 15.5458	  7.1968	  0.5488
2018	180	   6	  0	179.2500	 68.4944	 14.1418	 383.6417	  742.5102	 201.8371	371.2879	 16.3827	 64.6934	 64.6934	 87.6206	122.7392	334.4668	382.1062	358.8789	361.1733	359.8803	359.8803	 22.0140	262.8009	  1.0000	   0.0869	  0.1865	    0.7869	  0.9259	   0.7869	  0.7666	 16.2042	  9.8299	  3.0099
2018	180	   7	  0	179.2917	 80.5238	 21.8047	 499.7950	  775.7116	 211.6675	487.2729	 17.7616	 69.7772	 69.7772	 77.6767	121.7811	337.2998	386.7534	362.7595	368.8789	364.0289	364.0289	 23.6859	399.3613	  1.0000	   0.0734	  0.2644	    0.7869	  0.9259	   0.7869	  0.7657	 17.0167	 12.3506	  5.5306
2018	180	   8	  0	179.3333	 93.0329	 29.7546	 620.2725	  796.6538	 225.0447	607.3543	 21.4737	 82.0360	 76.4209	 77.0321	164.0965	341.7680	397.5779	371.5236	380.3192	370.9056	372.0552	 27.5871	533.3757	  1.0000	   0.1275	  0.3295	    0.7869	  0.9259	   0.7869	  0.7659	 18.0667	 14.7146	  7.8946
2018	180	   9	  0	179.3750	106.6804	 37.6038	 724.5892	  813.5816	 228.3758	711.9027	 25.1585	113.4039	 80.3159	 80.3159	187.5681	345.1448	408.7635	379.9512	390.7783	381.4053	379.9512	 31.3429	656.0101	  1.0000	   0.1753	  0.3877	    0.7869	  0.9259	   0.7869	  0.7649	 19.0167	 16.8805	 10.0605
2018	180	  10	  0	179.4167	122.3236	 44.8516	 804.6000	  826.7369	 221.7918	792.7279	 28.9162	152.9527	 81.3710	 81.3710	193.7167	345.3287	418.4679	385.6589	397.2154	391.9815	385.6589	 34.1352	759.2280	  1.0000	   0.2287	  0.4414	    0.7869	  0.9259	   0.7869	  0.7617	 19.4167	 18.8104	 11.9904
2018	180	  11	  0	179.4583	140.9171	 50.8075	 853.0533	  830.8464	 209.3481	842.2635	 33.0417	199.3738	 80.6260	 80.6260	176.7712	346.7754	432.2833	394.2699	403.6441	406.6546	394.2699	 36.5560	835.4372	  1.0000	   0.2931	  0.4803	    0.7869	  0.9259	   0.7869	  0.7588	 20.1417	 20.4705	 13.6505
2018	180	  12	  0	179.5000	162.8675	 54.5641	 860.1140	  835.0719	 179.7108	851.4200	 35.1929	233.8223	 74.2450	 74.2450	122.9368	346.8294	446.0753	402.7599	406.2292	420.8391	402.7599	 37.0949	880.4112	  1.0000	   0.3471	  0.4981	    0.7869	  0.9259	   0.7869	  0.7531	 20.9250	 21.8317	 15.0117
2018	180	  13	  0	179.5417	186.8552	 55.2769	 833.0752	  803.7250	 172.4201	824.7689	 34.8396	234.7763	 92.1475	 71.7980	 73.4825	343.9871	453.6156	407.3490	406.9202	427.9665	408.3102	 36.7728	891.5631	  0.9935	   0.3608	  0.4998	    0.7869	  0.9259	   0.7869	  0.7438	 21.5250	 22.8700	 16.0500
2018	180	  14	  0	179.5833	209.9711	 52.7546	 767.6838	  715.2188	 198.1139	757.2969	 31.4830	194.5351	142.9051	 75.6048	 75.6048	346.0404	453.2240	409.3281	409.3281	427.8422	418.5952	 37.1933	863.9760	  0.9588	   0.3177	  0.4909	    0.7869	  0.9259	   0.7869	  0.7420	 22.2333	 23.5372	 16.7259
2018	180	  15	  0	179.6250	230.0401	 47.6268	 668.4963	  616.9852	 212.2923	656.6807	 26.7002	144.8098	156.7032	 75.5759	 75.5759	348.2957	445.1258	406.8152	406.8152	419.0557	421.9889	 35.2653	800.8275	  0.9199	   0.2578	  0.4601	    0.7869	  0.9259	   0.7869	  0.7442	 22.5458	 22.4429	 16.0414
2018	180	  16	  0	179.6667	246.8480	 40.8356	 545.3215	  511.1147	 210.4522	533.0865	 21.9081	102.4046	142.6318	 71.2458	 71.2458	347.7103	434.3694	401.8985	401.8985	407.2740	418.4497	 31.8866	708.4115	  0.8773	   0.2021	  0.4119	    0.7869	  0.9259	   0.7869	  0.7453	 22.4458	 20.0505	 14.3286
2018	180	  17	  0	179.7083	261.2371	 33.1740	 408.6377	  388.0984	 195.1773	396.8590	 17.2736	 70.9212	108.9507	 63.4701	 63.4701	357.7230	423.8439	398.3768	398.3768	398.4184	413.1430	 28.1524	588.3157	  0.8322	   0.1420	  0.3544	    0.7869	  0.9259	   0.7869	  0.7647	 22.2375	 17.1191	 12.1573
2018	180	  18	  0	179.7500	274.1459	 25.2113	 268.6896	  249.2322	 161.0451	258.6662	 12.9151	 50.9737	 73.9601	 52.1903	 50.8693	360.7269	415.1042	393.4390	394.6903	394.3083	405.2898	 24.2770	456.1717	  0.7655	   0.1004	  0.2934	    0.7869	  0.9259	   0.7869	  0.7744	 21.7750	 13.2520	  9.2913
2018	180	  19	  0	179.7917	286.3134	 17.3766	 135.4973	   86.6776	 107.9983	128.5768	  8.0825	 33.2498	 38.2726	 34.6046	 33.2498	350.1586	407.7360	390.3775	390.8193	390.8193	395.8700	 19.9382	321.3330	  0.6509	   0.0725	  0.2210	    0.7869	  0.9259	   0.7869	  0.7632	 21.2292	  8.2844	  5.6903
2018	180	  20	  0	179.8333	298.2932	 10.0318	  46.8062	   12.7925	  44.4191	 43.9202	  3.2648	 13.5256	 14.1792	 13.8221	 13.5256	342.9238	400.9330	386.8838	386.4421	386.4421	389.4371	 15.9666	188.1344	  0.5577	   0.0408	  0.1424	    0.7869	  0.9259	   0.7869	  0.7578	 20.2958	  6.9174	  4.5950
2018	180	  21	  0	179.8750	310.4822	  3.5834	   6.9567	    2.2894	   6.7708	  6.5160	  0.4953	  2.0711	  2.0818	  2.0818	  2.0711	340.1544	392.8215	381.4651	378.8662	378.8662	382.2671	 13.0235	 68.2841	  0.5736	   0.0121	  0.0708	    0.7869	  0.9259	   0.7869	  0.7603	 18.9417	  9.1122	  5.7670
2018	180	  22	  0	179.9167	323.1278	 -1.6048	   0.3567	    0.2071	   0.1997	  0.1884	  0.0146	  0.0611	  0.0611	  0.0611	  0.0611	337.8193	385.2361	373.3198	372.0829	372.0829	373.1603	 11.3266	 45.3138	  0.5767	   0.0000	  0.0019	    0.7869	  0.9259	   0.7869	  0.7657	 17.6500	  2.6725	  1.6342
2018	180	  23	  0	179.9583	336.3309	 -6.1854	   0.0021	    0.0000	   0.0000	  0.0000	  0.0000	  0.0000	  0.0000	  0.0000	  0.0000	334.1328	374.9752	363.6900	363.6900	363.6900	363.6900	  9.6279	 52.4588	  0.5060	   0.0000	  0.0000	    0.7869	  0.9259	   0.7869	  0.7696	 15.6917	  0.0000	  0.0000
2018	181	   0	  0	180.0000	350.0150	 -8.5422	   0.0058	    0.0000	   0.0000	  0.0000	  0.0000	  0.0000	  0.0000	  0.0000	  0.0000	332.4372	365.4913	354.7880	354.7880	354.7880	354.7880	  7.9572	 52.3744	  0.5062	   0.0000	  0.0000	    0.7869	  0.9259	   0.7869	  0.7735	 13.8500	  0.0000	  0.0000
2018	181	   1	  0	180.0417	 93.9307	 -8.9658	   0.1802	    0.0000	   0.0000	  0.0000	  0.0000	  0.0000	  0.0000	  0.0000	  0.0000	330.0654	358.6019	348.1483	348.1483	348.1483	348.1483	  6.6780	 52.1402	  0.5102	   0.0000	  0.0000	    0.7869	  0.9259	   0.7869	  0.7740	 12.4875	  0.0000	  0.0000
2018	181	   2	  0	180.0833	 17.7525	 -7.4606	   2.7046	    0.0000	   0.0000	  0.0000	  0.0000	  0.0000	  0.0000	  0.0000	  0.0000	325.5757	352.4663	341.3606	341.3606	341.3606	341.3606	  5.3384	 52.1952	  0.5585	   0.0000	  0.0000	    0.7869	  0.9259	   0.7869	  0.7714	 11.2583	  0.0000	  0.0000
2018	181	   3	  0	180.1250	 31.1893	 -3.8284	  22.5377	    0.0000	   0.0000	  0.0000	  0.0000	  0.0000	  0.0000	  0.0000	  0.0000	324.7812	348.8640	333.4667	333.4667	333.4667	333.4667	  3.8542	 52.1930	  0.8446	   0.0000	  0.0000	    0.7869	  0.9259	   0.7869	  0.7717	 10.5292	  0.0000	  0.0000
2018	181	   4	  0	180.1667	 44.0785	  1.2245	  95.1450	   86.0549	  74.8234	 74.8825	  5.4767	 22.9043	 22.9043	 22.9043	 22.9043	329.1531	354.5950	334.9042	334.9042	336.5771	336.5771	  7.9990	 39.4550	  1.0000	   0.0109	  0.0392	    0.7869	  0.9259	   0.7869	  0.7745	 11.6542	  2.8131	  0.0000
2018	181	   5	  0	180.2083	 56.4458	  7.0629	 209.4506	  655.6773	 127.3168	201.5133	  9.4325	 40.2453	 40.2453	 41.0883	 41.8240	337.9498	366.8872	346.5823	346.8289	348.5438	348.5438	 13.5671	132.0267	  1.0000	   0.0026	  0.1032	    0.7869	  0.9259	   0.7869	  0.7793	 14.1000	  7.1710	  0.5316
2018	181	   6	  0	180.2500	 68.4819	 14.0752	 344.0331	  728.7775	 166.5680	333.9600	 13.7633	 53.9486	 53.9486	 76.4443	110.8349	345.4607	381.9352	360.0873	362.3622	361.0993	361.0993	 20.7945	260.0899	  1.0000	   0.0867	  0.1858	    0.7869	  0.9259	   0.7869	  0.7815	 16.1750	  9.8045	  2.9845
2018	181	   7	  0	180.2917	 80.5137	 21.7372	 481.2310	  757.7545	 200.5485	469.4010	 16.8773	 66.2569	 66.2569	 73.9254	116.7439	350.6119	390.6745	367.8711	374.0112	369.1614	369.1614	 24.0539	395.7602	  1.0000	   0.0729	  0.2639	    0.7869	  0.9259	   0.7869	  0.7814	 17.7583	 12.3258	  5.5058
2018	181	   8	  0	180.3333	 93.0230	 29.6868	 609.8123	  785.9408	 220.5899	597.1579	 21.0643	 80.4876	 74.9465	 75.5480	161.3505	349.9519	401.7092	376.1620	384.9872	375.5356	376.7015	 28.1096	530.5473	  1.0000	   0.1273	  0.3289	    0.7869	  0.9259	   0.7869	  0.7743	 18.8333	 14.6906	  7.8706
2018	181	   9	  0	180.3750	106.6673	 37.5360	 718.7002	  809.0060	 226.0290	706.1511	 24.9085	112.3551	 79.5222	 79.5222	186.0279	348.0379	411.8303	382.9576	393.8105	384.4042	382.9576	 31.6669	654.5484	  1.0000	   0.1749	  0.3872	    0.7869	  0.9259	   0.7869	  0.7663	 19.5792	 16.8574	 10.0374
2018	181	  10	  0	180.4167	122.3018	 44.7846	 797.7846	  822.6310	 218.5514	786.1079	 28.5726	151.3994	 80.3039	 80.3039	191.9819	346.6988	422.6494	389.3545	400.9683	395.6971	389.3545	 34.5055	758.8721	  1.0000	   0.2282	  0.4409	    0.7869	  0.9259	   0.7869	  0.7596	 20.1708	 18.7882	 11.9682
2018	181	  11	  0	180.4583	140.8785	 50.7430	 842.1588	  823.7602	 204.5486	831.6548	 32.4713	196.4776	 79.0128	 79.0128	174.2792	349.2792	438.0504	399.4129	408.8640	411.8842	399.4129	 37.0302	835.1931	  1.0000	   0.2922	  0.4800	    0.7869	  0.9259	   0.7869	  0.7567	 21.1583	 20.4492	 13.6292
2018	181	  12	  0	180.5000	162.8042	 54.5056	 849.4985	  832.3460	 171.8327	841.3061	 34.4535	230.4774	 71.8200	 71.8200	120.5929	353.3081	451.0743	407.8675	411.3774	426.0567	407.8675	 37.5477	877.8096	  1.0000	   0.3460	  0.4980	    0.7869	  0.9259	   0.7869	  0.7583	 21.8000	 21.8112	 14.9912
2018	181	  13	  0	180.5417	186.7685	 55.2285	 820.4858	  771.4462	 186.7385	811.1261	 34.9161	231.2462	 94.4193	 75.0888	 76.7638	352.0810	456.3697	410.9990	410.5736	431.6862	411.9316	 37.3826	887.1670	  0.9877	   0.3597	  0.4997	    0.7869	  0.9259	   0.7869	  0.7541	 22.0167	 22.8502	 16.0302
2018	181	  14	  0	180.5833	209.8735	 52.7181	 760.5281	  695.0094	 207.3480	749.4662	 31.6346	193.3207	142.9734	 77.8062	 77.8062	349.0762	451.7051	408.7794	408.7794	427.1434	417.8851	 37.1514	861.1259	  0.9536	   0.3171	  0.4907	    0.7869	  0.9259	   0.7869	  0.7485	 22.0375	 23.3848	 16.6117
2018	181	  15	  0	180.6250	229.9444	 47.6004	 665.6319	  606.6952	 217.2897	653.4555	 26.8570	144.9468	156.4570	 76.8300	 76.8300	343.6259	438.7142	401.1760	401.1760	413.0262	415.8171	 34.4215	800.8270	  0.9164	   0.2575	  0.4600	    0.7869	  0.9259	   0.7869	  0.7431	 21.5750	 22.0015	 15.7209
2018	181	  16	  0	180.6667	246.7593	 40.8156	 547.3062	  513.1467	 211.2968	535.0213	 21.9880	102.8866	143.1468	 71.5249	 71.5249	341.8805	427.9957	395.7560	395.7560	401.0795	412.0677	 30.9718	708.8685	  0.8797	   0.2020	  0.4118	    0.7869	  0.9259	   0.7869	  0.7428	 21.3542	 19.9971	 14.2858
2018	181	  17	  0	180.7083	261.1557	 33.1570	 410.9950	  396.3332	 193.2046	399.3642	 17.1879	 70.6233	109.3892	 62.9747	 62.9747	343.1531	417.5809	391.1470	391.1470	391.2240	405.7710	 26.9070	591.8773	  0.8320	   0.1419	  0.3542	    0.7869	  0.9259	   0.7869	  0.7479	 21.1292	 17.1377	 12.1664
2018	181	  18	  0	180.7500	274.0704	 25.1946	 271.7258	  262.1309	 158.7677	261.8746	 12.8017	 50.4078	 74.5093	 51.6765	 50.2920	340.8214	408.8097	385.5385	386.7581	386.3856	397.4359	 22.8320	460.4734	  0.7670	   0.1004	  0.2933	    0.7869	  0.9259	   0.7869	  0.7492	 20.6292	 13.4441	  9.4219
2018	181	  19	  0	180.7917	286.2421	 17.3578	 143.2396	  110.9349	 108.5482	136.3152	  8.1745	 33.5581	 40.1182	 35.3802	 33.5581	342.5030	402.2825	384.3739	384.5942	384.5942	390.3679	 19.0244	321.9460	  0.6744	   0.0718	  0.2210	    0.7869	  0.9259	   0.7869	  0.7567	 20.1833	  9.1129	  6.2558
2018	181	  20	  0	180.8333	298.2252	 10.0092	  47.4771	   12.6518	  45.0959	 44.5469	  3.3149	 13.7284	 14.4152	 14.0383	 13.7284	346.0473	395.2355	381.9396	381.5036	381.5036	384.4757	 15.1709	186.9711	  0.5620	   0.0414	  0.1422	    0.7869	  0.9259	   0.7869	  0.7685	 19.2417	  6.9155	  4.5915
2018	181	  21	  0	180.8750	310.4170	  3.5567	   6.8281	    2.0033	   6.6646	  6.3942	  0.4875	  2.0383	  2.0474	  2.0474	  2.0383	345.6511	387.8092	377.3840	374.8065	374.8065	378.1893	 12.3483	 67.4512	  0.5743	   0.0121	  0.0701	    0.7869	  0.9259	   0.7869	  0.7732	 18.0042	  9.1200	  5.7677
2018	181	  22	  0	180.9167	323.0659	 -1.6432	   0.3388	    0.1998	   0.1928	  0.1817	  0.0141	  0.0590	  0.0590	  0.0590	  0.0590	341.9406	381.0144	369.8162	368.5866	368.5866	369.6614	 10.7337	 44.8642	  0.5778	   0.0000	  0.0018	    0.7869	  0.9259	   0.7869	  0.7750	 16.8500	  2.6801	  1.6375
2018	181	  23	  0	180.9583	336.2733	 -6.2305	   0.0010	    0.0000	   0.0000	  0.0000	  0.0000	  0.0000	  0.0000	  0.0000	  0.0000	338.3245	374.4665	363.5179	363.5179	363.5179	363.5179	  9.6434	 52.0890	  0.5067	   0.0000	  0.0000	    0.7869	  0.9259	   0.7869	  0.7756	 15.5958	  0.0000	  0.0000
2018	182	   0	  0	181.0000	349.9634	 -8.5921	   0.0000	    0.0000	   0.0000	  0.0000	  0.0000	  0.0000	  0.0000	  0.0000	  0.0000	334.9206	368.5990	357.8380	357.8380	357.8380	357.8380	  8.5546	 52.0892	  0.5068	   0.0000	  0.0000	    0.7869	  0.9259	   0.7869	  0.7749	 14.4583	  0.0000	  0.0000
2018	182	   1	  0	181.0417	 93.8866	 -9.0226	   0.1415	    0.0000	   0.0000	  0.0000	  0.0000	  0.0000	  0.0000	  0.0000	  0.0000	331.5289	363.2250	352.5561	352.5561	352.5561	352.5561	  7.5285	 51.9032	  0.5101	   0.0000	  0.0000	    0.7869	  0.9259	   0.7869	  0.7736	 13.4042	  0.0000	  0.0000
2018	182	   2	  0	181.0833	 17.7170	 -7.5239	   2.5767	    0.0000	   0.0000	  0.0000	  0.0000	  0.0000	  0.0000	  0.0000	  0.0000	330.5364	356.5974	345.5683	345.5683	345.5683	345.5683	  6.2012	 51.8781	  0.5571	   0.0000	  0.0000	    0.7869	  0.9259	   0.7869	  0.7753	 12.0875	  0.0000	  0.0000
2018	182	   3	  0	181.1250	 31.1624	 -3.9096	  21.8960	    0.0000	   0.0000	  0.0000	  0.0000	  0.0000	  0.0000	  0.0000	  0.0000	329.0783	351.5570	336.3626	336.3626	336.3626	336.3626	  4.4674	 51.8803	  0.8398	   0.0000	  0.0000	    0.7869	  0.9259	   0.7869	  0.7754	 11.0750	  0.0000	  0.0000
2018	182	   4	  0	181.1667	 44.0594	  1.1618	  93.6165	   82.0987	  67.8797	 68.0877	  4.9686	 20.7799	 20.7799	 20.7799	 20.7799	329.7967	354.1024	334.7159	334.7159	336.1992	336.1992	  7.6229	 42.6202	  1.0000	   0.0104	  0.0381	    0.7869	  0.9259	   0.7869	  0.7754	 11.5583	  2.4935	  0.0000
2018	182	   5	  0	181.2083	 56.4330	  6.9928	 207.5388	  654.0760	 126.3606	199.6595	  9.3594	 39.9375	 39.9375	 40.7242	 41.4121	337.2888	363.2725	343.2836	343.5203	345.2371	345.2371	 12.9168	130.6788	  1.0000	   0.0024	  0.1022	    0.7869	  0.9259	   0.7869	  0.7801	 13.3917	  7.1420	  0.5132
2018	182	   6	  0	181.2500	 68.4738	 14.0033	 341.9927	  732.0070	 164.5630	332.0502	 13.6130	 53.3410	 53.3410	 75.8818	110.3527	340.8363	379.9930	357.8134	360.0597	358.8312	358.8312	 20.2978	259.2991	  1.0000	   0.0865	  0.1852	    0.7869	  0.9259	   0.7869	  0.7765	 15.8083	  9.7759	  2.9559
2018	182	   7	  0	181.2917	 80.5085	 21.6647	 477.9906	  762.5723	 196.4489	466.4317	 16.5696	 65.0290	 65.0290	 72.6901	115.4528	343.5543	393.2544	369.1561	375.2977	370.4633	370.4633	 24.0404	396.2722	  1.0000	   0.0723	  0.2633	    0.7869	  0.9259	   0.7869	  0.7691	 18.2458	 12.2978	  5.4778
2018	182	   8	  0	181.3333	 93.0183	 29.6139	 604.2425	  786.4098	 215.7179	591.9027	 20.6894	 78.9811	 73.4623	 74.0671	159.8004	346.3808	406.3139	379.5693	388.4263	378.9316	380.1158	 28.4102	531.1815	  1.0000	   0.1270	  0.3282	    0.7869	  0.9259	   0.7869	  0.7646	 19.6792	 14.6635	  7.8435
2018	182	   9	  0	181.3750	106.6597	 37.4630	 709.6719	  804.0527	 220.8603	697.4426	 24.4445	110.4314	 77.8757	 77.8757	183.5650	349.1662	416.5439	387.0849	397.9880	388.5250	387.0849	 32.0354	654.0484	  1.0000	   0.1745	  0.3866	    0.7869	  0.9259	   0.7869	  0.7634	 20.4333	 16.8313	 10.0113
2018	182	  10	  0	181.4167	122.2857	 44.7121	 790.0912	  814.9864	 216.9852	778.4895	 28.2933	149.9632	 79.6644	 79.6644	190.1748	352.9884	427.9987	394.7486	406.4369	401.1214	394.7486	 35.1700	756.3823	  1.0000	   0.2276	  0.4404	    0.7869	  0.9259	   0.7869	  0.7641	 21.1250	 18.7632	 11.9432
2018	182	  11	  0	181.4583	140.8450	 50.6725	 838.4217	  818.0636	 205.8395	827.8112	 32.3738	195.6321	 79.2268	 79.2268	173.7209	355.9063	442.1571	403.8312	413.3337	416.3490	403.8312	 37.6536	832.1373	  1.0000	   0.2912	  0.4796	    0.7869	  0.9259	   0.7869	  0.7630	 21.8875	 20.4252	 13.6052
2018	182	  12	  0	181.5000	162.7444	 54.4405	 846.7088	  835.5385	 166.9943	838.8410	 34.0873	229.3146	 70.4372	 70.4372	119.4873	358.4569	455.8002	412.5588	416.0982	430.8504	412.5588	 38.1094	875.8232	  1.0000	   0.3447	  0.4979	    0.7869	  0.9259	   0.7869	  0.7615	 22.6250	 21.7880	 14.9680
2018	182	  13	  0	181.5417	186.6825	 55.1733	 817.4787	  770.4920	 184.9326	808.2315	 34.6719	230.1611	 93.5401	 74.4953	 76.2237	357.5663	462.7975	417.1341	416.7085	438.0062	418.0396	 38.1922	885.7246	  0.9862	   0.3584	  0.4997	    0.7869	  0.9259	   0.7869	  0.7560	 23.1167	 22.8277	 16.0077
2018	182	  14	  0	181.5833	209.7742	 52.6749	 753.9377	  682.1889	 211.2463	742.5750	 31.5749	192.0097	142.2738	 78.6233	 78.6233	356.6012	457.0324	414.4278	414.4278	432.8695	423.5003	 37.9437	858.2768	  0.9489	   0.3164	  0.4906	    0.7869	  0.9259	   0.7869	  0.7549	 22.9750	 23.2753	 16.5275
2018	182	  15	  0	181.6250	229.8454	 47.5674	 660.4602	  599.0958	 218.0000	648.2114	 26.7483	144.1885	155.3357	 76.8698	 76.8698	356.2359	448.8212	411.3883	411.3883	423.4556	426.2665	 35.9191	797.0702	  0.9140	   0.2572	  0.4598	    0.7869	  0.9259	   0.7869	  0.7528	 23.2958	 22.0286	 15.7346
2018	182	  16	  0	181.6667	246.6669	 40.7894	 540.7937	  504.8743	 210.3614	528.5450	 21.8055	102.0590	141.4854	 71.1030	 71.1030	353.8424	440.8318	408.2865	408.2865	413.7182	424.8521	 32.7997	706.7720	  0.8729	   0.2019	  0.4116	    0.7869	  0.9259	   0.7869	  0.7479	 23.5833	 19.9324	 14.2345
2018	182	  17	  0	181.7083	261.0705	 33.1340	 406.6156	  393.2902	 190.6792	395.1413	 16.9749	 69.8177	108.2002	 62.1733	 62.1733	351.5941	429.5652	402.5348	402.5348	402.6152	417.4385	 28.6138	591.3207	  0.8254	   0.1418	  0.3539	    0.7869	  0.9259	   0.7869	  0.7481	 23.2375	 17.1388	 12.1625
2018	182	  18	  0	181.7500	273.9912	 25.1718	 269.0827	  263.1719	 155.8062	259.4260	 12.5879	 49.5281	 73.7076	 50.7716	 49.4044	349.2608	421.8059	397.7716	399.0430	398.6625	410.0569	 24.7675	460.1723	  0.7619	   0.1004	  0.2931	    0.7869	  0.9259	   0.7869	  0.7482	 22.9375	 13.5522	  9.4935
2018	182	  19	  0	181.7917	286.1677	 17.3329	 142.0198	  113.9829	 106.4620	135.2353	  8.0264	 32.9443	 39.6363	 34.7976	 32.9443	347.0187	413.1703	394.4873	394.7099	394.7099	400.7028	 20.6797	322.0273	  0.6707	   0.0711	  0.2208	    0.7869	  0.9259	   0.7869	  0.7519	 22.1500	  9.2372	  6.3381
2018	182	  20	  0	181.8333	298.1544	  9.9805	  46.9571	   13.2100	  44.4840	 44.0672	  3.2709	 13.5432	 14.2609	 13.8662	 13.5432	345.3991	404.8649	390.5748	390.1464	390.1464	393.1725	 16.6361	187.1885	  0.5594	   0.0419	  0.1419	    0.7869	  0.9259	   0.7869	  0.7576	 21.0042	  6.9344	  4.6012
2018	182	  21	  0	181.8750	310.3496	  3.5239	   6.5377	    2.1458	   6.3617	  6.1233	  0.4654	  1.9461	  1.9557	  1.9557	  1.9461	343.9372	397.1523	385.8149	383.1389	383.1389	386.6469	 13.8084	 67.1287	  0.5718	   0.0121	  0.0693	    0.7869	  0.9259	   0.7869	  0.7618	 19.7417	  9.2503	  5.8437
2018	182	  22	  0	181.9167	323.0023	 -1.6888	   0.2979	    0.1787	   0.1719	  0.1620	  0.0126	  0.0526	  0.0526	  0.0526	  0.0526	339.5283	386.6145	374.6922	373.4503	373.4503	374.5392	 11.5907	 44.6824	  0.5782	   0.0000	  0.0017	    0.7869	  0.9259	   0.7869	  0.7669	 17.9083	  2.6792	  1.6354
2018	182	  23	  0	181.9583	336.2149	 -6.2823	   0.0000	    0.0000	   0.0000	  0.0000	  0.0000	  0.0000	  0.0000	  0.0000	  0.0000	336.5361	377.0248	365.7359	365.7359	365.7359	365.7359	 10.0320	 51.9350	  0.5074	   0.0000	  0.0000	    0.7869	  0.9259	   0.7869	  0.7714	 16.0875	  0.0000	  0.0000
2018	183	   0	  0	182.0000	349.9119	 -8.6488	   0.0000	    0.0000	   0.0000	  0.0000	  0.0000	  0.0000	  0.0000	  0.0000	  0.0000	334.7261	368.7100	357.9146	357.9146	357.9146	357.9146	  8.5662	 51.8680	  0.5075	   0.0000	  0.0000	    0.7869	  0.9259	   0.7869	  0.7745	 14.4792	  0.0000	  0.0000
2018	183	   1	  0	182.0417	 93.8437	 -9.0860	   0.0510	    0.0000	   0.0000	  0.0000	  0.0000	  0.0000	  0.0000	  0.0000	  0.0000	333.8862	361.9798	351.5685	351.5685	351.5685	351.5685	  7.3686	 51.6333	  0.5090	   0.0000	  0.0000	    0.7869	  0.9259	   0.7869	  0.7769	 13.1583	  0.0000	  0.0000
2018	183	   2	  0	182.0833	 17.6835	 -7.5936	   1.9965	    0.0000	   0.0000	  0.0000	  0.0000	  0.0000	  0.0000	  0.0000	  0.0000	332.6236	357.2197	346.4474	346.4474	346.4474	346.4474	  6.3909	 51.6304	  0.5467	   0.0000	  0.0000	    0.7869	  0.9259	   0.7869	  0.7774	 12.2125	  0.0000	  0.0000
2018	183	   3	  0	182.1250	 31.1383	 -3.9996	  20.9546	    0.0000	   0.0000	  0.0000	  0.0000	  0.0000	  0.0000	  0.0000	  0.0000	331.1945	353.5402	338.5128	338.5128	338.5128	338.5128	  4.9070	 51.6415	  0.8306	   0.0000	  0.0000	    0.7869	  0.9259	   0.7869	  0.7770	 11.4750	  0.0000	  0.0000
2018	183	   4	  0	182.1667	 44.0437	  1.0938	  91.9506	   74.5342	  67.2391	 66.9987	  4.9212	 20.5788	 20.5788	 20.5788	 20.5788	334.5375	357.4477	338.1989	338.1989	339.6980	339.6980	  8.2907	 41.6285	  1.0000	   0.0098	  0.0371	    0.7869	  0.9259	   0.7869	  0.7794	 12.2292	  2.4658	  0.0000
2018	183	   5	  0	182.2083	 56.4243	  6.9174	 206.7933	  648.4378	 127.0013	198.8662	  9.4027	 40.1105	 40.1105	 40.8415	 41.4826	340.0708	367.8501	347.6482	347.8789	349.6395	349.6395	 13.7333	129.2708	  1.0000	   0.0022	  0.1012	    0.7869	  0.9259	   0.7869	  0.7813	 14.2917	  7.1100	  0.4946
2018	183	   6	  0	182.2500	 68.4702	 13.9262	 342.7708	  731.2200	 166.5001	332.6969	 13.7408	 53.9032	 53.9032	 76.3670	110.7146	342.5654	382.9847	360.6366	362.8707	361.6803	361.6803	 20.8421	257.8839	  1.0000	   0.0862	  0.1845	    0.7869	  0.9259	   0.7869	  0.7769	 16.3833	  9.7442	  2.9242
2018	183	   7	  0	182.2917	 80.5082	 21.5871	 481.5717	  761.1822	 201.4960	469.6771	 16.9117	 66.5254	 66.5254	 74.1043	116.4549	347.8801	393.6444	370.0906	376.2004	371.4059	371.4059	 24.3955	394.0844	  1.0000	   0.0717	  0.2627	    0.7869	  0.9259	   0.7869	  0.7751	 18.3292	 12.2668	  5.4468
2018	183	   8	  0	182.3333	 93.0190	 29.5360	 612.5781	  786.9047	 224.7096	599.6490	 21.3299	 81.6698	 76.1512	 76.7553	162.4445	352.0539	407.5192	381.4107	390.2435	380.7660	381.9575	 29.0639	528.5043	  1.0000	   0.1268	  0.3275	    0.7869	  0.9259	   0.7869	  0.7722	 19.9042	 14.6335	  7.8135
2018	183	   9	  0	182.3750	106.6578	 37.3849	 721.9688	  810.5769	 229.9974	709.1577	 25.1491	113.4793	 80.6819	 80.6819	187.0905	349.2934	418.0621	388.3894	399.2798	389.8179	388.3894	 32.6119	653.4594	  1.0000	   0.1740	  0.3860	    0.7869	  0.9259	   0.7869	  0.7619	 20.7167	 16.8024	  9.9824
2018	183	  10	  0	182.4167	122.2752	 44.6341	 803.9000	  825.4500	 224.2254	791.8553	 28.9313	153.0564	 81.9789	 81.9789	193.7506	347.8448	430.9668	396.4291	408.1415	402.8112	396.4291	 35.7322	759.0392	  1.0000	   0.2269	  0.4398	    0.7869	  0.9259	   0.7869	  0.7524	 21.6583	 18.7354	 11.9154
2018	183	  11	  0	182.4583	140.8167	 50.5961	 855.2206	  832.5318	 212.1304	844.2466	 33.0623	199.5744	 81.3691	 81.3691	177.3871	345.3209	447.6182	406.6219	416.1893	419.2135	406.6219	 38.3575	839.6432	  1.0000	   0.2902	  0.4792	    0.7869	  0.9259	   0.7869	  0.7390	 22.8417	 20.3984	 13.5784
2018	183	  12	  0	182.5000	162.6883	 54.3690	 862.5298	  843.5808	 176.8199	854.0479	 34.9170	233.5375	 73.4770	 73.4770	122.7198	347.8884	460.2836	414.5257	418.0977	432.9055	414.5257	 38.7254	883.5712	  1.0000	   0.3433	  0.4977	    0.7869	  0.9259	   0.7869	  0.7384	 23.4083	 21.7622	 14.9422
2018	183	  13	  0	182.5417	186.5975	 55.1113	 826.3996	  803.1787	 167.4974	818.4065	 34.1986	232.1708	 89.6979	 70.2169	 72.0910	354.0419	467.2003	420.0848	419.6617	441.0719	420.9628	 38.4053	889.2970	  0.9900	   0.3570	  0.4997	    0.7869	  0.9259	   0.7869	  0.7448	 23.8792	 22.8027	 15.9827
2018	183	  14	  0	182.5833	209.6732	 52.6249	 752.9192	  684.5786	 208.5999	741.7362	 31.3990	191.7358	141.3566	 77.8886	 77.8886	362.3276	462.6901	419.9147	419.9147	438.5362	429.0269	 38.6876	856.8336	  0.9493	   0.3155	  0.4904	    0.7869	  0.9259	   0.7869	  0.7580	 23.9292	 23.2783	 16.5226
2018	183	  15	  0	182.6250	229.7433	 47.5280	 654.2779	  573.8595	 230.5402	641.1281	 27.2042	144.7843	155.0174	 80.0683	 80.0683	375.8897	449.3950	414.8517	414.8517	426.7485	429.4196	 36.6514	787.2565	  0.9166	   0.2568	  0.4595	    0.7869	  0.9259	   0.7869	  0.7838	 23.4833	 21.6890	 15.4857
2018	183	  16	  0	182.6667	246.5707	 40.7570	 533.9317	  470.8461	 225.9497	520.5665	 22.5030	104.1480	140.7345	 75.1801	 75.1801	378.0116	437.4996	409.0779	409.0779	414.2743	424.9445	 33.2498	694.8577	  0.8762	   0.2016	  0.4113	    0.7869	  0.9259	   0.7869	  0.7905	 23.1375	 19.3374	 13.8040
2018	183	  17	  0	182.7083	260.9816	 33.1049	 399.8567	  358.3462	 203.1205	387.4856	 17.6151	 72.5407	107.3995	 65.4756	 65.4756	376.3700	425.1056	402.2169	402.2169	402.2155	416.2058	 28.8966	580.9427	  0.8262	   0.1417	  0.3536	    0.7869	  0.9259	   0.7869	  0.7926	 22.5667	 16.3831	 11.6214
2018	183	  18	  0	182.7500	273.9086	 25.1430	 263.2919	  231.3613	 163.7231	253.0580	 13.0235	 51.6243	 72.9078	 52.6738	 51.5069	375.3405	417.1813	397.1170	398.4431	398.0677	408.5476	 24.9565	451.5702	  0.7603	   0.1004	  0.2928	    0.7869	  0.9259	   0.7869	  0.7948	 22.2000	 12.7555	  8.9314
2018	183	  19	  0	182.7917	286.0900	 17.3020	 137.3244	   89.6299	 109.1485	130.3319	  8.1682	 33.6184	 38.7256	 34.9906	 33.6184	370.7886	408.6043	393.0766	393.4982	393.4982	398.7412	 20.6382	316.3743	  0.6639	   0.0704	  0.2206	    0.7869	  0.9259	   0.7869	  0.7940	 21.3875	  8.4833	  5.8180
2018	183	  20	  0	182.8333	298.0809	  9.9456	  44.2815	   10.6353	  42.2795	 41.5333	  3.1068	 12.8635	 13.4701	 13.1352	 12.8635	368.8780	399.9375	388.3541	387.9620	387.9620	390.9073	 16.3806	183.7759	  0.5498	   0.0425	  0.1415	    0.7869	  0.9259	   0.7869	  0.7978	 20.1042	  6.8596	  4.5485
2018	183	  21	  0	182.8750	310.2800	  3.4850	   5.5558	    1.2286	   5.4467	  5.2011	  0.3984	  1.6657	  1.6683	  1.6683	  1.6657	371.9737	393.3869	384.9790	382.3640	382.3640	385.8162	 13.9074	 65.4033	  0.5602	   0.0108	  0.0685	    0.7869	  0.9259	   0.7869	  0.8050	 19.0583	  9.1873	  5.7994
2018	183	  22	  0	182.9167	322.9373	 -1.7417	   0.2225	    0.1231	   0.1199	  0.1128	  0.0088	  0.0367	  0.0367	  0.0367	  0.0367	374.2365	387.1157	377.9990	376.7816	376.7816	377.8518	 12.5459	 43.6705	  0.5771	   0.0000	  0.0016	    0.7869	  0.9259	   0.7869	  0.8126	 18.0042	  2.6521	  1.6172
2018	183	  23	  0	182.9583	336.1558	 -6.3416	   0.0031	    0.0000	   0.0000	  0.0000	  0.0000	  0.0000	  0.0000	  0.0000	  0.0000	369.0742	381.8677	372.5395	372.5395	372.5395	372.5395	 11.6168	 51.0337	  0.5081	   0.0000	  0.0000	    0.7869	  0.9259	   0.7869	  0.8094	 17.0125	  0.0000	  0.0000
2018	184	   0	  0	183.0000	349.8606	 -8.7123	   0.0000	    0.0000	   0.0000	  0.0000	  0.0000	  0.0000	  0.0000	  0.0000	  0.0000	361.7009	376.8699	367.3549	367.3549	367.3549	367.3549	 10.5986	 51.1428	  0.5081	   0.0000	  0.0000	    0.7869	  0.9259	   0.7869	  0.8028	 16.0583	  0.0000	  0.0000
2018	184	   1	  0	183.0417	 93.8019	 -9.1562	   0.0612	    0.0000	   0.0000	  0.0000	  0.0000	  0.0000	  0.0000	  0.0000	  0.0000	361.0472	371.6845	362.4042	362.4042	362.4042	362.4042	  9.6860	 50.9598	  0.5098	   0.0000	  0.0000	    0.7869	  0.9259	   0.7869	  0.8036	 15.0583	  0.0000	  0.0000
2018	184	   2	  0	183.0833	 17.6521	 -7.6697	   1.9979	    0.0000	   0.0000	  0.0000	  0.0000	  0.0000	  0.0000	  0.0000	  0.0000	359.2281	366.5527	356.9019	356.9019	356.9019	356.9019	  8.6551	 50.9816	  0.5478	   0.0000	  0.0000	    0.7869	  0.9259	   0.7869	  0.8027	 14.0583	  0.0000	  0.0000
2018	184	   3	  0	183.1250	 31.1171	 -4.0864	  19.9498	    0.0000	   0.0000	  0.0000	  0.0000	  0.0000	  0.0000	  0.0000	  0.0000	356.2387	363.3916	349.7374	349.7374	349.7374	349.7374	  7.3308	 51.0309	  0.8273	   0.0000	  0.0000	    0.7869	  0.9259	   0.7869	  0.8002	 13.4375	  0.0000	  0.0000
2018	184	   4	  0	183.1667	 44.0315	  1.0205	  87.2527	   71.0022	  64.0740	 63.7535	  4.6895	 19.6110	 19.6110	 19.6110	 19.6110	360.3198	368.6326	350.8911	350.8911	352.4378	352.4378	 10.7605	 40.2981	  1.0000	   0.0092	  0.0360	    0.7869	  0.9259	   0.7869	  0.8035	 14.4375	  2.4670	  0.0000
2018	184	   5	  0	183.2083	 56.4195	  6.8366	 200.7819	  624.7176	 124.7912	192.9819	  9.2342	 39.3727	 39.3727	 40.0333	 40.6140	368.8359	380.9001	362.4594	362.6873	364.5375	364.5375	 16.4592	126.4447	  1.0000	   0.0021	  0.1001	    0.7869	  0.9259	   0.7869	  0.8093	 16.8083	  7.0749	  0.4741
2018	184	   6	  0	183.2500	 68.4711	 13.8440	 333.2404	  699.0738	 165.7818	323.1741	 13.6063	 53.5083	 53.5083	 74.9360	107.6790	379.1490	396.8099	377.2253	379.4922	378.3362	378.3362	 23.6480	252.6233	  1.0000	   0.0860	  0.1837	    0.7869	  0.9259	   0.7869	  0.8158	 18.9750	  9.7095	  2.8895
2018	184	   7	  0	183.2917	 80.5129	 21.5045	 466.3940	  726.1765	 200.1297	454.5271	 16.6891	 65.8389	 65.8389	 72.9927	113.0720	386.4478	406.3220	386.1293	392.3453	387.5045	387.5045	 26.9821	386.2749	  1.0000	   0.0710	  0.2621	    0.7869	  0.9259	   0.7869	  0.8188	 20.6667	 12.2328	  5.4128
2018	184	   8	  0	183.3333	 93.0249	 29.4532	 589.2752	  748.3619	 221.4207	576.4716	 20.8266	 79.9499	 74.7185	 75.2938	156.6696	392.8477	421.6161	399.1799	408.1745	398.5035	399.7453	 31.6309	517.7180	  1.0000	   0.1265	  0.3267	    0.7869	  0.9259	   0.7869	  0.8197	 22.4292	 14.6005	  7.7805
2018	184	   9	  0	183.3750	106.6615	 37.3017	 690.0942	  762.9835	 227.9498	677.2840	 24.4720	110.1438	 79.3419	 79.3419	179.3185	399.0420	431.4718	406.9324	418.0145	408.3596	406.9324	 35.1344	636.8685	  1.0000	   0.1736	  0.3853	    0.7869	  0.9259	   0.7869	  0.8243	 23.0833	 16.7705	  9.9505
2018	184	  10	  0	183.4167	122.2706	 44.5508	 768.1867	  775.7681	 224.1860	755.9859	 28.1229	147.7034	 81.0135	 81.0135	185.8860	399.6245	439.3050	411.0824	422.9152	417.5155	411.0824	 37.5941	737.5411	  1.0000	   0.2262	  0.4392	    0.7869	  0.9259	   0.7869	  0.8238	 23.1167	 18.7047	 11.8847
2018	184	  11	  0	183.4583	140.7937	 50.5138	 812.3587	  801.7152	 193.5444	802.4888	 30.9904	188.9239	 75.1674	 75.1674	167.2739	399.3556	451.1172	417.8233	427.4254	430.4435	417.8233	 39.2520	812.4294	  1.0000	   0.2891	  0.4788	    0.7869	  0.9259	   0.7869	  0.8208	 23.4625	 20.3689	 13.5489
2018	184	  12	  0	183.5000	162.6358	 54.2910	 803.7115	  733.8375	 208.0747	792.7909	 34.2050	218.2215	 79.7360	 79.7360	123.4724	400.2203	462.1721	424.2891	427.8766	442.6814	424.2891	 40.0046	855.2793	  0.9969	   0.3417	  0.4975	    0.7869	  0.9259	   0.7869	  0.8198	 23.7625	 21.7337	 14.9137
2018	184	  13	  0	183.5417	186.5136	 55.0425	 788.8735	  691.4386	 222.1607	776.9058	 35.0416	222.2345	100.1525	 83.2052	 84.7958	394.5026	472.4023	431.0270	430.6068	452.1500	431.8791	 40.5404	868.0478	  0.9730	   0.3556	  0.4996	    0.7869	  0.9259	   0.7869	  0.8050	 24.7667	 22.7750	 15.9550
2018	184	  14	  0	183.5833	209.5708	 52.5681	 732.9027	  639.6442	 224.8467	720.4991	 31.4499	187.6290	140.7380	 81.5343	 81.5343	381.6718	472.9429	431.8844	431.8844	450.3763	440.8215	 40.3788	849.4237	  0.9337	   0.3146	  0.4902	    0.7869	  0.9259	   0.7869	  0.7780	 25.7708	 22.7974	 16.1731
2018	184	  15	  0	183.6250	229.6382	 47.4821	 641.0037	  554.4329	 231.9215	627.6987	 26.9282	142.6465	152.2927	 80.0641	 80.0641	378.4844	458.5173	423.5002	423.5002	435.1327	437.6799	 37.6527	788.4951	  0.8986	   0.2563	  0.4593	    0.7869	  0.9259	   0.7869	  0.7776	 25.1875	 21.0091	 14.9935
2018	184	  16	  0	183.6667	246.4710	 40.7183	 522.4590	  449.1907	 228.7711	508.8463	 22.4270	103.4245	138.1098	 75.6595	 75.6595	383.2434	443.6607	415.5867	415.5867	420.5659	430.8762	 34.0673	693.9620	  0.8608	   0.2014	  0.4110	    0.7869	  0.9259	   0.7869	  0.7920	 24.3375	 18.6243	 13.2890
2018	184	  17	  0	183.7083	260.8891	 33.0697	 388.5742	  335.1280	 204.7237	376.0413	 17.5497	 72.3419	104.8438	 65.6645	 65.6645	382.9245	431.9705	409.5342	409.5342	409.4227	422.8422	 29.8825	579.6157	  0.8083	   0.1416	  0.3533	    0.7869	  0.9259	   0.7869	  0.7958	 23.8750	 15.6072	 11.0659
2018	184	  18	  0	183.7500	273.8226	 25.1081	 252.9848	  206.8400	 163.9103	242.6920	 12.9291	 51.4605	 70.5439	 52.3458	 51.3451	380.5316	421.2282	401.7260	403.1442	402.7625	412.4032	 25.5434	450.3616	  0.7391	   0.1003	  0.2926	    0.7869	  0.9259	   0.7869	  0.7988	 23.0042	 11.8740	  8.3101
2018	184	  19	  0	183.7917	286.0094	 17.2650	 130.6910	   70.6192	 108.3223	123.7266	  8.0658	 33.2591	 37.1675	 34.2784	 33.2591	380.7895	412.3896	397.6977	398.3131	398.3131	402.9346	 21.3544	314.3939	  0.6460	   0.0696	  0.2204	    0.7869	  0.9259	   0.7869	  0.8054	 22.1208	  7.7993	  5.3457
2018	184	  20	  0	183.8333	298.0047	  9.9045	  41.9871	    9.4881	  40.2060	 39.3731	  2.9537	 12.2293	 12.7800	 12.4751	 12.2293	381.7778	404.1939	393.4349	393.0701	393.0701	396.0040	 17.2833	182.0425	  0.5407	   0.0431	  0.1411	    0.7869	  0.9259	   0.7869	  0.8124	 20.8792	  6.8266	  4.5230
2018	184	  21	  0	183.8750	310.2083	  3.4400	   5.7925	    1.2970	   5.6868	  5.4221	  0.4159	  1.7389	  1.7432	  1.7432	  1.7389	381.0235	395.4072	387.4794	384.8216	384.8216	388.3340	 14.4472	 64.3117	  0.5711	   0.0092	  0.0676	    0.7869	  0.9259	   0.7869	  0.8154	 19.4500	  9.2683	  5.8438
2018	184	  22	  0	183.9167	322.8707	 -1.8020	   0.3021	    0.1640	   0.1433	  0.1350	  0.0105	  0.0441	  0.0441	  0.0441	  0.0441	378.9358	390.4482	381.4425	380.1861	380.1861	381.2960	 13.2057	 43.3015	  0.5821	   0.0000	  0.0014	    0.7869	  0.9259	   0.7869	  0.8168	 18.6292	  2.7137	  1.6529
2018	184	  23	  0	183.9583	336.0960	 -6.4062	   0.0052	    0.0000	   0.0000	  0.0000	  0.0000	  0.0000	  0.0000	  0.0000	  0.0000	376.8544	387.2027	378.0680	378.0680	378.0680	378.0680	 12.6900	 50.7141	  0.5087	   0.0000	  0.0000	    0.7869	  0.9259	   0.7869	  0.8164	 18.0208	  0.0000	  0.0000
2018	185	   0	  0	184.0000	349.8095	 -8.7825	   0.0000	    0.0000	   0.0000	  0.0000	  0.0000	  0.0000	  0.0000	  0.0000	  0.0000	375.7538	383.4927	374.5022	374.5022	374.5022	374.5022	 12.0410	 50.7058	  0.5087	   0.0000	  0.0000	    0.7869	  0.9259	   0.7869	  0.8164	 17.3208	  0.0000	  0.0000
2018	185	   1	  0	184.0417	 93.7613	 -9.2329	   0.0277	    0.0000	   0.0000	  0.0000	  0.0000	  0.0000	  0.0000	  0.0000	  0.0000	377.2404	380.0931	371.3717	371.3717	371.3717	371.3717	 11.4941	 50.5129	  0.5097	   0.0000	  0.0000	    0.7869	  0.9259	   0.7869	  0.8187	 16.6750	  0.0000	  0.0000
2018	185	   2	  0	184.0833	 17.6228	 -7.7523	   1.4258	    0.0000	   0.0000	  0.0000	  0.0000	  0.0000	  0.0000	  0.0000	  0.0000	378.9278	377.8027	368.9358	368.9358	368.9358	368.9358	 11.0765	 50.4794	  0.5374	   0.0000	  0.0000	    0.7869	  0.9259	   0.7869	  0.8207	 16.2375	  0.0000	  0.0000
2018	185	   3	  0	184.1250	 31.0988	 -4.1891	  15.1613	    0.0000	   0.0000	  0.0000	  0.0000	  0.0000	  0.0000	  0.0000	  0.0000	377.2150	376.2385	364.0074	364.0074	364.0074	364.0074	 10.2009	 50.5088	  0.7858	   0.0000	  0.0000	    0.7869	  0.9259	   0.7869	  0.8192	 15.9375	  0.0000	  0.0000
2018	185	   4	  0	184.1667	 44.0229	  0.9418	  70.7835	  119.8006	  50.2138	 52.8506	  3.6784	 15.4173	 15.4173	 15.4173	 15.4173	377.2143	378.1901	361.3305	361.3305	362.9130	362.9130	 12.2337	 39.0400	  1.0000	   0.0084	  0.0349	    0.7869	  0.9259	   0.7869	  0.8190	 16.2875	  2.6948	  0.0000
2018	185	   5	  0	184.2083	 56.4189	  6.7505	 185.6379	  636.0585	 109.8344	178.8125	  8.1392	 34.7999	 34.7999	 35.4323	 35.9883	379.6914	385.1743	367.4808	367.6999	369.5990	369.5990	 16.7816	124.3978	  1.0000	   0.0020	  0.0989	    0.7869	  0.9259	   0.7869	  0.8200	 17.6208	  7.0368	  0.4519
2018	185	   6	  0	184.2500	 68.4766	 13.7567	 321.0569	  691.6872	 156.3929	311.5904	 12.8907	 50.6117	 50.6117	 71.7459	104.0536	384.2569	398.0632	378.9338	381.1768	380.0684	380.0684	 23.5402	250.5636	  1.0000	   0.0857	  0.1829	    0.7869	  0.9259	   0.7869	  0.8213	 19.2125	  9.6717	  2.8517
2018	185	   7	  0	184.2917	 80.5224	 21.4170	 452.5294	  718.6132	 190.0457	441.3033	 15.9060	 62.7064	 62.7064	 69.7009	109.0069	388.1251	406.2106	386.2549	392.4277	387.6392	387.6392	 26.5629	384.4928	  1.0000	   0.0703	  0.2615	    0.7869	  0.9259	   0.7869	  0.8210	 20.6583	 12.1959	  5.3759
2018	185	   8	  0	184.3333	 93.0362	 29.3655	 578.1358	  743.8602	 213.4337	565.8391	 20.1941	 77.4545	 72.2431	 72.8104	153.6014	390.4262	416.0989	394.0590	402.9222	393.3999	394.6223	 30.5122	516.3271	  1.0000	   0.1262	  0.3259	    0.7869	  0.9259	   0.7869	  0.8201	 21.4625	 14.5645	  7.7445
2018	185	   9	  0	184.3750	106.6709	 37.2135	 685.6917	  769.5132	 220.4080	673.3873	 23.9581	108.2457	 77.1585	 77.1585	177.8628	385.2187	426.9299	401.1110	412.0666	402.5281	401.1110	 33.9713	639.7288	  1.0000	   0.1731	  0.3846	    0.7869	  0.9259	   0.7869	  0.8080	 22.3042	 16.7358	  9.9158
2018	185	  10	  0	184.4167	122.2717	 44.4620	 765.2435	  787.9791	 213.5652	753.7695	 27.4735	145.6541	 78.0459	 78.0459	184.3754	377.9515	438.8602	407.6339	419.4180	414.0378	407.6339	 36.7075	745.2563	  1.0000	   0.2255	  0.4386	    0.7869	  0.9259	   0.7869	  0.7922	 23.0625	 18.6713	 11.8513
2018	185	  11	  0	184.4583	140.7761	 50.4256	 809.9577	  822.6243	 175.6367	801.3245	 30.0460	186.9101	 70.3193	 70.3193	164.5127	373.7446	451.6179	414.5039	424.0895	427.0980	414.5039	 38.2603	823.6489	  1.0000	   0.2879	  0.4784	    0.7869	  0.9259	   0.7869	  0.7813	 23.5792	 20.3367	 13.5167
2018	185	  12	  0	184.5000	162.5872	 54.2066	 819.8944	  799.6611	 171.4965	811.5938	 33.1237	221.1594	 70.6436	 70.6436	118.2825	373.2684	463.0635	421.0330	424.6310	439.4052	421.0330	 39.0080	868.2405	  0.9985	   0.3402	  0.4973	    0.7869	  0.9259	   0.7869	  0.7772	 23.9542	 21.7026	 14.8826
2018	185	  13	  0	184.5417	186.4309	 54.9669	 794.4004	  716.5134	 207.6467	783.4683	 34.5743	223.4240	 96.6800	 79.5813	 81.3216	370.7009	466.7293	422.9283	422.5158	443.8255	423.7391	 39.0769	878.0818	  0.9691	   0.3541	  0.4994	    0.7869	  0.9259	   0.7869	  0.7727	 23.8917	 22.7361	 15.9187
2018	185	  14	  0	184.5833	209.4672	 52.5046	 731.1321	  629.9675	 231.0937	718.2854	 31.6327	187.6428	141.0168	 83.1219	 83.1219	374.3973	462.4707	422.5673	422.5673	440.3488	431.0910	 39.0776	849.4183	  0.9317	   0.3135	  0.4900	    0.7869	  0.9259	   0.7869	  0.7765	 24.2333	 22.3271	 15.8312
2018	185	  15	  0	184.6250	229.5302	 47.4296	 636.4204	  539.9072	 238.4469	622.6404	 27.1104	142.6325	151.8303	 81.6785	 81.6785	379.6178	454.1848	420.4029	420.4029	431.6648	434.0917	 37.2308	786.0791	  0.8954	   0.2557	  0.4589	    0.7869	  0.9259	   0.7869	  0.7836	 24.6000	 20.5540	 14.6615
2018	185	  16	  0	184.6667	246.3679	 40.6733	 517.3769	  441.9549	 228.6937	503.7470	 22.3154	102.9022	136.8518	 75.5075	 75.5075	375.9251	442.7540	414.1803	414.1803	419.0082	428.9985	 33.6966	696.2726	  0.8511	   0.2011	  0.4107	    0.7869	  0.9259	   0.7869	  0.7809	 24.2750	 18.1951	 12.9763
2018	185	  17	  0	184.7083	260.7931	 33.0284	 384.7867	  330.3670	 203.7762	372.3029	 17.4377	 71.9524	103.8977	 65.3153	 65.3153	373.9207	430.5184	407.3929	407.3929	407.2473	420.2959	 29.3911	581.8858	  0.7995	   0.1414	  0.3529	    0.7869	  0.9259	   0.7869	  0.7830	 23.6750	 15.2650	 10.8175
2018	185	  18	  0	184.7500	273.7333	 25.0672	 252.8996	  211.3666	 162.1123	242.7317	 12.8141	 50.9601	 70.4264	 51.8463	 50.8374	373.5131	421.6589	401.2950	402.7206	402.3426	412.0545	 25.3771	451.6074	  0.7377	   0.1003	  0.2922	    0.7869	  0.9259	   0.7869	  0.7876	 23.0750	 11.9495	  8.3579
2018	185	  19	  0	184.7917	285.9257	 17.2219	 130.5185	   72.9839	 107.4280	123.6157	  8.0034	 33.0040	 36.9878	 34.0329	 33.0040	376.5670	412.8397	397.6814	398.2962	398.2962	402.9826	 21.2878	314.4943	  0.6456	   0.0687	  0.2201	    0.7869	  0.9259	   0.7869	  0.7987	 22.2042	  7.8634	  5.3862
2018	185	  20	  0	184.8333	297.9260	  9.8573	  40.9210	    9.1093	  39.2106	 38.3717	  2.8806	 11.9246	 12.4671	 12.1658	 11.9246	382.3086	404.5465	393.8467	393.4961	393.4961	396.4222	 17.3172	181.1958	  0.5363	   0.0435	  0.1407	    0.7869	  0.9259	   0.7869	  0.8128	 20.9417	  6.8161	  4.5124
2018	185	  21	  0	184.8750	310.1345	  3.3891	   5.1708	    1.0276	   5.0825	  4.8398	  0.3717	  1.5542	  1.5561	  1.5561	  1.5542	385.1692	396.1319	388.5854	385.9435	385.9435	389.4567	 14.6565	 63.2930	  0.5643	   0.0080	  0.0662	    0.7869	  0.9259	   0.7869	  0.8200	 19.5958	  9.2616	  5.8337
2018	185	  22	  0	184.9167	322.8028	 -1.8697	   0.1979	    0.0660	   0.0649	  0.0612	  0.0047	  0.0199	  0.0199	  0.0199	  0.0199	384.0252	390.9838	382.2105	381.6522	381.6522	382.1598	 13.4538	 46.9949	  0.5411	   0.0000	  0.0011	    0.7869	  0.9259	   0.7869	  0.8230	 18.7292	  1.2563	  0.7668
2018	185	  23	  0	184.9583	336.0356	 -6.4780	   0.0000	    0.0000	   0.0000	  0.0000	  0.0000	  0.0000	  0.0000	  0.0000	  0.0000	381.7012	386.2970	377.5322	377.5322	377.5322	377.5322	 12.6452	 50.4517	  0.5091	   0.0000	  0.0000	    0.7869	  0.9259	   0.7869	  0.8221	 17.8500	  0.0000	  0.0000
2018	186	   0	  0	185.0000	349.7588	 -8.8593	   0.0000	    0.0000	   0.0000	  0.0000	  0.0000	  0.0000	  0.0000	  0.0000	  0.0000	379.7895	383.0957	374.3826	374.3826	374.3826	374.3826	 12.0627	 50.4673	  0.5092	   0.0000	  0.0000	    0.7869	  0.9259	   0.7869	  0.8208	 17.2458	  0.0000	  0.0000
2018	186	   1	  0	185.0417	 93.7219	 -9.3162	   0.0977	    0.0000	   0.0000	  0.0000	  0.0000	  0.0000	  0.0000	  0.0000	  0.0000	379.8164	381.7127	373.0437	373.0437	373.0437	373.0437	 11.8229	 50.3318	  0.5115	   0.0000	  0.0000	    0.7869	  0.9259	   0.7869	  0.8211	 16.9833	  0.0000	  0.0000
2018	186	   2	  0	185.0833	 17.5957	 -7.8411	   1.3046	    0.0000	   0.0000	  0.0000	  0.0000	  0.0000	  0.0000	  0.0000	  0.0000	378.4508	381.3179	372.2582	372.2582	372.2582	372.2582	 11.6711	 50.3567	  0.5355	   0.0000	  0.0000	    0.7869	  0.9259	   0.7869	  0.8197	 16.9083	  0.0000	  0.0000
2018	186	   3	  0	185.1250	 31.0834	 -4.2995	   8.3598	    0.0000	   0.0000	  0.0000	  0.0000	  0.0000	  0.0000	  0.0000	  0.0000	376.7982	381.8001	370.6895	370.6895	370.6895	370.6895	 11.3936	 50.3891	  0.6755	   0.0000	  0.0000	    0.7869	  0.9259	   0.7869	  0.8179	 17.0000	  0.0000	  0.0000
2018	186	   4	  0	185.1667	 44.0180	  0.8577	  38.6004	  262.1986	  20.1466	 29.4349	  1.4911	  6.3334	  6.3334	  7.9843	  8.0167	372.8917	382.8350	365.3831	365.3831	366.9826	366.9826	 11.7255	 38.0234	  0.9808	   0.0075	  0.0336	    0.7869	  0.9259	   0.7869	  0.8134	 17.1625	  3.0415	  0.0000
2018	186	   5	  0	185.2083	 56.4224	  6.6593	 117.9542	  754.2787	  28.1646	116.5167	  2.1851	 10.0809	 10.0809	 10.7631	 11.3633	371.7136	384.6124	366.0992	366.3066	368.2316	368.2316	 13.0353	123.1466	  1.0000	   0.0020	  0.0976	    0.7869	  0.9259	   0.7869	  0.8113	 17.5167	  6.9957	  0.4279
2018	186	   6	  0	185.2500	 68.4866	 13.6644	 190.7323	  540.3872	  68.6230	186.8002	  6.1220	 23.2285	 23.2285	 40.6416	 65.5689	372.6151	391.7323	372.3543	374.3738	373.5555	373.5555	 17.9297	250.0785	  0.9702	   0.0854	  0.1821	    0.7869	  0.9259	   0.7869	  0.8102	 18.0792	  9.1299	  2.6304
2018	186	   7	  0	185.2917	 80.5370	 21.3246	 179.0048	  110.1622	 141.5752	169.9389	 10.5946	 43.6034	 43.6034	 44.7554	 49.4791	372.2970	389.0993	374.4169	376.5537	376.3771	376.3771	 19.0060	384.6568	  0.6775	   0.0695	  0.2608	    0.7869	  0.9259	   0.7869	  0.8101	 18.0750	  4.7049	  2.0097
2018	186	   8	  0	185.3333	 93.0529	 29.2729	 159.8365	   14.1090	 152.9420	149.8935	 11.2696	 46.2789	 46.1770	 46.1900	 47.7157	372.3266	388.3532	378.1020	378.0790	376.9880	378.6933	 19.3017	516.9929	  0.4667	   0.1259	  0.3250	    0.7869	  0.9259	   0.7869	  0.8108	 17.9083	  2.6143	  1.3832
2018	186	   9	  0	185.3750	106.6860	 37.1204	 275.5544	   44.5016	 247.8245	259.5167	 18.6274	 77.0444	 74.8259	 74.8259	 80.9853	373.3164	391.5908	380.0190	379.9732	378.3440	380.0190	 23.7704	637.9998	  0.5516	   0.1726	  0.3839	    0.7869	  0.9259	   0.7869	  0.8109	 18.2708	  3.2035	  1.9037
2018	186	  10	  0	185.4167	122.2786	 44.3680	 468.7685	  226.7705	 308.8615	449.3382	 26.0630	116.3251	 96.0754	 96.0754	126.4441	374.1579	402.0484	384.3216	387.6167	385.6270	384.3216	 29.4363	739.9425	  0.7279	   0.2247	  0.4379	    0.7869	  0.9259	   0.7869	  0.8086	 18.9333	  8.0669	  5.1292
2018	186	  11	  0	185.4583	140.7638	 50.3316	 617.6531	  397.3032	 311.4725	598.7029	 31.0573	157.1904	100.8249	100.8249	146.0751	374.8969	417.8891	392.8571	397.8107	399.7074	392.8571	 33.7857	815.8106	  0.8342	   0.2866	  0.4779	    0.7869	  0.9259	   0.7869	  0.8046	 19.8417	 13.1527	  8.7390
2018	186	  12	  0	185.5000	162.5424	 54.1158	 685.7044	  459.3780	 313.3044	666.9291	 34.7081	190.2018	103.5526	103.5526	129.8102	376.3122	427.9912	398.3623	400.0197	410.0676	398.3623	 35.6797	858.9371	  0.8649	   0.3385	  0.4971	    0.7869	  0.9259	   0.7869	  0.8044	 20.1375	 15.5199	 10.6404
2018	186	  13	  0	185.5417	186.3497	 54.8845	 774.4560	  632.9331	 256.7718	760.0133	 35.7857	218.2369	107.5715	 91.7023	 93.0535	379.3310	442.3305	404.7693	404.3532	423.8738	405.5167	 37.0865	866.8964	  0.9580	   0.3526	  0.4992	    0.7869	  0.9259	   0.7869	  0.8055	 20.2167	 21.7367	 15.2128
2018	186	  14	  0	185.5833	209.3624	 52.4343	 743.8369	  625.3467	 247.9509	729.8725	 32.6873	191.5410	145.1399	 87.9357	 87.9357	380.5003	440.4563	404.4883	404.4883	421.8587	412.7813	 37.0795	839.8605	  0.9568	   0.3124	  0.4897	    0.7869	  0.9259	   0.7869	  0.8055	 20.5083	 22.5211	 15.9598
2018	186	  15	  0	185.6250	229.4196	 47.3706	 637.0071	  510.7181	 260.7639	621.6751	 28.2021	145.5181	153.8184	 87.6869	 87.6869	377.9185	428.4126	398.6470	398.6470	408.9369	411.0624	 34.4499	779.9718	  0.9025	   0.2551	  0.4586	    0.7869	  0.9259	   0.7869	  0.8034	 20.4375	 19.6792	 14.0298
2018	186	  16	  0	185.6667	246.2615	 40.6221	 515.5550	  410.4416	 247.7079	500.5925	 23.2937	106.1775	137.5177	 80.6485	 80.6485	376.3799	419.2930	394.4405	394.4405	398.7445	407.7606	 31.0657	690.3393	  0.8550	   0.2007	  0.4103	    0.7869	  0.9259	   0.7869	  0.8025	 20.4083	 17.2205	 12.2747
2018	186	  17	  0	185.7083	260.6938	 32.9810	 382.1804	  301.4709	 217.1017	368.7569	 18.1875	 75.1003	104.1397	 68.9573	 68.9573	376.5679	410.5761	390.5621	390.5621	390.3330	402.1026	 27.0403	576.7593	  0.8010	   0.1412	  0.3524	    0.7869	  0.9259	   0.7869	  0.8045	 20.2833	 14.3452	 10.1601
2018	186	  18	  0	185.7500	273.6408	 25.0202	 245.9952	  175.5219	 170.3740	235.2211	 13.2645	 53.1306	 69.4405	 53.7938	 53.0157	374.7533	401.9840	384.3766	385.8330	385.4712	393.6141	 22.7261	447.9636	  0.7266	   0.1002	  0.2918	    0.7869	  0.9259	   0.7869	  0.8058	 19.6667	 10.6827	  7.4682
2018	186	  19	  0	185.7917	285.8391	 17.1726	 117.8775	   40.7627	 104.8934	111.0950	  7.7532	 32.0511	 34.2853	 32.6166	 32.0511	374.3750	395.2804	382.0555	382.9092	382.9092	386.3563	 18.3852	312.5532	  0.6077	   0.0678	  0.2198	    0.7869	  0.9259	   0.7869	  0.8087	 19.0833	  6.6541	  4.5527
2018	186	  20	  0	185.8333	297.8448	  9.8038	  36.0175	    6.3605	  34.8255	 33.7518	  2.5560	 10.5839	 10.9701	 10.7550	 10.5839	377.3543	391.6646	381.8442	381.5301	381.5301	384.3247	 15.0005	180.2056	  0.5123	   0.0439	  0.1401	    0.7869	  0.9259	   0.7869	  0.8138	 18.5750	  6.7161	  4.4418
2018	186	  21	  0	185.8750	310.0588	  3.3321	   4.6217	    0.7077	   4.5629	  4.3244	  0.3337	  1.3949	  1.3964	  1.3964	  1.3949	377.1432	386.5108	379.0196	376.3982	376.3982	379.8881	 12.8661	 62.3758	  0.5631	   0.0070	  0.0647	    0.7869	  0.9259	   0.7869	  0.8146	 17.8125	  9.3030	  5.8524
2018	186	  22	  0	185.9167	322.7336	 -1.9448	   0.3312	    0.0701	   0.0688	  0.0648	  0.0050	  0.0211	  0.0211	  0.0211	  0.0211	372.4039	383.6236	374.4277	373.8475	373.8475	374.3777	 11.9444	 46.9636	  0.5471	   0.0000	  0.0010	    0.7869	  0.9259	   0.7869	  0.8123	 17.3458	  1.3074	  0.7969
2018	186	  23	  0	185.9583	335.9747	 -6.5552	   0.0208	    0.0000	   0.0000	  0.0000	  0.0000	  0.0000	  0.0000	  0.0000	  0.0000	369.6409	381.6693	372.3638	372.3638	372.3638	372.3638	 11.5918	 50.5296	  0.5100	   0.0000	  0.0000	    0.7869	  0.9259	   0.7869	  0.8101	 16.9750	  0.0000	  0.0000
2018	187	   0	  0	186.0000	349.1274	 -8.8944	   0.0000	    0.0000	   0.0000	  0.0000	  0.0000	  0.0000	  0.0000	  0.0000	  0.0000	367.0269	379.6991	370.3438	370.3438	370.3438	370.3438	 11.1991	 50.5725	  0.5096	   0.0000	  0.0000	    0.7869	  0.9259	   0.7869	  0.8079	 16.6000	  0.0000	  0.0000
