Year	DOY	Hour	Min	 Dectime	 azimuth	altitude	GlobalRad	DiffuseRad	DirectRad	 Kdown2d	   Kup2d	  Ksouth	   Kwest	  Knorth	   Keast	 Ldown2d	   Lup2d	  Lsouth	   Lwest	  Lnorth	   Least	    Tmrt	      I0	      CI	SH_Ground	SH_Walls	SVF_Ground	SVF_Roof	SVF_BdVeg	Emis_Sky	      Ta	      Tg	      Tw
2018	179	   0	  0	178.0000	356.4783	 -8.9743	   0.0200	    0.0000	   0.0000	  0.0000	  0.0000	  0.0000	  0.0000	  0.0000	  0.0000	400.3199	391.8993	384.0625	384.0625	384.0625	384.0625	 13.9961	 51.3861	  0.5056	   0.0000	  0.0000	    0.7914	  0.9272	   0.7914	  0.8405	 18.9000	  0.0000	  0.0000
2018	179	   1	  0	178.0417	 94.0218	 -8.8759	   0.1496	    0.0000	   0.0000	  0.0000	  0.0000	  0.0000	  0.0000	  0.0000	  0.0000	397.1033	390.4482	382.4468	382.4468	382.4468	382.4468	 13.6785	 51.4469	  0.5081	   0.0000	  0.0000	    0.7914	  0.9272	   0.7914	  0.8374	 18.6292	  0.0000	  0.0000
2018	179	   2	  0	178.0833	 17.8293	 -7.3573	   2.4581	    0.0000	   0.0000	  0.0000	  0.0000	  0.0000	  0.0000	  0.0000	  0.0000	392.9582	386.6275	377.9744	377.9744	377.9744	377.9744	 12.8499	 51.5235	  0.5529	   0.0000	  0.0000	    0.7914	  0.9272	   0.7914	  0.8337	 17.9125	  0.0000	  0.0000
2018	179	   3	  0	178.1250	 31.2514	 -3.6897	  20.5810	    0.0000	   0.0000	  0.0000	  0.0000	  0.0000	  0.0000	  0.0000	  0.0000	394.0559	384.1521	372.1169	372.1169	372.1169	372.1169	 11.8578	 51.5047	  0.8350	   0.0000	  0.0000	    0.7914	  0.9272	   0.7914	  0.8349	 17.4458	  0.0000	  0.0000
2018	179	   4	  0	178.1667	 44.1271	  1.3317	  85.2542	  124.2354	  64.6559	 67.4748	  4.7587	 20.0079	 20.0079	 20.0079	 20.0079	397.0978	386.9581	371.0946	371.0946	372.8588	372.8588	 14.8489	 40.2081	  1.0000	   0.0119	  0.0418	    0.7914	  0.9272	   0.7914	  0.8377	 17.9417	  3.0079	  0.0000
2018	179	   5	  0	178.2083	 56.4830	  7.1848	 193.9660	  623.6223	 115.0122	186.9399	  8.5756	 36.7357	 36.7357	 37.7827	 38.6897	401.2646	395.2058	378.9343	379.2064	380.9598	380.9598	 19.2334	131.1289	  1.0000	   0.0034	  0.1077	    0.7914	  0.9272	   0.7914	  0.8408	 19.4833	  7.2185	  0.5633
2018	179	   6	  0	178.2500	 68.5104	 14.2019	 323.6306	  681.8641	 156.0365	314.3625	 12.9785	 50.9630	 50.9630	 72.3260	105.0623	399.4705	411.6707	392.8237	395.2443	393.8561	393.8561	 25.9478	257.1849	  1.0000	   0.0882	  0.1907	    0.7914	  0.9272	   0.7914	  0.8334	 21.6458	  9.8516	  3.0316
2018	179	   7	  0	178.2917	 80.5372	 21.8664	 456.5967	  712.4684	 191.2155	445.5013	 16.2699	 63.6298	 63.6298	 71.4072	114.6771	399.8305	421.2825	400.7563	407.2342	402.0934	402.0934	 29.1616	390.8351	  1.0000	   0.0784	  0.2694	    0.7914	  0.9272	   0.7914	  0.8275	 23.2417	 12.3720	  5.5520
2018	179	   8	  0	178.3333	 93.0459	 29.8175	 581.4260	  734.4659	 216.3119	569.1580	 20.6256	 79.0090	 73.6785	 74.2524	156.4388	406.9722	431.4916	409.4226	418.6977	408.7808	409.9845	 33.1296	520.6214	  1.0000	   0.1306	  0.3365	    0.7914	  0.9272	   0.7914	  0.8326	 24.0792	 14.7356	  7.9156
2018	179	   9	  0	178.3750	106.6964	 37.6673	 687.2823	  755.6889	 225.6614	674.8368	 24.6513	110.8956	 79.2585	 79.2585	181.6322	408.0136	442.4761	417.2583	428.6414	418.7996	417.2583	 36.7355	640.6106	  1.0000	   0.1803	  0.3949	    0.7914	  0.9272	   0.7914	  0.8293	 24.8333	 16.9010	 10.0810
2018	179	  10	  0	178.4167	122.3480	 44.9150	 766.0317	  774.0261	 219.7386	754.3357	 28.4371	149.8163	 80.4211	 80.4211	189.1482	401.2860	455.5849	424.5195	436.7025	431.1991	424.5195	 39.5790	744.6546	  1.0000	   0.2368	  0.4478	    0.7914	  0.9272	   0.7914	  0.8137	 25.6333	 18.8304	 12.0104
2018	179	  11	  0	178.4583	140.9580	 50.8686	 811.1337	  822.3371	 172.9295	802.8395	 31.0012	193.1517	 70.3712	 70.3712	168.7631	395.0408	469.6838	431.7806	441.6377	444.8167	431.7806	 41.0704	822.6076	  1.0000	   0.3052	  0.4848	    0.7914	  0.9272	   0.7914	  0.7995	 26.1625	 20.4899	 13.6699
2018	179	  12	  0	178.5000	162.9327	 54.6194	 822.4575	  801.1883	 169.4400	814.4516	 34.6166	231.5295	 71.0845	 71.0845	120.6459	389.4688	480.1749	436.2552	439.8694	455.1246	436.2552	 41.5648	868.0838	  0.9985	   0.3649	  0.4994	    0.7914	  0.9272	   0.7914	  0.7896	 26.1375	 21.8505	 15.0305
2018	179	  13	  0	178.5417	186.9433	 55.3220	 796.4375	  720.9241	 203.5213	785.9847	 35.9199	233.2749	 98.8793	 79.5005	 81.0351	384.7372	484.8437	438.4322	437.9827	459.8171	439.4676	 41.6156	878.5503	  0.9700	   0.3801	  0.5000	    0.7914	  0.9272	   0.7914	  0.7809	 26.1625	 22.8885	 16.0685
2018	179	  14	  0	178.5833	210.0691	 52.7874	 726.1021	  617.0844	 234.1124	713.2476	 32.5317	191.9843	144.8744	 84.5758	 84.5758	389.8137	477.3528	436.2857	436.2857	454.2024	445.0526	 41.3052	848.1407	  0.9261	   0.3316	  0.4941	    0.7914	  0.9272	   0.7914	  0.7888	 26.2458	 22.2756	 15.8319
2018	179	  15	  0	178.6250	230.1355	 47.6491	 585.1885	  423.3314	 271.8239	569.1366	 27.9225	139.2554	147.5769	 89.9505	 89.9505	392.5648	458.6675	428.5539	428.5539	437.2088	439.3919	 38.1328	784.3838	  0.8310	   0.2669	  0.4656	    0.7914	  0.9272	   0.7914	  0.7972	 26.0917	 16.8645	 12.0575
2018	179	  16	  0	178.6667	246.9356	 40.8509	 491.1592	  374.7412	 245.8908	476.4717	 22.9619	103.4580	134.0700	 80.1666	 80.1666	391.6955	447.3255	421.3303	421.3303	425.1740	434.2791	 34.7380	693.2838	  0.8164	   0.2081	  0.4183	    0.7914	  0.9272	   0.7914	  0.8008	 25.3500	 16.1756	 11.5627
2018	179	  17	  0	178.7083	261.3169	 33.1855	 383.1725	  312.6141	 211.2948	370.3816	 17.9915	 73.9709	105.4341	 67.9096	 67.9096	400.4198	435.3637	414.6854	414.6854	414.4172	427.5070	 30.9069	576.2006	  0.8029	   0.1455	  0.3613	    0.7914	  0.9272	   0.7914	  0.8194	 24.4750	 15.1177	 10.7391
2018	179	  18	  0	178.7500	274.2195	 25.2219	 253.0598	  202.2607	 165.7988	242.8150	 13.1291	 52.3825	 71.6296	 53.4634	 52.3024	392.8930	426.1181	407.4077	408.7110	408.3229	418.0233	 26.6330	449.5277	  0.7397	   0.1042	  0.2989	    0.7914	  0.9272	   0.7914	  0.8132	 23.8208	 11.8875	  8.3369
2018	179	  19	  0	178.7917	286.3824	 17.3883	 132.9092	   78.3131	 108.0954	126.0897	  8.1190	 33.5112	 38.3372	 34.8154	 33.5112	379.5376	417.4762	402.0500	402.4878	402.4878	407.4340	 22.1220	317.1816	  0.6484	   0.0757	  0.2252	    0.7914	  0.9272	   0.7914	  0.7995	 22.9583	  8.1008	  5.5658
2018	179	  20	  0	178.8333	298.3589	 10.0465	  43.2283	   10.5294	  41.2402	 40.5939	  3.0448	 12.6636	 13.2308	 12.9212	 12.6636	370.1307	408.8883	396.8353	396.3717	396.3717	399.3664	 17.7962	185.8713	  0.5406	   0.0412	  0.1457	    0.7914	  0.9272	   0.7914	  0.7922	 21.7417	  6.8551	  4.5558
2018	179	  21	  0	178.8750	310.5452	  3.6019	   6.0204	    1.5609	   5.8870	  5.6437	  0.4327	  1.8165	  1.8222	  1.8221	  1.8165	371.2609	400.7055	391.6108	388.9707	388.9707	392.4010	 15.0797	 67.7279	  0.5603	   0.0123	  0.0732	    0.7914	  0.9272	   0.7914	  0.7991	 20.3958	  9.0803	  5.7503
2018	179	  22	  0	178.9167	323.1880	 -1.5769	   0.2792	    0.1675	   0.1634	  0.1544	  0.0120	  0.0505	  0.0505	  0.0505	  0.0505	379.2259	392.6648	383.5562	382.3267	382.3267	383.3943	 13.5847	 44.8017	  0.5732	   0.0000	  0.0020	    0.7914	  0.9272	   0.7914	  0.8162	 19.0417	  2.6379	  1.6142
2018	179	  23	  0	178.9583	336.3875	 -6.1466	   0.0000	    0.0000	   0.0000	  0.0000	  0.0000	  0.0000	  0.0000	  0.0000	  0.0000	380.4746	387.2027	378.3316	378.3316	378.3316	378.3316	 12.7748	 51.7875	  0.5052	   0.0000	  0.0000	    0.7914	  0.9272	   0.7914	  0.8205	 18.0208	  0.0000	  0.0000
2018	180	   0	  0	179.0000	350.0666	 -8.5025	   0.0000	    0.0000	   0.0000	  0.0000	  0.0000	  0.0000	  0.0000	  0.0000	  0.0000	372.5185	387.2246	377.8033	377.8033	377.8033	377.8033	 12.5973	 51.9354	  0.5052	   0.0000	  0.0000	    0.7914	  0.9272	   0.7914	  0.8113	 18.0250	  0.0000	  0.0000
2018	180	   1	  0	179.0417	 93.9758	 -8.9193	   0.1531	    0.0000	   0.0000	  0.0000	  0.0000	  0.0000	  0.0000	  0.0000	  0.0000	358.0978	389.2670	378.5928	378.5928	378.5928	378.5928	 12.5883	 52.0460	  0.5089	   0.0000	  0.0000	    0.7914	  0.9272	   0.7914	  0.7920	 18.4083	  0.0000	  0.0000
2018	180	   2	  0	179.0833	 17.7900	 -7.4074	   2.9312	    0.0000	   0.0000	  0.0000	  0.0000	  0.0000	  0.0000	  0.0000	  0.0000	345.1827	385.4367	373.1515	373.1515	373.1515	373.1515	 11.4853	 52.3242	  0.5619	   0.0000	  0.0000	    0.7914	  0.9272	   0.7914	  0.7772	 17.6875	  0.0000	  0.0000
2018	180	   3	  0	179.1250	 31.2191	 -3.7594	  23.7140	    0.0000	   0.0000	  0.0000	  0.0000	  0.0000	  0.0000	  0.0000	  0.0000	337.7115	376.7012	359.5015	359.5015	359.5015	359.5015	  8.9677	 52.4033	  0.8578	   0.0000	  0.0000	    0.7914	  0.9272	   0.7914	  0.7734	 16.0250	  0.0000	  0.0000
2018	180	   4	  0	179.1667	 44.1011	  1.2796	  89.7579	  147.9731	  66.0209	 69.9605	  4.8603	 20.4466	 20.4466	 20.4466	 20.4466	335.7280	373.7005	352.4240	352.4240	354.1260	354.1260	 10.9825	 40.3321	  1.0000	   0.0116	  0.0410	    0.7914	  0.9272	   0.7914	  0.7729	 15.4167	  3.0143	  0.0000
2018	180	   5	  0	179.2083	 56.4623	  7.1256	 187.3952	  692.3276	 100.9363	181.3040	  7.5510	 32.5166	 32.5166	 33.6043	 34.5465	333.9191	374.3451	352.5307	352.7836	354.4562	354.4562	 13.5058	133.6917	  1.0000	   0.0033	  0.1069	    0.7914	  0.9272	   0.7914	  0.7698	 15.5458	  7.1959	  0.5482
2018	180	   6	  0	179.2500	 68.4935	 14.1405	 383.6417	  742.4953	 201.8568	371.4990	 16.4705	 65.2189	 65.2189	 88.4349	124.0049	334.3673	382.1635	358.7524	361.0220	359.6952	359.6952	 22.0766	262.7771	  1.0000	   0.0880	  0.1902	    0.7914	  0.9272	   0.7914	  0.7666	 16.2042	  9.8293	  3.0093
2018	180	   7	  0	179.2917	 80.5224	 21.8041	 499.7950	  775.7130	 211.6743	487.4878	 17.9500	 70.3289	 70.3289	 78.7551	125.5578	337.1801	387.0535	362.7599	368.8138	363.9670	363.9670	 23.8430	399.3510	  1.0000	   0.0779	  0.2689	    0.7914	  0.9272	   0.7914	  0.7657	 17.0167	 12.3503	  5.5303
2018	180	   8	  0	179.3333	 93.0308	 29.7548	 620.2725	  796.6529	 225.0429	607.5765	 21.6469	 82.7367	 76.9884	 77.6160	166.6110	341.6286	397.8062	371.4376	380.1768	370.8507	371.9512	 27.6891	533.3787	  1.0000	   0.1304	  0.3360	    0.7914	  0.9272	   0.7914	  0.7659	 18.0667	 14.7146	  7.8946
2018	180	   9	  0	179.3750	106.6778	 37.6048	 724.5892	  813.5774	 228.3668	712.1215	 25.4354	114.8621	 80.9070	 80.9070	190.9737	344.9858	409.1974	379.9487	390.7113	381.4369	379.9487	 31.4970	656.0253	  1.0000	   0.1799	  0.3944	    0.7914	  0.9272	   0.7914	  0.7649	 19.0167	 16.8809	 10.0609
2018	180	  10	  0	179.4167	122.3206	 44.8535	 804.6000	  826.7300	 221.7773	792.9330	 29.3788	155.9464	 81.9961	 81.9961	198.0302	345.1517	419.2734	385.8433	397.3284	392.1487	385.8433	 34.3729	759.2534	  1.0000	   0.2363	  0.4473	    0.7914	  0.9272	   0.7914	  0.7617	 19.4167	 18.8110	 11.9910
2018	180	  11	  0	179.4583	140.9143	 50.8102	 853.0533	  830.8374	 209.3298	842.4503	 33.7568	204.6339	 81.3055	 81.3055	181.1268	346.5811	433.6277	394.7273	404.0542	407.0314	394.7273	 36.8856	835.4700	  1.0000	   0.3044	  0.4845	    0.7914	  0.9272	   0.7914	  0.7588	 20.1417	 20.4713	 13.6513
2018	180	  12	  0	179.5000	162.8660	 54.5675	 860.1140	  835.0299	 179.7165	851.5691	 36.2635	242.2328	 75.0015	 75.0015	125.9517	346.6176	448.2375	403.6328	407.1175	421.5724	403.6328	 37.5319	880.4484	  1.0000	   0.3638	  0.4993	    0.7914	  0.9272	   0.7914	  0.7531	 20.9250	 21.8327	 15.0127
2018	180	  13	  0	179.5417	186.8559	 55.2804	 833.0752	  803.6251	 172.4740	824.9080	 35.9734	243.7595	 93.9520	 72.5754	 74.3444	343.7581	456.1225	408.3897	407.9784	428.8414	409.3801	 37.2242	891.6012	  0.9934	   0.3791	  0.5000	    0.7914	  0.9272	   0.7914	  0.7438	 21.5250	 22.8712	 16.0512
2018	180	  14	  0	179.5833	209.9734	 52.7577	 767.6838	  715.1326	 198.1592	757.4724	 32.2307	200.2096	146.3850	 76.2896	 76.2896	345.8020	455.1097	410.0534	410.0534	428.4237	419.2758	 37.5476	864.0113	  0.9588	   0.3311	  0.4940	    0.7914	  0.9272	   0.7914	  0.7420	 22.2333	 23.5379	 16.7268
2018	180	  15	  0	179.6250	230.0431	 47.6291	 668.4963	  616.9182	 212.3252	656.8816	 27.1354	147.8032	160.1030	 76.1880	 76.1880	348.0627	446.3091	407.1920	407.1920	419.3532	422.2569	 35.5028	800.8566	  0.9199	   0.2667	  0.4655	    0.7914	  0.9272	   0.7914	  0.7442	 22.5458	 22.4415	 16.0408
2018	180	  16	  0	179.6667	246.8508	 40.8370	 545.3215	  511.0711	 210.4714	533.2955	 22.1585	103.8867	145.2836	 71.8047	 71.8047	347.4920	435.0647	402.0404	402.0404	407.4102	418.4682	 32.0383	708.4314	  0.8773	   0.2080	  0.4182	    0.7914	  0.9272	   0.7914	  0.7453	 22.4458	 20.0499	 14.3285
2018	180	  17	  0	179.7083	261.2394	 33.1746	 408.6377	  388.0810	 195.1839	397.0611	 17.4066	 71.6056	110.5659	 63.9733	 63.9733	357.5372	424.1848	398.3741	398.3741	398.4670	413.0362	 28.2385	588.3241	  0.8322	   0.1455	  0.3611	    0.7914	  0.9272	   0.7914	  0.7647	 22.2375	 17.1193	 12.1577
2018	180	  18	  0	179.7500	274.1476	 25.2111	 268.6896	  249.2398	 161.0430	258.8387	 13.0033	 51.3913	 75.1623	 52.6732	 51.2842	360.5719	415.3707	393.4900	394.6843	394.3150	405.2244	 24.3465	456.1672	  0.7655	   0.1041	  0.2988	    0.7914	  0.9272	   0.7914	  0.7744	 21.7750	 13.2530	  9.2922
2018	180	  19	  0	179.7917	286.3145	 17.3755	 135.4973	   86.6938	 107.9946	128.6961	  8.1299	 33.5327	 38.8465	 34.9552	 33.5327	350.0227	407.8728	390.3916	390.7765	390.7765	395.8264	 19.9763	321.3150	  0.6509	   0.0752	  0.2252	    0.7914	  0.9272	   0.7914	  0.7632	 21.2292	  8.2856	  5.6913
2018	180	  20	  0	179.8333	298.2937	 10.0301	  46.8062	   12.7965	  44.4187	 43.9699	  3.2809	 13.6455	 14.3097	 13.9473	 13.6455	342.7942	400.9673	386.8633	386.3748	386.3748	389.3898	 15.9722	188.1033	  0.5578	   0.0417	  0.1455	    0.7914	  0.9272	   0.7914	  0.7578	 20.2958	  6.9184	  4.5957
2018	180	  21	  0	179.8750	310.4824	  3.5812	   6.9567	    2.2921	   6.7707	  6.5235	  0.4978	  2.0897	  2.1006	  2.1006	  2.0897	340.0231	392.8352	381.4063	378.7835	378.7835	382.2000	 13.0124	 68.2430	  0.5738	   0.0124	  0.0726	    0.7914	  0.9272	   0.7914	  0.7603	 18.9417	  9.1149	  5.7687
2018	180	  22	  0	179.9167	323.1277	 -1.6080	   0.3567	    0.2071	   0.1996	  0.1885	  0.0147	  0.0617	  0.0617	  0.0617	  0.0617	337.7235	385.2361	373.2328	371.9999	371.9999	373.0750	 11.3114	 45.3191	  0.5768	   0.0000	  0.0020	    0.7914	  0.9272	   0.7914	  0.7657	 17.6500	  2.6739	  1.6351
2018	180	  23	  0	179.9583	336.3307	 -6.1889	   0.0021	    0.0000	   0.0000	  0.0000	  0.0000	  0.0000	  0.0000	  0.0000	  0.0000	334.0575	374.9752	363.6350	363.6350	363.6350	363.6350	  9.6176	 52.4744	  0.5060	   0.0000	  0.0000	    0.7914	  0.9272	   0.7914	  0.7696	 15.6917	  0.0000	  0.0000
2018	181	   0	  0	180.0000	350.0149	 -8.5457	   0.0058	    0.0000	   0.0000	  0.0000	  0.0000	  0.0000	  0.0000	  0.0000	  0.0000	332.3722	365.4913	354.7352	354.7352	354.7352	354.7352	  7.9472	 52.3900	  0.5061	   0.0000	  0.0000	    0.7914	  0.9272	   0.7914	  0.7735	 13.8500	  0.0000	  0.0000
2018	181	   1	  0	180.0417	 93.9307	 -8.9694	   0.1802	    0.0000	   0.0000	  0.0000	  0.0000	  0.0000	  0.0000	  0.0000	  0.0000	330.0065	358.6019	348.0948	348.0948	348.0948	348.0948	  6.6678	 52.1560	  0.5101	   0.0000	  0.0000	    0.7914	  0.9272	   0.7914	  0.7740	 12.4875	  0.0000	  0.0000
2018	181	   2	  0	180.0833	 17.7526	 -7.4641	   2.7046	    0.0000	   0.0000	  0.0000	  0.0000	  0.0000	  0.0000	  0.0000	  0.0000	325.5192	352.4663	341.2925	341.2925	341.2925	341.2925	  5.3255	 52.2110	  0.5585	   0.0000	  0.0000	    0.7914	  0.9272	   0.7914	  0.7714	 11.2583	  0.0000	  0.0000
2018	181	   3	  0	180.1250	 31.1894	 -3.8321	  22.5377	    0.0000	   0.0000	  0.0000	  0.0000	  0.0000	  0.0000	  0.0000	  0.0000	324.7285	348.8640	333.3179	333.3179	333.3179	333.3179	  3.8264	 52.2088	  0.8446	   0.0000	  0.0000	    0.7914	  0.9272	   0.7914	  0.7717	 10.5292	  0.0000	  0.0000
2018	181	   4	  0	180.1667	 44.0785	  1.2222	  95.1450	   85.7544	  74.8426	 74.9647	  5.5049	 23.1139	 23.1139	 23.1139	 23.1139	329.0984	354.5988	334.7643	334.7643	336.3853	336.3853	  7.9962	 39.4265	  1.0000	   0.0112	  0.0400	    0.7914	  0.9272	   0.7914	  0.7745	 11.6542	  2.8123	  0.0000
2018	181	   5	  0	180.2083	 56.4455	  7.0610	 209.4506	  655.5340	 127.3522	201.6473	  9.4845	 40.5909	 40.5909	 41.6091	 42.4914	337.8862	366.9097	346.4676	346.7113	348.3618	348.3618	 13.5990	131.9908	  1.0000	   0.0031	  0.1060	    0.7914	  0.9272	   0.7914	  0.7793	 14.1000	  7.1701	  0.5311
2018	181	   6	  0	180.2500	 68.4810	 14.0739	 344.0331	  728.7762	 166.5843	334.1321	 13.8379	 54.3783	 54.3783	 77.1599	111.9950	345.3753	381.9926	359.9787	362.2288	360.9319	360.9319	 20.8495	260.0663	  1.0000	   0.0878	  0.1895	    0.7914	  0.9272	   0.7914	  0.7815	 16.1750	  9.8039	  2.9839
2018	181	   7	  0	180.2917	 80.5123	 21.7367	 481.2310	  757.7569	 200.5549	469.6039	 17.0589	 66.7796	 66.7796	 74.9623	120.4191	350.5035	390.9764	367.8902	373.9646	369.1175	369.1175	 24.2077	395.7500	  1.0000	   0.0774	  0.2684	    0.7914	  0.9272	   0.7914	  0.7814	 17.7583	 12.3255	  5.5055
2018	181	   8	  0	180.3333	 93.0209	 29.6870	 609.8123	  785.9400	 220.5881	597.3756	 21.2329	 81.1753	 75.5023	 76.1194	163.7932	349.8170	401.9349	376.0831	384.8520	375.4882	376.6044	 28.2093	530.5504	  1.0000	   0.1301	  0.3354	    0.7914	  0.9272	   0.7914	  0.7743	 18.8333	 14.6906	  7.8706
2018	181	   9	  0	180.3750	106.6647	 37.5370	 718.7002	  809.0017	 226.0202	706.3674	 25.1837	113.8052	 80.1074	 80.1074	189.4221	347.8783	412.2672	382.9569	393.7455	384.4381	382.9569	 31.8200	654.5636	  1.0000	   0.1795	  0.3938	    0.7914	  0.9272	   0.7914	  0.7663	 19.5792	 16.8577	 10.0377
2018	181	  10	  0	180.4167	122.2988	 44.7865	 797.7846	  822.6239	 218.5370	786.3097	 29.0297	154.3611	 80.9199	 80.9199	196.2545	346.5177	423.4557	389.5344	401.0767	395.8601	389.5344	 34.7396	758.8975	  1.0000	   0.2357	  0.4468	    0.7914	  0.9272	   0.7914	  0.7596	 20.1708	 18.7888	 11.9688
2018	181	  11	  0	180.4583	140.8757	 50.7458	 842.1588	  823.7510	 204.5306	831.8366	 33.1784	201.6878	 79.6793	 79.6793	178.5984	349.0799	439.4067	399.8708	409.2745	412.2613	399.8708	 37.3557	835.2260	  1.0000	   0.3035	  0.4842	    0.7914	  0.9272	   0.7914	  0.7567	 21.1583	 20.4500	 13.6300
2018	181	  12	  0	180.5000	162.8028	 54.5090	 849.4985	  832.2811	 171.8571	841.4453	 35.5131	238.8146	 72.5611	 72.5611	123.5917	353.0972	453.2440	408.7482	412.2738	426.7973	408.7482	 37.9809	877.8468	  1.0000	   0.3626	  0.4992	    0.7914	  0.9272	   0.7914	  0.7583	 21.8000	 21.8122	 14.9922
2018	181	  13	  0	180.5417	186.7691	 55.2321	 820.4858	  771.3493	 186.7910	811.2835	 36.0109	239.9179	 96.1831	 75.8777	 77.6371	351.8580	458.8841	412.0579	411.6500	432.5789	413.0201	 37.8260	887.2050	  0.9877	   0.3779	  0.5000	    0.7914	  0.9272	   0.7914	  0.7541	 22.0167	 22.8513	 16.0313
2018	181	  14	  0	180.5833	209.8758	 52.7212	 760.5281	  694.9248	 207.3927	749.6534	 32.3659	198.8732	146.3825	 78.5043	 78.5043	348.8441	453.5751	409.5074	409.5074	427.7285	418.5696	 37.5021	861.1612	  0.9535	   0.3305	  0.4939	    0.7914	  0.9272	   0.7914	  0.7485	 22.0375	 23.3851	 16.6123
2018	181	  15	  0	180.6250	229.9474	 47.6027	 665.6319	  606.6288	 217.3225	653.6626	 27.2879	147.9164	159.8203	 77.4523	 77.4523	343.3980	439.8625	401.5377	401.5377	413.3122	416.0751	 34.6580	800.8562	  0.9164	   0.2664	  0.4653	    0.7914	  0.9272	   0.7914	  0.7431	 21.5750	 22.0001	 15.7203
2018	181	  16	  0	180.6667	246.7622	 40.8170	 547.3062	  513.1026	 211.3162	535.2311	 22.2393	104.3774	145.8085	 72.0860	 72.0860	341.6645	428.6813	395.8921	395.8921	401.2097	412.0822	 31.1247	708.8886	  0.8797	   0.2080	  0.4181	    0.7914	  0.9272	   0.7914	  0.7428	 21.3542	 19.9964	 14.2857
2018	181	  17	  0	180.7083	261.1580	 33.1576	 410.9950	  396.3153	 193.2113	399.5637	 17.3219	 71.3089	111.0294	 63.4727	 63.4727	342.9582	417.9204	391.1286	391.1286	391.2557	405.6492	 26.9921	591.8858	  0.8320	   0.1454	  0.3609	    0.7914	  0.9272	   0.7914	  0.7479	 21.1292	 17.1379	 12.1668
2018	181	  18	  0	180.7500	274.0720	 25.1943	 271.7258	  262.1387	 158.7656	262.0441	 12.8901	 50.8197	 75.7368	 52.1569	 50.7010	340.6496	409.0735	385.5643	386.7278	386.3679	397.3446	 22.8989	460.4690	  0.7671	   0.1041	  0.2987	    0.7914	  0.9272	   0.7914	  0.7492	 20.6292	 13.4451	  9.4228
2018	181	  19	  0	180.7917	286.2432	 17.3568	 143.2396	  110.9568	 108.5433	136.4346	  8.2240	 33.8416	 40.7587	 35.7476	 33.8416	342.3613	402.4325	384.3794	384.5459	384.5459	390.3105	 19.0640	321.9279	  0.6744	   0.0746	  0.2251	    0.7914	  0.9272	   0.7914	  0.7567	 20.1833	  9.1144	  6.2569
2018	181	  20	  0	180.8333	298.2257	 10.0075	  47.4771	   12.6559	  45.0956	 44.5973	  3.3313	 13.8501	 14.5471	 14.1651	 13.8501	345.9294	395.2689	381.9241	381.4421	381.4421	384.4336	 15.1778	186.9401	  0.5620	   0.0423	  0.1453	    0.7914	  0.9272	   0.7914	  0.7685	 19.2417	  6.9164	  4.5922
2018	181	  21	  0	180.8750	310.4172	  3.5545	   6.8281	    2.0058	   6.6645	  6.4017	  0.4899	  2.0566	  2.0659	  2.0658	  2.0566	345.5336	387.8227	377.3337	374.7326	374.7326	378.1305	 12.3387	 67.4104	  0.5745	   0.0124	  0.0719	    0.7914	  0.9272	   0.7914	  0.7732	 18.0042	  9.1227	  5.7695
2018	181	  22	  0	180.9167	323.0658	 -1.6463	   0.3388	    0.1998	   0.1927	  0.1819	  0.0142	  0.0595	  0.0595	  0.0595	  0.0595	341.8555	381.0144	369.7355	368.5099	368.5099	369.5823	 10.7195	 44.8697	  0.5778	   0.0000	  0.0019	    0.7914	  0.9272	   0.7914	  0.7750	 16.8500	  2.6816	  1.6384
2018	181	  23	  0	180.9583	336.2731	 -6.2339	   0.0010	    0.0000	   0.0000	  0.0000	  0.0000	  0.0000	  0.0000	  0.0000	  0.0000	338.2551	374.4665	363.4657	363.4657	363.4657	363.4657	  9.6337	 52.1047	  0.5067	   0.0000	  0.0000	    0.7914	  0.9272	   0.7914	  0.7756	 15.5958	  0.0000	  0.0000
2018	182	   0	  0	181.0000	349.9633	 -8.5956	   0.0000	    0.0000	   0.0000	  0.0000	  0.0000	  0.0000	  0.0000	  0.0000	  0.0000	334.8546	368.5990	357.7857	357.7857	357.7857	357.7857	  8.5447	 52.1050	  0.5067	   0.0000	  0.0000	    0.7914	  0.9272	   0.7914	  0.7749	 14.4583	  0.0000	  0.0000
2018	182	   1	  0	181.0417	 93.8867	 -9.0261	   0.1415	    0.0000	   0.0000	  0.0000	  0.0000	  0.0000	  0.0000	  0.0000	  0.0000	331.4657	363.2250	352.5024	352.5024	352.5024	352.5024	  7.5183	 51.9191	  0.5101	   0.0000	  0.0000	    0.7914	  0.9272	   0.7914	  0.7736	 13.4042	  0.0000	  0.0000
2018	182	   2	  0	181.0833	 17.7171	 -7.5273	   2.5767	    0.0000	   0.0000	  0.0000	  0.0000	  0.0000	  0.0000	  0.0000	  0.0000	330.4806	356.5974	345.5024	345.5024	345.5024	345.5024	  6.1887	 51.8940	  0.5570	   0.0000	  0.0000	    0.7914	  0.9272	   0.7914	  0.7753	 12.0875	  0.0000	  0.0000
2018	182	   3	  0	181.1250	 31.1625	 -3.9136	  21.8960	    0.0000	   0.0000	  0.0000	  0.0000	  0.0000	  0.0000	  0.0000	  0.0000	329.0274	351.5570	336.2173	336.2173	336.2173	336.2173	  4.4404	 51.8962	  0.8397	   0.0000	  0.0000	    0.7914	  0.9272	   0.7914	  0.7754	 11.0750	  0.0000	  0.0000
2018	182	   4	  0	181.1667	 44.0593	  1.1595	  93.6165	   81.7818	  67.8992	 68.1621	  4.9944	 20.9705	 20.9705	 20.9705	 20.9705	329.7435	354.1065	334.5713	334.5713	336.0086	336.0086	  7.6173	 42.5972	  1.0000	   0.0107	  0.0388	    0.7914	  0.9272	   0.7914	  0.7754	 11.5583	  2.4920	  0.0000
2018	182	   5	  0	181.2083	 56.4327	  6.9909	 207.5388	  653.9288	 126.3961	199.7926	  9.4112	 40.2807	 40.2807	 41.2441	 42.0798	337.2292	363.2949	343.1708	343.4048	345.0575	345.0575	 12.9491	130.6429	  1.0000	   0.0029	  0.1050	    0.7914	  0.9272	   0.7914	  0.7801	 13.3917	  7.1411	  0.5127
2018	182	   6	  0	181.2500	 68.4730	 14.0020	 341.9927	  732.0060	 164.5792	332.2200	 13.6870	 53.7654	 53.7654	 76.5951	111.5150	340.7478	380.0504	357.6995	359.9214	358.6588	358.6588	 20.3519	259.2754	  1.0000	   0.0876	  0.1888	    0.7914	  0.9272	   0.7914	  0.7765	 15.8083	  9.7753	  2.9553
2018	182	   7	  0	181.2917	 80.5071	 21.6641	 477.9906	  762.5750	 196.4552	466.6300	 16.7504	 65.5413	 65.5413	 73.7224	119.1506	343.4336	393.5583	369.1607	375.2365	370.4043	370.4043	 24.1918	396.2620	  1.0000	   0.0769	  0.2678	    0.7914	  0.9272	   0.7914	  0.7691	 18.2458	 12.2975	  5.4775
2018	182	   8	  0	181.3333	 93.0163	 29.6141	 604.2425	  786.4089	 215.7162	592.1150	 20.8545	 79.6558	 74.0050	 74.6241	162.1949	346.2352	406.5370	379.4751	388.2758	378.8692	380.0030	 28.5049	531.1845	  1.0000	   0.1298	  0.3347	    0.7914	  0.9272	   0.7914	  0.7646	 19.6792	 14.6635	  7.8435
2018	182	   9	  0	181.3750	106.6571	 37.4640	 709.6719	  804.0482	 220.8516	697.6535	 24.7169	111.8655	 78.4478	 78.4478	186.9390	349.0015	416.9851	387.0803	397.9191	388.5557	387.0803	 32.1858	654.0637	  1.0000	   0.1791	  0.3932	    0.7914	  0.9272	   0.7914	  0.7634	 20.4333	 16.8317	 10.0117
2018	182	  10	  0	181.4167	122.2827	 44.7140	 790.0912	  814.9793	 216.9710	778.6899	 28.7437	152.8865	 80.2750	 80.2750	194.3942	352.8076	428.8072	394.9326	406.5493	401.2889	394.9326	 35.4007	756.4077	  1.0000	   0.2351	  0.4463	    0.7914	  0.9272	   0.7914	  0.7641	 21.1250	 18.7638	 11.9438
2018	182	  11	  0	181.4583	140.8423	 50.6753	 838.4217	  818.0544	 205.8216	827.9948	 33.0764	200.8173	 79.8948	 79.8948	178.0237	355.7094	443.5209	404.2990	413.7540	416.7361	404.2990	 37.9775	832.1701	  1.0000	   0.3025	  0.4839	    0.7914	  0.9272	   0.7914	  0.7630	 21.8875	 20.4260	 13.6060
2018	182	  12	  0	181.5000	162.7430	 54.4439	 846.7088	  835.4657	 167.0249	838.9741	 35.1455	237.6589	 71.1698	 71.1698	122.4904	358.2457	457.9794	413.4462	417.0015	431.5972	413.4462	 38.5409	875.8603	  1.0000	   0.3612	  0.4992	    0.7914	  0.9272	   0.7914	  0.7615	 22.6250	 21.7890	 14.9690
2018	182	  13	  0	181.5417	186.6831	 55.1769	 817.4787	  770.3953	 184.9848	808.3869	 35.7635	238.8271	 95.2840	 75.2797	 77.0957	357.3410	465.3338	418.2040	417.7961	438.9088	419.1401	 38.6330	885.7627	  0.9861	   0.3766	  0.5000	    0.7914	  0.9272	   0.7914	  0.7560	 23.1167	 22.8289	 16.0089
2018	182	  14	  0	181.5833	209.7765	 52.6780	 753.9377	  682.1055	 211.2904	742.7673	 32.2953	197.4872	145.6295	 79.3256	 79.3256	356.3710	458.9098	415.1665	415.1665	433.4649	424.1963	 38.2904	858.3121	  0.9489	   0.3297	  0.4937	    0.7914	  0.9272	   0.7914	  0.7549	 22.9750	 23.2753	 16.5278
2018	182	  15	  0	181.6250	229.8484	 47.5697	 660.4602	  599.0301	 218.0324	648.4198	 27.1751	147.1369	158.6659	 77.4924	 77.4924	356.0089	449.9908	411.7686	411.7686	423.7591	426.5417	 36.1535	797.0994	  0.9139	   0.2661	  0.4651	    0.7914	  0.9272	   0.7914	  0.7528	 23.2958	 22.0272	 15.7340
2018	182	  16	  0	181.6667	246.6697	 40.7908	 540.7937	  504.8310	 210.3804	528.7542	 22.0538	103.5373	144.1122	 71.6614	 71.6614	353.6230	441.5318	408.4325	408.4325	413.8586	424.8754	 32.9499	706.7921	  0.8728	   0.2078	  0.4178	    0.7914	  0.9272	   0.7914	  0.7479	 23.5833	 19.9318	 14.2343
2018	182	  17	  0	181.7083	261.0728	 33.1346	 406.6156	  393.2724	 190.6859	395.3381	 17.1079	 70.4984	109.8317	 62.6648	 62.6648	351.3924	429.9140	402.5187	402.5187	402.6506	417.3176	 28.6972	591.3293	  0.8254	   0.1454	  0.3606	    0.7914	  0.9272	   0.7914	  0.7481	 23.2375	 17.1390	 12.1629
2018	182	  18	  0	181.7500	273.9929	 25.1715	 269.0827	  263.1795	 155.8041	259.5922	 12.6747	 49.9327	 74.9168	 51.2432	 49.8058	349.0807	422.0736	397.7974	399.0108	398.6431	409.9617	 24.8317	460.1679	  0.7619	   0.1040	  0.2985	    0.7914	  0.9272	   0.7914	  0.7482	 22.9375	 13.5532	  9.4945
2018	182	  19	  0	181.7917	286.1687	 17.3319	 142.0198	  114.0047	 106.4572	135.3523	  8.0755	 33.2221	 40.2856	 35.1625	 33.2221	346.8669	413.3287	394.4929	394.6603	394.6603	400.6432	 20.7182	322.0093	  0.6708	   0.0739	  0.2249	    0.7914	  0.9272	   0.7914	  0.7519	 22.1500	  9.2387	  6.3392
2018	182	  20	  0	181.8333	298.1549	  9.9788	  46.9571	   13.2141	  44.4836	 44.1169	  3.2870	 13.6633	 14.3914	 13.9915	 13.6633	345.2672	404.8983	390.5530	390.0772	390.0772	393.1234	 16.6414	187.1575	  0.5594	   0.0428	  0.1450	    0.7914	  0.9272	   0.7914	  0.7576	 21.0042	  6.9353	  4.6020
2018	182	  21	  0	181.8750	310.3498	  3.5217	   6.5377	    2.1478	   6.3616	  6.1304	  0.4677	  1.9635	  1.9734	  1.9733	  1.9635	343.8041	397.1661	385.7569	383.0569	383.0569	386.5802	 13.7974	 67.0878	  0.5720	   0.0124	  0.0711	    0.7914	  0.9272	   0.7914	  0.7618	 19.7417	  9.2532	  5.8456
2018	182	  22	  0	181.9167	323.0023	 -1.6920	   0.2979	    0.1787	   0.1718	  0.1621	  0.0126	  0.0531	  0.0531	  0.0531	  0.0531	339.4328	386.6145	374.6053	373.3673	373.3673	374.4538	 11.5755	 44.6880	  0.5782	   0.0000	  0.0018	    0.7914	  0.9272	   0.7914	  0.7669	 17.9083	  2.6807	  1.6364
2018	182	  23	  0	181.9583	336.2148	 -6.2857	   0.0000	    0.0000	   0.0000	  0.0000	  0.0000	  0.0000	  0.0000	  0.0000	  0.0000	336.4611	377.0248	365.6813	365.6813	365.6813	365.6813	 10.0218	 51.9509	  0.5074	   0.0000	  0.0000	    0.7914	  0.9272	   0.7914	  0.7714	 16.0875	  0.0000	  0.0000
2018	183	   0	  0	182.0000	349.9118	 -8.6523	   0.0000	    0.0000	   0.0000	  0.0000	  0.0000	  0.0000	  0.0000	  0.0000	  0.0000	334.6597	368.7100	357.8619	357.8619	357.8619	357.8619	  8.5563	 51.8839	  0.5074	   0.0000	  0.0000	    0.7914	  0.9272	   0.7914	  0.7745	 14.4792	  0.0000	  0.0000
2018	183	   1	  0	182.0417	 93.8437	 -9.0896	   0.0510	    0.0000	   0.0000	  0.0000	  0.0000	  0.0000	  0.0000	  0.0000	  0.0000	333.8276	361.9798	351.5166	351.5166	351.5166	351.5166	  7.3587	 51.6495	  0.5090	   0.0000	  0.0000	    0.7914	  0.9272	   0.7914	  0.7769	 13.1583	  0.0000	  0.0000
2018	183	   2	  0	182.0833	 17.6837	 -7.5970	   1.9965	    0.0000	   0.0000	  0.0000	  0.0000	  0.0000	  0.0000	  0.0000	  0.0000	332.5697	357.2197	346.3853	346.3853	346.3853	346.3853	  6.3792	 51.6466	  0.5466	   0.0000	  0.0000	    0.7914	  0.9272	   0.7914	  0.7774	 12.2125	  0.0000	  0.0000
2018	183	   3	  0	182.1250	 31.1384	 -3.9826	  20.9546	    0.0000	   0.0000	  0.0000	  0.0000	  0.0000	  0.0000	  0.0000	  0.0000	331.1436	353.5402	338.3710	338.3710	338.3710	338.3710	  4.8808	 51.6576	  0.8306	   0.0000	  0.0000	    0.7914	  0.9272	   0.7914	  0.7770	 11.4750	  0.0000	  0.0000
2018	183	   4	  0	182.1667	 44.0437	  1.0915	  91.9506	   74.1936	  67.2591	 67.0724	  4.9468	 20.7678	 20.7678	 20.7678	 20.7678	334.4858	357.4519	338.0579	338.0579	339.5105	339.5105	  8.2855	 41.6055	  1.0000	   0.0101	  0.0378	    0.7914	  0.9272	   0.7914	  0.7794	 12.2292	  2.4643	  0.0000
2018	183	   5	  0	182.2083	 56.4239	  6.9154	 206.7933	  648.2807	 127.0373	199.0000	  9.4547	 40.4558	 40.4558	 41.3651	 42.1553	340.0088	367.8729	347.5360	347.7640	349.4595	349.4595	 13.7658	129.2350	  1.0000	   0.0028	  0.1039	    0.7914	  0.9272	   0.7914	  0.7813	 14.2917	  7.1091	  0.4941
2018	183	   6	  0	182.2500	 68.4694	 13.9249	 342.7708	  731.2180	 166.5166	332.8689	 13.8154	 54.3330	 54.3330	 77.0874	111.8862	342.4753	383.0425	360.5228	362.7326	361.5073	361.5073	 20.8967	257.8602	  1.0000	   0.0874	  0.1881	    0.7914	  0.9272	   0.7914	  0.7769	 16.3833	  9.7436	  2.9236
2018	183	   7	  0	182.2917	 80.5068	 21.5865	 481.5717	  761.1845	 201.5024	469.8812	 17.0943	 67.0507	 67.0507	 75.1511	120.1743	347.7645	393.9489	370.1029	376.1471	371.3545	371.3545	 24.5493	394.0741	  1.0000	   0.0763	  0.2672	    0.7914	  0.9272	   0.7914	  0.7751	 18.3292	 12.2666	  5.4466
2018	183	   8	  0	182.3333	 93.0170	 29.5362	 612.5781	  786.9038	 224.7078	599.8714	 21.4961	 82.3685	 76.7170	 77.3336	164.8210	351.9139	407.7378	381.3229	390.0999	380.7103	381.8512	 29.1603	528.5073	  1.0000	   0.1294	  0.3340	    0.7914	  0.9272	   0.7914	  0.7722	 19.9042	 14.6335	  7.8135
2018	183	   9	  0	182.3750	106.6552	 37.3859	 721.9688	  810.5728	 229.9885	709.3786	 25.4267	114.9483	 81.2776	 81.2776	190.5229	349.1268	418.5049	388.3830	399.2094	389.8471	388.3830	 32.7648	653.4746	  1.0000	   0.1787	  0.3926	    0.7914	  0.9272	   0.7914	  0.7619	 20.7167	 16.8027	  9.9827
2018	183	  10	  0	182.4167	122.2723	 44.6360	 803.9000	  825.4431	 224.2108	792.0634	 29.3864	156.0170	 82.6073	 82.6073	198.0202	347.6535	431.7742	396.5956	408.2366	402.9614	396.5956	 35.9621	759.0647	  1.0000	   0.2344	  0.4458	    0.7914	  0.9272	   0.7914	  0.7524	 21.6583	 18.7359	 11.9159
2018	183	  11	  0	182.4583	140.8140	 50.5989	 855.2206	  832.5229	 212.1118	844.4366	 33.7779	204.8656	 82.0548	 82.0548	181.7810	345.1031	448.9933	407.0606	416.5805	419.5714	407.0606	 38.6810	839.6765	  1.0000	   0.3015	  0.4835	    0.7914	  0.9272	   0.7914	  0.7390	 22.8417	 20.3992	 13.5792
2018	183	  12	  0	182.5000	162.6868	 54.3724	 862.5298	  843.5382	 176.8256	854.1934	 35.9848	241.9794	 74.2276	 74.2276	125.7533	347.6576	462.4667	415.3816	418.9698	433.6204	415.3816	 39.1543	883.6088	  1.0000	   0.3597	  0.4991	    0.7914	  0.9272	   0.7914	  0.7384	 23.4083	 21.7632	 14.9432
2018	183	  13	  0	182.5417	186.5981	 55.1148	 826.3996	  803.0788	 167.5509	818.5402	 35.3247	241.1532	 91.4449	 70.9823	 72.9519	353.8059	469.7462	421.1406	420.7354	441.9598	422.0499	 38.8502	889.3353	  0.9900	   0.3752	  0.5000	    0.7914	  0.9272	   0.7914	  0.7448	 23.8792	 22.8038	 15.9838
2018	183	  14	  0	182.5833	209.6755	 52.6280	 752.9192	  684.4948	 208.6441	741.9255	 32.1213	197.2452	144.7093	 78.5865	 78.5865	362.0963	464.5856	420.6637	420.6637	439.1407	429.7335	 39.0337	856.8689	  0.9493	   0.3289	  0.4936	    0.7914	  0.9272	   0.7914	  0.7580	 23.9292	 23.2783	 16.5230
2018	183	  15	  0	182.6250	229.7462	 47.5303	 654.2779	  573.7951	 230.5722	641.3520	 27.6220	147.6767	158.2610	 80.7173	 80.7173	375.6877	450.5507	415.2611	415.2611	427.0831	429.7273	 36.8862	787.2854	  0.9165	   0.2657	  0.4649	    0.7914	  0.9272	   0.7914	  0.7838	 23.4833	 21.6876	 15.4850
2018	183	  16	  0	182.6667	246.5735	 40.7584	 533.9317	  470.8041	 225.9684	520.7950	 22.7454	105.6064	143.2604	 75.7755	 75.7755	377.8296	438.1757	409.2608	409.2608	414.4539	425.0117	 33.4037	694.8776	  0.8761	   0.2076	  0.4176	    0.7914	  0.9272	   0.7914	  0.7905	 23.1375	 19.3368	 13.8038
2018	183	  17	  0	182.7083	260.9839	 33.1055	 399.8567	  358.3291	 203.1270	387.6979	 17.7474	 73.2416	108.9692	 66.0000	 66.0000	376.2091	425.4386	402.2417	402.2417	402.2922	416.1350	 28.9867	580.9513	  0.8262	   0.1453	  0.3603	    0.7914	  0.9272	   0.7914	  0.7926	 22.5667	 16.3833	 11.6218
2018	183	  18	  0	182.7500	273.9103	 25.1427	 263.2919	  231.3683	 163.7211	253.2340	 13.1091	 52.0502	 74.0328	 53.1563	 51.9295	375.2032	417.4290	397.1801	398.4481	398.0853	408.4986	 25.0258	451.5660	  0.7603	   0.1039	  0.2983	    0.7914	  0.9272	   0.7914	  0.7948	 22.2000	 12.7565	  8.9323
2018	183	  19	  0	182.7917	286.0911	 17.3010	 137.3244	   89.6480	 109.1444	130.4524	  8.2164	 33.9038	 39.3174	 35.3467	 33.9038	370.6762	408.7505	393.1156	393.4805	393.4805	398.7207	 20.6808	316.3567	  0.6639	   0.0732	  0.2248	    0.7914	  0.9272	   0.7914	  0.7940	 21.3875	  8.4846	  5.8190
2018	183	  20	  0	182.8333	298.0814	  9.9440	  44.2815	   10.6388	  42.2792	 41.5805	  3.1221	 12.9777	 13.5924	 13.2535	 12.9777	368.7824	399.9696	388.3610	387.9217	387.9217	390.8873	 16.3902	183.7454	  0.5499	   0.0434	  0.1447	    0.7914	  0.9272	   0.7914	  0.7978	 20.1042	  6.8606	  4.5492
2018	183	  21	  0	182.8750	310.2802	  3.4828	   5.5558	    1.2300	   5.4467	  5.2072	  0.4003	  1.6806	  1.6833	  1.6833	  1.6806	371.8809	393.4027	384.9546	382.3154	382.3154	385.7830	 13.9020	 65.3631	  0.5604	   0.0111	  0.0702	    0.7914	  0.9272	   0.7914	  0.8050	 19.0583	  9.1903	  5.8014
2018	183	  22	  0	182.9167	322.9372	 -1.7449	   0.2225	    0.1231	   0.1198	  0.1129	  0.0088	  0.0370	  0.0370	  0.0370	  0.0370	374.1836	387.1157	377.9413	376.7277	376.7277	377.7956	 12.5362	 43.6761	  0.5771	   0.0000	  0.0016	    0.7914	  0.9272	   0.7914	  0.8126	 18.0042	  2.6535	  1.6180
2018	183	  23	  0	182.9583	336.1556	 -6.3452	   0.0031	    0.0000	   0.0000	  0.0000	  0.0000	  0.0000	  0.0000	  0.0000	  0.0000	369.0333	381.8677	372.5036	372.5036	372.5036	372.5036	 11.6103	 51.0497	  0.5080	   0.0000	  0.0000	    0.7914	  0.9272	   0.7914	  0.8094	 17.0125	  0.0000	  0.0000
2018	184	   0	  0	183.0000	349.8605	 -8.7158	   0.0000	    0.0000	   0.0000	  0.0000	  0.0000	  0.0000	  0.0000	  0.0000	  0.0000	361.6573	376.8699	367.3155	367.3155	367.3155	367.3155	 10.5914	 51.1588	  0.5080	   0.0000	  0.0000	    0.7914	  0.9272	   0.7914	  0.8028	 16.0583	  0.0000	  0.0000
2018	184	   1	  0	183.0417	 93.8019	 -9.1597	   0.0612	    0.0000	   0.0000	  0.0000	  0.0000	  0.0000	  0.0000	  0.0000	  0.0000	361.0096	371.6845	362.3645	362.3645	362.3645	362.3645	  9.6787	 50.9760	  0.5098	   0.0000	  0.0000	    0.7914	  0.9272	   0.7914	  0.8036	 15.0583	  0.0000	  0.0000
2018	184	   2	  0	183.0833	 17.6522	 -7.6732	   1.9979	    0.0000	   0.0000	  0.0000	  0.0000	  0.0000	  0.0000	  0.0000	  0.0000	359.1950	366.5527	356.8517	356.8517	356.8517	356.8517	  8.6460	 50.9978	  0.5477	   0.0000	  0.0000	    0.7914	  0.9272	   0.7914	  0.8027	 14.0583	  0.0000	  0.0000
2018	184	   3	  0	183.1250	 31.1172	 -4.0902	  19.9498	    0.0000	   0.0000	  0.0000	  0.0000	  0.0000	  0.0000	  0.0000	  0.0000	356.2061	363.3916	349.6137	349.6137	349.6137	349.6137	  7.3086	 51.0472	  0.8272	   0.0000	  0.0000	    0.7914	  0.9272	   0.7914	  0.8002	 13.4375	  0.0000	  0.0000
2018	184	   4	  0	183.1667	 44.0315	  1.0182	  87.2527	   70.6617	  64.0934	 63.8237	  4.7138	 19.7912	 19.7912	 19.7912	 19.7912	360.2855	368.6373	350.7739	350.7739	352.2726	352.2726	 10.7585	 40.2754	  1.0000	   0.0095	  0.0368	    0.7914	  0.9272	   0.7914	  0.8035	 14.4375	  2.4655	  0.0000
2018	184	   5	  0	183.2083	 56.4192	  6.8346	 200.7819	  624.5626	 124.8260	193.1136	  9.2850	 39.7122	 39.7122	 40.5356	 41.2527	368.7927	380.9222	362.3768	362.6021	364.3846	364.3846	 16.4935	126.4093	  1.0000	   0.0026	  0.1028	    0.7914	  0.9272	   0.7914	  0.8093	 16.8083	  7.0740	  0.4736
2018	184	   6	  0	183.2500	 68.4703	 13.8427	 333.2404	  699.0717	 165.7976	323.3461	 13.6801	 53.9372	 53.9372	 75.6449	108.8220	379.0861	396.8695	377.1563	379.3986	378.2056	378.2056	 23.7066	252.5999	  1.0000	   0.0871	  0.1874	    0.7914	  0.9272	   0.7914	  0.8158	 18.9750	  9.7089	  2.8889
2018	184	   7	  0	183.2917	 80.5115	 21.5039	 466.3940	  726.1788	 200.1358	454.7307	 16.8663	 66.3605	 66.3605	 74.0138	116.6559	386.3629	406.6342	386.1974	392.3467	387.5066	387.5066	 27.1357	386.2648	  1.0000	   0.0756	  0.2665	    0.7914	  0.9272	   0.7914	  0.8188	 20.6667	 12.2326	  5.4126
2018	184	   8	  0	183.3333	 93.0229	 29.4534	 589.2752	  748.3610	 221.4190	576.6918	 20.9851	 80.6347	 75.2766	 75.8615	158.9012	392.7391	421.8345	399.1481	408.0865	398.5050	399.6944	 31.7283	517.7210	  1.0000	   0.1291	  0.3333	    0.7914	  0.9272	   0.7914	  0.8197	 22.4292	 14.6005	  7.7805
2018	184	   9	  0	183.3750	106.6589	 37.3028	 690.0942	  762.9794	 227.9415	677.5048	 24.7376	111.5587	 79.9320	 79.9320	182.5887	398.9186	431.9255	407.0074	418.0252	408.4719	407.0074	 35.2895	636.8834	  1.0000	   0.1782	  0.3919	    0.7914	  0.9272	   0.7914	  0.8243	 23.0833	 16.7708	  9.9508
2018	184	  10	  0	183.4167	122.2676	 44.5527	 768.1867	  775.7614	 224.1724	756.1966	 28.5530	150.5089	 81.6362	 81.6362	189.9177	399.4859	440.1178	411.3421	423.1032	417.7594	411.3421	 37.8231	737.5660	  1.0000	   0.2336	  0.4452	    0.7914	  0.9272	   0.7914	  0.8238	 23.1167	 18.7053	 11.8853
2018	184	  11	  0	183.4583	140.7910	 50.5165	 812.3587	  801.6693	 193.5559	802.6577	 31.6799	194.0347	 75.8138	 75.8138	171.5039	399.2000	452.5001	418.3737	427.9285	430.9133	418.3737	 39.5778	812.4617	  1.0000	   0.3004	  0.4831	    0.7914	  0.9272	   0.7914	  0.8208	 23.4625	 20.3697	 13.5497
2018	184	  12	  0	183.5000	162.6343	 54.2944	 803.7115	  733.7438	 208.1254	792.9752	 35.1426	225.5886	 80.5063	 80.5063	126.2538	400.0517	464.3457	425.2498	428.8535	443.5012	425.2498	 40.4118	855.3157	  0.9969	   0.3581	  0.4990	    0.7914	  0.9272	   0.7914	  0.8198	 23.7625	 21.7347	 14.9147
2018	184	  13	  0	183.5417	186.5142	 55.0460	 788.8735	  691.3486	 222.2100	777.1082	 36.0287	230.0597	101.8179	 84.0188	 85.6896	394.3093	474.9419	432.1635	431.7612	453.1177	433.0477	 40.9600	868.0853	  0.9729	   0.3736	  0.5000	    0.7914	  0.9272	   0.7914	  0.8050	 24.7667	 22.7762	 15.9562
2018	184	  14	  0	183.5833	209.5731	 52.5712	 732.9027	  639.5647	 224.8888	720.7094	 32.1338	192.8403	143.9369	 82.2514	 82.2514	381.4511	474.8290	432.6550	432.6550	451.0035	441.5522	 40.7127	849.4588	  0.9336	   0.3280	  0.4934	    0.7914	  0.9272	   0.7914	  0.7780	 25.7708	 22.7958	 16.1723
2018	184	  15	  0	183.6250	229.6411	 47.4844	 641.0037	  554.3705	 231.9525	627.9253	 27.3353	145.4726	155.4506	 80.7130	 80.7130	378.2751	459.6563	423.8956	423.8956	435.4573	437.9790	 37.8798	788.5242	  0.8985	   0.2652	  0.4646	    0.7914	  0.9272	   0.7914	  0.7776	 25.1875	 21.0078	 14.9929
2018	184	  16	  0	183.6667	246.4738	 40.7197	 522.4590	  449.1502	 228.7892	509.0791	 22.6634	104.8559	140.5554	 76.2607	 76.2607	383.0622	444.3196	415.7651	415.7651	420.7442	430.9460	 34.2173	693.9819	  0.8608	   0.2074	  0.4173	    0.7914	  0.9272	   0.7914	  0.7920	 24.3375	 18.6237	 13.2888
2018	184	  17	  0	183.7083	260.8914	 33.0703	 388.5742	  335.1116	 204.7300	376.2563	 17.6791	 73.0390	106.3560	 66.1934	 66.1934	382.7655	432.2935	409.5610	409.5610	409.5035	422.7814	 29.9710	579.6243	  0.8083	   0.1451	  0.3599	    0.7914	  0.9272	   0.7914	  0.7958	 23.8750	 15.6074	 11.0662
2018	184	  18	  0	183.7500	273.8243	 25.1079	 252.9848	  206.8462	 163.9085	242.8691	 13.0115	 51.8874	 71.5835	 52.8205	 51.7687	380.3991	421.4571	401.7899	403.1487	402.7798	412.3632	 25.6101	450.3574	  0.7391	   0.1038	  0.2980	    0.7914	  0.9272	   0.7914	  0.7988	 23.0042	 11.8749	  8.3109
2018	184	  19	  0	183.7917	286.0104	 17.2640	 130.6910	   70.6326	 108.3192	123.8466	  8.1122	 33.5427	 37.7046	 34.6196	 33.5427	380.6875	412.5257	397.7479	398.3041	398.3041	402.9298	 21.3965	314.3764	  0.6460	   0.0724	  0.2245	    0.7914	  0.9272	   0.7914	  0.8054	 22.1208	  7.8004	  5.3465
2018	184	  20	  0	183.8333	298.0053	  9.9029	  41.9871	    9.4912	  40.2057	 39.4181	  2.9682	 12.3379	 12.8957	 12.5873	 12.3379	381.6927	404.2256	393.4538	393.0409	393.0409	395.9958	 17.2940	182.0123	  0.5408	   0.0440	  0.1443	    0.7914	  0.9272	   0.7914	  0.8124	 20.8792	  6.8275	  4.5237
2018	184	  21	  0	183.8750	310.2085	  3.4379	   5.7925	    1.2989	   5.6867	  5.4285	  0.4180	  1.7545	  1.7589	  1.7589	  1.7545	380.9388	395.4257	387.4597	384.7776	384.7776	388.3053	 14.4428	 64.2718	  0.5713	   0.0095	  0.0692	    0.7914	  0.9272	   0.7914	  0.8154	 19.4500	  9.2718	  5.8461
2018	184	  22	  0	183.9167	322.8707	 -1.8052	   0.3021	    0.1640	   0.1424	  0.1343	  0.0105	  0.0443	  0.0443	  0.0443	  0.0443	378.8842	390.4482	381.3859	380.1334	380.1334	381.2409	 13.1962	 43.3073	  0.5822	   0.0000	  0.0015	    0.7914	  0.9272	   0.7914	  0.8168	 18.6292	  2.7154	  1.6540
2018	184	  23	  0	183.9583	336.0958	 -6.4053	   0.0052	    0.0000	   0.0000	  0.0000	  0.0000	  0.0000	  0.0000	  0.0000	  0.0000	376.8162	387.2027	378.0357	378.0357	378.0357	378.0357	 12.6842	 50.7303	  0.5087	   0.0000	  0.0000	    0.7914	  0.9272	   0.7914	  0.8164	 18.0208	  0.0000	  0.0000
2018	185	   0	  0	184.0000	349.8094	 -8.7860	   0.0000	    0.0000	   0.0000	  0.0000	  0.0000	  0.0000	  0.0000	  0.0000	  0.0000	375.7191	383.4927	374.4696	374.4696	374.4696	374.4696	 12.0352	 50.7220	  0.5086	   0.0000	  0.0000	    0.7914	  0.9272	   0.7914	  0.8164	 17.3208	  0.0000	  0.0000
2018	185	   1	  0	184.0417	 93.7613	 -9.2364	   0.0277	    0.0000	   0.0000	  0.0000	  0.0000	  0.0000	  0.0000	  0.0000	  0.0000	377.2120	380.0931	371.3396	371.3396	371.3396	371.3396	 11.4883	 50.5293	  0.5096	   0.0000	  0.0000	    0.7914	  0.9272	   0.7914	  0.8187	 16.6750	  0.0000	  0.0000
2018	185	   2	  0	184.0833	 17.6230	 -7.7557	   1.4258	    0.0000	   0.0000	  0.0000	  0.0000	  0.0000	  0.0000	  0.0000	  0.0000	378.9045	377.8027	368.8979	368.8979	368.8979	368.8979	 11.0698	 50.4958	  0.5373	   0.0000	  0.0000	    0.7914	  0.9272	   0.7914	  0.8207	 16.2375	  0.0000	  0.0000
2018	185	   3	  0	184.1250	 31.0989	 -4.1927	  15.1613	    0.0000	   0.0000	  0.0000	  0.0000	  0.0000	  0.0000	  0.0000	  0.0000	377.1916	376.2385	363.9083	363.9083	363.9083	363.9083	 10.1837	 50.5253	  0.7857	   0.0000	  0.0000	    0.7914	  0.9272	   0.7914	  0.8192	 15.9375	  0.0000	  0.0000
2018	185	   4	  0	184.1667	 44.0229	  0.9394	  70.7835	  119.3643	  50.2363	 52.9049	  3.6979	 15.5600	 15.5600	 15.5600	 15.5600	377.1886	378.1951	361.2295	361.2295	362.7629	362.7629	 12.2300	 39.0176	  1.0000	   0.0087	  0.0356	    0.7914	  0.9272	   0.7914	  0.8190	 16.2875	  2.6930	  0.0000
2018	185	   5	  0	184.2083	 56.4186	  6.7486	 185.6379	  635.9573	 109.8645	178.9278	  8.1833	 35.0971	 35.0971	 35.8613	 36.5288	379.6562	385.1925	367.4084	367.6250	369.4552	369.4552	 16.8099	124.3625	  1.0000	   0.0024	  0.1016	    0.7914	  0.9272	   0.7914	  0.8200	 17.6208	  7.0359	  0.4514
2018	185	   6	  0	184.2500	 68.4758	 13.7554	 321.0569	  691.6886	 156.4078	311.7521	 12.9610	 51.0154	 51.0154	 72.4289	105.1696	384.1989	398.1231	378.8718	381.0905	379.9443	379.9443	 23.5971	250.5403	  1.0000	   0.0868	  0.1865	    0.7914	  0.9272	   0.7914	  0.8213	 19.2125	  9.6711	  2.8511
2018	185	   7	  0	184.2917	 80.5211	 21.4164	 452.5294	  718.6161	 190.0515	441.4959	 16.0785	 63.2021	 63.2021	 70.6928	112.5488	388.0426	406.5233	386.3260	392.4327	387.6442	387.6442	 26.7143	384.4827	  1.0000	   0.0749	  0.2659	    0.7914	  0.9272	   0.7914	  0.8210	 20.6583	 12.1956	  5.3756
2018	185	   8	  0	184.3333	 93.0342	 29.3657	 578.1358	  743.8593	 213.4321	566.0506	 20.3480	 78.1186	 72.7801	 73.3554	155.7786	390.3224	416.3114	394.0263	402.8341	393.3997	394.5705	 30.6076	516.3301	  1.0000	   0.1288	  0.3325	    0.7914	  0.9272	   0.7914	  0.8201	 21.4625	 14.5646	  7.7446
2018	185	   9	  0	184.3750	106.6683	 37.2146	 685.6917	  769.5088	 220.3998	673.5994	 24.2230	109.6544	 77.7297	 77.7297	181.1503	385.0847	427.3809	401.1646	412.0567	402.6185	401.1646	 34.1243	639.7438	  1.0000	   0.1777	  0.3912	    0.7914	  0.9272	   0.7914	  0.8080	 22.3042	 16.7361	  9.9161
2018	185	  10	  0	184.4167	122.2687	 44.4640	 765.2435	  787.9718	 213.5516	753.9677	 27.9025	148.4588	 78.6431	 78.6431	188.4217	377.7866	439.6663	407.8483	419.5613	414.2368	407.8483	 36.9312	745.2815	  1.0000	   0.2328	  0.4446	    0.7914	  0.9272	   0.7914	  0.7922	 23.0625	 18.6719	 11.8519
2018	185	  11	  0	184.4583	140.7734	 50.4283	 809.9577	  822.5771	 175.6484	801.4721	 30.7455	192.1193	 70.9305	 70.9305	168.8070	373.5565	452.9999	415.0009	424.5393	427.5146	415.0009	 38.5841	823.6817	  1.0000	   0.2992	  0.4826	    0.7914	  0.9272	   0.7914	  0.7813	 23.5792	 20.3376	 13.5176
2018	185	  12	  0	184.5000	162.5857	 54.2100	 819.8944	  799.5618	 171.5493	811.7329	 34.1144	229.0049	 71.3628	 71.3628	121.1823	373.0650	465.2132	421.9231	425.5373	440.1547	421.9231	 39.4211	868.2777	  0.9985	   0.3564	  0.4988	    0.7914	  0.9272	   0.7914	  0.7772	 23.9542	 21.7037	 14.8837
2018	185	  13	  0	184.5417	186.4315	 54.9704	 794.4004	  716.4212	 207.6968	783.6528	 35.5743	231.3905	 98.3247	 80.3733	 82.2002	370.4859	469.2038	423.9918	423.5971	444.7217	424.8344	 39.4944	878.1198	  0.9690	   0.3719	  0.5000	    0.7914	  0.9272	   0.7914	  0.7727	 23.8917	 22.7370	 15.9196
2018	185	  14	  0	184.5833	209.4695	 52.5077	 731.1321	  629.8883	 231.1358	718.5034	 32.3103	192.8172	144.1817	 83.8502	 83.8502	374.1838	464.2870	423.3044	423.3044	440.9488	431.7914	 39.4103	849.4535	  0.9317	   0.3269	  0.4931	    0.7914	  0.9272	   0.7914	  0.7765	 24.2333	 22.3253	 15.8302
2018	185	  15	  0	184.6250	229.5332	 47.4319	 636.4204	  539.8457	 238.4776	622.8752	 27.5116	145.4233	154.9383	 82.3405	 82.3405	379.4179	455.2923	420.7920	420.7920	431.9866	434.3893	 37.4568	786.1082	  0.8953	   0.2647	  0.4643	    0.7914	  0.9272	   0.7914	  0.7836	 24.6000	 20.5527	 14.6609
2018	185	  16	  0	184.6667	246.3707	 40.6748	 517.3769	  441.9148	 228.7115	503.9801	 22.5493	104.3247	139.2694	 76.1081	 76.1081	375.7379	443.3981	414.3419	414.3419	419.1712	429.0564	 33.8439	696.2927	  0.8511	   0.2071	  0.4169	    0.7914	  0.9272	   0.7914	  0.7809	 24.2750	 18.1944	 12.9761
2018	185	  17	  0	184.7083	260.7955	 33.0290	 384.7867	  330.3507	 203.7825	372.5171	 17.5662	 72.6475	105.3993	 65.8418	 65.8418	373.7542	430.8352	407.4061	407.4061	407.3148	420.2258	 29.4777	581.8946	  0.7995	   0.1450	  0.3595	    0.7914	  0.9272	   0.7914	  0.7830	 23.6750	 15.2652	 10.8179
2018	185	  18	  0	184.7500	273.7350	 25.0670	 252.8996	  211.3728	 162.1106	242.9066	 12.8955	 51.3828	 71.4550	 52.3165	 51.2565	373.3710	421.8821	401.3459	402.7118	402.3467	412.0006	 25.4411	451.6034	  0.7377	   0.1037	  0.2977	    0.7914	  0.9272	   0.7914	  0.7876	 23.0750	 11.9504	  8.3587
2018	185	  19	  0	184.7917	285.9268	 17.2209	 130.5185	   72.9974	 107.4249	123.7346	  8.0498	 33.2852	 37.5337	 34.3738	 33.2852	376.4587	412.9787	397.7278	398.2833	398.2833	402.9733	 21.3293	314.4769	  0.6456	   0.0716	  0.2242	    0.7914	  0.9272	   0.7914	  0.7987	 22.2042	  7.8645	  5.3871
2018	185	  20	  0	184.8333	297.9265	  9.8556	  40.9210	    9.1123	  39.2103	 38.4155	  2.8947	 12.0306	 12.5797	 12.2751	 12.0306	382.2237	404.5776	393.8669	393.4680	393.4680	396.4153	 17.3277	181.1656	  0.5364	   0.0444	  0.1438	    0.7914	  0.9272	   0.7914	  0.8128	 20.9417	  6.8170	  4.5131
2018	185	  21	  0	184.8750	310.1347	  3.3869	   5.1708	    1.0289	   5.0824	  4.8455	  0.3736	  1.5681	  1.5701	  1.5701	  1.5681	385.0886	396.1361	388.5632	385.8968	385.8968	389.4253	 14.6514	 63.2532	  0.5645	   0.0081	  0.0680	    0.7914	  0.9272	   0.7914	  0.8200	 19.5958	  9.2648	  5.8358
2018	185	  22	  0	184.9167	322.8028	 -1.8729	   0.1979	    0.0660	   0.0649	  0.0613	  0.0048	  0.0200	  0.0200	  0.0200	  0.0200	383.9858	390.9838	382.1714	381.6138	381.6138	382.1212	 13.4470	 47.0062	  0.5411	   0.0000	  0.0012	    0.7914	  0.9272	   0.7914	  0.8230	 18.7292	  1.2581	  0.7678
2018	185	  23	  0	184.9583	336.0355	 -6.4821	   0.0000	    0.0000	   0.0000	  0.0000	  0.0000	  0.0000	  0.0000	  0.0000	  0.0000	381.6702	386.2970	377.5025	377.5025	377.5025	377.5025	 12.6400	 50.4681	  0.5091	   0.0000	  0.0000	    0.7914	  0.9272	   0.7914	  0.8221	 17.8500	  0.0000	  0.0000
2018	186	   0	  0	185.0000	349.7587	 -8.8629	   0.0000	    0.0000	   0.0000	  0.0000	  0.0000	  0.0000	  0.0000	  0.0000	  0.0000	379.7603	383.0957	374.3520	374.3520	374.3520	374.3520	 12.0572	 50.4838	  0.5091	   0.0000	  0.0000	    0.7914	  0.9272	   0.7914	  0.8208	 17.2458	  0.0000	  0.0000
2018	186	   1	  0	185.0417	 93.7220	 -9.3197	   0.0977	    0.0000	   0.0000	  0.0000	  0.0000	  0.0000	  0.0000	  0.0000	  0.0000	379.7891	381.7127	373.0125	373.0125	373.0125	373.0125	 11.8174	 50.3486	  0.5114	   0.0000	  0.0000	    0.7914	  0.9272	   0.7914	  0.8211	 16.9833	  0.0000	  0.0000
2018	186	   2	  0	185.0833	 17.5959	 -7.8446	   1.3046	    0.0000	   0.0000	  0.0000	  0.0000	  0.0000	  0.0000	  0.0000	  0.0000	378.4223	381.3179	372.2205	372.2205	372.2205	372.2205	 11.6644	 50.3734	  0.5354	   0.0000	  0.0000	    0.7914	  0.9272	   0.7914	  0.8197	 16.9083	  0.0000	  0.0000
2018	186	   3	  0	185.1250	 31.0836	 -4.3039	   8.3598	    0.0000	   0.0000	  0.0000	  0.0000	  0.0000	  0.0000	  0.0000	  0.0000	376.7670	381.8001	370.6168	370.6168	370.6168	370.6168	 11.3810	 50.4059	  0.6753	   0.0000	  0.0000	    0.7914	  0.9272	   0.7914	  0.8179	 17.0000	  0.0000	  0.0000
2018	186	   4	  0	185.1667	 44.0180	  0.8553	  38.6004	  262.1379	  20.1626	 29.4600	  1.4994	  6.3912	  6.3912	  8.1204	  8.1543	372.8545	382.8437	365.2828	365.2828	366.8326	366.8326	 11.7162	 38.0010	  0.9808	   0.0078	  0.0343	    0.7914	  0.9272	   0.7914	  0.8134	 17.1625	  3.0415	  0.0000
2018	186	   5	  0	185.2083	 56.4221	  6.6573	 117.9542	  754.6053	  28.1478	116.5426	  2.1955	 10.1381	 10.1381	 10.9359	 11.6354	371.6693	384.6265	366.0149	366.2198	368.0757	368.0757	 13.0318	123.1112	  1.0000	   0.0023	  0.1003	    0.7914	  0.9272	   0.7914	  0.8113	 17.5167	  6.9948	  0.4274
2018	186	   6	  0	185.2500	 68.4858	 13.6631	 190.7323	  540.5410	  68.6019	186.8693	  6.1542	 23.3905	 23.3905	 41.0328	 66.2741	372.5524	391.7871	372.2856	374.2832	373.4247	373.4247	 17.9543	250.0551	  0.9702	   0.0865	  0.1857	    0.7914	  0.9272	   0.7914	  0.8102	 18.0792	  9.1296	  2.6299
2018	186	   7	  0	185.2917	 80.5356	 21.3241	 179.0048	  110.1775	 141.5714	170.0950	 10.6593	 43.9664	 43.9664	 45.2058	 50.2830	372.2386	389.2129	374.4648	376.5789	376.3546	376.3546	 19.0649	384.6467	  0.6775	   0.0741	  0.2651	    0.7914	  0.9272	   0.7914	  0.8101	 18.0750	  4.7052	  2.0098
2018	186	   8	  0	185.3333	 93.0509	 29.2731	 159.8365	   14.1088	 152.9421	150.0645	 11.3260	 46.6843	 46.5800	 46.5931	 48.1481	372.2738	388.3878	378.1132	378.1274	377.0357	378.6858	 19.3530	516.9959	  0.4667	   0.1284	  0.3316	    0.7914	  0.9272	   0.7914	  0.8108	 17.9083	  2.6143	  1.3832
2018	186	   9	  0	185.3750	106.6834	 37.1214	 275.5544	   44.4932	 247.8291	259.7921	 18.7285	 77.7346	 75.4595	 75.4595	 81.7785	373.2586	391.6725	380.0137	380.0179	378.4060	380.0137	 23.8503	638.0149	  0.5516	   0.1772	  0.3904	    0.7914	  0.9272	   0.7914	  0.8109	 18.2708	  3.2033	  1.9036
2018	186	  10	  0	185.4167	122.2757	 44.3699	 468.7685	  226.7388	 308.8783	449.6711	 26.2799	117.7737	 96.8593	 96.8593	128.2241	374.0727	402.3788	384.3952	387.7051	385.7363	384.3952	 29.5753	739.9676	  0.7279	   0.2320	  0.4439	    0.7914	  0.9272	   0.7914	  0.8086	 18.9333	  8.0661	  5.1288
2018	186	  11	  0	185.4583	140.7611	 50.3343	 617.6531	  397.2479	 311.5029	599.0266	 31.4775	160.2332	101.6440	101.6440	148.6636	374.7784	418.7319	393.1620	398.1134	399.9888	393.1620	 34.0128	815.8432	  0.8341	   0.2979	  0.4821	    0.7914	  0.9272	   0.7914	  0.8046	 19.8417	 13.1514	  8.7382
2018	186	  12	  0	185.5000	162.5410	 54.1192	 685.7044	  459.3112	 313.3425	667.2493	 35.3537	195.1716	104.4216	104.4216	131.8813	376.1781	429.4253	398.9648	400.6554	410.5950	398.9648	 35.9837	858.9740	  0.8648	   0.3545	  0.4987	    0.7914	  0.9272	   0.7914	  0.8044	 20.1375	 15.5182	 10.6394
2018	186	  13	  0	185.5417	186.3503	 54.8881	 774.4560	  632.8470	 256.8197	760.2584	 36.6775	225.2980	109.1953	 92.5469	 93.9643	379.1629	444.5525	405.7544	405.3554	424.7052	406.5321	 37.4804	866.9340	  0.9580	   0.3700	  0.5000	    0.7914	  0.9272	   0.7914	  0.8055	 20.2167	 21.7349	 15.2119
2018	186	  14	  0	185.5833	209.3647	 52.4374	 743.8369	  625.2656	 247.9945	730.1096	 33.3658	196.7270	148.3195	 88.6996	 88.6996	380.3250	442.2231	405.2356	405.2356	422.4704	413.4916	 37.4222	839.8955	  0.9568	   0.3257	  0.4929	    0.7914	  0.9272	   0.7914	  0.8055	 20.5083	 22.5192	 15.9588
2018	186	  15	  0	185.6250	229.4226	 47.3729	 637.0071	  510.6572	 260.7948	621.9366	 28.5952	148.2583	156.8456	 88.3977	 88.3977	377.7568	429.4310	399.0191	399.0191	409.2492	411.3534	 34.6792	780.0008	  0.9025	   0.2641	  0.4639	    0.7914	  0.9272	   0.7914	  0.8034	 20.4375	 19.6779	 14.0291
2018	186	  16	  0	185.6667	246.2643	 40.6235	 515.5550	  410.4024	 247.7258	500.8485	 23.5239	107.5927	139.8541	 81.2948	 81.2948	376.2310	419.8787	394.6013	394.6013	398.9097	407.8308	 31.2174	690.3594	  0.8550	   0.2067	  0.4165	    0.7914	  0.9272	   0.7914	  0.8025	 20.4083	 17.2198	 12.2745
2018	186	  17	  0	185.7083	260.6961	 32.9816	 382.1804	  301.4550	 217.1080	368.9872	 18.3163	 75.8192	105.5962	 69.5189	 69.5189	376.4373	410.8650	390.5874	390.5874	390.4111	402.0565	 27.1325	576.7681	  0.8010	   0.1448	  0.3590	    0.7914	  0.9272	   0.7914	  0.8045	 20.2833	 14.3453	 10.1604
2018	186	  18	  0	185.7500	273.6425	 25.0200	 245.9952	  175.5273	 170.3724	235.4064	 13.3439	 53.5755	 70.3625	 54.2737	 53.4573	374.6462	402.1693	384.4298	385.8282	385.4787	393.5782	 22.7914	447.9597	  0.7266	   0.1035	  0.2973	    0.7914	  0.9272	   0.7914	  0.8058	 19.6667	 10.6835	  7.4689
2018	186	  19	  0	185.7917	285.8402	 17.1716	 117.8775	   40.7702	 104.8915	111.2117	  7.7957	 32.3258	 34.7185	 32.9260	 32.3258	374.2937	395.3921	382.1079	382.9021	382.9021	386.3635	 18.4248	312.5359	  0.6078	   0.0707	  0.2239	    0.7914	  0.9272	   0.7914	  0.8087	 19.0833	  6.6549	  4.5533
2018	186	  20	  0	185.8333	297.8453	  9.8021	  36.0175	    6.3628	  34.8253	 33.7907	  2.5685	 10.6781	 11.0689	 10.8514	 10.6781	377.2813	391.6941	381.8691	381.5081	381.5081	384.3235	 15.0108	180.1755	  0.5124	   0.0448	  0.1432	    0.7914	  0.9272	   0.7914	  0.8138	 18.5750	  6.7170	  4.4425
2018	186	  21	  0	185.8750	310.0590	  3.3299	   4.6217	    0.7089	   4.5628	  4.3295	  0.3353	  1.4075	  1.4090	  1.4090	  1.4075	377.0658	386.5166	378.9939	376.3490	376.3490	379.8534	 12.8603	 62.3360	  0.5633	   0.0071	  0.0664	    0.7914	  0.9272	   0.7914	  0.8146	 17.8125	  9.3065	  5.8546
2018	186	  22	  0	185.9167	322.7335	 -1.9480	   0.3312	    0.0701	   0.0688	  0.0649	  0.0051	  0.0212	  0.0212	  0.0212	  0.0212	372.3596	383.6236	374.3806	373.8012	373.8012	374.3310	 11.9362	 46.9752	  0.5472	   0.0000	  0.0011	    0.7914	  0.9272	   0.7914	  0.8123	 17.3458	  1.3095	  0.7982
2018	186	  23	  0	185.9583	335.9745	 -6.5586	   0.0208	    0.0000	   0.0000	  0.0000	  0.0000	  0.0000	  0.0000	  0.0000	  0.0000	369.6009	381.6693	372.3277	372.3277	372.3277	372.3277	 11.5853	 50.5464	  0.5099	   0.0000	  0.0000	    0.7914	  0.9272	   0.7914	  0.8101	 16.9750	  0.0000	  0.0000
2018	187	   0	  0	186.0000	349.1273	 -8.8979	   0.0000	    0.0000	   0.0000	  0.0000	  0.0000	  0.0000	  0.0000	  0.0000	  0.0000	366.9863	379.6991	370.3067	370.3067	370.3067	370.3067	 11.1924	 50.5893	  0.5095	   0.0000	  0.0000	    0.7914	  0.9272	   0.7914	  0.8079	 16.6000	  0.0000	  0.0000
