Year	DOY	Hour	Min	 Dectime	 azimuth	altitude	GlobalRad	DiffuseRad	DirectRad	 Kdown2d	   Kup2d	  Ksouth	   Kwest	  Knorth	   Keast	 Ldown2d	   Lup2d	  Lsouth	   Lwest	  Lnorth	   Least	    Tmrt	      I0	      CI	SH_Ground	SH_Walls	SVF_Ground	SVF_Roof	SVF_BdVeg	Emis_Sky	      Ta	      Tg	      Tw
2018	179	   0	  0	178.0000	356.4846	 -8.9673	   0.0200	    0.0000	   0.0000	  0.0000	  0.0000	  0.0000	  0.0000	  0.0000	  0.0000	399.9206	391.8993	384.3639	384.3639	384.3639	384.3639	 14.0410	 51.3841	  0.5056	   0.0000	  0.0000	    0.9234	  0.9607	   0.9234	  0.8405	 18.9000	  0.0000	  0.0000
2018	179	   1	  0	178.0417	 94.0279	 -8.8685	   0.1496	    0.0000	   0.0000	  0.0000	  0.0000	  0.0000	  0.0000	  0.0000	  0.0000	396.6488	390.4482	382.6495	382.6495	382.6495	382.6495	 13.7067	 51.4449	  0.5081	   0.0000	  0.0000	    0.9234	  0.9607	   0.9234	  0.8374	 18.6292	  0.0000	  0.0000
2018	179	   2	  0	178.0833	 17.8352	 -7.3492	   2.4581	    0.0000	   0.0000	  0.0000	  0.0000	  0.0000	  0.0000	  0.0000	  0.0000	392.4995	386.6275	377.6303	377.6303	377.6303	377.6303	 12.7873	 51.5215	  0.5529	   0.0000	  0.0000	    0.9234	  0.9607	   0.9234	  0.8337	 17.9125	  0.0000	  0.0000
2018	179	   3	  0	178.1250	 31.2570	 -3.6955	  20.5810	    0.0000	   0.0000	  0.0000	  0.0000	  0.0000	  0.0000	  0.0000	  0.0000	393.7184	384.1521	369.0729	369.0729	369.0729	369.0729	 11.3415	 51.5027	  0.8350	   0.0000	  0.0000	    0.9234	  0.9607	   0.9234	  0.8349	 17.4458	  0.0000	  0.0000
2018	179	   4	  0	178.1667	 44.1328	  1.3385	  85.2542	  125.3023	  64.5886	 69.3733	  5.4727	 27.0434	 27.0434	 33.5606	 34.4289	396.7693	387.9164	368.4793	368.4793	368.8380	368.8380	 15.5404	 40.3030	  1.0000	   0.0517	  0.0962	    0.9234	  0.9607	   0.9234	  0.8377	 17.9417	  3.0114	  0.0000
2018	179	   5	  0	178.2083	 56.4891	  7.1916	 193.9660	  623.9143	 114.9109	190.1822	 10.5940	 48.8589	 48.8589	 88.3328	111.2551	400.6819	399.8341	378.6671	378.8144	378.9529	378.9529	 23.1619	131.2517	  1.0000	   0.1180	  0.3154	    0.9234	  0.9607	   0.9234	  0.8408	 19.4833	  7.2203	  0.5645
2018	179	   6	  0	178.2500	 68.5175	 14.2078	 323.6306	  681.8492	 155.9723	318.6369	 17.2604	 67.2962	 67.2962	129.4333	230.3196	397.9416	421.6539	394.3681	395.6764	394.0937	394.0937	 31.6227	257.2898	  1.0000	   0.2643	  0.4591	    0.9234	  0.9607	   0.9234	  0.8334	 21.6458	  9.8528	  3.0328
2018	179	   7	  0	178.2917	 80.5455	 21.8711	 456.5967	  712.4444	 191.1703	450.6172	 27.4616	 84.4964	 84.4964	132.6427	388.0967	397.4904	449.3970	411.3485	414.8482	411.2211	411.2211	 39.7517	390.9150	  1.0000	   0.4666	  0.5000	    0.9234	  0.9607	   0.9234	  0.8275	 23.2417	 12.3726	  5.5526
2018	179	   8	  0	178.3333	 93.0558	 29.8206	 581.4260	  734.4510	 216.2837	574.8138	 39.1274	123.8749	 98.6709	101.5694	498.6490	404.2015	475.7577	427.4688	433.1240	427.5546	427.5584	 45.8709	520.6720	  1.0000	   0.6311	  0.5000	    0.9234	  0.9607	   0.9234	  0.8326	 24.0792	 14.7356	  7.9156
2018	179	   9	  0	178.3750	106.7082	 37.6687	 687.2823	  755.6833	 225.6505	680.5737	 49.3417	231.5581	106.9630	106.9630	520.9141	404.6523	499.2302	440.9232	447.9387	442.6255	440.9232	 51.3991	640.6305	  1.0000	   0.7258	  0.5000	    0.9234	  0.9607	   0.9234	  0.8293	 24.8333	 16.9004	 10.0804
2018	179	  10	  0	178.4167	122.3616	 44.9142	 766.0317	  774.0290	 219.7441	759.7266	 57.4196	338.6834	109.0606	109.0606	472.1614	397.1045	521.1772	451.6610	459.1168	456.1479	451.6610	 54.5492	744.6442	  1.0000	   0.7876	  0.5000	    0.9234	  0.9607	   0.9234	  0.8137	 25.6333	 18.8292	 12.0092
2018	179	  11	  0	178.4583	140.9726	 50.8653	 811.1337	  822.4070	 172.9044	806.6635	 62.3883	428.1306	 95.8163	 95.8163	364.1937	390.1624	539.1278	459.8946	466.0994	467.8202	459.8946	 54.9859	822.5692	  1.0000	   0.8284	  0.5000	    0.9234	  0.9607	   0.9234	  0.7995	 26.1625	 20.4883	 13.6683
2018	179	  12	  0	178.5000	162.9460	 54.6136	 822.4575	  801.3534	 169.3518	818.1450	 64.4589	469.7085	 95.5815	 95.5815	212.4517	384.1025	549.9498	463.8522	466.6848	474.9265	463.8522	 53.3173	868.0218	  0.9985	   0.8503	  0.5000	    0.9234	  0.9607	   0.9234	  0.7896	 26.1375	 21.8485	 15.0285
2018	179	  13	  0	178.5417	186.9528	 55.3144	 796.4375	  721.1169	 203.4164	790.8066	 62.9089	451.4211	150.3595	105.9666	109.3395	378.9697	556.8611	467.0094	466.9867	479.4412	468.2332	 52.3821	878.4706	  0.9701	   0.8541	  0.5000	    0.9234	  0.9607	   0.9234	  0.7809	 26.1625	 22.8861	 16.0661
2018	179	  14	  0	178.5833	210.0741	 52.7794	 726.1021	  617.2814	 234.0073	719.1765	 57.0665	383.1971	266.7984	112.8565	112.8565	384.2480	551.7185	467.2002	467.2002	477.7625	472.8221	 53.2327	848.0513	  0.9262	   0.8397	  0.5000	    0.9234	  0.9607	   0.9234	  0.7888	 26.2458	 22.2787	 15.8334
2018	179	  15	  0	178.6250	230.1376	 47.6418	 585.1885	  423.4916	 271.7419	576.5385	 45.7541	266.7030	293.9405	119.0692	119.0692	387.9861	516.2413	452.8219	452.8219	458.3808	459.5608	 48.7901	784.2926	  0.8311	   0.8075	  0.5000	    0.9234	  0.9607	   0.9234	  0.7972	 26.0917	 16.8693	 12.0604
2018	179	  16	  0	178.6667	246.9368	 40.8448	 491.1592	  374.8913	 245.8226	483.2441	 37.4577	189.9126	302.1987	105.9619	105.9619	387.3639	502.2564	444.7200	444.7200	447.6712	452.5904	 45.0559	693.1989	  0.8165	   0.7561	  0.5000	    0.9234	  0.9607	   0.9234	  0.8008	 25.3500	 16.1802	 11.5655
2018	179	  17	  0	178.7083	261.3183	 33.1809	 383.1725	  312.7415	 211.2459	376.2791	 28.3077	117.2963	263.5120	 89.5169	 89.5169	396.7459	483.8732	435.9046	435.9046	436.6241	443.6958	 39.9011	576.1300	  0.8030	   0.6750	  0.5000	    0.9234	  0.9607	   0.9234	  0.8194	 24.4750	 15.1218	 10.7414
2018	179	  18	  0	178.7500	274.2217	 25.2188	 253.0598	  202.3412	 165.7738	247.5381	 18.3553	 69.1756	169.7952	 75.2116	 68.7845	389.6274	457.4150	421.7103	421.7006	421.6343	427.5880	 32.5690	449.4774	  0.7398	   0.5491	  0.5000	    0.9234	  0.9607	   0.9234	  0.8132	 23.8208	 11.8899	  8.3383
2018	179	  19	  0	178.7917	286.3856	 17.3869	 132.9092	   78.3399	 108.0889	129.2333	  9.9247	 44.4848	 71.1556	 51.2628	 44.4848	376.5882	430.3126	407.2988	406.6882	406.6882	410.2065	 24.7637	317.1569	  0.6485	   0.3424	  0.4888	    0.9234	  0.9607	   0.9234	  0.7995	 22.9583	  8.1013	  5.5660
2018	179	  20	  0	178.8333	298.3631	 10.0467	  43.2283	   10.5291	  41.2402	 41.8082	  3.4980	 17.0422	 18.8278	 17.9219	 17.0422	367.3232	414.0207	398.9066	397.8232	397.8232	400.2730	 18.6098	185.8761	  0.5406	   0.1758	  0.3857	    0.9234	  0.9607	   0.9234	  0.7922	 21.7417	  6.8544	  4.5552
2018	179	  21	  0	178.8750	310.5504	  3.6037	   6.0204	    1.5594	   5.8871	  5.8173	  0.4952	  2.4557	  2.5634	  2.5391	  2.4557	368.5202	404.2766	391.8175	389.5744	389.5744	392.2436	 15.2208	 67.7615	  0.5601	   0.0856	  0.1984	    0.9234	  0.9607	   0.9234	  0.7991	 20.3958	  9.0777	  5.7485
2018	179	  22	  0	178.9167	323.1939	 -1.5729	   0.2792	    0.1675	   0.1634	  0.1592	  0.0137	  0.0688	  0.0688	  0.0688	  0.0688	377.7938	392.6648	382.1624	381.3640	381.3640	382.0748	 13.3793	 44.8082	  0.5731	   0.0000	  0.0086	    0.9234	  0.9607	   0.9234	  0.8162	 19.0417	  2.6360	  1.6129
2018	179	  23	  0	178.9583	336.3938	 -6.0886	   0.0000	    0.0000	   0.0000	  0.0000	  0.0000	  0.0000	  0.0000	  0.0000	  0.0000	379.5878	387.2027	378.2003	378.2003	378.2003	378.2003	 12.7430	 51.7854	  0.5052	   0.0000	  0.0000	    0.9234	  0.9607	   0.9234	  0.8205	 18.0208	  0.0000	  0.0000
2018	180	   0	  0	179.0000	350.0730	 -8.4961	   0.0000	    0.0000	   0.0000	  0.0000	  0.0000	  0.0000	  0.0000	  0.0000	  0.0000	371.3706	387.2246	377.4811	377.4811	377.4811	377.4811	 12.5307	 51.9310	  0.5052	   0.0000	  0.0000	    0.9234	  0.9607	   0.9234	  0.8113	 18.0250	  0.0000	  0.0000
2018	180	   1	  0	179.0417	 93.9819	 -8.9119	   0.1531	    0.0000	   0.0000	  0.0000	  0.0000	  0.0000	  0.0000	  0.0000	  0.0000	356.4078	389.2670	377.8184	377.8184	377.8184	377.8184	 12.4402	 52.0151	  0.5090	   0.0000	  0.0000	    0.9234	  0.9607	   0.9234	  0.7920	 18.4083	  0.0000	  0.0000
2018	180	   2	  0	179.0833	 17.7959	 -7.3994	   2.9312	    0.0000	   0.0000	  0.0000	  0.0000	  0.0000	  0.0000	  0.0000	  0.0000	343.2021	385.4367	371.3505	371.3505	371.3505	371.3505	 11.1583	 52.2932	  0.5620	   0.0000	  0.0000	    0.9234	  0.9607	   0.9234	  0.7772	 17.6875	  0.0000	  0.0000
2018	180	   3	  0	179.1250	 31.2247	 -3.7498	  23.7140	    0.0000	   0.0000	  0.0000	  0.0000	  0.0000	  0.0000	  0.0000	  0.0000	335.7872	376.7012	353.8032	353.8032	353.8032	353.8032	  7.9519	 52.3722	  0.8579	   0.0000	  0.0000	    0.9234	  0.9607	   0.9234	  0.7734	 16.0250	  0.0000	  0.0000
2018	180	   4	  0	179.1667	 44.1068	  1.2865	  89.7579	  149.0315	  65.9533	 71.8969	  5.5957	 27.6326	 27.6326	 35.3187	 36.3420	333.8479	374.6247	346.7356	346.7356	347.0816	347.0816	 11.2666	 40.4222	  1.0000	   0.0512	  0.0941	    0.9234	  0.9607	   0.9234	  0.7729	 15.4167	  3.0174	  0.0000
2018	180	   5	  0	179.2083	 56.4684	  7.1325	 187.3952	  692.4468	 100.8436	184.1150	  9.4905	 43.1024	 43.1024	 86.3094	111.2251	331.8586	378.7312	348.7447	348.8817	349.0192	349.0192	 17.1830	133.8180	  1.0000	   0.1169	  0.3138	    0.9234	  0.9607	   0.9234	  0.7698	 15.5458	  7.1977	  0.5494
2018	180	   6	  0	179.2500	 68.5006	 14.1465	 383.6417	  742.5599	 201.7677	377.0992	 21.4383	 86.3321	 86.3321	153.7437	263.1135	331.7512	391.5164	356.7849	358.0115	356.5219	356.5219	 28.2843	262.8848	  1.0000	   0.2630	  0.4583	    0.9234	  0.9607	   0.9234	  0.7666	 16.2042	  9.8305	  3.0105
2018	180	   7	  0	179.2917	 80.5306	 21.8088	 499.7950	  775.7000	 211.6204	493.1625	 30.1113	 93.3811	 93.3811	145.7066	422.7973	334.0276	413.3139	369.4449	372.7156	369.3165	369.3165	 35.2687	399.4328	  1.0000	   0.4649	  0.5000	    0.9234	  0.9607	   0.9234	  0.7657	 17.0167	 12.3509	  5.5309
2018	180	   8	  0	179.3333	 93.0407	 29.7579	 620.2725	  796.6392	 225.0111	613.4297	 41.5552	130.4112	103.2146	106.3871	536.6723	337.9545	439.3784	384.9032	390.2191	384.9865	384.9843	 41.2393	533.4307	  1.0000	   0.6302	  0.5000	    0.9234	  0.9607	   0.9234	  0.7659	 18.0667	 14.7146	  7.8946
2018	180	   9	  0	179.3750	106.6895	 37.6062	 724.5892	  813.5718	 228.3547	717.8687	 51.8174	243.3517	109.4306	109.4306	555.1431	340.7935	462.6737	398.8494	405.4640	400.4571	398.8494	 47.0107	656.0458	  1.0000	   0.7252	  0.5000	    0.9234	  0.9607	   0.9234	  0.7649	 19.0167	 16.8802	 10.0602
2018	180	  10	  0	179.4167	122.3342	 44.8527	 804.6000	  826.7329	 221.7833	798.3105	 60.1718	356.5806	111.4416	111.4416	499.6267	340.4819	480.9123	408.6199	415.6280	412.8338	408.6199	 50.1907	759.2429	  1.0000	   0.7872	  0.5000	    0.9234	  0.9607	   0.9234	  0.7617	 19.4167	 18.8099	 11.9899
2018	180	  11	  0	179.4583	140.9289	 50.8069	 853.0533	  830.8480	 209.3515	847.3367	 65.8191	445.0586	110.0996	110.0996	383.3283	341.4519	499.0979	419.1050	424.9546	426.5662	419.1050	 51.2769	835.4311	  1.0000	   0.8281	  0.5000	    0.9234	  0.9607	   0.9234	  0.7588	 20.1417	 20.4697	 13.6497
2018	180	  12	  0	179.5000	162.8794	 54.5617	 860.1140	  835.1056	 179.7031	855.5082	 67.4186	491.3289	100.8373	100.8373	221.1579	341.0246	514.6199	427.9626	430.6655	438.4748	427.9626	 49.6806	880.3854	  1.0000	   0.8500	  0.5000	    0.9234	  0.9607	   0.9234	  0.7531	 20.9250	 21.8307	 15.0107
2018	180	  13	  0	179.5417	186.8654	 55.2729	 833.0752	  803.8368	 172.3599	828.6767	 65.5209	482.6372	146.2640	 97.1810	101.0794	337.7097	525.0329	433.4753	433.4595	445.3496	434.6349	 48.3878	891.5203	  0.9935	   0.8539	  0.5000	    0.9234	  0.9607	   0.9234	  0.7438	 21.5250	 22.8689	 16.0489
2018	180	  14	  0	179.5833	209.9785	 52.7497	 767.6838	  715.3548	 198.0425	762.1834	 59.9196	415.6370	282.2240	102.5650	102.5650	339.5106	531.3450	439.3054	439.3054	450.0640	445.1255	 50.4025	863.9201	  0.9589	   0.8396	  0.5000	    0.9234	  0.9607	   0.9234	  0.7420	 22.2333	 23.5368	 16.7252
2018	180	  15	  0	179.6250	230.0453	 47.6218	 668.4963	  617.1323	 212.2201	662.2391	 51.1947	317.4945	357.7259	102.4389	102.4389	341.9304	522.5479	437.2700	437.2700	444.6818	446.2512	 49.0154	800.7634	  0.9200	   0.8074	  0.5000	    0.9234	  0.9607	   0.9234	  0.7442	 22.5458	 22.4473	 16.0442
2018	180	  16	  0	179.6667	246.8520	 40.8309	 545.3215	  511.2605	 210.3885	538.8417	 40.6417	211.5098	363.1125	 96.0001	 96.0001	341.7448	502.4946	428.4728	428.4728	432.2148	438.1890	 44.5089	708.3445	  0.8774	   0.7560	  0.5000	    0.9234	  0.9607	   0.9234	  0.7453	 22.4458	 20.0552	 14.3317
2018	180	  17	  0	179.7083	261.2408	 33.1700	 408.6377	  388.2294	 195.1286	402.3991	 29.5165	119.7739	300.7394	 84.8215	 84.8215	352.6377	478.3703	419.7491	419.7491	420.6379	428.5088	 38.3128	588.2518	  0.8323	   0.6749	  0.5000	    0.9234	  0.9607	   0.9234	  0.7647	 22.2375	 17.1236	 12.1603
2018	180	  18	  0	179.7500	274.1498	 25.2080	 268.6896	  249.3328	 161.0149	263.3803	 18.9999	 68.1121	192.2151	 75.2739	 67.5893	356.4775	449.7523	407.4592	407.4100	407.3499	413.9372	 30.8651	456.1160	  0.7656	   0.5489	  0.5000	    0.9234	  0.9607	   0.9234	  0.7744	 21.7750	 13.2556	  9.2937
2018	180	  19	  0	179.7917	286.3177	 17.3741	 135.4973	   86.7223	 107.9878	131.8312	 10.0104	 44.5161	 74.1074	 51.9667	 44.5161	346.4318	420.8316	394.4638	393.8443	393.8443	397.3990	 22.5765	321.2899	  0.6509	   0.3420	  0.4887	    0.9234	  0.9607	   0.9234	  0.7632	 21.2292	  8.2861	  5.6914
2018	180	  20	  0	179.8333	298.2980	 10.0303	  46.8062	   12.7961	  44.4187	 45.2772	  3.7716	 18.3622	 20.5028	 19.4222	 18.3622	339.3705	406.0472	387.7298	386.6493	386.6493	389.0939	 16.6560	188.1079	  0.5578	   0.1757	  0.3853	    0.9234	  0.9607	   0.9234	  0.7578	 20.2958	  6.9177	  4.5951
2018	180	  21	  0	179.8750	310.4876	  3.5831	   6.9567	    2.2898	   6.7708	  6.7232	  0.5698	  2.8249	  2.9810	  2.9478	  2.8249	336.5441	396.3397	380.3475	378.1297	378.1297	380.7755	 12.9519	 68.2770	  0.5736	   0.0850	  0.1978	    0.9234	  0.9607	   0.9234	  0.7603	 18.9417	  9.1122	  5.7668
2018	180	  22	  0	179.9167	323.1337	 -1.6040	   0.3567	    0.2071	   0.1997	  0.1945	  0.0168	  0.0840	  0.0840	  0.0840	  0.0840	335.1900	385.2361	370.4786	369.6810	369.6810	370.3933	 10.8582	 45.3015	  0.5768	   0.0000	  0.0083	    0.9234	  0.9607	   0.9234	  0.7657	 17.6500	  2.6724	  1.6341
2018	180	  23	  0	179.9583	336.3371	 -6.1834	   0.0021	    0.0000	   0.0000	  0.0000	  0.0000	  0.0000	  0.0000	  0.0000	  0.0000	332.0731	374.9752	362.3959	362.3959	362.3959	362.3959	  9.3815	 52.4433	  0.5061	   0.0000	  0.0000	    0.9234	  0.9607	   0.9234	  0.7696	 15.6917	  0.0000	  0.0000
2018	181	   0	  0	180.0000	350.0213	 -8.5393	   0.0058	    0.0000	   0.0000	  0.0000	  0.0000	  0.0000	  0.0000	  0.0000	  0.0000	330.6593	365.4913	353.5617	353.5617	353.5617	353.5617	  7.7215	 52.3589	  0.5062	   0.0000	  0.0000	    0.9234	  0.9607	   0.9234	  0.7735	 13.8500	  0.0000	  0.0000
2018	181	   1	  0	180.0417	 93.9369	 -8.9620	   0.1802	    0.0000	   0.0000	  0.0000	  0.0000	  0.0000	  0.0000	  0.0000	  0.0000	328.4535	358.6019	346.8684	346.8684	346.8684	346.8684	  6.4315	 52.1245	  0.5102	   0.0000	  0.0000	    0.9234	  0.9607	   0.9234	  0.7740	 12.4875	  0.0000	  0.0000
2018	181	   2	  0	180.0833	 17.7584	 -7.4561	   2.7046	    0.0000	   0.0000	  0.0000	  0.0000	  0.0000	  0.0000	  0.0000	  0.0000	324.0306	352.4663	339.4132	339.4132	339.4132	339.4132	  4.9685	 52.1795	  0.5586	   0.0000	  0.0000	    0.9234	  0.9607	   0.9234	  0.7714	 11.2583	  0.0000	  0.0000
2018	181	   3	  0	180.1250	 31.1950	 -3.8225	  22.5377	    0.0000	   0.0000	  0.0000	  0.0000	  0.0000	  0.0000	  0.0000	  0.0000	323.3381	348.8640	327.9916	327.9916	327.9916	327.9916	  2.8289	 52.1773	  0.8447	   0.0000	  0.0000	    0.9234	  0.9607	   0.9234	  0.7717	 10.5292	  0.0000	  0.0000
2018	181	   4	  0	180.1667	 44.0842	  1.2291	  95.1450	   86.6920	  74.7825	 77.1680	  6.3115	 31.2776	 31.2776	 35.5037	 36.1401	327.6589	355.3861	329.3003	329.3003	329.6299	329.6299	  8.2243	 39.5166	  1.0000	   0.0505	  0.0918	    0.9234	  0.9607	   0.9234	  0.7745	 11.6542	  2.8142	  0.0000
2018	181	   5	  0	180.2083	 56.4517	  7.0678	 209.4506	  656.0129	 127.2295	205.2486	 11.6548	 54.0318	 54.0318	 94.9698	118.8649	336.2151	371.1885	343.1647	343.2967	343.4375	343.4375	 17.5355	132.1167	  1.0000	   0.1156	  0.3120	    0.9234	  0.9607	   0.9234	  0.7793	 14.1000	  7.1719	  0.5322
2018	181	   6	  0	180.2500	 68.4880	 14.0798	 344.0331	  728.7803	 166.5110	338.6985	 18.3446	 71.8104	 71.8104	137.6722	244.2362	343.1291	391.2580	358.7107	359.9268	358.4536	358.4536	 26.7324	260.1734	  1.0000	   0.2616	  0.4573	    0.9234	  0.9607	   0.9234	  0.7815	 16.1750	  9.8051	  2.9851
2018	181	   7	  0	180.2917	 80.5206	 21.7414	 481.2310	  757.7372	 200.5045	474.9651	 28.8166	 88.6817	 88.6817	139.6224	409.4112	347.6483	417.3023	375.3540	378.6357	375.2285	375.2285	 35.3839	395.8314	  1.0000	   0.4631	  0.5000	    0.9234	  0.9607	   0.9234	  0.7814	 17.7583	 12.3260	  5.5060
2018	181	   8	  0	180.3333	 93.0308	 29.6901	 609.8123	  785.9255	 220.5572	603.1092	 40.8065	128.0909	101.2325	104.3552	528.5039	346.2632	443.6850	390.0078	395.3452	390.0894	390.0902	 41.5931	530.6022	  1.0000	   0.6291	  0.5000	    0.9234	  0.9607	   0.9234	  0.7743	 18.8333	 14.6905	  7.8705
2018	181	   9	  0	180.3750	106.6764	 37.5384	 718.7002	  808.9959	 226.0082	712.0524	 51.3577	241.4384	108.3612	108.3612	551.5816	343.6697	465.9355	401.9764	408.6112	403.5865	401.9764	 47.2303	654.5841	  1.0000	   0.7245	  0.5000	    0.9234	  0.9607	   0.9234	  0.7663	 19.5792	 16.8571	 10.0371
2018	181	  10	  0	180.4167	122.3124	 44.7857	 797.7846	  822.6269	 218.5429	791.5986	 59.6191	353.9329	110.0220	110.0220	496.5740	341.7385	485.4817	412.3156	419.3630	416.5488	412.3156	 50.4443	758.8870	  1.0000	   0.7867	  0.5000	    0.9234	  0.9607	   0.9234	  0.7596	 20.1708	 18.7877	 11.9677
2018	181	  11	  0	180.4583	140.8903	 50.7425	 842.1588	  823.7619	 204.5518	836.5936	 64.9362	440.1576	107.9620	107.9620	379.3828	343.8175	505.5113	424.3478	430.2502	431.8671	424.3478	 51.6093	835.1870	  1.0000	   0.8277	  0.5000	    0.9234	  0.9607	   0.9234	  0.7567	 21.1583	 20.4484	 13.6284
2018	181	  12	  0	180.5000	162.8161	 54.5032	 849.4985	  832.3957	 171.8118	845.1590	 66.5261	487.1346	 97.6656	 97.6656	218.5250	347.5284	520.2379	433.5727	436.3075	444.1539	433.5727	 50.0873	877.7839	  1.0000	   0.8497	  0.5000	    0.9234	  0.9607	   0.9234	  0.7583	 21.8000	 21.8101	 14.9901
2018	181	  13	  0	180.5417	186.7786	 55.2246	 820.4858	  771.5546	 186.6798	815.5292	 64.6280	471.8020	148.1788	101.4256	105.3150	345.9694	528.1708	437.9293	437.9170	449.8466	439.0776	 48.9085	887.1244	  0.9878	   0.8536	  0.5000	    0.9234	  0.9607	   0.9234	  0.7541	 22.0167	 22.8490	 16.0290
2018	181	  14	  0	180.5833	209.8809	 52.7133	 760.5281	  695.1428	 207.2777	754.6701	 59.4371	410.0220	279.6524	105.3626	105.3626	342.7224	529.1482	438.8778	438.8778	449.5542	444.6096	 50.2580	861.0701	  0.9536	   0.8393	  0.5000	    0.9234	  0.9607	   0.9234	  0.7485	 22.0375	 23.3853	 16.6117
2018	181	  15	  0	180.6250	229.9496	 47.5953	 665.6319	  606.8410	 217.2180	659.1835	 51.0292	315.8681	354.8854	104.0156	104.0156	337.4015	513.7367	430.5232	430.5232	437.7151	439.2084	 48.0611	800.7628	  0.9165	   0.8072	  0.5000	    0.9234	  0.9607	   0.9234	  0.7431	 21.5750	 22.0059	 15.7237
2018	181	  16	  0	180.6667	246.7634	 40.8109	 547.3062	  513.2937	 211.2325	540.8000	 40.7837	212.6912	364.4384	 96.3742	 96.3742	335.9760	495.1752	421.7982	421.7982	425.4996	431.3736	 43.6693	708.8014	  0.8798	   0.7558	  0.5000	    0.9234	  0.9607	   0.9234	  0.7428	 21.3542	 20.0018	 14.2889
2018	181	  17	  0	180.7083	261.1594	 33.1530	 410.9950	  396.4663	 193.1553	404.8348	 29.6089	120.0985	304.6222	 84.2126	 84.2126	337.8176	471.5569	411.5673	411.5673	412.4622	420.2381	 37.1443	591.8129	  0.8321	   0.6746	  0.5000	    0.9234	  0.9607	   0.9234	  0.7479	 21.1292	 17.1422	 12.1694
2018	181	  18	  0	180.7500	274.0742	 25.1913	 271.7258	  262.2350	 158.7368	266.5078	 19.0668	 67.4398	197.6855	 74.9353	 66.8596	336.1148	443.5081	398.5608	398.5056	398.4483	405.0613	 29.4953	460.4170	  0.7671	   0.5486	  0.5000	    0.9234	  0.9607	   0.9234	  0.7492	 20.6292	 13.4477	  9.4242
2018	181	  19	  0	180.7917	286.2464	 17.3554	 143.2396	  110.9917	 108.5352	139.5715	 10.2824	 44.9137	 82.0229	 54.4511	 44.9137	338.6161	416.4779	388.3549	387.6290	387.6290	391.5581	 21.9006	321.9025	  0.6744	   0.3414	  0.4886	    0.9234	  0.9607	   0.9234	  0.7567	 20.1833	  9.1151	  6.2572
2018	181	  20	  0	180.8333	298.2300	 10.0078	  47.4771	   12.6556	  45.0956	 45.9247	  3.8288	 18.6403	 20.7856	 19.6911	 18.6403	342.8150	400.2628	382.9771	381.9116	381.9116	384.3320	 15.9079	186.9446	  0.5620	   0.1754	  0.3848	    0.9234	  0.9607	   0.9234	  0.7685	 19.2417	  6.9158	  4.5916
2018	181	  21	  0	180.8750	310.4224	  3.5563	   6.8281	    2.0037	   6.6645	  6.5983	  0.5607	  2.7806	  2.9168	  2.8871	  2.7806	342.4176	391.2630	376.5891	374.3934	374.3934	377.0189	 12.3314	 67.4441	  0.5744	   0.0844	  0.1969	    0.9234	  0.9607	   0.9234	  0.7732	 18.0042	  9.1200	  5.7676
2018	181	  22	  0	180.9167	323.0717	 -1.6424	   0.3388	    0.1998	   0.1928	  0.1876	  0.0162	  0.0811	  0.0811	  0.0811	  0.0811	339.6044	381.0144	367.2315	366.4393	366.4393	367.1487	 10.3093	 44.8519	  0.5778	   0.0000	  0.0080	    0.9234	  0.9607	   0.9234	  0.7750	 16.8500	  2.6800	  1.6374
2018	181	  23	  0	180.9583	336.2795	 -6.2285	   0.0010	    0.0000	   0.0000	  0.0000	  0.0000	  0.0000	  0.0000	  0.0000	  0.0000	336.4256	374.4665	362.3424	362.3424	362.3424	362.3424	  9.4193	 52.0733	  0.5068	   0.0000	  0.0000	    0.9234	  0.9607	   0.9234	  0.7756	 15.5958	  0.0000	  0.0000
2018	182	   0	  0	181.0000	349.9697	 -8.5892	   0.0000	    0.0000	   0.0000	  0.0000	  0.0000	  0.0000	  0.0000	  0.0000	  0.0000	333.1159	368.5990	356.6377	356.6377	356.6377	356.6377	  8.3247	 52.0735	  0.5068	   0.0000	  0.0000	    0.9234	  0.9607	   0.9234	  0.7749	 14.4583	  0.0000	  0.0000
2018	182	   1	  0	181.0417	 93.8928	 -9.0188	   0.1415	    0.0000	   0.0000	  0.0000	  0.0000	  0.0000	  0.0000	  0.0000	  0.0000	329.8012	363.2250	351.2783	351.2783	351.2783	351.2783	  7.2833	 51.8873	  0.5102	   0.0000	  0.0000	    0.9234	  0.9607	   0.9234	  0.7736	 13.4042	  0.0000	  0.0000
2018	182	   2	  0	181.0833	 17.7230	 -7.5193	   2.5767	    0.0000	   0.0000	  0.0000	  0.0000	  0.0000	  0.0000	  0.0000	  0.0000	329.0122	356.5974	343.7274	343.7274	343.7274	343.7274	  5.8539	 51.8622	  0.5571	   0.0000	  0.0000	    0.9234	  0.9607	   0.9234	  0.7753	 12.0875	  0.0000	  0.0000
2018	182	   3	  0	181.1250	 31.1681	 -3.9033	  21.8960	    0.0000	   0.0000	  0.0000	  0.0000	  0.0000	  0.0000	  0.0000	  0.0000	327.6849	351.5570	331.0464	331.0464	331.0464	331.0464	  3.4784	 51.8644	  0.8399	   0.0000	  0.0000	    0.9234	  0.9607	   0.9234	  0.7754	 11.0750	  0.0000	  0.0000
2018	182	   4	  0	181.1667	 44.0651	  1.1664	  93.6165	   82.7702	  67.8381	 70.1609	  5.7261	 28.3597	 28.3597	 32.3383	 32.9395	328.3418	354.8739	328.9962	328.9962	329.2884	329.2884	  7.7216	 42.6728	  1.0000	   0.0497	  0.0886	    0.9234	  0.9607	   0.9234	  0.7754	 11.5583	  2.4959	  0.0000
2018	182	   5	  0	181.2083	 56.4388	  6.9977	 207.5388	  654.4203	 126.2731	203.3676	 11.5543	 53.6235	 53.6235	 94.0079	117.5961	335.6648	367.4814	339.8990	340.0257	340.1751	340.1751	 16.8704	130.7687	  1.0000	   0.1142	  0.3100	    0.9234	  0.9607	   0.9234	  0.7801	 13.3917	  7.1430	  0.5137
2018	182	   6	  0	181.2500	 68.4800	 14.0079	 341.9927	  732.0084	 164.5060	336.7273	 18.1529	 70.9894	 70.9894	136.8035	243.3004	338.4228	389.1914	356.1479	357.3488	355.8980	355.8980	 26.1894	259.3828	  1.0000	   0.2601	  0.4563	    0.9234	  0.9607	   0.9234	  0.7765	 15.8083	  9.7765	  2.9565
2018	182	   7	  0	181.2917	 80.5154	 21.6688	 477.9906	  762.5532	 196.4052	471.8683	 28.4589	 87.0553	 87.0553	138.1419	408.5625	340.2575	419.8668	375.9580	379.2405	375.8359	375.8359	 35.2610	396.3438	  1.0000	   0.4611	  0.5000	    0.9234	  0.9607	   0.9234	  0.7691	 18.2458	 12.2981	  5.4781
2018	182	   8	  0	181.3333	 93.0262	 29.6173	 604.2425	  786.3935	 215.6856	597.7061	 40.3169	126.0515	 99.2770	102.4138	526.3356	342.3998	448.4901	392.9195	398.2810	392.9996	393.0031	 41.7460	531.2366	  1.0000	   0.6280	  0.5000	    0.9234	  0.9607	   0.9234	  0.7646	 19.6792	 14.6635	  7.8435
2018	182	   9	  0	181.3750	106.6689	 37.4654	 709.6719	  804.0422	 220.8399	703.1936	 50.6369	238.3420	106.1767	106.1767	546.6933	344.6583	470.9872	406.0248	412.6962	407.6413	406.0248	 47.4383	654.0842	  1.0000	   0.7238	  0.5000	    0.9234	  0.9607	   0.9234	  0.7634	 20.4333	 16.8310	 10.0110
2018	182	  10	  0	181.4167	122.2962	 44.7132	 790.0912	  814.9822	 216.9769	783.9449	 59.0228	350.7982	109.1371	109.1371	492.3972	348.0371	491.3352	418.1098	425.2081	422.3702	418.1098	 50.9688	756.3972	  1.0000	   0.7861	  0.5000	    0.9234	  0.9607	   0.9234	  0.7641	 21.1250	 18.7626	 11.9426
2018	182	  11	  0	181.4583	140.8568	 50.6720	 838.4217	  818.0652	 205.8427	832.8001	 64.6439	438.3220	108.2227	108.2227	378.1671	350.5108	510.0693	429.2670	435.2054	436.8197	429.2670	 52.1794	832.1312	  1.0000	   0.8272	  0.5000	    0.9234	  0.9607	   0.9234	  0.7630	 21.8875	 20.4243	 13.6043
2018	182	  12	  0	181.5000	162.7563	 54.4382	 846.7088	  835.5931	 166.9696	842.5413	 66.2558	487.1930	 95.8896	 95.8896	217.8106	352.6673	525.5568	438.6545	441.4148	449.3001	438.6545	 50.6517	875.7976	  1.0000	   0.8493	  0.5000	    0.9234	  0.9607	   0.9234	  0.7615	 22.6250	 21.7870	 14.9670
2018	182	  13	  0	181.5417	186.6927	 55.1694	 817.4787	  770.6000	 184.8742	812.5817	 64.3666	471.0500	146.8714	100.6689	104.6972	351.3895	535.4176	444.4851	444.4759	456.5142	445.6288	 49.6804	885.6820	  0.9862	   0.8533	  0.5000	    0.9234	  0.9607	   0.9234	  0.7560	 23.1167	 22.8265	 16.0065
2018	182	  14	  0	181.5833	209.7816	 52.6700	 753.9377	  682.3203	 211.1770	747.9203	 58.9562	405.9717	276.9229	106.3783	106.3783	350.3030	534.8278	445.0197	445.0197	455.7489	450.7449	 50.9262	858.2212	  0.9490	   0.8391	  0.5000	    0.9234	  0.9607	   0.9234	  0.7549	 22.9750	 23.2762	 16.5278
2018	182	  15	  0	181.6250	229.8506	 47.5624	 660.4602	  599.2399	 217.9292	653.9734	 50.6485	313.6755	351.5472	104.0237	104.0237	350.0370	525.2313	441.7958	441.7958	449.1240	450.6280	 49.4274	797.0063	  0.9140	   0.8070	  0.5000	    0.9234	  0.9607	   0.9234	  0.7528	 23.2958	 22.0330	 15.7374
2018	182	  16	  0	181.6667	246.6709	 40.7847	 540.7937	  505.0187	 210.2984	534.3067	 40.3161	210.6716	359.3389	 95.7731	 95.7731	347.8446	509.2557	435.1052	435.1052	438.8907	444.8426	 45.2767	706.7049	  0.8729	   0.7556	  0.5000	    0.9234	  0.9607	   0.9234	  0.7479	 23.5833	 19.9371	 14.2375
2018	182	  17	  0	181.7083	261.0742	 33.1299	 406.6156	  393.4216	 190.6307	400.5383	 29.2752	119.0214	301.7682	 83.1484	 83.1484	346.0739	484.6508	423.4512	423.4512	424.3725	432.2962	 38.7012	591.2562	  0.8255	   0.6743	  0.5000	    0.9234	  0.9607	   0.9234	  0.7481	 23.2375	 17.1433	 12.1654
2018	182	  18	  0	181.7500	273.9951	 25.1685	 269.0827	  263.2752	 155.7758	263.9677	 18.8283	 66.3139	196.9354	 73.6792	 65.6934	344.3237	457.5691	411.2556	411.2054	411.1481	417.9677	 31.3493	460.1158	  0.7620	   0.5481	  0.5000	    0.9234	  0.9607	   0.9234	  0.7482	 22.9375	 13.5559	  9.4959
2018	182	  19	  0	181.7917	286.1720	 17.3305	 142.0198	  114.0398	 106.4492	138.4259	 10.1323	 44.0906	 82.0920	 53.8255	 44.0906	342.8554	427.8624	398.5364	397.7889	397.7889	401.8580	 23.5144	321.9837	  0.6708	   0.3406	  0.4884	    0.9234	  0.9607	   0.9234	  0.7519	 22.1500	  9.2394	  6.3394
2018	182	  20	  0	181.8333	298.1592	  9.9791	  46.9571	   13.2138	  44.4836	 45.4260	  3.7789	 18.3898	 20.6199	 19.4807	 18.3898	341.7835	409.9631	391.3773	390.2957	390.2957	392.7651	 17.3132	187.1618	  0.5594	   0.1751	  0.3841	    0.9234	  0.9607	   0.9234	  0.7576	 21.0042	  6.9347	  4.6013
2018	182	  21	  0	181.8750	310.3550	  3.5235	   6.5377	    2.1463	   6.3617	  6.3180	  0.5354	  2.6547	  2.7994	  2.7673	  2.6547	340.2758	400.6841	384.7268	382.4586	382.4586	385.1708	 13.7375	 67.1215	  0.5718	   0.0836	  0.1958	    0.9234	  0.9607	   0.9234	  0.7618	 19.7417	  9.2503	  5.8436
2018	182	  22	  0	181.9167	323.0082	 -1.6880	   0.2979	    0.1787	   0.1719	  0.1672	  0.0144	  0.0723	  0.0723	  0.0723	  0.0723	336.9053	386.6145	371.8551	371.0535	371.0535	371.7731	 11.1248	 44.6698	  0.5782	   0.0000	  0.0075	    0.9234	  0.9607	   0.9234	  0.7669	 17.9083	  2.6790	  1.6353
2018	182	  23	  0	181.9583	336.2211	 -6.2804	   0.0000	    0.0000	   0.0000	  0.0000	  0.0000	  0.0000	  0.0000	  0.0000	  0.0000	334.4848	377.0248	364.4635	364.4635	364.4635	364.4635	  9.7904	 51.9190	  0.5074	   0.0000	  0.0000	    0.9234	  0.9607	   0.9234	  0.7714	 16.0875	  0.0000	  0.0000
2018	183	   0	  0	182.0000	349.9182	 -8.6459	   0.0000	    0.0000	   0.0000	  0.0000	  0.0000	  0.0000	  0.0000	  0.0000	  0.0000	332.9108	368.7100	356.6983	356.6983	356.6983	356.6983	  8.3334	 51.8545	  0.5075	   0.0000	  0.0000	    0.9234	  0.9607	   0.9234	  0.7745	 14.4792	  0.0000	  0.0000
2018	183	   1	  0	182.0417	 93.8499	 -9.0822	   0.0510	    0.0000	   0.0000	  0.0000	  0.0000	  0.0000	  0.0000	  0.0000	  0.0000	332.2833	361.9798	350.3690	350.3690	350.3690	350.3690	  7.1383	 51.6461	  0.5090	   0.0000	  0.0000	    0.9234	  0.9607	   0.9234	  0.7769	 13.1583	  0.0000	  0.0000
2018	183	   2	  0	182.0833	 17.6895	 -7.5890	   1.9965	    0.0000	   0.0000	  0.0000	  0.0000	  0.0000	  0.0000	  0.0000	  0.0000	331.1481	357.2197	344.7795	344.7795	344.7795	344.7795	  6.0759	 51.6432	  0.5467	   0.0000	  0.0000	    0.9234	  0.9607	   0.9234	  0.7774	 12.2125	  0.0000	  0.0000
2018	183	   3	  0	182.1250	 31.1440	 -3.9874	  20.9546	    0.0000	   0.0000	  0.0000	  0.0000	  0.0000	  0.0000	  0.0000	  0.0000	329.8021	353.5402	333.3622	333.3622	333.3622	333.3622	  3.9529	 51.6543	  0.8306	   0.0000	  0.0000	    0.9234	  0.9607	   0.9234	  0.7770	 11.4750	  0.0000	  0.0000
2018	183	   4	  0	182.1667	 44.0494	  1.0984	  91.9506	   75.2555	  67.1965	 69.0533	  5.6684	 28.0899	 28.0899	 31.6386	 32.1808	333.1238	358.2026	332.6186	332.6186	332.9140	332.9140	  8.3746	 41.6905	  1.0000	   0.0487	  0.0865	    0.9234	  0.9607	   0.9234	  0.7794	 12.2292	  2.4683	  0.0000
2018	183	   5	  0	182.2083	 56.4301	  6.9222	 206.7933	  648.8052	 126.9124	202.5968	 11.5832	 53.8734	 53.8734	 93.4578	116.6513	338.3798	372.0319	344.2677	344.3911	344.5543	344.5543	 17.6088	129.3607	  1.0000	   0.1127	  0.3079	    0.9234	  0.9607	   0.9234	  0.7813	 14.2917	  7.1109	  0.4950
2018	183	   6	  0	182.2500	 68.4764	 13.9308	 342.7708	  731.2250	 166.4423	337.4358	 18.2613	 71.7558	 71.7558	137.1306	242.8689	340.1067	392.1295	358.9377	360.1320	358.6953	358.6953	 26.6825	257.9675	  1.0000	   0.2585	  0.4552	    0.9234	  0.9607	   0.9234	  0.7769	 16.3833	  9.7448	  2.9248
2018	183	   7	  0	182.2917	 80.5151	 21.5912	 481.5717	  761.1656	 201.4514	475.2716	 28.7683	 89.0254	 89.0254	139.7805	408.6476	344.7202	420.0999	377.1274	380.3929	377.0088	377.0088	 35.6161	394.1558	  1.0000	   0.4589	  0.4999	    0.9234	  0.9607	   0.9234	  0.7751	 18.3292	 12.2671	  5.4471
2018	183	   8	  0	182.3333	 93.0268	 29.5394	 612.5781	  786.8901	 224.6764	605.7295	 40.9944	129.5859	102.7866	105.9135	529.6444	348.2246	449.6245	395.1105	400.4616	395.1894	395.1943	 42.4355	528.5593	  1.0000	   0.6268	  0.5000	    0.9234	  0.9607	   0.9234	  0.7722	 19.9042	 14.6334	  7.8134
2018	183	   9	  0	182.3750	106.6669	 37.3873	 721.9688	  810.5672	 229.9763	715.1822	 51.5798	243.1804	109.8632	109.8632	553.9157	344.7351	472.5176	407.2251	413.8929	408.8386	407.2251	 48.0802	653.4952	  1.0000	   0.7230	  0.5000	    0.9234	  0.9607	   0.9234	  0.7619	 20.7167	 16.8020	  9.9820
2018	183	  10	  0	182.4167	122.2858	 44.6352	 803.9000	  825.4460	 224.2168	797.5190	 60.0682	357.0801	112.2202	112.2202	500.6657	342.6060	494.5396	419.1942	426.3116	423.4658	419.1942	 51.5811	759.0542	  1.0000	   0.7855	  0.5000	    0.9234	  0.9607	   0.9234	  0.7524	 21.6583	 18.7348	 11.9148
2018	183	  11	  0	182.4583	140.8285	 50.5956	 855.2206	  832.5335	 212.1337	849.4065	 65.9323	447.3219	111.1196	111.1196	386.2200	339.3543	516.1308	430.8743	436.8585	438.4775	430.8743	 52.8853	839.6371	  1.0000	   0.8268	  0.5000	    0.9234	  0.9607	   0.9234	  0.7390	 22.8417	 20.3976	 13.5776
2018	183	  12	  0	182.5000	162.7002	 54.3666	 862.5298	  837.2932	 181.9857	857.8455	 67.5546	494.2340	101.6978	101.6978	223.8632	341.5636	530.6067	439.4784	442.2653	450.1804	439.4784	 51.3005	883.5453	  1.0000	   0.8489	  0.5000	    0.9234	  0.9607	   0.9234	  0.7384	 23.4083	 21.7612	 14.9412
2018	183	  13	  0	182.5417	186.6077	 55.1073	 826.3996	  803.2898	 167.4379	822.1670	 64.9192	481.8303	142.6072	 95.1862	 99.5721	347.5714	540.4108	446.9380	446.9321	459.0376	448.0741	 49.9457	889.2542	  0.9900	   0.8530	  0.5000	    0.9234	  0.9607	   0.9234	  0.7448	 23.8792	 22.8015	 15.9815
2018	183	  14	  0	182.5833	209.6807	 52.6200	 752.9192	  684.7101	 208.5307	746.9970	 58.8475	406.7690	275.7841	105.4323	105.4323	355.9993	541.2928	450.9731	450.9731	461.8097	456.7308	 51.6493	856.7780	  0.9494	   0.8388	  0.5000	    0.9234	  0.9607	   0.9234	  0.7580	 23.9292	 23.2793	 16.5229
2018	183	  15	  0	182.6250	229.7485	 47.5230	 654.2779	  574.0002	 230.4705	647.3137	 50.3296	309.6538	344.5296	108.0395	108.0395	370.3732	524.6491	446.2429	446.2429	453.4823	454.9115	 49.9846	787.1932	  0.9166	   0.8067	  0.5000	    0.9234	  0.9607	   0.9234	  0.7838	 23.4833	 21.6935	 15.4885
2018	183	  16	  0	182.6667	246.5748	 40.7523	 533.9317	  470.9853	 225.8880	526.8531	 40.0777	208.4909	346.5136	100.8793	100.8793	373.0379	503.3981	436.7266	436.7266	440.3810	446.0851	 45.4642	694.7917	  0.8763	   0.7553	  0.5000	    0.9234	  0.9607	   0.9234	  0.7905	 23.1375	 19.3422	 13.8071
2018	183	  17	  0	182.7083	260.9854	 33.1008	 399.8567	  358.4714	 203.0734	393.3042	 29.1382	120.4365	286.3937	 87.2840	 87.2840	371.9648	477.2453	423.7295	423.7295	424.5992	432.0777	 38.7017	580.8792	  0.8263	   0.6740	  0.5000	    0.9234	  0.9607	   0.9234	  0.7926	 22.5667	 16.3876	 11.6243
2018	183	  18	  0	182.7500	273.9125	 25.1397	 263.2919	  231.4583	 163.6938	257.8710	 18.7965	 68.9707	183.7781	 75.2032	 68.3803	371.5746	450.4733	411.3828	411.3689	411.3126	417.6365	 31.3458	451.5146	  0.7603	   0.5476	  0.5000	    0.9234	  0.9607	   0.9234	  0.7948	 22.2000	 12.7591	  8.9337
2018	183	  19	  0	182.7917	286.0943	 17.2996	 137.3244	   89.6791	 109.1369	133.6202	 10.1177	 45.0032	 75.2199	 52.5640	 45.0032	367.7030	421.9977	398.1668	397.5346	397.5346	401.1939	 23.4435	316.3313	  0.6640	   0.3396	  0.4883	    0.9234	  0.9607	   0.9234	  0.7940	 21.3875	  8.4853	  5.8192
2018	183	  20	  0	182.8333	298.0857	  9.9442	  44.2815	   10.6386	  42.2792	 42.8255	  3.5855	 17.4724	 19.2852	 18.3508	 17.4724	366.2557	404.8965	390.3309	389.2790	389.2790	391.6949	 17.2140	183.7495	  0.5499	   0.1746	  0.3833	    0.9234	  0.9607	   0.9234	  0.7978	 20.1042	  6.8599	  4.5486
2018	183	  21	  0	182.8750	310.2854	  3.4846	   5.5558	    1.2289	   5.4467	  5.3679	  0.4580	  2.2725	  2.3562	  2.3351	  2.2725	369.4146	396.8824	385.2270	382.9992	382.9992	385.6738	 14.0512	 65.3960	  0.5602	   0.0823	  0.1944	    0.9234	  0.9607	   0.9234	  0.8050	 19.0583	  9.1873	  5.7993
2018	183	  22	  0	182.9167	322.9431	 -1.7409	   0.2225	    0.1231	   0.1199	  0.1165	  0.0101	  0.0504	  0.0504	  0.0504	  0.0504	372.7807	387.1157	376.4086	375.6208	375.6208	376.3297	 12.3042	 43.6817	  0.5770	   0.0000	  0.0070	    0.9234	  0.9607	   0.9234	  0.8126	 18.0042	  2.6519	  1.6170
2018	183	  23	  0	182.9583	336.1620	 -6.3396	   0.0031	    0.0000	   0.0000	  0.0000	  0.0000	  0.0000	  0.0000	  0.0000	  0.0000	367.9559	381.8677	372.0835	372.0835	372.0835	372.0835	 11.5273	 51.0463	  0.5081	   0.0000	  0.0000	    0.9234	  0.9607	   0.9234	  0.8094	 17.0125	  0.0000	  0.0000
2018	184	   0	  0	183.0000	349.8669	 -8.7094	   0.0000	    0.0000	   0.0000	  0.0000	  0.0000	  0.0000	  0.0000	  0.0000	  0.0000	360.5107	376.8699	366.7361	366.7361	366.7361	366.7361	 10.4796	 51.1554	  0.5080	   0.0000	  0.0000	    0.9234	  0.9607	   0.9234	  0.8028	 16.0583	  0.0000	  0.0000
2018	184	   1	  0	183.0417	 93.8081	 -9.1523	   0.0612	    0.0000	   0.0000	  0.0000	  0.0000	  0.0000	  0.0000	  0.0000	  0.0000	360.0204	371.6845	361.7488	361.7488	361.7488	361.7488	  9.5615	 50.9722	  0.5098	   0.0000	  0.0000	    0.9234	  0.9607	   0.9234	  0.8036	 15.0583	  0.0000	  0.0000
2018	184	   2	  0	183.0833	 17.6581	 -7.6652	   1.9979	    0.0000	   0.0000	  0.0000	  0.0000	  0.0000	  0.0000	  0.0000	  0.0000	358.3231	366.5527	355.7696	355.7696	355.7696	355.7696	  8.4475	 50.9940	  0.5477	   0.0000	  0.0000	    0.9234	  0.9607	   0.9234	  0.8027	 14.0583	  0.0000	  0.0000
2018	184	   3	  0	183.1250	 31.1228	 -4.0800	  19.9498	    0.0000	   0.0000	  0.0000	  0.0000	  0.0000	  0.0000	  0.0000	  0.0000	355.3452	363.3916	345.3907	345.3907	345.3907	345.3907	  6.5507	 51.0434	  0.8272	   0.0000	  0.0000	    0.9234	  0.9607	   0.9234	  0.8002	 13.4375	  0.0000	  0.0000
2018	184	   4	  0	183.1667	 44.0372	  1.0250	  87.2527	   71.7232	  64.0328	 65.7117	  5.4005	 26.7703	 26.7703	 30.0921	 30.6000	359.3822	369.3909	346.3365	346.3365	346.6412	346.6412	 10.9621	 40.3595	  1.0000	   0.0475	  0.0842	    0.9234	  0.9607	   0.9234	  0.8035	 14.4375	  2.4695	  0.0000
2018	184	   5	  0	183.2083	 56.4253	  6.8414	 200.7819	  625.0802	 124.7053	196.6526	 11.3431	 52.9050	 52.9050	 90.4786	112.5272	367.6572	385.1176	360.3817	360.5036	360.6871	360.6871	 20.2649	126.5336	  1.0000	   0.1111	  0.3057	    0.9234	  0.9607	   0.9234	  0.8093	 16.8083	  7.0758	  0.4746
2018	184	   6	  0	183.2500	 68.4773	 13.8486	 333.2404	  699.0792	 165.7264	327.9093	 17.9583	 71.2797	 71.2797	133.3844	233.7400	377.4345	406.0859	377.4805	378.6924	377.2450	377.2450	 29.3903	252.7058	  1.0000	   0.2568	  0.4540	    0.9234	  0.9607	   0.9234	  0.8158	 18.9750	  9.7101	  2.8901
2018	184	   7	  0	183.2917	 80.5197	 21.5086	 466.3940	  726.1601	 200.0873	460.1084	 28.0183	 88.0691	 88.0691	136.2034	391.7215	384.1288	433.2158	395.6148	398.9370	395.5015	395.5015	 37.8702	386.3452	  1.0000	   0.4567	  0.4999	    0.9234	  0.9607	   0.9234	  0.8188	 20.6667	 12.2331	  5.4131
2018	184	   8	  0	183.3333	 93.0328	 29.4566	 589.2752	  748.3471	 221.3895	582.4930	 39.5316	126.1781	100.7463	103.7163	506.1673	389.8750	464.6129	415.7868	421.2471	415.8648	415.8738	 44.6003	517.7721	  1.0000	   0.6256	  0.5000	    0.9234	  0.9607	   0.9234	  0.8197	 22.4292	 14.6004	  7.7804
2018	184	   9	  0	183.3750	106.6706	 37.3041	 690.0942	  762.9739	 227.9302	683.3081	 49.4140	233.2696	107.8323	107.8323	525.7993	395.6645	487.0588	429.6531	436.4511	431.2937	429.6531	 50.1291	636.9035	  1.0000	   0.7222	  0.5000	    0.9234	  0.9607	   0.9234	  0.8243	 23.0833	 16.7702	  9.9502
2018	184	  10	  0	183.4167	122.2811	 44.5519	 768.1867	  775.7641	 224.1780	761.7230	 57.4965	340.9101	110.6374	110.6374	475.9279	395.8268	503.6767	438.1732	445.3720	442.4892	438.1732	 53.0926	737.5557	  1.0000	   0.7849	  0.5000	    0.9234	  0.9607	   0.9234	  0.8238	 23.1167	 18.7041	 11.8841
2018	184	  11	  0	183.4583	140.8055	 50.5132	 812.3587	  801.7296	 193.5377	807.1299	 62.5359	427.2724	102.8405	102.8405	367.4287	395.0907	520.0001	446.9176	452.9278	454.5435	446.9176	 53.7629	812.4235	  1.0000	   0.8263	  0.5000	    0.9234	  0.9607	   0.9234	  0.8208	 23.4625	 20.3681	 13.5481
2018	184	  12	  0	183.5000	162.6477	 54.2886	 803.7115	  733.9015	 208.0401	797.9270	 63.1894	451.8023	107.7603	107.7603	217.4111	395.5987	532.7707	454.1057	456.9051	464.8187	454.1057	 52.2845	855.2542	  0.9969	   0.8485	  0.5000	    0.9234	  0.9607	   0.9234	  0.8198	 23.7625	 21.7327	 14.9127
2018	184	  13	  0	183.5417	186.5237	 55.0385	 788.8735	  691.5388	 222.1059	782.5351	 62.3689	445.1623	153.3171	111.9018	115.6375	389.2032	546.2849	461.8529	461.8502	474.0357	462.9842	 51.9217	868.0060	  0.9730	   0.8526	  0.5000	    0.9234	  0.9607	   0.9234	  0.8050	 24.7667	 22.7739	 15.9539
2018	184	  14	  0	183.5833	209.5783	 52.5632	 732.9027	  639.7689	 224.7807	726.3337	 57.4353	391.8665	269.4891	110.0113	110.0113	375.6444	551.1690	463.9320	463.9320	474.7229	469.6190	 52.9640	849.3684	  0.9337	   0.8385	  0.5000	    0.9234	  0.9607	   0.9234	  0.7780	 25.7708	 22.8006	 16.1750
2018	184	  15	  0	183.6250	229.6434	 47.4770	 641.0037	  554.5688	 231.8543	633.9572	 49.3623	303.2082	336.1808	107.9165	107.9165	372.7697	532.3907	453.9838	453.9838	461.1023	462.4654	 50.5483	788.4317	  0.8987	   0.8064	  0.5000	    0.9234	  0.9607	   0.9234	  0.7776	 25.1875	 21.0134	 14.9962
2018	184	  16	  0	183.6667	246.4751	 40.7136	 522.4590	  449.3245	 228.7117	515.2491	 39.3293	204.5963	335.4850	101.3723	101.3723	378.2896	507.6534	442.4740	442.4740	446.0266	451.5383	 45.8462	693.8959	  0.8609	   0.7550	  0.5000	    0.9234	  0.9607	   0.9234	  0.7920	 24.3375	 18.6289	 13.2919
2018	184	  17	  0	183.7083	260.8929	 33.0656	 388.5742	  335.2466	 204.6789	381.9359	 28.4748	118.7509	273.5225	 87.4120	 87.4120	378.5730	482.1016	430.3512	430.3512	431.1777	438.3510	 39.2286	579.5522	  0.8084	   0.6735	  0.5000	    0.9234	  0.9607	   0.9234	  0.7958	 23.8750	 15.6115	 11.0687
2018	184	  18	  0	183.7500	273.8265	 25.1048	 252.9848	  206.9294	 163.8830	247.5327	 18.2830	 68.6910	171.3686	 73.9648	 68.1101	376.9016	452.3719	415.3541	415.3825	415.3254	421.2077	 31.5194	450.3059	  0.7392	   0.5469	  0.5000	    0.9234	  0.9607	   0.9234	  0.7988	 23.0042	 11.8774	  8.3123
2018	184	  19	  0	183.7917	286.0137	 17.2626	 130.6910	   70.6583	 108.3129	127.0016	  9.8581	 44.5300	 68.6073	 50.4049	 44.5300	377.9900	424.7429	402.9647	402.4276	402.4276	405.7633	 23.9819	314.3509	  0.6461	   0.3385	  0.4880	    0.9234	  0.9607	   0.9234	  0.8054	 22.1208	  7.8010	  5.3467
2018	184	  20	  0	183.8333	298.0095	  9.9031	  41.9871	    9.4910	  40.2057	 40.6022	  3.4073	 16.6143	 18.2309	 17.3941	 16.6143	379.4409	409.1259	395.9173	394.8710	394.8710	397.2897	 18.1570	182.0161	  0.5408	   0.1741	  0.3824	    0.9234	  0.9607	   0.9234	  0.8124	 20.8792	  6.8269	  4.5231
2018	184	  21	  0	183.8750	310.2137	  3.4396	   5.7925	    1.2973	   5.6867	  5.5963	  0.4781	  2.3730	  2.4590	  2.4393	  2.3730	378.6829	398.9751	387.8928	385.6377	385.6377	388.3488	 14.6243	 64.3044	  0.5711	   0.0809	  0.1929	    0.9234	  0.9607	   0.9234	  0.8154	 19.4500	  9.2682	  5.8437
2018	184	  22	  0	183.9167	322.8766	 -1.8012	   0.3021	    0.1640	   0.1434	  0.1394	  0.0120	  0.0605	  0.0605	  0.0605	  0.0605	377.5117	390.4482	379.9079	379.0986	379.0986	379.8295	 12.9767	 43.3125	  0.5821	   0.0000	  0.0063	    0.9234	  0.9607	   0.9234	  0.8168	 18.6292	  2.7135	  1.6528
2018	184	  23	  0	183.9583	336.1022	 -6.4035	   0.0052	    0.0000	   0.0000	  0.0000	  0.0000	  0.0000	  0.0000	  0.0000	  0.0000	375.8097	387.2027	377.7836	377.7836	377.7836	377.7836	 12.6309	 50.7265	  0.5087	   0.0000	  0.0000	    0.9234	  0.9607	   0.9234	  0.8164	 18.0208	  0.0000	  0.0000
2018	185	   0	  0	184.0000	349.8158	 -8.7796	   0.0000	    0.0000	   0.0000	  0.0000	  0.0000	  0.0000	  0.0000	  0.0000	  0.0000	374.8045	383.4927	374.1916	374.1916	374.1916	374.1916	 11.9782	 50.7182	  0.5086	   0.0000	  0.0000	    0.9234	  0.9607	   0.9234	  0.8164	 17.3208	  0.0000	  0.0000
2018	185	   1	  0	184.0417	 93.7675	 -9.2291	   0.0277	    0.0000	   0.0000	  0.0000	  0.0000	  0.0000	  0.0000	  0.0000	  0.0000	376.4633	380.0931	371.0713	371.0713	371.0713	371.0713	 11.4346	 50.5250	  0.5096	   0.0000	  0.0000	    0.9234	  0.9607	   0.9234	  0.8187	 16.6750	  0.0000	  0.0000
2018	185	   2	  0	184.0833	 17.6288	 -7.7477	   1.4258	    0.0000	   0.0000	  0.0000	  0.0000	  0.0000	  0.0000	  0.0000	  0.0000	378.2900	377.8027	368.3650	368.3650	368.3650	368.3650	 10.9725	 50.4916	  0.5373	   0.0000	  0.0000	    0.9234	  0.9607	   0.9234	  0.8207	 16.2375	  0.0000	  0.0000
2018	185	   3	  0	184.1250	 31.1045	 -4.1832	  15.1613	    0.0000	   0.0000	  0.0000	  0.0000	  0.0000	  0.0000	  0.0000	  0.0000	376.5750	376.2385	360.7628	360.7628	360.7628	360.7628	  9.6367	 50.5210	  0.7858	   0.0000	  0.0000	    0.9234	  0.9607	   0.9234	  0.8192	 15.9375	  0.0000	  0.0000
2018	185	   4	  0	184.1667	 44.0286	  0.9464	  70.7835	  120.7092	  50.1664	 54.3797	  4.2510	 21.0104	 21.0104	 26.8028	 27.5696	376.5089	379.0414	357.5206	357.5206	357.8324	357.8324	 12.5288	 39.1011	  1.0000	   0.0460	  0.0818	    0.9234	  0.9607	   0.9234	  0.8190	 16.2875	  2.6978	  0.0000
2018	185	   5	  0	184.2083	 56.4247	  6.7554	 185.6379	  636.2941	 109.7599	182.0246	 10.0693	 46.6834	 46.6834	 84.0278	105.8163	378.7324	389.3355	365.9010	366.0183	366.2188	366.2188	 20.4486	124.4863	  1.0000	   0.1092	  0.3033	    0.9234	  0.9607	   0.9234	  0.8200	 17.6208	  7.0377	  0.4524
2018	185	   6	  0	184.2500	 68.4827	 13.7613	 321.0569	  691.6806	 156.3408	316.0435	 17.0755	 67.3756	 67.3756	128.3914	227.0304	382.6767	407.2378	379.4295	380.6286	379.2039	379.2039	 29.1458	250.6460	  1.0000	   0.2549	  0.4528	    0.9234	  0.9607	   0.9234	  0.8213	 19.2125	  9.6723	  2.8523
2018	185	   7	  0	184.2917	 80.5293	 21.4211	 452.5294	  718.5924	 190.0054	446.5833	 26.9576	 83.9039	 83.9039	131.2216	383.0011	385.8727	432.8949	395.7561	399.0553	395.6478	395.6478	 37.2948	384.5631	  1.0000	   0.4542	  0.4999	    0.9234	  0.9607	   0.9234	  0.8210	 20.6583	 12.1961	  5.3761
2018	185	   8	  0	184.3333	 93.0441	 29.3688	 578.1358	  743.8440	 213.4035	571.6221	 38.6400	122.8351	 97.4724	100.3924	499.9414	387.5869	458.4583	410.4135	415.7933	410.4915	410.5005	 43.4543	516.3812	  1.0000	   0.6242	  0.5000	    0.9234	  0.9607	   0.9234	  0.8201	 21.4625	 14.5645	  7.7445
2018	185	   9	  0	184.3750	106.6800	 37.2159	 685.6917	  769.5029	 220.3886	679.1735	 48.9552	231.7580	105.0120	105.0120	526.4672	381.5499	481.9331	422.6567	429.3779	424.2826	422.6567	 49.0041	639.7640	  1.0000	   0.7213	  0.5000	    0.9234	  0.9607	   0.9234	  0.8080	 22.3042	 16.7355	  9.9155
2018	185	  10	  0	184.4167	122.2822	 44.4631	 765.2435	  787.9748	 213.5572	759.1649	 57.1173	340.8910	106.8462	106.8462	478.1502	373.4367	503.0738	432.8476	440.0197	437.1473	432.8476	 52.1931	745.2711	  1.0000	   0.7842	  0.5000	    0.9234	  0.9607	   0.9234	  0.7922	 23.0625	 18.6707	 11.8507
2018	185	  11	  0	184.4583	140.7878	 50.4250	 809.9577	  822.6390	 175.6298	805.3841	 62.1679	430.1197	 96.6308	 96.6308	368.0068	368.5894	520.5294	441.3282	447.3309	448.9415	441.3282	 52.7488	823.6429	  1.0000	   0.8257	  0.5000	    0.9234	  0.9607	   0.9234	  0.7813	 23.5792	 20.3359	 13.5159
2018	185	  12	  0	184.5000	162.5990	 54.2042	 819.8944	  799.7288	 171.4605	815.4980	 64.1433	471.5309	 96.1252	 96.1252	216.0056	367.6929	533.8181	448.4336	451.2409	459.1380	448.4336	 51.4385	868.2150	  0.9985	   0.8480	  0.5000	    0.9234	  0.9607	   0.9234	  0.7772	 23.9542	 21.7016	 14.8816
2018	185	  13	  0	184.5417	186.4411	 54.9629	 794.4004	  716.6159	 207.5911	788.6106	 62.6767	453.1947	149.1872	107.2478	111.3516	364.8092	539.9830	451.7325	451.7334	463.7845	452.8319	 50.4620	878.0394	  0.9691	   0.8522	  0.5000	    0.9234	  0.9607	   0.9234	  0.7727	 23.8917	 22.7353	 15.9178
2018	185	  14	  0	184.5833	209.4746	 52.4997	 731.1321	  630.0915	 231.0278	724.3283	 57.3385	390.3621	268.3560	112.0476	112.0476	368.5719	537.8455	453.2553	453.2553	463.6483	458.7029	 51.6056	849.3629	  0.9318	   0.8381	  0.5000	    0.9234	  0.9607	   0.9234	  0.7765	 24.2333	 22.3307	 15.8334
2018	185	  15	  0	184.6250	229.5355	 47.4246	 636.4204	  540.0412	 238.3804	629.1222	 49.0833	300.5554	332.0981	109.9379	109.9379	374.1594	525.8927	450.2071	450.2071	457.1205	458.4192	 49.9787	786.0157	  0.8954	   0.8061	  0.5000	    0.9234	  0.9607	   0.9234	  0.7836	 24.6000	 20.5583	 14.6642
2018	185	  16	  0	184.6667	246.3720	 40.6686	 517.3769	  442.0868	 228.6352	510.1579	 38.9691	203.1060	331.3305	101.1282	101.1282	370.8089	505.0993	439.8276	439.8276	443.2987	448.6394	 45.2701	696.2061	  0.8512	   0.7546	  0.5000	    0.9234	  0.9607	   0.9234	  0.7809	 24.2750	 18.1995	 12.9792
2018	185	  17	  0	184.7083	260.7969	 33.0243	 384.7867	  330.4841	 203.7321	378.1744	 28.2111	118.0914	270.2818	 86.9300	 86.9300	369.3640	479.3376	427.0893	427.0893	427.8951	434.8702	 38.5649	581.8219	  0.7996	   0.6729	  0.5000	    0.9234	  0.9607	   0.9234	  0.7830	 23.6750	 15.2692	 10.8202
2018	185	  18	  0	184.7500	273.7372	 25.0639	 252.8996	  211.4570	 162.0849	247.5136	 18.2077	 68.0709	172.7647	 73.3677	 67.4522	369.6191	452.9448	414.5646	414.5958	414.5404	420.4619	 31.3404	451.5515	  0.7378	   0.5461	  0.5000	    0.9234	  0.9607	   0.9234	  0.7876	 23.0750	 11.9529	  8.3601
2018	185	  19	  0	184.7917	285.9300	 17.2194	 130.5185	   73.0236	 107.4186	126.8617	  9.8061	 44.1910	 69.0365	 50.2019	 44.1910	373.5976	425.3095	402.7810	402.2425	402.2425	405.6139	 23.9027	314.4511	  0.6456	   0.3372	  0.4878	    0.9234	  0.9607	   0.9234	  0.7987	 22.2042	  7.8650	  5.3873
2018	185	  20	  0	184.8333	297.9308	  9.8558	  40.9210	    9.1122	  39.2103	 39.5704	  3.3226	 16.2027	 17.7605	 16.9490	 16.2027	379.9791	409.4350	396.3766	395.3372	395.3372	397.7525	 18.1825	181.1693	  0.5364	   0.1735	  0.3813	    0.9234	  0.9607	   0.9234	  0.8128	 20.9417	  6.8164	  4.5125
2018	185	  21	  0	184.8750	310.1399	  3.3887	   5.1708	    1.0279	   5.0825	  4.9954	  0.4273	  2.1210	  2.1889	  2.1719	  2.1210	382.9417	399.6857	389.2052	386.9570	386.9570	389.6702	 14.8581	 63.2856	  0.5643	   0.0792	  0.1912	    0.9234	  0.9607	   0.9234	  0.8200	 19.5958	  9.2615	  5.8335
2018	185	  22	  0	184.9167	322.8087	 -1.8689	   0.1979	    0.0660	   0.0649	  0.0632	  0.0054	  0.0273	  0.0273	  0.0273	  0.0273	382.9344	390.9838	381.5432	381.1758	381.1758	381.5160	 13.3488	 47.0063	  0.5411	   0.0000	  0.0050	    0.9234	  0.9607	   0.9234	  0.8230	 18.7292	  1.2562	  0.7667
2018	185	  23	  0	184.9583	336.0418	 -6.4759	   0.0000	    0.0000	   0.0000	  0.0000	  0.0000	  0.0000	  0.0000	  0.0000	  0.0000	380.8537	386.2970	377.3548	377.3548	377.3548	377.3548	 12.6061	 50.4638	  0.5091	   0.0000	  0.0000	    0.9234	  0.9607	   0.9234	  0.8221	 17.8500	  0.0000	  0.0000
2018	186	   0	  0	185.0000	349.7651	 -8.8565	   0.0000	    0.0000	   0.0000	  0.0000	  0.0000	  0.0000	  0.0000	  0.0000	  0.0000	378.9916	383.0957	374.1535	374.1535	374.1535	374.1535	 12.0152	 50.4794	  0.5091	   0.0000	  0.0000	    0.9234	  0.9607	   0.9234	  0.8208	 17.2458	  0.0000	  0.0000
2018	186	   1	  0	185.0417	 93.7282	 -9.3124	   0.0977	    0.0000	   0.0000	  0.0000	  0.0000	  0.0000	  0.0000	  0.0000	  0.0000	379.0689	381.7127	372.7842	372.7842	372.7842	372.7842	 11.7709	 50.3437	  0.5115	   0.0000	  0.0000	    0.9234	  0.9607	   0.9234	  0.8211	 16.9833	  0.0000	  0.0000
2018	186	   2	  0	185.0833	 17.6017	 -7.8366	   1.3046	    0.0000	   0.0000	  0.0000	  0.0000	  0.0000	  0.0000	  0.0000	  0.0000	377.6710	381.3179	371.7127	371.7127	371.7127	371.7127	 11.5705	 50.3686	  0.5354	   0.0000	  0.0000	    0.9234	  0.9607	   0.9234	  0.8197	 16.9083	  0.0000	  0.0000
2018	186	   3	  0	185.1250	 31.0892	 -4.2930	   8.3598	    0.0000	   0.0000	  0.0000	  0.0000	  0.0000	  0.0000	  0.0000	  0.0000	375.9449	381.8001	368.5992	368.5992	368.5992	368.5992	 11.0306	 50.4011	  0.6754	   0.0000	  0.0000	    0.9234	  0.9607	   0.9234	  0.8179	 17.0000	  0.0000	  0.0000
2018	186	   4	  0	185.1667	 44.0237	  0.8623	  38.6004	  262.3173	  20.1136	 30.0217	  1.7656	  8.5323	  8.5323	 22.8251	 24.0929	371.8749	383.7850	361.5451	361.5451	361.8602	361.8602	 12.0339	 38.0847	  0.9808	   0.0441	  0.0792	    0.9234	  0.9607	   0.9234	  0.8134	 17.1625	  3.0408	  0.0000
2018	186	   5	  0	185.2083	 56.4282	  6.6641	 117.9542	  753.4306	  28.2114	117.1909	  3.3775	 12.9921	 12.9921	 57.1359	 83.1544	370.5083	388.6701	364.0440	364.1549	364.3705	364.3705	 16.2268	123.2353	  1.0000	   0.1073	  0.3007	    0.9234	  0.9607	   0.9234	  0.8113	 17.5167	  6.9966	  0.4284
2018	186	   6	  0	185.2500	 68.4928	 13.6690	 190.7323	  539.8677	  68.6955	188.6464	  8.5266	 30.4946	 30.4946	 77.6617	147.4911	370.9067	399.9675	372.2113	373.2907	372.0342	372.0342	 21.5827	250.1612	  0.9701	   0.2530	  0.4514	    0.9234	  0.9607	   0.9234	  0.8102	 18.0792	  9.1290	  2.6304
2018	186	   7	  0	185.2917	 80.5438	 21.3288	 179.0048	  110.0715	 141.5985	174.2008	 13.2955	 57.8356	 57.8356	 66.1503	 99.2596	370.6997	398.4245	378.5454	379.6870	378.7741	378.7741	 22.3485	384.7275	  0.6774	   0.4516	  0.4999	    0.9234	  0.9607	   0.9234	  0.8101	 18.0750	  4.7028	  2.0089
2018	186	   8	  0	185.3333	 93.0607	 29.2763	 159.8365	   14.1051	 152.9432	154.5686	 13.2273	 61.0410	 60.5462	 60.6130	 68.1551	370.8844	395.3156	382.1905	382.7911	382.0043	382.3023	 21.8423	517.0472	  0.4666	   0.6228	  0.5000	    0.9234	  0.9607	   0.9234	  0.8108	 17.9083	  2.6140	  1.3830
2018	186	   9	  0	185.3750	106.6951	 37.1228	 275.5544	   44.4853	 247.8333	267.0573	 22.6507	106.3423	 97.8368	 97.8368	121.8818	371.7363	401.0939	383.9581	384.7545	383.8844	383.9581	 27.6239	638.0351	  0.5516	   0.7203	  0.5000	    0.9234	  0.9607	   0.9234	  0.8109	 18.2708	  3.2028	  1.9033
2018	186	  10	  0	185.4167	122.2891	 44.3691	 468.7685	  226.7532	 308.8706	458.4740	 37.3246	196.1811	126.7122	126.7122	231.7595	371.8330	427.3412	394.1495	396.7382	395.6762	394.1495	 37.0666	739.9572	  0.7279	   0.7835	  0.5000	    0.9234	  0.9607	   0.9234	  0.8086	 18.9333	  8.0661	  5.1286
2018	186	  11	  0	185.4583	140.7756	 50.3310	 617.6531	  397.3135	 311.4668	607.6135	 49.0265	295.7208	134.1055	134.1055	264.7414	371.6622	459.2330	409.3332	412.8181	413.8334	409.3332	 43.7340	815.8047	  0.8342	   0.8251	  0.5000	    0.9234	  0.9607	   0.9234	  0.8046	 19.8417	 13.1526	  8.7387
2018	186	  12	  0	185.5000	162.5543	 54.1135	 685.7044	  459.4242	 313.2780	675.7582	 54.8631	354.3958	137.8892	137.8892	204.1068	372.6553	475.1067	417.2956	419.0223	424.3937	417.2956	 45.4294	858.9119	  0.8649	   0.8475	  0.5000	    0.9234	  0.9607	   0.9234	  0.8044	 20.1375	 15.5209	 10.6408
2018	186	  13	  0	185.5417	186.3598	 54.8806	 774.4560	  633.0294	 256.7182	766.8063	 61.4458	428.8415	162.0026	122.9141	126.1132	374.7459	509.7264	432.8270	432.8146	443.8796	433.8610	 48.3431	866.8545	  0.9581	   0.8517	  0.5000	    0.9234	  0.9607	   0.9234	  0.8055	 20.2167	 21.7386	 15.2138
2018	186	  14	  0	185.5833	209.3699	 52.4294	 743.8369	  625.4736	 247.8827	736.4410	 58.4190	395.1856	273.2978	118.3449	118.3449	375.7200	513.9579	435.7057	435.7057	445.8352	440.9862	 49.9941	839.8057	  0.9569	   0.8377	  0.5000	    0.9234	  0.9607	   0.9234	  0.8055	 20.5083	 22.5249	 15.9621
2018	186	  15	  0	185.6250	229.4249	 47.3656	 637.0071	  510.8502	 260.6971	628.8867	 49.3615	298.6535	327.2509	117.5976	117.5976	373.5038	494.0475	426.5386	426.5386	432.8836	434.0211	 47.1024	779.9087	  0.9026	   0.8057	  0.5000	    0.9234	  0.9607	   0.9234	  0.8034	 20.4375	 19.6835	 14.0325
2018	186	  16	  0	185.6667	246.2656	 40.6174	 515.5550	  410.5704	 247.6496	507.6300	 39.1278	202.7965	321.2686	107.6367	107.6367	372.3102	475.8062	418.3090	418.3090	421.4547	426.2746	 42.4298	690.2732	  0.8551	   0.7541	  0.5000	    0.9234	  0.9607	   0.9234	  0.8025	 20.4083	 17.2249	 12.2775
2018	186	  17	  0	185.7083	260.6975	 32.9769	 382.1804	  301.5844	 217.0579	375.0702	 28.3473	120.3873	258.7571	 91.5399	 91.5399	372.9927	454.7369	408.9558	408.9558	409.6773	415.9688	 35.9805	576.6957	  0.8011	   0.6723	  0.5000	    0.9234	  0.9607	   0.9234	  0.8045	 20.2833	 14.3493	 10.1628
2018	186	  18	  0	185.7500	273.6447	 25.0169	 245.9952	  175.6051	 170.3478	240.2880	 18.1447	 70.8179	157.9748	 74.7896	 70.2379	371.8180	428.9062	396.3511	396.4319	396.3787	401.4285	 28.3155	447.9079	  0.7267	   0.5451	  0.5000	    0.9234	  0.9607	   0.9234	  0.8058	 19.6667	 10.6859	  7.4702
2018	186	  19	  0	185.7917	285.8434	 17.1701	 117.8775	   40.7870	 104.8872	114.2843	  9.2540	 42.9047	 56.9712	 46.2027	 42.9047	372.1454	405.2831	386.7697	386.3951	386.3951	389.0679	 20.6667	312.5100	  0.6078	   0.3357	  0.4875	    0.9234	  0.9607	   0.9234	  0.8087	 19.0833	  6.6552	  4.5534
2018	186	  20	  0	185.8333	297.8496	  9.8023	  36.0175	    6.3627	  34.8253	 34.8171	  2.9449	 14.3857	 15.4748	 14.9043	 14.3857	375.3507	396.3261	384.4975	383.5047	383.5047	385.8226	 15.8404	180.1789	  0.5124	   0.1728	  0.3800	    0.9234	  0.9607	   0.9234	  0.8138	 18.5750	  6.7164	  4.4419
2018	186	  21	  0	185.8750	310.0642	  3.3317	   4.6217	    0.7079	   4.5628	  4.4642	  0.3834	  1.9042	  1.9504	  1.9391	  1.9042	375.0018	389.9864	379.4165	377.1994	377.1994	379.8800	 13.0275	 62.3682	  0.5631	   0.0773	  0.1892	    0.9234	  0.9607	   0.9234	  0.8146	 17.8125	  9.3030	  5.8523
2018	186	  22	  0	185.9167	322.7395	 -1.9440	   0.3312	    0.0701	   0.0688	  0.0669	  0.0058	  0.0290	  0.0290	  0.0290	  0.0290	371.1776	383.6236	373.3979	373.0203	373.0203	373.3711	 11.7763	 46.9748	  0.5471	   0.0000	  0.0045	    0.9234	  0.9607	   0.9234	  0.8123	 17.3458	  1.3073	  0.7968
2018	186	  23	  0	185.9583	335.9809	 -6.5533	   0.0208	    0.0000	   0.0000	  0.0000	  0.0000	  0.0000	  0.0000	  0.0000	  0.0000	368.5489	381.6693	371.8997	371.8997	371.8997	371.8997	 11.5012	 50.5416	  0.5099	   0.0000	  0.0000	    0.9234	  0.9607	   0.9234	  0.8101	 16.9750	  0.0000	  0.0000
2018	187	   0	  0	186.0000	349.1337	 -8.8915	   0.0000	    0.0000	   0.0000	  0.0000	  0.0000	  0.0000	  0.0000	  0.0000	  0.0000	365.9166	379.6991	369.8259	369.8259	369.8259	369.8259	 11.0989	 50.5844	  0.5095	   0.0000	  0.0000	    0.9234	  0.9607	   0.9234	  0.8079	 16.6000	  0.0000	  0.0000
