Year	DOY	Hour	Min	 Dectime	 azimuth	altitude	GlobalRad	DiffuseRad	DirectRad	 Kdown2d	   Kup2d	  Ksouth	   Kwest	  Knorth	   Keast	 Ldown2d	   Lup2d	  Lsouth	   Lwest	  Lnorth	   Least	    Tmrt	      I0	      CI	SH_Ground	SH_Walls	SVF_Ground	SVF_Roof	SVF_BdVeg	Emis_Sky	      Ta	      Tg	      Tw
2018	179	   0	  0	178.0000	356.4845	 -8.9745	   0.0200	    0.0000	   0.0000	  0.0000	  0.0000	  0.0000	  0.0000	  0.0000	  0.0000	399.9497	391.8993	384.2916	384.2916	384.2916	384.2916	 14.0295	 51.3861	  0.5056	   0.0000	  0.0000	    0.9129	  0.9583	   0.9129	  0.8405	 18.9000	  0.0000	  0.0000
2018	179	   1	  0	178.0417	 94.0280	 -8.8757	   0.1496	    0.0000	   0.0000	  0.0000	  0.0000	  0.0000	  0.0000	  0.0000	  0.0000	396.6819	390.4482	382.5884	382.5884	382.5884	382.5884	 13.6970	 51.4470	  0.5081	   0.0000	  0.0000	    0.9129	  0.9583	   0.9129	  0.8374	 18.6292	  0.0000	  0.0000
2018	179	   2	  0	178.0833	 17.8354	 -7.3561	   2.4581	    0.0000	   0.0000	  0.0000	  0.0000	  0.0000	  0.0000	  0.0000	  0.0000	392.5330	386.6275	377.6310	377.6310	377.6310	377.6310	 12.7878	 51.5236	  0.5529	   0.0000	  0.0000	    0.9129	  0.9583	   0.9129	  0.8337	 17.9125	  0.0000	  0.0000
2018	179	   3	  0	178.1250	 31.2573	 -3.6852	  20.5810	    0.0000	   0.0000	  0.0000	  0.0000	  0.0000	  0.0000	  0.0000	  0.0000	393.7430	384.1521	369.3774	369.3774	369.3774	369.3774	 11.3932	 51.5047	  0.8350	   0.0000	  0.0000	    0.9129	  0.9583	   0.9129	  0.8349	 17.4458	  0.0000	  0.0000
2018	179	   4	  0	178.1667	 44.1327	  1.3339	  85.2542	  124.6157	  64.6318	 69.2336	  5.4160	 26.2856	 26.2856	 31.8849	 32.6227	396.7932	387.7935	368.7988	368.7988	369.2450	369.2450	 15.4548	 40.2404	  1.0000	   0.0468	  0.0849	    0.9129	  0.9583	   0.9129	  0.8377	 17.9417	  3.0087	  0.0000
2018	179	   5	  0	178.2083	 56.4884	  7.1877	 193.9660	  623.7398	 114.9692	189.9441	 10.3065	 47.5654	 47.5654	 77.8427	 95.7523	400.7242	398.7483	378.4680	378.6292	378.8536	378.8536	 22.3563	131.1817	  1.0000	   0.0908	  0.2782	    0.9129	  0.9583	   0.9129	  0.8408	 19.4833	  7.2185	  0.5633
2018	179	   6	  0	178.2500	 68.5158	 14.2052	 323.6306	  681.8552	 156.0007	318.3245	 16.3215	 65.4730	 65.4730	115.5630	196.2873	398.0528	418.6789	393.3110	394.7453	393.0841	393.0841	 30.1727	257.2436	  1.0000	   0.2122	  0.4186	    0.9129	  0.9583	   0.9129	  0.8334	 21.6458	  9.8516	  3.0316
2018	179	   7	  0	178.2917	 80.5427	 21.8699	 456.5967	  712.4504	 191.1817	450.2440	 24.7168	 81.9662	 81.9662	118.4335	314.8941	397.6609	441.4349	407.7794	411.6176	407.7150	407.7150	 37.0810	390.8950	  1.0000	   0.3580	  0.4938	    0.9129	  0.9583	   0.9129	  0.8275	 23.2417	 12.3720	  5.5520
2018	179	   8	  0	178.3333	 93.0517	 29.8210	 581.4260	  734.4493	 216.2804	574.4017	 36.1978	117.9245	 95.7389	 98.1609	441.7705	404.4035	468.0728	424.0769	430.2227	424.1323	424.1941	 43.8879	520.6779	  1.0000	   0.5462	  0.5000	    0.9129	  0.9583	   0.9129	  0.8326	 24.0792	 14.7356	  7.9156
2018	179	   9	  0	178.3750	106.7029	 37.6707	 687.2823	  755.6751	 225.6342	680.1562	 46.5723	217.9182	103.9114	103.9114	481.6931	404.8975	492.4301	438.0618	445.6808	439.8514	438.0618	 49.8051	640.6601	  1.0000	   0.6627	  0.5000	    0.9129	  0.9583	   0.9129	  0.8293	 24.8333	 16.9010	 10.0810
2018	179	  10	  0	178.4167	122.3556	 44.9180	 766.0317	  774.0153	 219.7173	759.3346	 54.8724	321.5638	106.1117	106.1117	446.5293	397.4096	515.1084	449.3026	457.4044	454.1459	449.3026	 53.2822	744.6940	  1.0000	   0.7388	  0.5000	    0.9129	  0.9583	   0.9129	  0.8137	 25.6333	 18.8304	 12.0104
2018	179	  11	  0	178.4583	140.9671	 50.8709	 811.1337	  822.2997	 172.9386	806.3835	 60.0216	409.8980	 93.4352	 93.4352	348.9178	390.5185	533.6531	457.9570	464.6864	466.5725	457.9570	 53.9914	822.6339	  1.0000	   0.7890	  0.5000	    0.9129	  0.9583	   0.9129	  0.7995	 26.1625	 20.4899	 13.6699
2018	179	  12	  0	178.5000	162.9431	 54.6204	 822.4575	  801.1577	 169.4562	817.8721	 62.3326	452.1785	 93.3531	 93.3531	205.4153	384.4942	544.7776	462.1474	465.1772	474.2180	462.1474	 52.5245	868.0951	  0.9985	   0.8159	  0.5000	    0.9129	  0.9583	   0.9129	  0.7896	 26.1375	 21.8505	 15.0305
2018	179	  13	  0	178.5417	186.9540	 55.3215	 796.4375	  720.9350	 203.5154	790.4517	 60.9863	435.1960	146.0523	103.4373	106.6788	379.3907	551.5324	465.2475	465.2030	478.8075	466.5315	 51.6422	878.5456	  0.9700	   0.8206	  0.5000	    0.9129	  0.9583	   0.9129	  0.7809	 26.1625	 22.8885	 16.0685
2018	179	  14	  0	178.5833	210.0788	 52.7856	 726.1021	  617.1283	 234.0890	718.7416	 55.2769	368.4706	257.1308	110.0282	110.0282	384.6536	546.0501	465.1391	465.1391	476.6454	471.2279	 52.3815	848.1206	  0.9261	   0.8029	  0.5000	    0.9129	  0.9583	   0.9129	  0.7888	 26.2458	 22.2770	 15.8329
2018	179	  15	  0	178.6250	230.1437	 47.6464	 585.1885	  423.3914	 271.7933	575.9973	 44.3072	255.5385	281.1731	115.9600	115.9600	388.3197	511.3346	450.9126	450.9126	456.9303	458.2261	 47.9143	784.3495	  0.8310	   0.7632	  0.5000	    0.9129	  0.9583	   0.9129	  0.7972	 26.0917	 16.8670	 12.0593
2018	179	  16	  0	178.6667	246.9425	 40.8476	 491.1592	  374.8226	 245.8540	482.7495	 36.0364	180.9670	284.7664	103.1729	103.1729	387.6797	496.4129	442.2732	442.2732	445.4317	450.8287	 44.0317	693.2378	  0.8164	   0.7000	  0.5000	    0.9129	  0.9583	   0.9129	  0.8008	 25.3500	 16.1790	 11.5651
2018	179	  17	  0	178.7083	261.3229	 33.1820	 383.1725	  312.7119	 211.2575	375.8490	 26.9998	112.0651	242.0253	 87.1973	 87.1973	397.0140	476.8316	432.7094	432.7094	433.4213	441.1796	 38.7269	576.1463	  0.8029	   0.6003	  0.5000	    0.9129	  0.9583	   0.9129	  0.8194	 24.4750	 15.1221	 10.7421
2018	179	  18	  0	178.7500	274.2250	 25.2183	 253.0598	  202.3549	 165.7699	247.1940	 17.4296	 67.4915	149.6401	 72.2013	 67.1571	389.8659	450.1083	418.2298	418.2820	418.1965	424.6653	 31.3895	449.4684	  0.7398	   0.4455	  0.4999	    0.9129	  0.9583	   0.9129	  0.8132	 23.8208	 11.8918	  8.3399
2018	179	  19	  0	178.7917	286.3878	 17.3849	 132.9092	   78.3709	 108.0817	129.0044	  9.6263	 43.4568	 63.5399	 48.5901	 43.4568	376.8036	426.4005	405.5104	404.9152	404.9152	408.7007	 24.1487	317.1212	  0.6485	   0.2618	  0.4612	    0.9129	  0.9583	   0.9129	  0.7995	 22.9583	  8.1037	  5.5678
2018	179	  20	  0	178.8333	298.3643	 10.0433	  43.2283	   10.5359	  41.2396	 41.7197	  3.4579	 16.5916	 18.0712	 17.3178	 16.5916	367.5282	412.7969	398.4011	397.2861	397.2861	399.9004	 18.4583	185.8144	  0.5407	   0.1437	  0.3428	    0.9129	  0.9583	   0.9129	  0.7922	 21.7417	  6.8563	  4.5566
2018	179	  21	  0	178.8750	310.5507	  3.5993	   6.0204	    1.5630	   5.8870	  5.8047	  0.4900	  2.3891	  2.4662	  2.4498	  2.3891	368.7208	403.5640	391.6885	389.2987	389.2987	392.1561	 15.1749	 67.6805	  0.5605	   0.0702	  0.1753	    0.9129	  0.9583	   0.9129	  0.7991	 20.3958	  9.0829	  5.7519
2018	179	  22	  0	178.9167	323.1938	 -1.5791	   0.2792	    0.1675	   0.1634	  0.1588	  0.0136	  0.0667	  0.0667	  0.0667	  0.0667	377.8986	392.6648	382.2931	381.4283	381.4283	382.1970	 13.3961	 44.7949	  0.5733	   0.0000	  0.0069	    0.9129	  0.9583	   0.9129	  0.8162	 19.0417	  2.6390	  1.6148
2018	179	  23	  0	178.9583	336.3935	 -6.1495	   0.0000	    0.0000	   0.0000	  0.0000	  0.0000	  0.0000	  0.0000	  0.0000	  0.0000	379.6524	387.2027	378.1764	378.1764	378.1764	378.1764	 12.7397	 51.7875	  0.5052	   0.0000	  0.0000	    0.9129	  0.9583	   0.9129	  0.8205	 18.0208	  0.0000	  0.0000
2018	180	   0	  0	179.0000	350.0728	 -8.5032	   0.0000	    0.0000	   0.0000	  0.0000	  0.0000	  0.0000	  0.0000	  0.0000	  0.0000	371.4542	387.2246	377.4784	377.4784	377.4784	377.4784	 12.5312	 51.9355	  0.5052	   0.0000	  0.0000	    0.9129	  0.9583	   0.9129	  0.8113	 18.0250	  0.0000	  0.0000
2018	180	   1	  0	179.0417	 93.9820	 -8.9190	   0.1531	    0.0000	   0.0000	  0.0000	  0.0000	  0.0000	  0.0000	  0.0000	  0.0000	356.5310	389.2670	377.8677	377.8677	377.8677	377.8677	 12.4498	 52.0460	  0.5089	   0.0000	  0.0000	    0.9129	  0.9583	   0.9129	  0.7920	 18.4083	  0.0000	  0.0000
2018	180	   2	  0	179.0833	 17.7961	 -7.4063	   2.9312	    0.0000	   0.0000	  0.0000	  0.0000	  0.0000	  0.0000	  0.0000	  0.0000	343.3464	385.4367	371.5161	371.5161	371.5161	371.5161	 11.1880	 52.3243	  0.5619	   0.0000	  0.0000	    0.9129	  0.9583	   0.9129	  0.7772	 17.6875	  0.0000	  0.0000
2018	180	   3	  0	179.1250	 31.2249	 -3.7572	  23.7140	    0.0000	   0.0000	  0.0000	  0.0000	  0.0000	  0.0000	  0.0000	  0.0000	335.9275	376.7012	354.4080	354.4080	354.4080	354.4080	  8.0595	 52.4033	  0.8578	   0.0000	  0.0000	    0.9129	  0.9583	   0.9129	  0.7734	 16.0250	  0.0000	  0.0000
2018	180	   4	  0	179.1667	 44.1067	  1.2819	  89.7579	  148.3491	  65.9967	 71.7544	  5.5366	 26.8585	 26.8585	 33.4436	 34.3108	333.9849	374.5029	347.3956	347.3956	347.8260	347.8260	 11.2217	 40.3652	  1.0000	   0.0461	  0.0832	    0.9129	  0.9583	   0.9129	  0.7729	 15.4167	  3.0150	  0.0000
2018	180	   5	  0	179.2083	 56.4677	  7.1286	 187.3952	  692.3755	 100.8966	183.9085	  9.1966	 41.9616	 41.9616	 75.0033	 94.4282	332.0086	377.6956	348.9474	349.0973	349.3168	349.3168	 16.3398	133.7460	  1.0000	   0.0898	  0.2768	    0.9129	  0.9583	   0.9129	  0.7698	 15.5458	  7.1959	  0.5482
2018	180	   6	  0	179.2500	 68.4989	 14.1439	 383.6417	  742.5303	 201.8071	376.6898	 20.3986	 84.0285	 84.0285	138.3738	225.9179	331.9417	388.7300	356.1763	357.5211	355.9566	355.9566	 26.7050	262.8373	  1.0000	   0.2113	  0.4177	    0.9129	  0.9583	   0.9129	  0.7666	 16.2042	  9.8293	  3.0093
2018	180	   7	  0	179.2917	 80.5278	 21.8076	 499.7950	  775.7028	 211.6341	492.7486	 27.1309	 90.6016	 90.6016	130.2207	343.1565	334.2573	405.8597	366.4606	370.0475	366.3889	366.3889	 32.3577	399.4123	  1.0000	   0.3564	  0.4936	    0.9129	  0.9583	   0.9129	  0.7657	 17.0167	 12.3503	  5.5303
2018	180	   8	  0	179.3333	 93.0366	 29.7583	 620.2725	  796.6375	 225.0075	613.0033	 38.3836	124.0456	100.1175	102.7660	474.8637	338.2223	432.1325	382.0929	387.8710	382.1484	382.1992	 39.1101	533.4368	  1.0000	   0.5451	  0.5000	    0.9129	  0.9583	   0.9129	  0.7659	 18.0667	 14.7146	  7.8946
2018	180	   9	  0	179.3750	106.6842	 37.6082	 724.5892	  813.5634	 228.3369	717.4504	 48.8452	228.7846	106.2823	106.2823	512.9167	341.0993	456.2440	396.5228	403.7079	398.2145	396.5228	 45.3255	656.0762	  1.0000	   0.6620	  0.5000	    0.9129	  0.9583	   0.9129	  0.7649	 19.0167	 16.8809	 10.0609
2018	180	  10	  0	179.4167	122.3282	 44.8566	 804.6000	  826.7189	 221.7541	797.9196	 57.4589	338.3874	108.4198	108.4198	472.2852	340.8226	475.1926	406.7014	414.3184	411.2517	406.7014	 48.8614	759.2936	  1.0000	   0.7382	  0.5000	    0.9129	  0.9583	   0.9129	  0.7617	 19.4167	 18.8110	 11.9910
2018	180	  11	  0	179.4583	140.9234	 50.8125	 853.0533	  830.8300	 209.3148	846.9819	 63.3936	426.2499	107.3064	107.3064	367.3701	341.8261	493.9257	417.5119	423.8577	425.6241	417.5119	 50.2437	835.4968	  1.0000	   0.7885	  0.5000	    0.9129	  0.9583	   0.9129	  0.7588	 20.1417	 20.4713	 13.6513
2018	180	  12	  0	179.5000	162.8765	 54.5685	 860.1140	  835.0215	 179.7145	855.2206	 65.1975	473.0034	 98.4493	 98.4493	213.8332	341.4328	509.6939	426.5537	429.4465	438.0130	426.5537	 48.8656	880.4599	  1.0000	   0.8155	  0.5000	    0.9129	  0.9583	   0.9129	  0.7531	 20.9250	 21.8327	 15.0127
2018	180	  13	  0	179.5417	186.8666	 55.2800	 833.0752	  803.6370	 172.4676	828.3983	 63.4205	465.0844	142.0506	 94.9367	 98.6829	338.1511	519.9303	432.0400	432.0044	444.9933	433.2572	 47.6438	891.5965	  0.9934	   0.8203	  0.5000	    0.9129	  0.9583	   0.9129	  0.7438	 21.5250	 22.8712	 16.0512
2018	180	  14	  0	179.5833	209.9832	 52.7559	 767.6838	  715.1824	 198.1331	761.8370	 57.9022	399.2927	271.6962	100.0493	100.0493	339.9696	525.5206	437.4625	437.4625	449.1900	443.7739	 49.5151	863.9908	  0.9588	   0.8027	  0.5000	    0.9129	  0.9583	   0.9129	  0.7420	 22.2333	 23.5383	 16.7271
2018	180	  15	  0	179.6250	230.0513	 47.6264	 668.4963	  616.9984	 212.2860	661.8464	 49.2355	303.0620	340.9273	 99.7747	 99.7747	342.3772	515.9566	434.9402	434.9402	442.9936	444.7171	 47.9537	800.8216	  0.9199	   0.7631	  0.5000	    0.9129	  0.9583	   0.9129	  0.7442	 22.5458	 22.4446	 16.0430
2018	180	  16	  0	179.6667	246.8577	 40.8338	 545.3215	  511.1734	 210.4268	538.4363	 38.8080	200.4691	340.6414	 93.4100	 93.4100	342.1638	495.2693	425.7091	425.7091	429.7378	436.2924	 43.2873	708.3844	  0.8773	   0.6998	  0.5000	    0.9129	  0.9583	   0.9129	  0.7453	 22.4458	 20.0539	 14.3314
2018	180	  17	  0	179.7083	261.2454	 33.1710	 408.6377	  388.1945	 195.1418	402.0098	 27.9486	113.8368	274.6934	 82.5453	 82.5453	352.9951	470.4745	416.4310	416.4310	417.3308	425.9659	 36.9787	588.2687	  0.8323	   0.6001	  0.5000	    0.9129	  0.9583	   0.9129	  0.7647	 22.2375	 17.1240	 12.1611
2018	180	  18	  0	179.7500	274.1532	 25.2075	 268.6896	  249.3482	 161.0106	263.0495	 17.8954	 66.3729	167.7596	 71.9597	 65.9261	356.7765	441.7240	403.8245	403.8316	403.7532	410.9189	 29.5200	456.1070	  0.7656	   0.4452	  0.4999	    0.9129	  0.9583	   0.9129	  0.7744	 21.7750	 13.2576	  9.2955
2018	180	  19	  0	179.7917	286.3198	 17.3721	 135.4973	   86.7548	 107.9804	131.6030	  9.6888	 43.4784	 65.7517	 49.1192	 43.4784	346.6940	416.8864	392.7952	392.1884	392.1884	396.0156	 21.9410	321.2537	  0.6510	   0.2615	  0.4611	    0.9129	  0.9583	   0.9129	  0.7632	 21.2292	  8.2885	  5.6933
2018	180	  20	  0	179.8333	298.2991	 10.0270	  46.8062	   12.8043	  44.4180	 45.1820	  3.7277	 17.8766	 19.6471	 18.7498	 17.8766	339.6204	404.8293	387.3570	386.2436	386.2436	388.8536	 16.5161	188.0456	  0.5579	   0.1435	  0.3425	    0.9129	  0.9583	   0.9129	  0.7578	 20.2958	  6.9196	  4.5966
2018	180	  21	  0	179.8750	310.4879	  3.5786	   6.9567	    2.2953	   6.7706	  6.7086	  0.5638	  2.7482	  2.8618	  2.8395	  2.7482	336.7984	395.6287	380.3530	377.9896	377.9896	380.8227	 12.9263	 68.1949	  0.5740	   0.0695	  0.1748	    0.9129	  0.9583	   0.9129	  0.7603	 18.9417	  9.1175	  5.7704
2018	180	  22	  0	179.9167	323.1335	 -1.6103	   0.3567	    0.2071	   0.1996	  0.1940	  0.0166	  0.0815	  0.0815	  0.0815	  0.0815	335.3751	385.2361	370.7626	369.8984	369.8984	370.6689	 10.9024	 45.3122	  0.5769	   0.0000	  0.0067	    0.9129	  0.9583	   0.9129	  0.7657	 17.6500	  2.6751	  1.6358
2018	180	  23	  0	179.9583	336.3368	 -6.1905	   0.0021	    0.0000	   0.0000	  0.0000	  0.0000	  0.0000	  0.0000	  0.0000	  0.0000	332.2178	374.9752	362.4984	362.4984	362.4984	362.4984	  9.4008	 52.4745	  0.5060	   0.0000	  0.0000	    0.9129	  0.9583	   0.9129	  0.7696	 15.6917	  0.0000	  0.0000
2018	181	   0	  0	180.0000	350.0211	 -8.5463	   0.0058	    0.0000	   0.0000	  0.0000	  0.0000	  0.0000	  0.0000	  0.0000	  0.0000	330.7842	365.4913	353.6581	353.6581	353.6581	353.6581	  7.7399	 52.3901	  0.5061	   0.0000	  0.0000	    0.9129	  0.9583	   0.9129	  0.7735	 13.8500	  0.0000	  0.0000
2018	181	   1	  0	180.0417	 93.9369	 -8.9691	   0.1802	    0.0000	   0.0000	  0.0000	  0.0000	  0.0000	  0.0000	  0.0000	  0.0000	328.5667	358.6019	346.9717	346.9717	346.9717	346.9717	  6.4512	 52.1560	  0.5101	   0.0000	  0.0000	    0.9129	  0.9583	   0.9129	  0.7740	 12.4875	  0.0000	  0.0000
2018	181	   2	  0	180.0833	 17.7587	 -7.4630	   2.7046	    0.0000	   0.0000	  0.0000	  0.0000	  0.0000	  0.0000	  0.0000	  0.0000	324.1392	352.4663	339.5912	339.5912	339.5912	339.5912	  5.0020	 52.2110	  0.5585	   0.0000	  0.0000	    0.9129	  0.9583	   0.9129	  0.7714	 11.2583	  0.0000	  0.0000
2018	181	   3	  0	180.1250	 31.1953	 -3.8299	  22.5377	    0.0000	   0.0000	  0.0000	  0.0000	  0.0000	  0.0000	  0.0000	  0.0000	323.4395	348.8640	328.5584	328.5584	328.5584	328.5584	  2.9351	 52.2088	  0.8446	   0.0000	  0.0000	    0.9129	  0.9583	   0.9129	  0.7717	 10.5292	  0.0000	  0.0000
2018	181	   4	  0	180.1667	 44.0841	  1.2245	  95.1450	   86.0940	  74.8208	 77.0062	  6.2475	 30.3957	 30.3957	 33.9317	 34.4616	327.7638	355.2747	329.9316	329.9316	330.3415	330.3415	  8.1870	 39.4597	  1.0000	   0.0453	  0.0813	    0.9129	  0.9583	   0.9129	  0.7745	 11.6542	  2.8126	  0.0000
2018	181	   5	  0	180.2083	 56.4509	  7.0639	 209.4506	  655.7275	 127.3002	204.9839	 11.3505	 52.6033	 52.6033	 83.8535	102.4663	336.3367	370.1722	343.3162	343.4606	343.6823	343.6823	 16.6876	132.0449	  1.0000	   0.0886	  0.2752	    0.9129	  0.9583	   0.9129	  0.7793	 14.1000	  7.1701	  0.5311
2018	181	   6	  0	180.2500	 68.4864	 14.0772	 344.0331	  728.7776	 166.5434	338.3647	 17.3628	 69.8681	 69.8681	122.9895	208.3569	343.2926	388.4991	358.0330	359.3664	357.8198	357.8198	 25.1908	260.1261	  1.0000	   0.2102	  0.4166	    0.9129	  0.9583	   0.9129	  0.7815	 16.1750	  9.8039	  2.9839
2018	181	   7	  0	180.2917	 80.5178	 21.7402	 481.2310	  757.7420	 200.5172	474.5740	 25.9203	 86.0188	 86.0188	124.5752	331.7345	347.8563	409.8159	372.2705	375.8696	372.2027	372.2027	 32.5283	395.8110	  1.0000	   0.3547	  0.4933	    0.9129	  0.9583	   0.9129	  0.7814	 17.7583	 12.3255	  5.5055
2018	181	   8	  0	180.3333	 93.0267	 29.6905	 609.8123	  785.9238	 220.5537	602.6915	 37.6769	121.8086	 98.1898	100.7941	467.3676	346.5223	436.3769	387.1245	392.9258	387.1779	387.2325	 39.4819	530.6083	  1.0000	   0.5438	  0.5000	    0.9129	  0.9583	   0.9129	  0.7743	 18.8333	 14.6906	  7.8706
2018	181	   9	  0	180.3750	106.6711	 37.5404	 718.7002	  808.9874	 225.9906	711.6387	 48.4006	226.9327	105.2399	105.2399	509.4693	343.9767	459.4650	399.6265	406.8332	401.3203	399.6265	 45.5506	654.6145	  1.0000	   0.6611	  0.5000	    0.9129	  0.9583	   0.9129	  0.7663	 19.5792	 16.8577	 10.0377
2018	181	  10	  0	180.4167	122.3064	 44.7896	 797.7846	  822.6127	 218.5141	791.2141	 56.9185	335.8068	107.0358	107.0358	469.2986	342.0872	479.7147	410.3945	418.0539	414.9652	410.3945	 49.1220	758.9378	  1.0000	   0.7376	  0.5000	    0.9129	  0.9583	   0.9129	  0.7596	 20.1708	 18.7888	 11.9688
2018	181	  11	  0	180.4583	140.8848	 50.7480	 842.1588	  823.7435	 204.5158	836.2481	 62.5305	421.4894	105.2226	105.2226	363.5279	344.2015	500.2828	422.7512	429.1540	430.9261	422.7512	 50.5861	835.2529	  1.0000	   0.7881	  0.5000	    0.9129	  0.9583	   0.9129	  0.7567	 21.1583	 20.4500	 13.6300
2018	181	  12	  0	180.5000	162.8132	 54.5100	 849.4985	  832.2658	 171.8606	844.8866	 64.3155	468.8841	 95.3733	 95.3733	211.2558	347.9348	515.2655	432.1200	435.0469	443.6540	432.1200	 49.2770	877.8583	  1.0000	   0.8151	  0.5000	    0.9129	  0.9583	   0.9129	  0.7583	 21.8000	 21.8122	 14.9922
2018	181	  13	  0	180.5417	186.7799	 55.2316	 820.4858	  771.3606	 186.7848	815.2161	 62.5920	454.6801	143.9191	 99.0456	102.7829	346.3992	523.0404	436.4145	436.3826	449.4145	437.6190	 48.1611	887.2005	  0.9877	   0.8200	  0.5000	    0.9129	  0.9583	   0.9129	  0.7541	 22.0167	 22.8513	 16.0313
2018	181	  14	  0	180.5833	209.8856	 52.7194	 760.5281	  694.9735	 207.3671	754.3015	 57.4626	393.9405	269.2654	102.7622	102.7622	343.1690	523.3692	437.0063	437.0063	448.6434	443.2206	 49.3707	861.1408	  0.9536	   0.8024	  0.5000	    0.9129	  0.9583	   0.9129	  0.7485	 22.0375	 23.3859	 16.6128
2018	181	  15	  0	180.6250	229.9556	 47.5999	 665.6319	  606.7081	 217.2836	658.7790	 49.0944	301.5497	338.2664	101.3085	101.3085	337.8385	507.3497	428.2828	428.2828	436.0961	437.7359	 47.0050	800.8213	  0.9164	   0.7628	  0.5000	    0.9129	  0.9583	   0.9129	  0.7431	 21.5750	 22.0032	 15.7225
2018	181	  16	  0	180.6667	246.7691	 40.8138	 547.3062	  513.2056	 211.2712	540.3929	 38.9420	201.5692	341.8605	 93.7736	 93.7736	336.3907	488.0409	419.0860	419.0860	423.0714	429.5160	 42.4399	708.8415	  0.8797	   0.6996	  0.5000	    0.9129	  0.9583	   0.9129	  0.7428	 21.3542	 20.0005	 14.2886
2018	181	  17	  0	180.7083	261.1641	 33.1541	 410.9950	  396.4306	 193.1688	404.4503	 28.0123	114.0617	278.0389	 81.9426	 81.9426	338.1926	463.7320	408.3588	408.3588	409.2663	417.7973	 35.7949	591.8300	  0.8321	   0.5998	  0.5000	    0.9129	  0.9583	   0.9129	  0.7479	 21.1292	 17.1426	 12.1702
2018	181	  18	  0	180.7500	274.0776	 25.1907	 271.7258	  262.2507	 158.7325	266.1827	 17.9136	 65.6897	171.9696	 71.5234	 65.1937	336.4459	435.4343	395.0138	395.0134	394.9382	402.1331	 28.1080	460.4081	  0.7672	   0.4449	  0.4999	    0.9129	  0.9583	   0.9129	  0.7492	 20.6292	 13.4498	  9.4261
2018	181	  19	  0	180.7917	286.2486	 17.3533	 143.2396	  111.0356	 108.5255	139.3433	  9.9073	 43.8485	 71.8646	 51.0948	 43.8485	338.8896	412.2063	386.5924	385.8679	385.8679	390.1070	 21.1778	321.8665	  0.6745	   0.2611	  0.4608	    0.9129	  0.9583	   0.9129	  0.7567	 20.1833	  9.1180	  6.2594
2018	181	  20	  0	180.8333	298.2311	 10.0044	  47.4771	   12.6637	  45.0948	 45.8279	  3.7843	 18.1473	 19.9249	 19.0144	 18.1473	343.0424	399.0575	382.5845	381.4866	381.4866	384.0710	 15.7629	186.8826	  0.5622	   0.1433	  0.3421	    0.9129	  0.9583	   0.9129	  0.7685	 19.2417	  6.9177	  4.5930
2018	181	  21	  0	180.8750	310.4228	  3.5519	   6.8281	    2.0087	   6.6644	  6.5839	  0.5548	  2.7051	  2.8033	  2.7836	  2.7051	342.6455	390.5528	376.5564	374.2162	374.2162	377.0279	 12.2993	 67.3625	  0.5747	   0.0687	  0.1741	    0.9129	  0.9583	   0.9129	  0.7732	 18.0042	  9.1254	  5.7711
2018	181	  22	  0	180.9167	323.0716	 -1.6486	   0.3388	    0.1998	   0.1927	  0.1871	  0.0160	  0.0787	  0.0787	  0.0787	  0.0787	339.7689	381.0144	367.4880	366.6296	366.6296	367.3970	 10.3488	 44.8628	  0.5779	   0.0000	  0.0064	    0.9129	  0.9583	   0.9129	  0.7750	 16.8500	  2.6828	  1.6392
2018	181	  23	  0	180.9583	336.2792	 -6.2355	   0.0010	    0.0000	   0.0000	  0.0000	  0.0000	  0.0000	  0.0000	  0.0000	  0.0000	336.5590	374.4665	362.4321	362.4321	362.4321	362.4321	  9.4363	 52.1047	  0.5067	   0.0000	  0.0000	    0.9129	  0.9583	   0.9129	  0.7756	 15.5958	  0.0000	  0.0000
2018	182	   0	  0	181.0000	349.9695	 -8.5963	   0.0000	    0.0000	   0.0000	  0.0000	  0.0000	  0.0000	  0.0000	  0.0000	  0.0000	333.2426	368.5990	356.7309	356.7309	356.7309	356.7309	  8.3424	 52.1050	  0.5067	   0.0000	  0.0000	    0.9129	  0.9583	   0.9129	  0.7749	 14.4583	  0.0000	  0.0000
2018	182	   1	  0	181.0417	 93.8929	 -9.0259	   0.1415	    0.0000	   0.0000	  0.0000	  0.0000	  0.0000	  0.0000	  0.0000	  0.0000	329.9226	363.2250	351.3808	351.3808	351.3808	351.3808	  7.3028	 51.9192	  0.5101	   0.0000	  0.0000	    0.9129	  0.9583	   0.9129	  0.7736	 13.4042	  0.0000	  0.0000
2018	182	   2	  0	181.0833	 17.7232	 -7.5262	   2.5767	    0.0000	   0.0000	  0.0000	  0.0000	  0.0000	  0.0000	  0.0000	  0.0000	329.1192	356.5974	343.8933	343.8933	343.8933	343.8933	  5.8849	 51.8940	  0.5570	   0.0000	  0.0000	    0.9129	  0.9583	   0.9129	  0.7753	 12.0875	  0.0000	  0.0000
2018	182	   3	  0	181.1250	 31.1684	 -3.9112	  21.8960	    0.0000	   0.0000	  0.0000	  0.0000	  0.0000	  0.0000	  0.0000	  0.0000	327.7828	351.5570	331.5955	331.5955	331.5955	331.5955	  3.5805	 51.8963	  0.8397	   0.0000	  0.0000	    0.9129	  0.9583	   0.9129	  0.7754	 11.0750	  0.0000	  0.0000
2018	182	   4	  0	181.1667	 44.0650	  1.1618	  93.6165	   82.1396	  67.8771	 70.0140	  5.6682	 27.5642	 27.5642	 30.8688	 31.3658	328.4439	354.7607	329.6306	329.6306	329.9941	329.9941	  7.6963	 42.6268	  1.0000	   0.0442	  0.0788	    0.9129	  0.9583	   0.9129	  0.7754	 11.5583	  2.4930	  0.0000
2018	182	   5	  0	181.2083	 56.4381	  6.9938	 207.5388	  654.1272	 126.3439	203.1048	 11.2535	 52.2061	 52.2061	 82.9288	101.2607	335.7786	366.4787	340.0482	340.1869	340.4173	340.4173	 16.0197	130.6970	  1.0000	   0.0872	  0.2734	    0.9129	  0.9583	   0.9129	  0.7801	 13.3917	  7.1411	  0.5127
2018	182	   6	  0	181.2500	 68.4783	 14.0053	 341.9927	  732.0065	 164.5385	336.3978	 17.1793	 69.0673	 69.0673	122.1630	207.5264	338.5920	386.4713	355.5143	356.8310	355.3086	355.3086	 24.6513	259.3354	  1.0000	   0.2091	  0.4155	    0.9129	  0.9583	   0.9129	  0.7765	 15.8083	  9.7753	  2.9553
2018	182	   7	  0	181.2917	 80.5126	 21.6676	 477.9906	  762.5586	 196.4178	471.4862	 25.5599	 84.4201	 84.4201	123.0643	330.4989	340.4890	412.3684	372.9421	376.5420	372.8785	372.8785	 32.4026	396.3232	  1.0000	   0.3529	  0.4930	    0.9129	  0.9583	   0.9129	  0.7691	 18.2458	 12.2976	  5.4776
2018	182	   8	  0	181.3333	 93.0221	 29.6176	 604.2425	  786.3917	 215.6821	597.2987	 37.1873	119.8066	 96.2756	 98.8887	464.9749	342.6794	441.1142	390.0668	395.8938	390.1181	390.1763	 39.6390	531.2427	  1.0000	   0.5424	  0.5000	    0.9129	  0.9583	   0.9129	  0.7646	 19.6792	 14.6635	  7.8435
2018	182	   9	  0	181.3750	106.6636	 37.4675	 709.6719	  804.0334	 220.8225	702.7904	 47.6981	223.9262	103.1096	103.1096	504.7244	344.9751	464.4570	403.6717	410.9176	405.3716	403.6717	 45.7687	654.1146	  1.0000	   0.6602	  0.5000	    0.9129	  0.9583	   0.9129	  0.7634	 20.4333	 16.8317	 10.0117
2018	182	  10	  0	181.4167	122.2903	 44.7170	 790.0912	  814.9679	 216.9485	783.5629	 56.3436	332.7847	106.1727	106.1727	465.2716	348.3851	485.5091	416.1429	423.8571	420.7425	416.1429	 49.6539	756.4480	  1.0000	   0.7369	  0.5000	    0.9129	  0.9583	   0.9129	  0.7641	 21.1250	 18.7638	 11.9438
2018	182	  11	  0	181.4583	140.8513	 50.6775	 838.4217	  818.0469	 205.8069	832.4511	 62.2492	419.6974	105.4729	105.4729	362.3345	350.8902	504.7982	427.6192	434.0606	435.8300	427.6192	 51.1566	832.1970	  1.0000	   0.7875	  0.5000	    0.9129	  0.9583	   0.9129	  0.7630	 21.8875	 20.4260	 13.6060
2018	182	  12	  0	181.5000	162.7534	 54.4450	 846.7088	  835.4475	 167.0308	842.2791	 64.0380	468.8683	 93.6492	 93.6492	210.5333	353.0744	520.5396	437.1695	440.1235	448.7734	437.1695	 49.8422	875.8719	  1.0000	   0.8147	  0.5000	    0.9129	  0.9583	   0.9129	  0.7615	 22.6250	 21.7890	 14.9690
2018	182	  13	  0	181.5417	186.6939	 55.1764	 817.4787	  770.4064	 184.9788	812.2723	 62.3317	453.9115	142.6479	 98.3073	102.1776	351.8239	530.2288	442.9405	442.9117	456.0619	444.1390	 48.9358	885.7582	  0.9861	   0.8196	  0.5000	    0.9129	  0.9583	   0.9129	  0.7560	 23.1167	 22.8289	 16.0089
2018	182	  14	  0	181.5833	209.7862	 52.6762	 753.9377	  682.1533	 211.2652	747.5417	 57.0102	390.0589	266.6570	103.7447	103.7447	350.7455	529.0188	443.0984	443.0984	454.7921	449.3043	 50.0433	858.2918	  0.9489	   0.8021	  0.5000	    0.9129	  0.9583	   0.9129	  0.7549	 22.9750	 23.2762	 16.5285
2018	182	  15	  0	181.6250	229.8566	 47.5670	 660.4602	  599.1083	 217.9940	653.5665	 48.7338	299.4571	335.0901	101.3150	101.3150	350.4722	518.7188	439.4533	439.4533	447.4143	449.0659	 48.3782	797.0646	  0.9140	   0.7626	  0.5000	    0.9129	  0.9583	   0.9129	  0.7528	 23.2958	 22.0303	 15.7362
2018	182	  16	  0	181.6667	246.6766	 40.7876	 540.7937	  504.9319	 210.3365	533.9008	 38.5014	199.6611	337.0912	 93.1904	 93.1904	348.2659	501.9879	432.3093	432.3093	436.3845	442.9147	 44.0658	706.7452	  0.8729	   0.6994	  0.5000	    0.9129	  0.9583	   0.9129	  0.7479	 23.5833	 19.9358	 14.2372
2018	182	  17	  0	181.7083	261.0789	 33.1310	 406.6156	  393.3861	 190.6441	400.1589	 27.6910	113.0048	275.3637	 80.9052	 80.9052	346.4619	476.6535	420.1619	420.1619	421.0964	429.7894	 37.3666	591.2735	  0.8255	   0.5994	  0.5000	    0.9129	  0.9583	   0.9129	  0.7481	 23.2375	 17.1437	 12.1662
2018	182	  18	  0	181.7500	273.9985	 25.1680	 269.0827	  263.2905	 155.7716	263.6490	 17.6735	 64.5798	171.1091	 70.3023	 64.0495	344.6710	449.2292	407.5834	407.5905	407.5150	414.9345	 29.9675	460.1071	  0.7620	   0.4444	  0.4999	    0.9129	  0.9583	   0.9129	  0.7482	 22.9375	 13.5579	  9.4977
2018	182	  19	  0	181.7917	286.1741	 17.3285	 142.0198	  114.0834	 106.4396	138.2022	  9.7532	 43.0403	 71.7429	 50.4408	 43.0403	343.1484	423.4527	396.7251	395.9789	395.9789	400.3697	 22.7910	321.9478	  0.6709	   0.2605	  0.4605	    0.9129	  0.9583	   0.9129	  0.7519	 22.1500	  9.2423	  6.3417
2018	182	  20	  0	181.8333	298.1603	  9.9757	  46.9571	   13.2220	  44.4829	 45.3306	  3.7347	 17.9034	 19.7503	 18.8030	 17.9034	342.0378	408.7321	391.0020	389.8881	389.8881	392.5246	 17.1732	187.0997	  0.5596	   0.1429	  0.3415	    0.9129	  0.9583	   0.9129	  0.7576	 21.0042	  6.9366	  4.6028
2018	182	  21	  0	181.8750	310.3553	  3.5191	   6.5377	    2.1502	   6.3615	  6.3043	  0.5297	  2.5828	  2.6861	  2.6650	  2.5828	340.5339	399.9455	384.7165	382.2983	382.2983	385.2037	 13.7095	 67.0397	  0.5722	   0.0677	  0.1732	    0.9129	  0.9583	   0.9129	  0.7618	 19.7417	  9.2561	  5.8475
2018	182	  22	  0	181.9167	323.0081	 -1.6943	   0.2979	    0.1787	   0.1718	  0.1667	  0.0143	  0.0702	  0.0702	  0.0702	  0.0702	337.0899	386.6145	372.1384	371.2698	371.2698	372.0484	 11.1687	 44.6810	  0.5783	   0.0000	  0.0061	    0.9129	  0.9583	   0.9129	  0.7669	 17.9083	  2.6820	  1.6372
2018	182	  23	  0	181.9583	336.2208	 -6.2873	   0.0000	    0.0000	   0.0000	  0.0000	  0.0000	  0.0000	  0.0000	  0.0000	  0.0000	334.6288	377.0248	364.5636	364.5636	364.5636	364.5636	  9.8092	 51.9509	  0.5074	   0.0000	  0.0000	    0.9129	  0.9583	   0.9129	  0.7714	 16.0875	  0.0000	  0.0000
2018	183	   0	  0	182.0000	349.9180	 -8.6530	   0.0000	    0.0000	   0.0000	  0.0000	  0.0000	  0.0000	  0.0000	  0.0000	  0.0000	333.0383	368.7100	356.7931	356.7931	356.7931	356.7931	  8.3514	 51.8840	  0.5074	   0.0000	  0.0000	    0.9129	  0.9583	   0.9129	  0.7745	 14.4792	  0.0000	  0.0000
2018	183	   1	  0	182.0417	 93.8500	 -9.0894	   0.0510	    0.0000	   0.0000	  0.0000	  0.0000	  0.0000	  0.0000	  0.0000	  0.0000	332.3959	361.9798	350.4610	350.4610	350.4610	350.4610	  7.1558	 51.6495	  0.5090	   0.0000	  0.0000	    0.9129	  0.9583	   0.9129	  0.7769	 13.1583	  0.0000	  0.0000
2018	183	   2	  0	182.0833	 17.6898	 -7.5959	   1.9965	    0.0000	   0.0000	  0.0000	  0.0000	  0.0000	  0.0000	  0.0000	  0.0000	331.2517	357.2197	344.9236	344.9236	344.9236	344.9236	  6.1029	 51.6466	  0.5466	   0.0000	  0.0000	    0.9129	  0.9583	   0.9129	  0.7774	 12.2125	  0.0000	  0.0000
2018	183	   3	  0	182.1250	 31.1443	 -3.9969	  20.9546	    0.0000	   0.0000	  0.0000	  0.0000	  0.0000	  0.0000	  0.0000	  0.0000	329.8999	353.5402	333.8892	333.8892	333.8892	333.8892	  4.0505	 51.6577	  0.8306	   0.0000	  0.0000	    0.9129	  0.9583	   0.9129	  0.7770	 11.4750	  0.0000	  0.0000
2018	183	   4	  0	182.1667	 44.0493	  1.0938	  91.9506	   74.5779	  67.2364	 68.9076	  5.6114	 27.3032	 27.3032	 30.2203	 30.6641	333.2231	358.0859	333.2354	333.2354	333.6028	333.6028	  8.3503	 41.6350	  1.0000	   0.0430	  0.0770	    0.9129	  0.9583	   0.9129	  0.7794	 12.2292	  2.4654	  0.0000
2018	183	   5	  0	182.2083	 56.4293	  6.9183	 206.7933	  648.4925	 126.9844	202.3324	 11.2857	 52.4497	 52.4497	 82.4522	100.4338	338.4984	371.0261	344.4138	344.5490	344.7953	344.7953	 16.7693	129.2890	  1.0000	   0.0857	  0.2716	    0.9129	  0.9583	   0.9129	  0.7813	 14.2917	  7.1091	  0.4941
2018	183	   6	  0	182.2500	 68.4747	 13.9282	 342.7708	  731.2211	 166.4752	337.1019	 17.2985	 69.8170	 69.8170	122.5624	207.3602	340.2792	389.4255	358.3133	359.6228	358.1164	358.1164	 25.1612	257.9202	  1.0000	   0.2079	  0.4143	    0.9129	  0.9583	   0.9129	  0.7769	 16.3833	  9.7436	  2.9236
2018	183	   7	  0	182.2917	 80.5123	 21.5900	 481.5717	  761.1702	 201.4643	474.8783	 25.8819	 86.3577	 86.3577	124.7276	330.7556	344.9420	412.6259	374.0895	377.6708	374.0298	374.0298	 32.7685	394.1353	  1.0000	   0.3509	  0.4928	    0.9129	  0.9583	   0.9129	  0.7751	 18.3292	 12.2666	  5.4466
2018	183	   8	  0	182.3333	 93.0228	 29.5398	 612.5781	  786.8885	 224.6728	605.3028	 37.8532	123.2459	 99.7080	102.3097	467.9448	348.4935	442.2270	392.2042	398.0197	392.2541	392.3140	 40.3217	528.5654	  1.0000	   0.5410	  0.5000	    0.9129	  0.9583	   0.9129	  0.7722	 19.9042	 14.6335	  7.8135
2018	183	   9	  0	182.3750	106.6617	 37.3894	 721.9688	  810.5589	 229.9584	714.7599	 48.6084	228.5309	106.7018	106.7018	511.3996	345.0554	465.9638	404.8717	412.1135	406.5681	404.8717	 46.3995	653.5257	  1.0000	   0.6593	  0.5000	    0.9129	  0.9583	   0.9129	  0.7619	 20.7167	 16.8027	  9.9827
2018	183	  10	  0	182.4167	122.2798	 44.6391	 803.9000	  825.4322	 224.1875	797.1224	 57.3475	338.7318	109.1719	109.1719	473.0455	342.9742	488.6784	417.2875	425.0222	421.8988	417.2875	 50.2594	759.1053	  1.0000	   0.7362	  0.5000	    0.9129	  0.9583	   0.9129	  0.7524	 21.6583	 18.7360	 11.9160
2018	183	  11	  0	182.4583	140.8231	 50.6011	 855.2206	  832.5156	 212.0966	849.0455	 63.4895	428.2751	108.2921	108.2921	370.0177	339.7738	510.8052	429.3615	435.8523	437.6269	429.3615	 51.8650	839.7036	  1.0000	   0.7869	  0.5000	    0.9129	  0.9583	   0.9129	  0.7390	 22.8417	 20.3992	 13.5792
2018	183	  12	  0	182.5000	162.6972	 54.3735	 862.5298	  843.5296	 176.8235	857.7558	 65.2690	476.8595	 97.5815	 97.5815	215.3331	342.0083	525.5460	438.1279	441.1104	449.7928	438.1279	 50.4278	883.6205	  1.0000	   0.8142	  0.5000	    0.9129	  0.9583	   0.9129	  0.7384	 23.4083	 21.7632	 14.9432
2018	183	  13	  0	182.5417	186.6088	 55.1144	 826.3996	  803.0901	 167.5449	821.8990	 62.8159	464.1701	138.4956	 92.9904	 97.2038	348.0264	535.1792	445.4584	445.4330	458.6564	446.6479	 49.2083	889.3308	  0.9900	   0.8192	  0.5000	    0.9129	  0.9583	   0.9129	  0.7448	 23.8792	 22.8038	 15.9838
2018	183	  14	  0	182.5833	209.6853	 52.6262	 752.9192	  684.5425	 208.6190	746.6244	 56.8960	390.7843	265.5407	102.8248	102.8248	356.4440	535.4195	449.0133	449.0133	460.8239	455.2539	 50.7679	856.8487	  0.9493	   0.8017	  0.5000	    0.9129	  0.9583	   0.9129	  0.7580	 23.9292	 23.2793	 16.5236
2018	183	  15	  0	182.6250	229.7544	 47.5276	 654.2779	  573.8714	 230.5345	646.8771	 48.4773	295.7655	328.5733	105.2255	105.2255	370.7604	518.2369	443.7781	443.7781	451.6414	453.2110	 48.9396	787.2511	  0.9166	   0.7623	  0.5000	    0.9129	  0.9583	   0.9129	  0.7838	 23.4833	 21.6907	 15.4872
2018	183	  16	  0	182.6667	246.5805	 40.7551	 533.9317	  470.9014	 225.9254	526.4104	 38.3599	197.8884	325.4625	 98.1823	 98.1823	373.3873	496.3995	433.8341	433.8341	437.7662	444.0243	 44.2745	694.8314	  0.8762	   0.6990	  0.5000	    0.9129	  0.9583	   0.9129	  0.7905	 23.1375	 19.3408	 13.8067
2018	183	  17	  0	182.7083	260.9900	 33.1019	 399.8567	  358.4372	 203.0865	392.8953	 27.6703	114.6394	262.0747	 84.9775	 84.9775	372.2745	469.6808	420.4297	420.4297	421.3083	429.5128	 37.4189	580.8964	  0.8262	   0.5989	  0.5000	    0.9129	  0.9583	   0.9129	  0.7926	 22.5667	 16.3879	 11.6251
2018	183	  18	  0	182.7500	273.9159	 25.1392	 263.2919	  231.4723	 163.6899	257.5333	 17.7593	 67.2297	160.8630	 72.0638	 66.7253	371.8396	442.7071	407.7787	407.8250	407.7509	414.6271	 30.0564	451.5062	  0.7604	   0.4437	  0.4999	    0.9129	  0.9583	   0.9129	  0.7948	 22.2000	 12.7611	  8.9355
2018	183	  19	  0	182.7917	286.0965	 17.2976	 137.3244	   89.7153	 109.1287	133.3896	  9.7934	 43.9515	 66.7292	 49.6860	 43.9515	367.9203	417.9926	396.3756	395.7551	395.7551	399.6970	 22.7894	316.2961	  0.6640	   0.2599	  0.4602	    0.9129	  0.9583	   0.9129	  0.7940	 21.3875	  8.4878	  5.8212
2018	183	  20	  0	182.8333	298.0868	  9.9408	  44.2815	   10.6456	  42.2785	 42.7347	  3.5445	 17.0103	 18.5136	 17.7356	 17.0103	366.4402	403.6898	389.8327	388.7505	388.7505	391.3292	 17.0600	183.6885	  0.5500	   0.1425	  0.3408	    0.9129	  0.9583	   0.9129	  0.7978	 20.1042	  6.8618	  4.5500
2018	183	  21	  0	182.8750	310.2857	  3.4802	   5.5558	    1.2317	   5.4466	  5.3562	  0.4532	  2.2113	  2.2679	  2.2543	  2.2113	369.5952	396.1427	385.0711	382.6965	382.6965	385.5614	 14.0007	 65.3157	  0.5606	   0.0663	  0.1721	    0.9129	  0.9583	   0.9129	  0.8050	 19.0583	  9.1933	  5.8033
2018	183	  22	  0	182.9167	322.9430	 -1.7472	   0.2225	    0.1231	   0.1198	  0.1162	  0.0100	  0.0489	  0.0489	  0.0489	  0.0489	372.8833	387.1157	376.5555	375.7021	375.7021	376.4689	 12.3240	 43.6692	  0.5772	   0.0000	  0.0056	    0.9129	  0.9583	   0.9129	  0.8126	 18.0042	  2.6548	  1.6188
2018	183	  23	  0	182.9583	336.1617	 -6.3468	   0.0031	    0.0000	   0.0000	  0.0000	  0.0000	  0.0000	  0.0000	  0.0000	  0.0000	368.0344	381.8677	372.0924	372.0924	372.0924	372.0924	 11.5297	 51.0497	  0.5080	   0.0000	  0.0000	    0.9129	  0.9583	   0.9129	  0.8094	 17.0125	  0.0000	  0.0000
2018	184	   0	  0	183.0000	349.8667	 -8.7164	   0.0000	    0.0000	   0.0000	  0.0000	  0.0000	  0.0000	  0.0000	  0.0000	  0.0000	360.5943	376.8699	366.7633	366.7633	366.7633	366.7633	 10.4852	 51.1588	  0.5080	   0.0000	  0.0000	    0.9129	  0.9583	   0.9129	  0.8028	 16.0583	  0.0000	  0.0000
2018	184	   1	  0	183.0417	 93.8082	 -9.1595	   0.0612	    0.0000	   0.0000	  0.0000	  0.0000	  0.0000	  0.0000	  0.0000	  0.0000	360.0925	371.6845	361.7808	361.7808	361.7808	361.7808	  9.5678	 50.9761	  0.5098	   0.0000	  0.0000	    0.9129	  0.9583	   0.9129	  0.8036	 15.0583	  0.0000	  0.0000
2018	184	   2	  0	183.0833	 17.6584	 -7.6721	   1.9979	    0.0000	   0.0000	  0.0000	  0.0000	  0.0000	  0.0000	  0.0000	  0.0000	358.3866	366.5527	355.8547	355.8547	355.8547	355.8547	  8.4631	 50.9979	  0.5477	   0.0000	  0.0000	    0.9129	  0.9583	   0.9129	  0.8027	 14.0583	  0.0000	  0.0000
2018	184	   3	  0	183.1250	 31.1231	 -4.0879	  19.9498	    0.0000	   0.0000	  0.0000	  0.0000	  0.0000	  0.0000	  0.0000	  0.0000	355.4080	363.3916	345.8292	345.8292	345.8292	345.8292	  6.6294	 51.0472	  0.8272	   0.0000	  0.0000	    0.9129	  0.9583	   0.9129	  0.8002	 13.4375	  0.0000	  0.0000
2018	184	   4	  0	183.1667	 44.0372	  1.0204	  87.2527	   71.0458	  64.0714	 65.5728	  5.3462	 26.0219	 26.0219	 28.7269	 29.1387	359.4481	369.2667	346.8384	346.8384	347.2174	347.2174	 10.9241	 40.3047	  1.0000	   0.0415	  0.0751	    0.9129	  0.9583	   0.9129	  0.8035	 14.4375	  2.4666	  0.0000
2018	184	   5	  0	183.2083	 56.4246	  6.8375	 200.7819	  624.7716	 124.7749	196.3925	 11.0573	 51.5065	 51.5065	 79.8682	 96.9149	367.7398	384.0932	360.3800	360.5135	360.7845	360.7845	 19.4545	126.4627	  1.0000	   0.0841	  0.2696	    0.9129	  0.9583	   0.9129	  0.8093	 16.8083	  7.0740	  0.4736
2018	184	   6	  0	183.2500	 68.4756	 13.8460	 333.2404	  699.0751	 165.7579	327.5758	 17.0450	 69.3621	 69.3621	119.4761	200.0069	377.5546	403.3437	376.6326	377.9613	376.4457	376.4457	 27.9408	252.6591	  1.0000	   0.2066	  0.4130	    0.9129	  0.9583	   0.9129	  0.8158	 18.9750	  9.7089	  2.8889
2018	184	   7	  0	183.2917	 80.5169	 21.5074	 466.3940	  726.1646	 200.0995	459.7162	 25.2704	 85.4670	 85.4670	121.8363	317.4428	384.2916	425.6005	392.2637	395.9072	392.2121	392.2121	 35.1494	386.3250	  1.0000	   0.3488	  0.4924	    0.9129	  0.9583	   0.9129	  0.8188	 20.6667	 12.2326	  5.4126
2018	184	   8	  0	183.3333	 93.0287	 29.4569	 589.2752	  748.3455	 221.3862	582.0704	 36.5353	120.0740	 97.7532	100.2211	447.1701	390.0838	457.0228	412.5143	418.4476	412.5618	412.6282	 42.5534	517.7780	  1.0000	   0.5394	  0.5000	    0.9129	  0.9583	   0.9129	  0.8197	 22.4292	 14.6005	  7.7805
2018	184	   9	  0	183.3750	106.6654	 37.3062	 690.0942	  762.9657	 227.9136	682.8857	 46.6044	219.3285	104.7480	104.7480	485.5053	395.9018	480.3458	426.8568	434.2390	428.5805	426.8568	 48.4932	636.9333	  1.0000	   0.6582	  0.5000	    0.9129	  0.9583	   0.9129	  0.8243	 23.0833	 16.7708	  9.9508
2018	184	  10	  0	183.4167	122.2752	 44.5557	 768.1867	  775.7507	 224.1507	761.3212	 54.9250	323.4695	107.6374	107.6374	449.7366	396.0938	497.7260	435.7929	443.6154	440.4514	435.7929	 51.7852	737.6055	  1.0000	   0.7354	  0.5000	    0.9129	  0.9583	   0.9129	  0.8238	 23.1167	 18.7053	 11.8853
2018	184	  11	  0	183.4583	140.8001	 50.5188	 812.3587	  801.6377	 193.5606	806.8031	 60.1901	408.9602	100.2486	100.2486	351.9216	395.3907	514.6364	444.8770	451.3957	453.1666	444.8770	 52.7298	812.4881	  1.0000	   0.7863	  0.5000	    0.9129	  0.9583	   0.9129	  0.8208	 23.4625	 20.3697	 13.5497
2018	184	  12	  0	183.5000	162.6448	 54.2955	 803.7115	  733.7140	 208.1414	797.5625	 61.1833	434.9232	105.1556	105.1556	210.2294	395.9238	527.6866	452.2283	455.2241	463.9049	452.2283	 51.4587	855.3272	  0.9969	   0.8136	  0.5000	    0.9129	  0.9583	   0.9129	  0.8198	 23.7625	 21.7347	 14.9147
2018	184	  13	  0	183.5417	186.5249	 55.0456	 788.8735	  691.3588	 222.2044	782.1361	 60.4902	429.0683	148.9224	109.1860	112.7742	389.5759	541.0031	459.9518	459.9298	473.2403	461.1353	 51.1549	868.0809	  0.9729	   0.8187	  0.5000	    0.9129	  0.9583	   0.9129	  0.8050	 24.7667	 22.7762	 15.9562
2018	184	  14	  0	183.5833	209.5829	 52.5694	 732.9027	  639.6099	 224.8650	725.9209	 55.5839	376.5586	259.5645	107.2603	107.2603	376.0673	545.3108	461.8488	461.8488	473.6054	468.0091	 52.0934	849.4387	  0.9336	   0.8013	  0.5000	    0.9129	  0.9583	   0.9129	  0.7780	 25.7708	 22.7975	 16.1735
2018	184	  15	  0	183.6250	229.6493	 47.4817	 641.0037	  554.4441	 231.9161	633.5155	 47.5637	289.6466	320.6574	105.1040	105.1040	373.1708	526.1013	451.6012	451.6012	459.3302	460.8272	 49.5344	788.4898	  0.8986	   0.7619	  0.5000	    0.9129	  0.9583	   0.9129	  0.7776	 25.1875	 21.0108	 14.9950
2018	184	  16	  0	183.6667	246.4808	 40.7164	 522.4590	  449.2435	 228.7479	514.7983	 37.6790	194.3034	315.2725	 98.6717	 98.6717	378.6375	500.8602	439.6604	439.6604	443.4796	449.5267	 44.6962	693.9358	  0.8608	   0.6986	  0.5000	    0.9129	  0.9583	   0.9129	  0.7920	 24.3375	 18.6276	 13.2916
2018	184	  17	  0	183.7083	260.8975	 33.0668	 388.5742	  335.2139	 204.6915	381.5216	 27.0893	113.1551	250.6222	 85.1229	 85.1229	378.8789	474.8297	427.1620	427.1620	427.9918	435.8616	 38.0069	579.5695	  0.8084	   0.5983	  0.5000	    0.9129	  0.9583	   0.9129	  0.7958	 23.8750	 15.6118	 11.0694
2018	184	  18	  0	183.7500	273.8299	 25.1043	 252.9848	  206.9418	 163.8794	247.1930	 17.3416	 66.9901	150.7681	 71.0721	 66.4939	377.1570	445.1133	411.9579	412.0512	411.9759	418.3670	 30.3319	450.2977	  0.7392	   0.4429	  0.4998	    0.9129	  0.9583	   0.9129	  0.7988	 23.0042	 11.8792	  8.3139
2018	184	  19	  0	183.7917	286.0158	 17.2606	 130.6910	   70.6850	 108.3066	126.7719	  9.5802	 43.5031	 61.6244	 47.9515	 43.5031	378.1871	421.0651	401.2634	400.7480	400.7480	404.3340	 23.3999	314.3160	  0.6461	   0.2591	  0.4597	    0.9129	  0.9583	   0.9129	  0.8054	 22.1208	  7.8032	  5.3484
2018	184	  20	  0	183.8333	298.0106	  9.8997	  41.9871	    9.4973	  40.2051	 40.5159	  3.3687	 16.1749	 17.5153	 16.8186	 16.1749	379.6053	407.9147	395.3610	394.2858	394.2858	396.8668	 17.9993	181.9556	  0.5409	   0.1419	  0.3400	    0.9129	  0.9583	   0.9129	  0.8124	 20.8792	  6.8287	  4.5245
2018	184	  21	  0	183.8750	310.2140	  3.4353	   5.7925	    1.3011	   5.6866	  5.5841	  0.4732	  2.3088	  2.3687	  2.3560	  2.3088	378.8483	398.2133	387.7122	385.3078	385.3078	388.2126	 14.5693	 64.2246	  0.5715	   0.0645	  0.1708	    0.9129	  0.9583	   0.9129	  0.8154	 19.4500	  9.2752	  5.8483
2018	184	  22	  0	183.9167	322.8765	 -1.8075	   0.3021	    0.1640	   0.1416	  0.1373	  0.0118	  0.0580	  0.0580	  0.0580	  0.0580	377.6123	390.4482	380.0480	379.1708	379.1708	379.9619	 12.9949	 43.3003	  0.5822	   0.0000	  0.0050	    0.9129	  0.9583	   0.9129	  0.8168	 18.6292	  2.7170	  1.6550
2018	184	  23	  0	183.9583	336.1019	 -6.4101	   0.0052	    0.0000	   0.0000	  0.0000	  0.0000	  0.0000	  0.0000	  0.0000	  0.0000	375.8831	387.2027	377.7733	377.7733	377.7733	377.7733	 12.6300	 50.7303	  0.5087	   0.0000	  0.0000	    0.9129	  0.9583	   0.9129	  0.8164	 18.0208	  0.0000	  0.0000
2018	185	   0	  0	184.0000	349.8157	 -8.7866	   0.0000	    0.0000	   0.0000	  0.0000	  0.0000	  0.0000	  0.0000	  0.0000	  0.0000	374.8711	383.4927	374.1846	374.1846	374.1846	374.1846	 11.9778	 50.7220	  0.5086	   0.0000	  0.0000	    0.9129	  0.9583	   0.9129	  0.8164	 17.3208	  0.0000	  0.0000
2018	185	   1	  0	184.0417	 93.7676	 -9.2362	   0.0277	    0.0000	   0.0000	  0.0000	  0.0000	  0.0000	  0.0000	  0.0000	  0.0000	376.5179	380.0931	371.0639	371.0639	371.0639	371.0639	 11.4340	 50.5293	  0.5096	   0.0000	  0.0000	    0.9129	  0.9583	   0.9129	  0.8187	 16.6750	  0.0000	  0.0000
2018	185	   2	  0	184.0833	 17.6291	 -7.7546	   1.4258	    0.0000	   0.0000	  0.0000	  0.0000	  0.0000	  0.0000	  0.0000	  0.0000	378.3348	377.8027	368.3877	368.3877	368.3877	368.3877	 10.9769	 50.4959	  0.5373	   0.0000	  0.0000	    0.9129	  0.9583	   0.9129	  0.8207	 16.2375	  0.0000	  0.0000
2018	185	   3	  0	184.1250	 31.1048	 -4.1905	  15.1613	    0.0000	   0.0000	  0.0000	  0.0000	  0.0000	  0.0000	  0.0000	  0.0000	376.6199	376.2385	361.0793	361.0793	361.0793	361.0793	  9.6917	 50.5253	  0.7857	   0.0000	  0.0000	    0.9129	  0.9583	   0.9129	  0.8192	 15.9375	  0.0000	  0.0000
2018	185	   4	  0	184.1667	 44.0286	  0.9417	  70.7835	  119.8424	  50.2113	 54.2708	  4.2066	 20.4316	 20.4316	 25.2172	 25.8430	376.5584	378.8975	357.9367	357.9367	358.3245	358.3245	 12.4721	 39.0467	  1.0000	   0.0397	  0.0732	    0.9129	  0.9583	   0.9129	  0.8190	 16.2875	  2.6943	  0.0000
2018	185	   5	  0	184.2083	 56.4240	  6.7515	 185.6379	  636.0928	 109.8200	181.7970	  9.7976	 45.4490	 45.4490	 73.5208	 90.3138	378.7996	388.3159	365.8448	365.9731	366.2636	366.2636	 19.6462	124.4157	  1.0000	   0.0825	  0.2674	    0.9129	  0.9583	   0.9129	  0.8200	 17.6208	  7.0359	  0.4514
2018	185	   6	  0	184.2500	 68.4811	 13.7587	 321.0569	  691.6836	 156.3704	315.7298	 16.1909	 65.5573	 65.5573	114.8198	194.0419	382.7874	404.5295	378.5671	379.8818	378.3914	378.3914	 27.7236	250.5994	  1.0000	   0.2052	  0.4116	    0.9129	  0.9583	   0.9129	  0.8213	 19.2125	  9.6711	  2.8511
2018	185	   7	  0	184.2917	 80.5265	 21.4199	 452.5294	  718.5983	 190.0170	446.2122	 24.2592	 81.3944	 81.3944	117.1326	309.6887	386.0308	425.3220	392.4132	396.0314	392.3670	392.3670	 34.5950	384.5429	  1.0000	   0.3467	  0.4921	    0.9129	  0.9583	   0.9129	  0.8210	 20.6583	 12.1956	  5.3756
2018	185	   8	  0	184.3333	 93.0400	 29.3692	 578.1358	  743.8422	 213.4001	571.2162	 35.6649	116.7981	 94.5543	 96.9773	441.1194	387.7864	450.9338	407.1664	413.0123	407.2147	407.2801	 41.3978	516.3872	  1.0000	   0.5377	  0.5000	    0.9129	  0.9583	   0.9129	  0.8201	 21.4625	 14.5646	  7.7446
2018	185	   9	  0	184.3750	106.6748	 37.2180	 685.6917	  769.4941	 220.3720	678.7679	 46.1267	217.7252	101.9908	101.9908	485.7826	381.8077	475.2676	419.9803	427.2791	421.6887	419.9803	 47.3575	639.7941	  1.0000	   0.6571	  0.5000	    0.9129	  0.9583	   0.9129	  0.8080	 22.3042	 16.7361	  9.9161
2018	185	  10	  0	184.4167	122.2763	 44.4670	 765.2435	  787.9603	 213.5300	758.7871	 54.5131	323.2476	103.9391	103.9391	451.5744	373.7540	497.1206	430.6619	438.4552	435.3027	430.6619	 50.8889	745.3215	  1.0000	   0.7346	  0.5000	    0.9129	  0.9583	   0.9129	  0.7922	 23.0625	 18.6719	 11.8519
2018	185	  11	  0	184.4583	140.7824	 50.4306	 809.9577	  822.5445	 175.6533	805.0981	 59.7765	411.4888	 94.2079	 94.2079	352.2960	368.9519	515.1534	439.5308	446.0411	447.8065	439.5308	 51.7300	823.7086	  1.0000	   0.7856	  0.5000	    0.9129	  0.9583	   0.9129	  0.7813	 23.5792	 20.3376	 13.5176
2018	185	  12	  0	184.5000	162.5961	 54.2110	 819.8944	  799.5302	 171.5660	815.2199	 61.9988	453.6448	 93.8665	 93.8665	208.7268	368.0850	528.7180	446.8204	449.8246	458.4875	446.8204	 50.6280	868.2893	  0.9985	   0.8131	  0.5000	    0.9129	  0.9583	   0.9129	  0.7772	 23.9542	 21.7037	 14.8837
2018	185	  13	  0	184.5417	186.4422	 54.9700	 794.4004	  716.4315	 207.6913	788.2458	 60.7454	436.6895	144.9048	104.6709	108.6121	365.2235	534.7387	450.0366	450.0185	463.1820	451.1858	 49.7077	878.1155	  0.9690	   0.8182	  0.5000	    0.9129	  0.9583	   0.9129	  0.7727	 23.8917	 22.7371	 15.9197
2018	185	  14	  0	184.5833	209.4792	 52.5059	 731.1321	  629.9331	 231.1120	723.9009	 55.5053	375.1270	258.4999	109.2376	109.2376	368.9806	532.1963	451.2661	451.2661	462.5875	457.1652	 50.7351	849.4335	  0.9317	   0.8009	  0.5000	    0.9129	  0.9583	   0.9129	  0.7765	 24.2333	 22.3270	 15.8315
2018	185	  15	  0	184.6250	229.5414	 47.4292	 636.4204	  539.9180	 238.4417	628.6649	 47.3195	287.1676	316.8263	107.0704	107.0704	374.5426	519.7827	447.8674	447.8674	455.3721	456.7984	 48.9712	786.0739	  0.8954	   0.7615	  0.5000	    0.9129	  0.9583	   0.9129	  0.7836	 24.6000	 20.5556	 14.6629
2018	185	  16	  0	184.6667	246.3776	 40.6715	 517.3769	  442.0067	 228.6709	509.7065	 37.3413	192.8960	311.3804	 98.4362	 98.4362	371.1682	498.4772	437.1433	437.1433	440.8731	446.7326	 44.1380	696.2464	  0.8512	   0.6981	  0.5000	    0.9129	  0.9583	   0.9129	  0.7809	 24.2750	 18.1982	 12.9789
2018	185	  17	  0	184.7083	260.8015	 33.0255	 384.7867	  330.4515	 203.7446	377.7617	 26.8430	112.5202	247.6455	 84.6564	 84.6564	369.6843	472.2410	424.0376	424.0376	424.8450	432.4973	 37.3616	581.8395	  0.7996	   0.5977	  0.5000	    0.9129	  0.9583	   0.9129	  0.7830	 23.6750	 15.2695	 10.8209
2018	185	  18	  0	184.7500	273.7406	 25.0634	 252.8996	  211.4694	 162.0814	247.1780	 17.2500	 66.3716	151.6883	 70.4613	 65.8434	369.8930	445.6176	411.1804	411.2768	411.2034	417.6375	 30.1399	451.5434	  0.7378	   0.4419	  0.4998	    0.9129	  0.9583	   0.9129	  0.7876	 23.0750	 11.9547	  8.3617
2018	185	  19	  0	184.7917	285.9321	 17.2174	 130.5185	   73.0505	 107.4123	126.6340	  9.5233	 43.1675	 61.8681	 47.7193	 43.1675	373.8066	421.6097	401.0932	400.5765	400.5765	404.2015	 23.3170	314.4163	  0.6457	   0.2583	  0.4592	    0.9129	  0.9583	   0.9129	  0.7987	 22.2042	  7.8672	  5.3890
2018	185	  20	  0	184.8333	297.9319	  9.8525	  40.9210	    9.1182	  39.2097	 39.4862	  3.2849	 15.7743	 17.0656	 16.3901	 15.7743	380.1431	408.2215	395.8115	394.7440	394.7440	397.3211	 18.0252	181.1089	  0.5365	   0.1412	  0.3391	    0.9129	  0.9583	   0.9129	  0.8128	 20.9417	  6.8183	  4.5139
2018	185	  21	  0	184.8750	310.1403	  3.3843	   5.1708	    1.0306	   5.0824	  4.9845	  0.4228	  2.0639	  2.1091	  2.0984	  2.0639	383.0992	398.9066	388.9929	386.5962	386.5962	389.5031	 14.7989	 63.2061	  0.5647	   0.0625	  0.1694	    0.9129	  0.9583	   0.9129	  0.8200	 19.5958	  9.2681	  5.8378
2018	185	  22	  0	184.9167	322.8085	 -1.8752	   0.1979	    0.0660	   0.0649	  0.0630	  0.0054	  0.0265	  0.0265	  0.0265	  0.0265	383.0115	390.9838	381.5798	381.1814	381.1814	381.5499	 13.3530	 47.0028	  0.5412	   0.0000	  0.0040	    0.9129	  0.9583	   0.9129	  0.8230	 18.7292	  1.2596	  0.7688
2018	185	  23	  0	184.9583	336.0415	 -6.4842	   0.0000	    0.0000	   0.0000	  0.0000	  0.0000	  0.0000	  0.0000	  0.0000	  0.0000	380.9132	386.2970	377.3331	377.3331	377.3331	377.3331	 12.6032	 50.4681	  0.5091	   0.0000	  0.0000	    0.9129	  0.9583	   0.9129	  0.8221	 17.8500	  0.0000	  0.0000
2018	186	   0	  0	185.0000	349.7649	 -8.8635	   0.0000	    0.0000	   0.0000	  0.0000	  0.0000	  0.0000	  0.0000	  0.0000	  0.0000	379.0476	383.0957	374.1379	374.1379	374.1379	374.1379	 12.0133	 50.4838	  0.5091	   0.0000	  0.0000	    0.9129	  0.9583	   0.9129	  0.8208	 17.2458	  0.0000	  0.0000
2018	186	   1	  0	185.0417	 93.7282	 -9.3195	   0.0977	    0.0000	   0.0000	  0.0000	  0.0000	  0.0000	  0.0000	  0.0000	  0.0000	379.1214	381.7127	372.7722	372.7722	372.7722	372.7722	 11.7695	 50.3486	  0.5114	   0.0000	  0.0000	    0.9129	  0.9583	   0.9129	  0.8211	 16.9833	  0.0000	  0.0000
2018	186	   2	  0	185.0833	 17.6020	 -7.8435	   1.3046	    0.0000	   0.0000	  0.0000	  0.0000	  0.0000	  0.0000	  0.0000	  0.0000	377.7257	381.3179	371.7321	371.7321	371.7321	371.7321	 11.5744	 50.3734	  0.5354	   0.0000	  0.0000	    0.9129	  0.9583	   0.9129	  0.8197	 16.9083	  0.0000	  0.0000
2018	186	   3	  0	185.1250	 31.0895	 -4.3012	   8.3598	    0.0000	   0.0000	  0.0000	  0.0000	  0.0000	  0.0000	  0.0000	  0.0000	376.0048	381.8001	368.7884	368.7884	368.7884	368.7884	 11.0633	 50.4059	  0.6753	   0.0000	  0.0000	    0.9129	  0.9583	   0.9129	  0.8179	 17.0000	  0.0000	  0.0000
2018	186	   4	  0	185.1667	 44.0236	  0.8576	  38.6004	  262.1991	  20.1456	 29.9876	  1.7413	  8.3092	  8.3092	 20.7926	 21.8474	371.9463	383.6321	361.9656	361.9656	362.3576	362.3576	 11.9694	 38.0302	  0.9808	   0.0379	  0.0708	    0.9129	  0.9583	   0.9129	  0.8134	 17.1625	  3.0408	  0.0000
2018	186	   5	  0	185.2083	 56.4275	  6.6602	 117.9542	  754.0830	  28.1778	117.1446	  3.1328	 12.6258	 12.6258	 45.8500	 65.9062	370.5928	387.6641	364.0405	364.1620	364.4688	364.4688	 15.3753	123.1645	  1.0000	   0.0807	  0.2651	    0.9129	  0.9583	   0.9129	  0.8113	 17.5167	  6.9948	  0.4274
2018	186	   6	  0	185.2500	 68.4912	 13.6664	 190.7323	  540.1750	  68.6535	188.5180	  7.9592	 29.6373	 29.6373	 67.9903	124.6087	371.0265	397.5325	371.5036	372.6871	371.3799	371.3799	 20.5112	250.1144	  0.9702	   0.2038	  0.4101	    0.9129	  0.9583	   0.9129	  0.8102	 18.0792	  9.1286	  2.6296
2018	186	   7	  0	185.2917	 80.5411	 21.3276	 179.0048	  110.1021	 141.5909	173.9017	 12.8327	 56.6042	 56.6042	 62.8338	 87.7025	370.8119	395.7466	377.3067	378.5589	377.6279	377.6279	 21.6695	384.7072	  0.6774	   0.3444	  0.4917	    0.9129	  0.9583	   0.9129	  0.8101	 18.0750	  4.7033	  2.0090
2018	186	   8	  0	185.3333	 93.0567	 29.2767	 159.8365	   14.1047	 152.9433	154.2403	 13.0475	 59.6578	 59.2235	 59.2788	 65.7652	370.9856	394.0886	381.4936	382.0998	381.2542	381.6338	 21.5452	517.0533	  0.4666	   0.5359	  0.5000	    0.9129	  0.9583	   0.9129	  0.8108	 17.9083	  2.6139	  1.3830
2018	186	   9	  0	185.3750	106.6899	 37.1248	 275.5544	   44.4684	 247.8423	266.5273	 22.2963	103.2675	 95.4562	 95.4562	117.4975	371.8472	399.9875	383.4614	384.2643	383.3099	383.4614	 27.2214	638.0652	  0.5516	   0.6560	  0.5000	    0.9129	  0.9583	   0.9129	  0.8109	 18.2708	  3.2024	  1.9030
2018	186	  10	  0	185.4167	122.2832	 44.3730	 468.7685	  226.6897	 308.9043	457.8310	 36.3755	188.5775	123.4280	123.4280	221.8707	371.9961	425.0644	393.3117	396.0798	394.9144	393.3117	 36.3722	740.0075	  0.7278	   0.7337	  0.5000	    0.9129	  0.9583	   0.9129	  0.8086	 18.9333	  8.0645	  5.1278
2018	186	  11	  0	185.4583	140.7702	 50.3366	 617.6531	  397.2029	 311.5275	606.9853	 47.6833	284.3273	130.6068	130.6068	254.8141	371.8890	456.0406	408.2163	411.9666	413.0791	408.2163	 42.9547	815.8699	  0.8341	   0.7849	  0.5000	    0.9129	  0.9583	   0.9129	  0.8046	 19.8417	 13.1498	  8.7372
2018	186	  12	  0	185.5000	162.5513	 54.1203	 685.7044	  459.2905	 313.3543	675.1352	 53.4524	341.8058	134.3322	134.3322	197.7691	372.9117	471.7275	416.1440	417.9656	423.8559	416.1440	 44.7088	858.9856	  0.8648	   0.8124	  0.5000	    0.9129	  0.9583	   0.9129	  0.8044	 20.1375	 15.5175	 10.6389
2018	186	  13	  0	185.5417	186.3610	 54.8877	 774.4560	  632.8570	 256.8142	766.3257	 59.6747	413.4108	157.3542	119.8618	122.9336	375.0676	504.8767	431.0826	431.0509	443.1321	432.1624	 47.5637	866.9298	  0.9580	   0.8177	  0.5000	    0.9129	  0.9583	   0.9129	  0.8055	 20.2167	 21.7353	 15.2122
2018	186	  14	  0	185.5833	209.3744	 52.4357	 743.8369	  625.3113	 247.9700	735.9766	 56.5811	379.8020	263.3073	115.3618	115.3618	376.0553	508.4369	433.6198	433.6198	444.6560	439.3393	 49.0853	839.8757	  0.9568	   0.8004	  0.5000	    0.9129	  0.9583	   0.9129	  0.8055	 20.5083	 22.5210	 15.9600
2018	186	  15	  0	185.6250	229.4308	 47.3702	 637.0071	  510.7283	 260.7589	628.3781	 47.6630	285.5764	312.4570	114.5290	114.5290	373.8136	488.4568	424.3302	424.3302	431.2157	432.4650	 46.0915	779.9667	  0.9026	   0.7610	  0.5000	    0.9129	  0.9583	   0.9129	  0.8034	 20.4375	 19.6808	 14.0312
2018	186	  16	  0	185.6667	246.2712	 40.6202	 515.5550	  410.4919	 247.6853	507.1346	 37.5858	192.9225	302.3740	104.7950	104.7950	372.5960	469.8000	415.8047	415.8047	419.1816	424.4697	 41.3154	690.3134	  0.8551	   0.6976	  0.5000	    0.9129	  0.9583	   0.9129	  0.8025	 20.4083	 17.2236	 12.2771
2018	186	  17	  0	185.7083	260.7021	 32.9780	 382.1804	  301.5524	 217.0705	374.6265	 27.0726	114.9754	237.8066	 89.1872	 89.1872	373.2440	448.3153	406.1294	406.1294	406.8478	413.7501	 34.8204	576.7134	  0.8010	   0.5969	  0.5000	    0.9129	  0.9583	   0.9129	  0.8045	 20.2833	 14.3495	 10.1634
2018	186	  18	  0	185.7500	273.6480	 25.0164	 245.9952	  175.6158	 170.3446	239.9324	 17.3205	 69.1178	140.2695	 72.1782	 68.6229	372.0246	422.6193	393.3919	393.5401	393.4697	398.9501	 27.2422	447.9000	  0.7267	   0.4408	  0.4998	    0.9129	  0.9583	   0.9129	  0.8058	 19.6667	 10.6875	  7.4717
2018	186	  19	  0	185.7917	285.8456	 17.1682	 117.8775	   40.8021	 104.8836	114.0605	  9.0555	 41.9398	 52.4969	 44.4315	 41.9398	372.3023	402.3253	385.3620	385.0220	385.0220	387.8835	 20.2072	312.4754	  0.6079	   0.2573	  0.4586	    0.9129	  0.9583	   0.9129	  0.8087	 19.0833	  6.6568	  4.5546
2018	186	  20	  0	185.8333	297.8507	  9.7990	  36.0175	    6.3672	  34.8249	 34.7423	  2.9125	 14.0057	 14.9078	 14.4333	 14.0057	375.4917	395.1562	383.9270	382.9083	382.9083	385.3809	 15.6876	180.1187	  0.5125	   0.1403	  0.3381	    0.9129	  0.9583	   0.9129	  0.8138	 18.5750	  6.7181	  4.4433
2018	186	  21	  0	185.8750	310.0645	  3.3273	   4.6217	    0.7103	   4.5628	  4.4543	  0.3795	  1.8530	  1.8837	  1.8767	  1.8530	375.1532	389.2023	379.2200	376.8556	376.8556	379.7286	 12.9708	 62.2887	  0.5635	   0.0603	  0.1678	    0.9129	  0.9583	   0.9129	  0.8146	 17.8125	  9.3099	  5.8568
2018	186	  22	  0	185.9167	322.7393	 -1.9504	   0.3312	    0.0701	   0.0688	  0.0668	  0.0057	  0.0281	  0.0281	  0.0281	  0.0281	371.2643	383.6236	373.4739	373.0640	373.0640	373.4444	 11.7872	 46.9718	  0.5473	   0.0000	  0.0036	    0.9129	  0.9583	   0.9129	  0.8123	 17.3458	  1.3115	  0.7994
2018	186	  23	  0	185.9583	335.9806	 -6.5602	   0.0208	    0.0000	   0.0000	  0.0000	  0.0000	  0.0000	  0.0000	  0.0000	  0.0000	368.6256	381.6693	371.9096	371.9096	371.9096	371.9096	 11.5038	 50.5465	  0.5099	   0.0000	  0.0000	    0.9129	  0.9583	   0.9129	  0.8101	 16.9750	  0.0000	  0.0000
2018	187	   0	  0	186.0000	349.1335	 -8.8986	   0.0000	    0.0000	   0.0000	  0.0000	  0.0000	  0.0000	  0.0000	  0.0000	  0.0000	365.9946	379.6991	369.8419	369.8419	369.8419	369.8419	 11.1025	 50.5893	  0.5095	   0.0000	  0.0000	    0.9129	  0.9583	   0.9129	  0.8079	 16.6000	  0.0000	  0.0000
