Year	DOY	Hour	Min	 Dectime	 azimuth	altitude	GlobalRad	DiffuseRad	DirectRad	 Kdown2d	   Kup2d	  Ksouth	   Kwest	  Knorth	   Keast	 Ldown2d	   Lup2d	  Lsouth	   Lwest	  Lnorth	   Least	    Tmrt	      I0	      CI	SH_Ground	SH_Walls	SVF_Ground	SVF_Roof	SVF_BdVeg	Emis_Sky	      Ta	      Tg	      Tw
2018	179	   0	  0	178.0000	356.4596	 -8.9665	   0.0200	    0.0000	   0.0000	  0.0000	  0.0000	  0.0000	  0.0000	  0.0000	  0.0000	400.3601	391.8993	384.1218	384.1218	384.1218	384.1218	 14.0062	 51.3839	  0.5056	   0.0000	  0.0000	    0.7794	  0.9238	   0.7794	  0.8405	 18.9000	  0.0000	  0.0000
2018	179	   1	  0	178.0417	 94.0030	 -8.8695	   0.1496	    0.0000	   0.0000	  0.0000	  0.0000	  0.0000	  0.0000	  0.0000	  0.0000	397.1491	390.4482	382.5119	382.5119	382.5119	382.5119	 13.6897	 51.4447	  0.5081	   0.0000	  0.0000	    0.7794	  0.9238	   0.7794	  0.8374	 18.6292	  0.0000	  0.0000
2018	179	   2	  0	178.0833	 17.8107	 -7.3537	   2.4581	    0.0000	   0.0000	  0.0000	  0.0000	  0.0000	  0.0000	  0.0000	  0.0000	393.0043	386.6275	378.0722	378.0722	378.0722	378.0722	 12.8666	 51.5214	  0.5529	   0.0000	  0.0000	    0.7794	  0.9238	   0.7794	  0.8337	 17.9125	  0.0000	  0.0000
2018	179	   3	  0	178.1250	 31.2335	 -3.6872	  20.5810	    0.0000	   0.0000	  0.0000	  0.0000	  0.0000	  0.0000	  0.0000	  0.0000	394.0898	384.1521	372.3792	372.3792	372.3792	372.3792	 11.9022	 51.5025	  0.8350	   0.0000	  0.0000	    0.7794	  0.9238	   0.7794	  0.8349	 17.4458	  0.0000	  0.0000
2018	179	   4	  0	178.1667	 44.1102	  1.3295	  85.2542	  123.7830	  64.6851	 67.2820	  4.6999	 19.5589	 19.5589	 19.5589	 19.5589	397.1309	386.9470	371.2920	371.2920	373.2058	373.2058	 14.8395	 40.1736	  1.0000	   0.0112	  0.0395	    0.7794	  0.9238	   0.7794	  0.8377	 17.9417	  3.0082	  0.0000
2018	179	   5	  0	178.2083	 56.4674	  7.1799	 193.9660	  623.4439	 115.0833	186.6090	  8.4627	 35.9697	 35.9697	 36.5937	 37.1441	401.3237	395.1435	379.0564	379.3363	381.2739	381.2739	 19.1456	131.0403	  1.0000	   0.0021	  0.1004	    0.7794	  0.9238	   0.7794	  0.8408	 19.4833	  7.2203	  0.5645
2018	179	   6	  0	178.2500	 68.4961	 14.1945	 323.6306	  681.8844	 156.1155	313.9271	 12.8018	 49.9487	 49.9487	 70.6151	102.2368	399.6248	411.5094	392.9524	395.4403	394.1526	394.1526	 25.8045	257.0552	  1.0000	   0.0852	  0.1812	    0.7794	  0.9238	   0.7794	  0.8334	 21.6458	  9.8528	  3.0328
2018	179	   7	  0	178.2917	 80.5237	 21.8570	 456.5967	  712.5165	 191.3059	444.9803	 15.8251	 62.3617	 62.3617	 68.8748	105.6413	400.0662	420.4434	400.5461	407.2035	402.0622	402.0622	 28.7806	390.6757	  1.0000	   0.0665	  0.2578	    0.7794	  0.9238	   0.7794	  0.8275	 23.2417	 12.3726	  5.5526
2018	179	   8	  0	178.3333	 93.0326	 29.8064	 581.4260	  734.5171	 216.4096	568.5822	 20.2184	 77.2678	 72.2846	 72.8423	150.7153	407.2509	430.8978	409.4600	418.8846	408.7248	410.0732	 32.8789	520.4458	  1.0000	   0.1238	  0.3196	    0.7794	  0.9238	   0.7794	  0.8326	 24.0792	 14.7356	  7.9156
2018	179	   9	  0	178.3750	106.6822	 37.6550	 687.2823	  755.7386	 225.7596	674.2526	 23.9675	107.2509	 77.7585	 77.7585	173.3321	408.3514	441.2717	417.0477	428.6023	418.4816	417.0477	 36.3426	640.4322	  1.0000	   0.1683	  0.3778	    0.7794	  0.9238	   0.7794	  0.8293	 24.8333	 16.9004	 10.0804
2018	179	  10	  0	178.4167	122.3312	 44.9021	 766.0317	  774.0723	 219.8291	753.7869	 27.3201	142.5685	 78.8418	 78.8418	178.8313	401.7060	453.4055	423.8647	436.2411	430.5770	423.8647	 39.0020	744.4869	  1.0000	   0.2176	  0.4322	    0.7794	  0.9238	   0.7794	  0.8137	 25.6333	 18.8292	 12.0092
2018	179	  11	  0	178.4583	140.9362	 50.8564	 811.1337	  822.5568	 172.8678	802.4593	 29.1714	179.6695	 68.7860	 68.7860	157.8113	395.5307	465.9677	430.3835	440.3713	443.6271	430.3835	 40.2388	822.4641	  1.0000	   0.2757	  0.4738	    0.7794	  0.9238	   0.7794	  0.7995	 26.1625	 20.4882	 13.6682
2018	179	  12	  0	178.5000	162.9041	 54.6094	 822.4575	  801.4756	 169.2870	814.0913	 32.2103	212.7055	 69.2857	 69.2857	113.7779	390.0077	474.8729	434.0694	437.6450	453.3098	434.0694	 40.5834	867.9767	  0.9985	   0.3260	  0.4938	    0.7794	  0.9238	   0.7794	  0.7896	 26.1375	 21.8485	 15.0285
2018	179	  13	  0	178.5417	186.9097	 55.3162	 796.4375	  721.0732	 203.4402	785.5058	 33.5053	214.2713	 94.7442	 77.5371	 78.9187	385.3162	478.7850	435.8598	435.3636	457.6907	436.8011	 40.6253	878.4891	  0.9700	   0.3378	  0.4965	    0.7794	  0.9238	   0.7794	  0.7809	 26.1625	 22.8861	 16.0661
2018	179	  14	  0	178.5833	210.0351	 52.7866	 726.1021	  617.1054	 234.1011	712.6524	 30.8531	179.3365	136.9185	 82.7128	 82.7128	390.3725	472.7193	434.3916	434.3916	452.6636	443.2395	 40.4835	848.1320	  0.9261	   0.2983	  0.4852	    0.7794	  0.9238	   0.7794	  0.7888	 26.2458	 22.2733	 15.8296
2018	179	  15	  0	178.6250	230.1048	 47.6527	 585.1885	  423.2518	 271.8644	568.3894	 27.0283	133.1418	140.7058	 88.0995	 88.0995	393.0235	456.2968	427.7249	427.7249	436.4758	438.7046	 37.6188	784.4297	  0.8309	   0.2438	  0.4518	    0.7794	  0.9238	   0.7794	  0.7972	 26.0917	 16.8593	 12.0533
2018	179	  16	  0	178.6667	246.9091	 40.8579	 491.1592	  374.5656	 245.9699	475.7850	 22.4102	100.1242	128.4658	 78.5366	 78.5366	392.1280	445.8550	420.9437	420.9437	424.7503	434.0926	 34.3817	693.3830	  0.8163	   0.1928	  0.4023	    0.7794	  0.9238	   0.7794	  0.8008	 25.3500	 16.1663	 11.5555
2018	179	  17	  0	178.7083	261.2941	 33.1951	 383.1725	  312.3504	 211.3952	369.7813	 17.6694	 72.2233	101.7091	 66.5198	 66.5198	400.7848	434.5676	414.5828	414.5828	414.1650	427.6000	 30.6784	576.3472	  0.8027	   0.1365	  0.3442	    0.7794	  0.9238	   0.7794	  0.8194	 24.4750	 15.1044	 10.7291
2018	179	  18	  0	178.7500	274.1994	 25.2331	 253.0598	  201.9648	 165.8892	242.3335	 12.9223	 51.2854	 69.0383	 52.2220	 51.2088	393.2167	425.5462	407.2249	408.6895	408.2671	418.1013	 26.4622	449.7147	  0.7394	   0.0955	  0.2848	    0.7794	  0.9238	   0.7794	  0.8132	 23.8208	 11.8727	  8.3262
2018	179	  19	  0	178.7917	286.3641	 17.4006	 132.9092	   78.1089	 108.1436	125.7701	  8.0002	 32.7840	 36.9517	 33.9325	 32.7840	379.8309	417.1356	401.9482	402.5466	402.5466	407.4774	 22.0198	317.3984	  0.6481	   0.0690	  0.2146	    0.7794	  0.9238	   0.7794	  0.7995	 22.9583	  8.0896	  5.5579
2018	179	  20	  0	178.8333	298.3416	 10.0592	  43.2283	   10.5034	  41.2426	 40.4716	  3.0056	 12.3741	 12.9192	 12.6204	 12.3741	370.4115	408.8013	396.8216	396.4900	396.4900	399.4237	 17.7744	186.1037	  0.5401	   0.0389	  0.1378	    0.7794	  0.9238	   0.7794	  0.7922	 21.7417	  6.8496	  4.5520
2018	179	  21	  0	178.8750	310.5282	  3.6141	   6.0204	    1.5510	   5.8874	  5.6262	  0.4272	  1.7745	  1.7799	  1.7798	  1.7745	371.5331	400.6723	391.6912	389.1252	389.1252	392.5059	 15.0973	 67.9511	  0.5594	   0.0118	  0.0687	    0.7794	  0.9238	   0.7794	  0.7991	 20.3958	  9.0674	  5.7420
2018	179	  22	  0	178.9167	323.1708	 -1.5637	   0.2792	    0.1675	   0.1635	  0.1540	  0.0119	  0.0493	  0.0493	  0.0493	  0.0493	379.3650	392.6648	383.7081	382.4798	382.4798	383.5440	 13.6111	 44.8353	  0.5722	   0.0000	  0.0019	    0.7794	  0.9238	   0.7794	  0.8162	 19.0417	  2.6194	  1.6028
2018	179	  23	  0	178.9583	336.3697	 -6.1447	   0.0000	    0.0000	   0.0000	  0.0000	  0.0000	  0.0000	  0.0000	  0.0000	  0.0000	380.5639	387.2027	378.4170	378.4170	378.4170	378.4170	 12.7900	 51.7852	  0.5052	   0.0000	  0.0000	    0.7794	  0.9238	   0.7794	  0.8205	 18.0208	  0.0000	  0.0000
2018	180	   0	  0	179.0000	350.0482	 -8.4936	   0.0000	    0.0000	   0.0000	  0.0000	  0.0000	  0.0000	  0.0000	  0.0000	  0.0000	372.6339	387.2246	377.9006	377.9006	377.9006	377.9006	 12.6148	 51.9308	  0.5052	   0.0000	  0.0000	    0.7794	  0.9238	   0.7794	  0.8113	 18.0250	  0.0000	  0.0000
2018	180	   1	  0	179.0417	 93.9570	 -8.9129	   0.1531	    0.0000	   0.0000	  0.0000	  0.0000	  0.0000	  0.0000	  0.0000	  0.0000	358.2679	389.2670	378.7174	378.7174	378.7174	378.7174	 12.6109	 52.0149	  0.5090	   0.0000	  0.0000	    0.7794	  0.9238	   0.7794	  0.7920	 18.4083	  0.0000	  0.0000
2018	180	   2	  0	179.0833	 17.7714	 -7.4038	   2.9312	    0.0000	   0.0000	  0.0000	  0.0000	  0.0000	  0.0000	  0.0000	  0.0000	345.3820	385.4367	373.3378	373.3378	373.3378	373.3378	 11.5190	 52.2930	  0.5620	   0.0000	  0.0000	    0.7794	  0.9238	   0.7794	  0.7772	 17.6875	  0.0000	  0.0000
2018	180	   3	  0	179.1250	 31.2011	 -3.7588	  23.7140	    0.0000	   0.0000	  0.0000	  0.0000	  0.0000	  0.0000	  0.0000	  0.0000	337.9051	376.7012	359.9244	359.9244	359.9244	359.9244	  9.0432	 52.3720	  0.8579	   0.0000	  0.0000	    0.7794	  0.9238	   0.7794	  0.7734	 16.0250	  0.0000	  0.0000
2018	180	   4	  0	179.1667	 44.0842	  1.2775	  89.7579	  147.5295	  66.0500	 69.7639	  4.8003	 19.9887	 19.9887	 19.9887	 19.9887	335.9171	373.6892	352.8098	352.8098	354.6562	354.6562	 11.0048	 40.2895	  1.0000	   0.0108	  0.0387	    0.7794	  0.9238	   0.7794	  0.7729	 15.4167	  3.0147	  0.0000
2018	180	   5	  0	179.2083	 56.4467	  7.1207	 187.3952	  692.2552	 101.0027	181.0168	  7.4513	 31.8539	 31.8539	 32.5087	 33.0853	334.1269	374.2897	352.8662	353.1264	354.9739	354.9739	 13.4611	133.6007	  1.0000	   0.0020	  0.0996	    0.7794	  0.9238	   0.7794	  0.7698	 15.5458	  7.1977	  0.5494
2018	180	   6	  0	179.2500	 68.4791	 14.1332	 383.6417	  742.4195	 201.9664	370.9281	 16.2492	 63.8957	 63.8957	 86.3445	120.6905	334.6310	382.0107	359.0826	361.4152	360.1807	360.1807	 21.9162	262.6440	  1.0000	   0.0850	  0.1807	    0.7794	  0.9238	   0.7794	  0.7666	 16.2042	  9.8305	  3.0105
2018	180	   7	  0	179.2917	 80.5088	 21.7947	 499.7950	  775.7408	 211.7815	486.9094	 17.4646	 68.9270	 68.9270	 75.9786	115.7188	337.4975	386.2696	362.7612	368.9828	364.1321	364.1321	 23.4362	399.1876	  1.0000	   0.0660	  0.2573	    0.7794	  0.9238	   0.7794	  0.7657	 17.0167	 12.3509	  5.5309
2018	180	   8	  0	179.3333	 93.0175	 29.7437	 620.2725	  796.7008	 225.1527	606.9799	 21.2169	 80.9155	 75.5435	 76.1543	160.5094	341.9982	397.2520	371.6881	380.5702	371.0149	372.2487	 27.4414	533.1984	  1.0000	   0.1235	  0.3190	    0.7794	  0.9238	   0.7794	  0.7659	 18.0667	 14.7146	  7.8946
2018	180	   9	  0	179.3750	106.6636	 37.5925	 724.5892	  813.6278	 228.4745	711.5356	 24.7142	111.0371	 79.3896	 79.3896	182.1304	345.4073	408.0630	379.9582	390.8861	381.3489	379.9582	 31.0962	655.8423	  1.0000	   0.1679	  0.3773	    0.7794	  0.9238	   0.7794	  0.7649	 19.0167	 16.8802	 10.0602
2018	180	  10	  0	179.4167	122.3038	 44.8407	 804.6000	  826.7770	 221.8757	792.3850	 28.2018	148.3023	 80.3931	 80.3931	187.1040	345.6209	417.2326	385.3979	397.0688	391.7379	385.3979	 33.7698	759.0820	  1.0000	   0.2171	  0.4317	    0.7794	  0.9238	   0.7794	  0.7617	 19.4167	 18.8099	 11.9899
2018	180	  11	  0	179.4583	140.8925	 50.7980	 853.0533	  830.8774	 209.4114	841.9528	 31.8947	190.9133	 79.5441	 79.5441	169.8578	347.0963	430.1347	393.5447	402.9989	406.0480	393.5447	 36.0277	835.3239	  1.0000	   0.2749	  0.4735	    0.7794	  0.9238	   0.7794	  0.7588	 20.1417	 20.4697	 13.6497
2018	180	  12	  0	179.5000	162.8376	 54.5575	 860.1140	  835.1391	 179.7111	851.1732	 33.7734	222.6747	 73.1501	 73.1501	118.9005	347.1792	443.2512	401.7009	405.1530	419.9960	401.7009	 36.5224	880.3394	  1.0000	   0.3253	  0.4935	    0.7794	  0.9238	   0.7794	  0.7531	 20.9250	 21.8306	 15.0106
2018	180	  13	  0	179.5417	186.8223	 55.2746	 833.0752	  803.7894	 172.3854	824.5356	 33.3486	222.9599	 89.6819	 70.6900	 72.2816	344.3654	450.3722	406.0911	405.6363	426.9718	406.9934	 36.1864	891.5388	  0.9935	   0.3371	  0.4963	    0.7794	  0.9238	   0.7794	  0.7438	 21.5250	 22.8689	 16.0489
2018	180	  14	  0	179.5833	209.9395	 52.7568	 767.6838	  715.1556	 198.1468	756.9998	 30.3688	186.0733	137.5925	 74.5629	 74.5629	346.4336	450.4296	408.2916	408.2916	427.0375	417.6151	 36.6652	864.0022	  0.9588	   0.2979	  0.4851	    0.7794	  0.9238	   0.7794	  0.7420	 22.2333	 23.5352	 16.7241
2018	180	  15	  0	179.6250	230.0125	 47.6327	 668.4963	  616.8118	 212.3770	656.3394	 26.0097	140.0503	151.2322	 74.6310	 74.6310	348.6771	443.2268	406.2184	406.2184	418.5819	421.5466	 34.8857	800.9032	  0.9198	   0.2436	  0.4517	    0.7794	  0.9238	   0.7794	  0.7442	 22.5458	 22.4349	 16.0353
2018	180	  16	  0	179.6667	246.8244	 40.8441	 545.3215	  510.8515	 210.5668	532.7310	 21.5208	100.1162	138.4394	 70.3905	 70.3905	348.0663	433.2719	401.6900	401.6900	407.0718	418.4181	 31.6504	708.5326	  0.8771	   0.1928	  0.4022	    0.7794	  0.9238	   0.7794	  0.7453	 22.4458	 20.0389	 14.3200
2018	180	  17	  0	179.7083	261.2166	 33.1841	 408.6377	  387.7754	 195.2969	396.5162	 17.0682	 69.8767	106.3769	 62.6993	 62.6993	358.0252	423.2953	398.3910	398.3910	398.3493	413.3030	 28.0184	588.4736	  0.8320	   0.1365	  0.3441	    0.7794	  0.9238	   0.7794	  0.7647	 22.2375	 17.1047	 12.1468
2018	180	  18	  0	179.7500	274.1275	 25.2223	 268.6896	  248.8998	 161.1441	258.3747	 12.7907	 50.3316	 72.3097	 51.4439	 50.2294	360.9787	414.7597	393.4053	394.7550	394.3527	405.4314	 24.1828	456.3568	  0.7652	   0.0956	  0.2846	    0.7794	  0.9238	   0.7794	  0.7744	 21.7750	 13.2369	  9.2806
2018	180	  19	  0	179.7917	286.2962	 17.3878	 135.4973	   86.4789	 108.0446	128.3771	  8.0086	 32.8069	 37.3763	 34.0547	 32.8069	350.3805	407.5228	390.3627	390.9034	390.9034	395.9442	 19.8805	321.5349	  0.6505	   0.0684	  0.2146	    0.7794	  0.9238	   0.7794	  0.7632	 21.2292	  8.2743	  5.6833
2018	180	  20	  0	179.8333	298.2765	 10.0428	  46.8062	   12.7652	  44.4216	 43.8381	  3.2386	 13.3337	 13.9712	 13.6218	 13.3337	343.1370	400.8822	386.9250	386.5652	386.5652	389.5224	 15.9596	188.3387	  0.5573	   0.0394	  0.1376	    0.7794	  0.9238	   0.7794	  0.7578	 20.2958	  6.9127	  4.5918
2018	180	  21	  0	179.8750	310.4654	  3.5934	   6.9567	    2.2773	   6.7711	  6.5034	  0.4914	  2.0414	  2.0518	  2.0517	  2.0414	340.3696	392.8028	381.5673	379.0163	379.0163	382.3855	 13.0436	 68.4695	  0.5728	   0.0118	  0.0682	    0.7794	  0.9238	   0.7794	  0.7603	 18.9417	  9.1018	  5.7603
2018	180	  22	  0	179.9167	323.1105	 -1.5948	   0.3567	    0.2071	   0.1999	  0.1882	  0.0145	  0.0603	  0.0603	  0.0603	  0.0603	337.9767	385.2361	373.4662	372.2258	372.2258	373.3053	 11.3527	 45.3291	  0.5765	   0.0000	  0.0019	    0.7794	  0.9238	   0.7794	  0.7657	 17.6500	  2.6676	  1.6312
2018	180	  23	  0	179.9583	336.3129	 -6.1771	   0.0021	    0.0000	   0.0000	  0.0000	  0.0000	  0.0000	  0.0000	  0.0000	  0.0000	334.2571	374.9752	363.7855	363.7855	363.7855	363.7855	  9.6458	 52.4431	  0.5061	   0.0000	  0.0000	    0.7794	  0.9238	   0.7794	  0.7696	 15.6917	  0.0000	  0.0000
2018	181	   0	  0	180.0000	349.9965	 -8.5368	   0.0058	    0.0000	   0.0000	  0.0000	  0.0000	  0.0000	  0.0000	  0.0000	  0.0000	332.5445	365.4913	354.8796	354.8796	354.8796	354.8796	  7.9744	 52.3587	  0.5062	   0.0000	  0.0000	    0.7794	  0.9238	   0.7794	  0.7735	 13.8500	  0.0000	  0.0000
2018	181	   1	  0	180.0417	 93.9119	 -8.9630	   0.1802	    0.0000	   0.0000	  0.0000	  0.0000	  0.0000	  0.0000	  0.0000	  0.0000	330.1627	358.6019	348.2409	348.2409	348.2409	348.2409	  6.6955	 52.1244	  0.5102	   0.0000	  0.0000	    0.7794	  0.9238	   0.7794	  0.7740	 12.4875	  0.0000	  0.0000
2018	181	   2	  0	180.0833	 17.7340	 -7.4605	   2.7046	    0.0000	   0.0000	  0.0000	  0.0000	  0.0000	  0.0000	  0.0000	  0.0000	325.6689	352.4663	341.4767	341.4767	341.4767	341.4767	  5.3605	 52.1794	  0.5586	   0.0000	  0.0000	    0.7794	  0.9238	   0.7794	  0.7714	 11.2583	  0.0000	  0.0000
2018	181	   3	  0	180.1250	 31.1714	 -3.8315	  22.5377	    0.0000	   0.0000	  0.0000	  0.0000	  0.0000	  0.0000	  0.0000	  0.0000	324.8683	348.8640	333.7116	333.7116	333.7116	333.7116	  3.9001	 52.1772	  0.8447	   0.0000	  0.0000	    0.7794	  0.9238	   0.7794	  0.7717	 10.5292	  0.0000	  0.0000
2018	181	   4	  0	180.1667	 44.0616	  1.2201	  95.1450	   85.3347	  74.8697	 74.7413	  5.4362	 22.5908	 22.5908	 22.5908	 22.5908	329.2433	354.5873	335.1306	335.1306	336.8891	336.8891	  8.0068	 39.3839	  1.0000	   0.0103	  0.0379	    0.7794	  0.9238	   0.7794	  0.7745	 11.6542	  2.8129	  0.0000
2018	181	   5	  0	180.2083	 56.4299	  7.0561	 209.4506	  655.2387	 127.4378	201.2794	  9.3621	 39.7421	 39.7421	 40.3623	 40.9076	338.0548	366.8583	346.7720	347.0227	348.8449	348.8449	 13.5281	131.9002	  1.0000	   0.0019	  0.0987	    0.7794	  0.9238	   0.7794	  0.7793	 14.1000	  7.1719	  0.5322
2018	181	   6	  0	180.2500	 68.4666	 14.0666	 344.0331	  728.7741	 166.6743	333.6665	 13.6496	 53.2965	 53.2965	 75.3219	108.9564	345.6017	381.8394	360.2627	362.5753	361.3714	361.3714	 20.7086	259.9339	  1.0000	   0.0848	  0.1801	    0.7794	  0.9238	   0.7794	  0.7815	 16.1750	  9.8051	  2.9851
2018	181	   7	  0	180.2917	 80.4988	 21.7273	 481.2310	  757.7967	 200.6552	469.0576	 16.5912	 65.4510	 65.4510	 72.2887	110.8450	350.7909	390.1881	367.8432	374.0858	369.2362	369.2362	 23.8093	395.5876	  1.0000	   0.0655	  0.2568	    0.7794	  0.9238	   0.7794	  0.7814	 17.7583	 12.3260	  5.5060
2018	181	   8	  0	180.3333	 93.0076	 29.6759	 609.8123	  785.9903	 220.6951	596.7912	 20.8128	 79.3871	 74.0866	 74.6886	157.8368	350.1745	401.3846	376.3134	385.2252	375.6315	376.8824	 27.9661	530.3705	  1.0000	   0.1233	  0.3184	    0.7794	  0.9238	   0.7794	  0.7743	 18.8333	 14.6905	  7.8705
2018	181	   9	  0	180.3750	106.6505	 37.5247	 718.7002	  809.0531	 226.1267	705.7879	 24.4681	110.0069	 78.6055	 78.6055	180.6271	348.3014	411.1276	382.9631	393.9166	384.3454	382.9631	 31.4227	654.3805	  1.0000	   0.1675	  0.3768	    0.7794	  0.9238	   0.7794	  0.7663	 19.5792	 16.8571	 10.0371
2018	181	  10	  0	180.4167	122.2820	 44.7737	 797.7846	  822.6719	 218.6343	785.7706	 27.8637	146.7782	 79.3392	 79.3392	185.4044	346.9979	421.4064	389.0973	400.8257	395.4568	389.0973	 34.1442	758.7258	  1.0000	   0.2166	  0.4313	    0.7794	  0.9238	   0.7794	  0.7596	 20.1708	 18.7876	 11.9676
2018	181	  11	  0	180.4583	140.8540	 50.7335	 842.1588	  823.7920	 204.6108	831.3522	 31.3395	188.1146	 77.9523	 77.9523	167.4388	349.6085	435.8875	398.6896	408.2208	411.2797	398.6896	 36.5098	835.0795	  1.0000	   0.2741	  0.4731	    0.7794	  0.9238	   0.7794	  0.7567	 21.1583	 20.4484	 13.6284
2018	181	  12	  0	180.5000	162.7743	 54.4990	 849.4985	  832.4566	 171.7976	841.0762	 33.0637	219.5490	 70.7541	 70.7541	116.6164	353.6564	448.2731	406.8143	410.3068	425.2201	406.8143	 36.9868	877.7378	  1.0000	   0.3244	  0.4932	    0.7794	  0.9238	   0.7794	  0.7583	 21.8000	 21.8101	 14.9901
2018	181	  13	  0	180.5417	186.7356	 55.2263	 820.4858	  771.5091	 186.7044	810.8629	 33.4884	219.9376	 92.0109	 73.9578	 75.5400	352.4492	453.1504	409.7314	409.2800	430.6825	410.6041	 36.8109	887.1427	  0.9878	   0.3362	  0.4962	    0.7794	  0.9238	   0.7794	  0.7541	 22.0167	 22.8490	 16.0290
2018	181	  14	  0	180.5833	209.8420	 52.7204	 760.5281	  694.9479	 207.3802	749.1500	 30.5500	185.0820	137.7860	 76.7429	 76.7429	349.4586	448.9482	407.7451	407.7451	426.3378	416.9043	 36.6308	861.1518	  0.9535	   0.2974	  0.4849	    0.7794	  0.9238	   0.7794	  0.7485	 22.0375	 23.3823	 16.6095
2018	181	  15	  0	180.6250	229.9168	 47.6063	 665.6319	  606.5237	 217.3737	653.1040	 26.1728	140.2231	151.0429	 75.8685	 75.8685	343.9988	436.8704	400.6028	400.6028	412.5704	415.3910	 34.0434	800.9027	  0.9163	   0.2433	  0.4516	    0.7794	  0.9238	   0.7794	  0.7431	 21.5750	 21.9936	 15.7149
2018	181	  16	  0	180.6667	246.7357	 40.8241	 547.3062	  512.8819	 211.4122	534.6643	 21.5985	100.5799	138.9292	 70.6662	 70.6662	342.2329	426.9105	395.5548	395.5548	400.8849	412.0408	 30.7332	708.9896	  0.8795	   0.1927	  0.4020	    0.7794	  0.9238	   0.7794	  0.7428	 21.3542	 19.9854	 14.2772
2018	181	  17	  0	180.7083	261.1352	 33.1671	 410.9950	  396.0053	 193.3255	399.0255	 16.9812	 69.5781	106.7780	 62.2126	 62.2126	343.4705	417.0354	391.1871	391.1871	391.1826	405.9561	 26.7747	592.0362	  0.8318	   0.1364	  0.3439	    0.7794	  0.9238	   0.7794	  0.7479	 21.1292	 17.1234	 12.1560
2018	181	  18	  0	180.7500	274.0520	 25.2055	 271.7258	  261.7873	 158.8690	261.5878	 12.6775	 49.7759	 72.8274	 50.9354	 49.6627	341.1007	408.4688	385.5450	386.8613	386.4690	397.6188	 22.7426	460.6603	  0.7667	   0.0957	  0.2845	    0.7794	  0.9238	   0.7794	  0.7492	 20.6292	 13.4289	  9.4111
2018	181	  19	  0	180.7917	286.2249	 17.3690	 143.2396	  110.6769	 108.6065	136.1146	  8.0985	 33.1170	 39.1267	 34.8072	 33.1170	342.7341	402.0515	384.3741	384.6892	384.6892	390.4645	 18.9651	322.1483	  0.6740	   0.0677	  0.2145	    0.7794	  0.9238	   0.7794	  0.7567	 20.1833	  9.1007	  6.2473
2018	181	  20	  0	180.8333	298.2085	 10.0203	  47.4771	   12.6244	  45.0985	 44.4636	  3.2884	 13.5335	 14.2050	 13.8354	 13.5335	346.2411	395.1862	381.9724	381.6171	381.6171	384.5523	 15.1619	187.1746	  0.5615	   0.0400	  0.1374	    0.7794	  0.9238	   0.7794	  0.7685	 19.2417	  6.9107	  4.5882
2018	181	  21	  0	180.8750	310.4002	  3.5666	   6.8281	    1.9920	   6.6649	  6.3819	  0.4836	  2.0091	  2.0179	  2.0179	  2.0091	345.8435	387.7908	377.4723	374.9420	374.9420	378.2939	 12.3660	 67.6357	  0.5735	   0.0118	  0.0675	    0.7794	  0.9238	   0.7794	  0.7732	 18.0042	  9.1095	  5.7609
2018	181	  22	  0	180.9167	323.0486	 -1.6332	   0.3388	    0.1998	   0.1930	  0.1816	  0.0140	  0.0582	  0.0582	  0.0582	  0.0582	342.0802	381.0144	369.9524	368.7194	368.7194	369.7963	 10.7579	 44.8794	  0.5776	   0.0000	  0.0018	    0.7794	  0.9238	   0.7794	  0.7750	 16.8500	  2.6750	  1.6344
2018	181	  23	  0	180.9583	336.2553	 -6.2224	   0.0010	    0.0000	   0.0000	  0.0000	  0.0000	  0.0000	  0.0000	  0.0000	  0.0000	338.4392	374.4665	363.6089	363.6089	363.6089	363.6089	  9.6604	 52.0731	  0.5068	   0.0000	  0.0000	    0.7794	  0.9238	   0.7794	  0.7756	 15.5958	  0.0000	  0.0000
2018	182	   0	  0	181.0000	349.9449	 -8.5867	   0.0000	    0.0000	   0.0000	  0.0000	  0.0000	  0.0000	  0.0000	  0.0000	  0.0000	335.0295	368.5990	357.9291	357.9291	357.9291	357.9291	  8.5717	 52.0734	  0.5068	   0.0000	  0.0000	    0.7794	  0.9238	   0.7794	  0.7749	 14.4583	  0.0000	  0.0000
2018	182	   1	  0	181.0417	 93.8679	 -9.0197	   0.1415	    0.0000	   0.0000	  0.0000	  0.0000	  0.0000	  0.0000	  0.0000	  0.0000	331.6332	363.2250	352.6493	352.6493	352.6493	352.6493	  7.5461	 51.8871	  0.5102	   0.0000	  0.0000	    0.7794	  0.9238	   0.7794	  0.7736	 13.4042	  0.0000	  0.0000
2018	182	   2	  0	181.0833	 17.6985	 -7.5237	   2.5767	    0.0000	   0.0000	  0.0000	  0.0000	  0.0000	  0.0000	  0.0000	  0.0000	330.6284	356.5974	345.6810	345.6810	345.6810	345.6810	  6.2223	 51.8620	  0.5571	   0.0000	  0.0000	    0.7794	  0.9238	   0.7794	  0.7753	 12.0875	  0.0000	  0.0000
2018	182	   3	  0	181.1250	 31.1445	 -3.9128	  21.8960	    0.0000	   0.0000	  0.0000	  0.0000	  0.0000	  0.0000	  0.0000	  0.0000	329.1624	351.5570	336.6020	336.6020	336.6020	336.6020	  4.5119	 51.8643	  0.8399	   0.0000	  0.0000	    0.7794	  0.9238	   0.7794	  0.7754	 11.0750	  0.0000	  0.0000
2018	182	   4	  0	181.1667	 44.0425	  1.1574	  93.6165	   81.3401	  67.9268	 67.9592	  4.9322	 20.4972	 20.4972	 20.4972	 20.4972	329.8845	354.0943	334.9499	334.9499	336.5092	336.5092	  7.6352	 42.5546	  1.0000	   0.0098	  0.0368	    0.7794	  0.9238	   0.7794	  0.7754	 11.5583	  2.4918	  0.0000
2018	182	   5	  0	181.2083	 56.4171	  6.9860	 207.5388	  653.6263	 126.4818	199.4272	  9.2906	 39.4383	 39.4383	 40.0328	 40.5550	337.3870	363.2476	343.4724	343.7131	345.5364	345.5364	 12.8802	130.5524	  1.0000	   0.0018	  0.0978	    0.7794	  0.9238	   0.7794	  0.7801	 13.3917	  7.1430	  0.5137
2018	182	   6	  0	181.2500	 68.4585	 13.9947	 341.9927	  732.0063	 164.6691	331.7604	 13.5003	 52.6975	 52.6975	 74.7628	108.4703	340.9822	379.8973	357.9972	360.2808	359.1115	359.1115	 20.2132	259.1428	  1.0000	   0.0846	  0.1795	    0.7794	  0.9238	   0.7794	  0.7765	 15.8083	  9.7765	  2.9565
2018	182	   7	  0	181.2917	 80.4936	 21.6547	 477.9906	  762.6188	 196.5549	466.0961	 16.2859	 64.2400	 64.2400	 71.0630	109.5494	343.7534	392.7682	369.1533	375.3973	370.5639	370.5639	 23.8008	396.0987	  1.0000	   0.0650	  0.2563	    0.7794	  0.9238	   0.7794	  0.7691	 18.2458	 12.2981	  5.4781
2018	182	   8	  0	181.3333	 93.0030	 29.6030	 604.2425	  786.4622	 215.8219	591.5450	 20.4422	 77.9015	 72.6230	 73.2287	156.3302	346.6210	405.9896	379.7437	388.6870	379.0497	380.3199	 28.2733	531.0040	  1.0000	   0.1231	  0.3178	    0.7794	  0.9238	   0.7794	  0.7646	 19.6792	 14.6635	  7.8435
2018	182	   9	  0	181.3750	106.6429	 37.4517	 709.6719	  804.1017	 220.9562	697.0887	 24.0100	108.1139	 76.9799	 76.9799	178.2156	349.4381	415.8370	387.0982	398.1017	388.4730	387.0982	 31.7963	653.8802	  1.0000	   0.1671	  0.3762	    0.7794	  0.9238	   0.7794	  0.7634	 20.4333	 16.8310	 10.0110
2018	182	  10	  0	181.4167	122.2659	 44.7011	 790.0912	  815.0276	 217.0671	778.1544	 27.5915	145.3801	 78.7070	 78.7070	183.6501	353.2870	426.7455	394.4816	406.2846	400.8706	394.4816	 34.8123	756.2360	  1.0000	   0.2160	  0.4307	    0.7794	  0.9238	   0.7794	  0.7641	 21.1250	 18.7626	 11.9426
2018	182	  11	  0	181.4583	140.8205	 50.6630	 838.4217	  818.0951	 205.9014	827.5056	 31.2524	187.3323	 78.1652	 78.1652	166.9253	356.2315	439.9889	403.0956	412.6782	415.7322	403.0956	 37.1370	832.0238	  1.0000	   0.2732	  0.4727	    0.7794	  0.9238	   0.7794	  0.7630	 21.8875	 20.4243	 13.6043
2018	182	  12	  0	181.5000	162.7146	 54.4340	 846.7088	  835.6660	 166.9461	838.6211	 32.7183	218.5287	 69.3922	 69.3922	115.5527	358.8059	453.0292	411.5188	415.0404	430.0278	411.5188	 37.5589	875.7512	  1.0000	   0.3235	  0.4929	    0.7794	  0.9238	   0.7794	  0.7615	 22.6250	 21.7869	 14.9669
2018	182	  13	  0	181.5417	186.6497	 55.1710	 817.4787	  770.5553	 184.8984	807.9715	 33.2645	218.9903	 91.1770	 73.3776	 75.0099	357.9385	459.5892	415.8729	415.4210	437.0107	416.7171	 37.6309	885.7001	  0.9862	   0.3353	  0.4960	    0.7794	  0.9238	   0.7794	  0.7560	 23.1167	 22.8265	 16.0065
2018	182	  14	  0	181.5833	209.7426	 52.6771	 753.9377	  682.1289	 211.2778	742.2502	 30.5137	183.9381	137.1921	 77.5543	 77.5543	356.9802	454.2837	413.3869	413.3869	432.0572	422.5110	 37.4323	858.3025	  0.9489	   0.2968	  0.4846	    0.7794	  0.9238	   0.7794	  0.7549	 22.9750	 23.2725	 16.5251
2018	182	  15	  0	181.6250	229.8178	 47.5733	 660.4602	  598.9269	 218.0826	647.8579	 26.0704	139.4976	149.9741	 75.9071	 75.9071	356.6072	446.9429	410.7854	410.7854	422.9717	425.8124	 35.5441	797.1454	  0.9139	   0.2429	  0.4514	    0.7794	  0.9238	   0.7794	  0.7528	 23.2958	 22.0207	 15.7287
2018	182	  16	  0	181.6667	246.6433	 40.7978	 540.7937	  504.6149	 210.4742	528.1893	 21.4202	 99.7688	137.3190	 70.2479	 70.2479	354.2004	439.7227	408.0694	408.0694	413.5068	424.8107	 32.5649	706.8927	  0.8727	   0.1925	  0.4018	    0.7794	  0.9238	   0.7794	  0.7479	 23.5833	 19.9209	 14.2259
2018	182	  17	  0	181.7083	261.0500	 33.1441	 406.6156	  392.9672	 190.7978	394.8071	 16.7700	 68.7802	105.6054	 61.4210	 61.4210	351.9226	429.0057	402.5720	402.5720	402.5684	417.6226	 28.4845	591.4795	  0.8252	   0.1363	  0.3436	    0.7794	  0.9238	   0.7794	  0.7481	 23.2375	 17.1246	 12.1521
2018	182	  18	  0	181.7500	273.9728	 25.1827	 269.0827	  262.8316	 155.9058	259.1448	 12.4662	 48.9079	 72.0570	 50.0444	 48.7871	349.5540	421.4620	397.7801	399.1514	398.7504	410.2476	 24.6826	460.3592	  0.7616	   0.0958	  0.2842	    0.7794	  0.9238	   0.7794	  0.7482	 22.9375	 13.5371	  9.4827
2018	182	  19	  0	181.7917	286.1505	 17.3442	 142.0198	  113.7252	 106.5195	135.0387	  7.9511	 32.5119	 38.6382	 34.2301	 32.5119	347.2663	412.9292	394.4892	394.8092	394.8092	400.8047	 20.6226	322.2300	  0.6704	   0.0669	  0.2144	    0.7794	  0.9238	   0.7794	  0.7519	 22.1500	  9.2250	  6.3295
2018	182	  20	  0	181.8333	298.1377	  9.9916	  46.9571	   13.1821	  44.4865	 43.9850	  3.2447	 13.3510	 14.0530	 13.6659	 13.3510	345.6159	404.8155	390.6182	390.2728	390.2728	393.2607	 16.6296	187.3929	  0.5589	   0.0406	  0.1372	    0.7794	  0.9238	   0.7794	  0.7576	 21.0042	  6.9296	  4.5980
2018	182	  21	  0	181.8750	310.3328	  3.5338	   6.5377	    2.1367	   6.3620	  6.1116	  0.4617	  1.9182	  1.9274	  1.9274	  1.9182	344.1551	397.1245	385.9109	383.2830	383.2830	386.7597	 13.8276	 67.3141	  0.5710	   0.0117	  0.0668	    0.7794	  0.9238	   0.7794	  0.7618	 19.7417	  9.2387	  5.8363
2018	182	  22	  0	181.9167	322.9850	 -1.6787	   0.2979	    0.1787	   0.1721	  0.1619	  0.0125	  0.0519	  0.0519	  0.0519	  0.0519	339.6852	386.6145	374.8388	373.5936	373.5936	374.6843	 11.6167	 44.6976	  0.5779	   0.0000	  0.0017	    0.7794	  0.9238	   0.7794	  0.7669	 17.9083	  2.6739	  1.6322
2018	182	  23	  0	181.9583	336.1969	 -6.2742	   0.0000	    0.0000	   0.0000	  0.0000	  0.0000	  0.0000	  0.0000	  0.0000	  0.0000	336.6599	377.0248	365.8309	365.8309	365.8309	365.8309	 10.0497	 51.9189	  0.5075	   0.0000	  0.0000	    0.7794	  0.9238	   0.7794	  0.7714	 16.0875	  0.0000	  0.0000
2018	183	   0	  0	182.0000	349.8934	 -8.6434	   0.0000	    0.0000	   0.0000	  0.0000	  0.0000	  0.0000	  0.0000	  0.0000	  0.0000	334.8356	368.7100	358.0064	358.0064	358.0064	358.0064	  8.5835	 51.8543	  0.5075	   0.0000	  0.0000	    0.7794	  0.9238	   0.7794	  0.7745	 14.4792	  0.0000	  0.0000
2018	183	   1	  0	182.0417	 93.8249	 -9.0832	   0.0510	    0.0000	   0.0000	  0.0000	  0.0000	  0.0000	  0.0000	  0.0000	  0.0000	333.9830	361.9798	351.6600	351.6600	351.6600	351.6600	  7.3858	 51.6459	  0.5090	   0.0000	  0.0000	    0.7794	  0.9238	   0.7794	  0.7769	 13.1583	  0.0000	  0.0000
2018	183	   2	  0	182.0833	 17.6650	 -7.5934	   1.9965	    0.0000	   0.0000	  0.0000	  0.0000	  0.0000	  0.0000	  0.0000	  0.0000	332.7127	357.2197	346.5555	346.5555	346.5555	346.5555	  6.4112	 51.6431	  0.5467	   0.0000	  0.0000	    0.7794	  0.9238	   0.7794	  0.7774	 12.2125	  0.0000	  0.0000
2018	183	   3	  0	182.1250	 31.1204	 -3.9990	  20.9546	    0.0000	   0.0000	  0.0000	  0.0000	  0.0000	  0.0000	  0.0000	  0.0000	331.2786	353.5402	338.7487	338.7487	338.7487	338.7487	  4.9507	 51.6541	  0.8306	   0.0000	  0.0000	    0.7794	  0.9238	   0.7794	  0.7770	 11.4750	  0.0000	  0.0000
2018	183	   4	  0	182.1667	 44.0268	  1.0894	  91.9506	   73.7195	  67.2873	 66.8713	  4.8853	 20.2992	 20.2992	 20.2992	 20.2992	334.6228	357.4389	338.4272	338.4272	340.0031	340.0031	  8.3024	 41.5725	  1.0000	   0.0092	  0.0358	    0.7794	  0.9238	   0.7794	  0.7794	 12.2292	  2.4640	  0.0000
2018	183	   5	  0	182.2083	 56.4083	  6.9105	 206.7933	  647.9578	 127.1241	198.6324	  9.3345	 39.6085	 39.6085	 40.1781	 40.6782	340.1730	367.8289	347.8382	348.0728	349.9417	349.9417	 13.6996	129.1446	  1.0000	   0.0017	  0.0967	    0.7794	  0.9238	   0.7794	  0.7813	 14.2917	  7.1109	  0.4950
2018	183	   6	  0	182.2500	 68.4549	 13.9176	 342.7708	  731.2127	 166.6077	332.4033	 13.6270	 53.2514	 53.2514	 75.2364	108.8165	342.7141	382.8882	360.8201	363.0913	361.9614	361.9614	 20.7569	257.7276	  1.0000	   0.0844	  0.1788	    0.7794	  0.9238	   0.7794	  0.7769	 16.3833	  9.7448	  2.9248
2018	183	   7	  0	182.2917	 80.4933	 21.5771	 481.5717	  761.2227	 201.6041	469.3318	 16.6276	 65.7165	 65.7165	 72.4588	110.5696	348.0710	393.1625	370.0784	376.2901	371.4974	371.4974	 24.1542	393.9112	  1.0000	   0.0644	  0.2557	    0.7794	  0.9238	   0.7794	  0.7751	 18.3292	 12.2671	  5.4471
2018	183	   8	  0	182.3333	 93.0036	 29.5251	 612.5781	  786.9515	 224.8166	599.2745	 21.0784	 80.5523	 75.2746	 75.8797	158.9461	352.2850	407.1962	381.5716	390.4900	380.8702	382.1482	 28.9223	528.3271	  1.0000	   0.1229	  0.3171	    0.7794	  0.9238	   0.7794	  0.7722	 19.9042	 14.6334	  7.8134
2018	183	   9	  0	182.3750	106.6410	 37.3736	 721.9688	  810.6226	 230.0966	708.7870	 24.7076	111.1117	 79.7494	 79.7494	181.6668	349.5683	417.3555	388.4071	399.3973	389.7697	388.4071	 32.3697	653.2909	  1.0000	   0.1666	  0.3756	    0.7794	  0.9238	   0.7794	  0.7619	 20.7167	 16.8020	  9.9820
2018	183	  10	  0	182.4167	122.2555	 44.6232	 803.9000	  825.4897	 224.3100	791.5074	 28.2186	148.3920	 80.9922	 80.9922	187.1169	348.1607	429.7084	396.1862	408.0131	402.5840	396.1862	 35.3736	758.8921	  1.0000	   0.2153	  0.4302	    0.7794	  0.9238	   0.7794	  0.7524	 21.6583	 18.7347	 11.9147
2018	183	  11	  0	182.4583	140.7923	 50.5866	 855.2206	  832.5627	 212.1946	843.9306	 31.9245	191.1378	 80.2809	 80.2809	170.4729	345.6806	445.4413	405.9377	415.5852	418.6480	405.9377	 37.8440	839.5284	  1.0000	   0.2722	  0.4723	    0.7794	  0.9238	   0.7794	  0.7390	 22.8417	 20.3975	 13.5775
2018	183	  12	  0	182.5000	162.6585	 54.3624	 862.5298	  837.3205	 181.9995	853.4362	 33.7741	222.9702	 73.7518	 73.7518	119.8755	348.2696	457.5477	413.5578	417.1116	432.1555	413.5578	 38.2790	883.4983	  1.0000	   0.3225	  0.4925	    0.7794	  0.9238	   0.7794	  0.7384	 23.4083	 21.7611	 14.9411
2018	183	  13	  0	182.5417	186.5647	 55.1090	 826.3996	  803.2447	 167.4621	818.1822	 32.7648	220.7349	 87.3684	 69.1463	 70.9161	354.4319	464.0159	418.8666	418.4170	440.1204	419.6819	 37.8476	889.2721	  0.9900	   0.3342	  0.4958	    0.7794	  0.9238	   0.7794	  0.7448	 23.8792	 22.8015	 15.9815
2018	183	  14	  0	182.5833	209.6417	 52.6271	 752.9192	  684.5192	 208.6310	741.4166	 30.3448	183.6946	136.3158	 76.8308	 76.8308	362.7084	459.9398	418.8717	418.8717	437.7238	428.0349	 38.1819	856.8590	  0.9493	   0.2961	  0.4844	    0.7794	  0.9238	   0.7794	  0.7580	 23.9292	 23.2756	 16.5203
2018	183	  15	  0	182.6250	229.7156	 47.5339	 654.2779	  573.6953	 230.6213	640.7491	 26.5406	140.1810	149.7952	 79.0627	 79.0627	376.2199	447.5382	414.2015	414.2015	426.2141	428.9128	 36.2758	787.3306	  0.9165	   0.2425	  0.4512	    0.7794	  0.9238	   0.7794	  0.7838	 23.4833	 21.6812	 15.4797
2018	183	  16	  0	182.6667	246.5471	 40.7654	 533.9317	  470.5965	 226.0598	520.1793	 22.1259	101.8836	136.7240	 74.2642	 74.2642	378.3078	436.4268	408.8001	408.8001	413.9987	424.8314	 33.0085	694.9763	  0.8760	   0.1923	  0.4016	    0.7794	  0.9238	   0.7794	  0.7905	 23.1375	 19.3260	 13.7955
2018	183	  17	  0	182.7083	260.9611	 33.1149	 399.8567	  358.0391	 203.2355	387.1263	 17.4110	 71.4684	104.9057	 64.6693	 64.6693	376.6313	424.5722	402.1882	402.1882	402.1020	416.3098	 28.7562	581.0987	  0.8259	   0.1361	  0.3434	    0.7794	  0.9238	   0.7794	  0.7926	 22.5667	 16.3691	 11.6112
2018	183	  18	  0	182.7500	273.8902	 25.1539	 263.2919	  231.0428	 163.8189	252.7607	 12.9026	 50.9678	 71.3744	 51.9273	 50.8531	375.5632	416.8690	397.0649	398.4909	398.0953	408.6638	 24.8625	451.7538	  0.7600	   0.0959	  0.2839	    0.7794	  0.9238	   0.7794	  0.7948	 22.2000	 12.7408	  8.9209
2018	183	  19	  0	182.7917	286.0728	 17.3133	 137.3244	   89.4104	 109.1997	130.1298	  8.0937	 33.1726	 37.8091	 34.4342	 33.1726	370.9715	408.3797	393.0230	393.5438	393.5438	398.7788	 20.5736	316.5739	  0.6635	   0.0661	  0.2142	    0.7794	  0.9238	   0.7794	  0.7940	 21.3875	  8.4722	  5.8103
2018	183	  20	  0	182.8333	298.0641	  9.9567	  44.2815	   10.6116	  42.2818	 41.4551	  3.0819	 12.6806	 13.2749	 12.9460	 12.6806	369.0349	399.8902	388.3507	388.0410	388.0410	390.9480	 16.3673	183.9772	  0.5494	   0.0412	  0.1368	    0.7794	  0.9238	   0.7794	  0.7978	 20.1042	  6.8550	  4.5453
2018	183	  21	  0	182.8750	310.2632	  3.4949	   5.5558	    1.2221	   5.4470	  5.1910	  0.3952	  1.6418	  1.6442	  1.6442	  1.6418	372.1249	393.3424	385.0121	382.4457	382.4457	385.8662	 13.9158	 65.5856	  0.5595	   0.0101	  0.0660	    0.7794	  0.9238	   0.7794	  0.8050	 19.0583	  9.1753	  5.7918
2018	183	  22	  0	182.9167	322.9200	 -1.7316	   0.2225	    0.1231	   0.1200	  0.1128	  0.0087	  0.0362	  0.0362	  0.0362	  0.0362	374.3230	387.1157	378.0992	376.8787	376.8787	377.9506	 12.5632	 43.7094	  0.5767	   0.0000	  0.0016	    0.7794	  0.9238	   0.7794	  0.8126	 18.0042	  2.6470	  1.6140
2018	183	  23	  0	182.9583	336.1378	 -6.3333	   0.0031	    0.0000	   0.0000	  0.0000	  0.0000	  0.0000	  0.0000	  0.0000	  0.0000	369.1417	381.8677	372.6058	372.6058	372.6058	372.6058	 11.6287	 51.0462	  0.5081	   0.0000	  0.0000	    0.7794	  0.9238	   0.7794	  0.8094	 17.0125	  0.0000	  0.0000
2018	184	   0	  0	183.0000	349.8421	 -8.7069	   0.0000	    0.0000	   0.0000	  0.0000	  0.0000	  0.0000	  0.0000	  0.0000	  0.0000	361.7727	376.8699	367.4265	367.4265	367.4265	367.4265	 10.6116	 51.1553	  0.5080	   0.0000	  0.0000	    0.7794	  0.9238	   0.7794	  0.8028	 16.0583	  0.0000	  0.0000
2018	184	   1	  0	183.0417	 93.7831	 -9.1533	   0.0612	    0.0000	   0.0000	  0.0000	  0.0000	  0.0000	  0.0000	  0.0000	  0.0000	361.1092	371.6845	362.4765	362.4765	362.4765	362.4765	  9.6991	 50.9721	  0.5098	   0.0000	  0.0000	    0.7794	  0.9238	   0.7794	  0.8036	 15.0583	  0.0000	  0.0000
2018	184	   2	  0	183.0833	 17.6336	 -7.6696	   1.9979	    0.0000	   0.0000	  0.0000	  0.0000	  0.0000	  0.0000	  0.0000	  0.0000	359.2827	366.5527	356.9911	356.9911	356.9911	356.9911	  8.6712	 50.9939	  0.5477	   0.0000	  0.0000	    0.7794	  0.9238	   0.7794	  0.8027	 14.0583	  0.0000	  0.0000
2018	184	   3	  0	183.1250	 31.0992	 -4.0895	  19.9498	    0.0000	   0.0000	  0.0000	  0.0000	  0.0000	  0.0000	  0.0000	  0.0000	356.2927	363.3916	349.9446	349.9446	349.9446	349.9446	  7.3679	 51.0432	  0.8272	   0.0000	  0.0000	    0.7794	  0.9238	   0.7794	  0.8002	 13.4375	  0.0000	  0.0000
2018	184	   4	  0	183.1667	 44.0146	  1.0160	  87.2527	   70.1882	  64.1207	 63.6321	  4.6553	 19.3449	 19.3449	 19.3449	 19.3449	360.3763	368.6230	351.0814	351.0814	352.7073	352.7073	 10.7670	 40.2426	  1.0000	   0.0085	  0.0348	    0.7794	  0.9238	   0.7794	  0.8035	 14.4375	  2.4652	  0.0000
2018	184	   5	  0	183.2083	 56.4035	  6.8297	 200.7819	  624.2442	 124.9099	192.7521	  9.1678	 38.8783	 38.8783	 39.4028	 39.8632	368.9073	380.8809	362.6028	362.8346	364.7974	364.7974	 16.4220	126.3199	  1.0000	   0.0017	  0.0956	    0.7794	  0.9238	   0.7794	  0.8093	 16.8083	  7.0758	  0.4746
2018	184	   6	  0	183.2500	 68.4558	 13.8354	 333.2404	  699.0656	 165.8849	322.8810	 13.4936	 52.8564	 52.8564	 73.8223	105.8269	379.2527	396.7105	377.3373	379.6418	378.5498	378.5498	 23.5560	252.4692	  1.0000	   0.0841	  0.1781	    0.7794	  0.9238	   0.7794	  0.8158	 18.9750	  9.7101	  2.8901
2018	184	   7	  0	183.2917	 80.4979	 21.4945	 466.3940	  726.2165	 200.2324	454.1829	 16.4156	 65.0348	 65.0348	 71.3915	107.4579	386.5878	405.8341	386.0315	392.3512	387.5141	387.5141	 26.7429	386.1044	  1.0000	   0.0638	  0.2550	    0.7794	  0.9238	   0.7794	  0.8188	 20.6667	 12.2331	  5.4131
2018	184	   8	  0	183.3333	 93.0096	 29.4423	 589.2752	  748.4094	 221.5212	576.1010	 20.5839	 78.8542	 73.8520	 74.4281	153.3245	393.0271	421.2869	399.2481	408.3288	398.5128	399.8443	 31.4845	517.5438	  1.0000	   0.1226	  0.3163	    0.7794	  0.9238	   0.7794	  0.8197	 22.4292	 14.6004	  7.7804
2018	184	   9	  0	183.3750	106.6447	 37.2904	 690.0942	  763.0288	 228.0420	676.9139	 24.0507	107.8685	 78.4171	 78.4171	174.1688	399.2457	430.7507	406.8218	418.0042	408.1802	406.8218	 34.8895	636.7037	  1.0000	   0.1662	  0.3750	    0.7794	  0.9238	   0.7794	  0.8243	 23.0833	 16.7702	  9.9502
2018	184	  10	  0	183.4167	122.2508	 44.5398	 768.1867	  775.8068	 224.2647	755.6340	 27.4457	143.2597	 80.0331	 80.0331	179.5897	399.8534	438.0304	410.6872	422.6348	417.1351	410.6872	 37.2348	737.3977	  1.0000	   0.2146	  0.4296	    0.7794	  0.9238	   0.7794	  0.8238	 23.1167	 18.7041	 11.8841
2018	184	  11	  0	183.4583	140.7693	 50.5042	 812.3587	  801.8559	 193.5189	802.2105	 29.8992	180.8239	 74.1354	 74.1354	160.6538	399.6126	448.9384	416.9663	426.6483	429.7050	416.9663	 38.7374	812.3179	  1.0000	   0.2711	  0.4719	    0.7794	  0.9238	   0.7794	  0.8208	 23.4625	 20.3681	 13.5481
2018	184	  12	  0	183.5000	162.6060	 54.2844	 803.7115	  734.0207	 207.9759	792.4881	 33.0129	208.8774	 78.6043	 78.6043	119.8493	400.4987	459.4861	423.1722	426.7414	441.7822	423.1722	 39.4913	855.2084	  0.9970	   0.3214	  0.4921	    0.7794	  0.9238	   0.7794	  0.8198	 23.7625	 21.7327	 14.9127
2018	184	  13	  0	183.5417	186.4808	 55.0401	 788.8735	  691.4978	 222.1282	776.5685	 33.7763	212.2147	 97.8833	 82.0175	 83.5194	394.8218	469.2286	429.6806	429.2338	451.0714	430.4685	 40.0064	868.0233	  0.9730	   0.3330	  0.4955	    0.7794	  0.9238	   0.7794	  0.8050	 24.7667	 22.7738	 15.9538
2018	184	  14	  0	183.5833	209.5393	 52.5703	 732.9027	  639.5880	 224.8762	720.1449	 30.4594	180.0841	135.9538	 80.4420	 80.4420	382.0343	470.2338	430.8205	430.8205	449.5377	439.8031	 39.8943	849.4488	  0.9336	   0.2954	  0.4840	    0.7794	  0.9238	   0.7794	  0.7780	 25.7708	 22.7939	 16.1703
2018	184	  15	  0	183.6250	229.6105	 47.4879	 641.0037	  554.2746	 231.9996	627.3155	 26.2812	138.1482	147.2086	 79.0572	 79.0572	378.8266	456.6875	422.8729	422.8729	434.6145	437.1877	 37.2893	788.5692	  0.8985	   0.2420	  0.4509	    0.7794	  0.9238	   0.7794	  0.7776	 25.1875	 21.0016	 14.9877
2018	184	  16	  0	183.6667	246.4474	 40.7267	 522.4590	  448.9514	 228.8769	508.4524	 22.0589	101.1993	134.2245	 74.7327	 74.7327	383.5386	442.6142	415.3155	415.3155	420.2916	430.7589	 33.8319	694.0804	  0.8606	   0.1920	  0.4013	    0.7794	  0.9238	   0.7794	  0.7920	 24.3375	 18.6133	 13.2808
2018	184	  17	  0	183.7083	260.8687	 33.0797	 388.5742	  334.8377	 204.8329	375.6778	 17.3498	 71.2731	102.4430	 64.8492	 64.8492	383.1827	431.4539	409.5028	409.5028	409.3029	422.9310	 29.7446	579.7714	  0.8081	   0.1360	  0.3430	    0.7794	  0.9238	   0.7794	  0.7958	 23.8750	 15.5938	 11.0561
2018	184	  18	  0	183.7500	273.8042	 25.1191	 252.9848	  206.5471	 163.9993	242.3935	 12.8122	 50.8000	 69.1314	 51.6095	 50.6873	380.7463	420.9449	401.6722	403.1924	402.7900	412.5054	 25.4529	450.5449	  0.7388	   0.0959	  0.2836	    0.7794	  0.9238	   0.7794	  0.7988	 23.0042	 11.8603	  8.3004
2018	184	  19	  0	183.7917	285.9921	 17.2763	 130.6910	   70.4486	 108.3629	123.5261	  7.9933	 32.8136	 36.3307	 33.7429	 32.8136	380.9557	412.1788	397.6253	398.3434	398.3434	402.9472	 21.2902	314.5925	  0.6456	   0.0652	  0.2140	    0.7794	  0.9238	   0.7794	  0.8054	 22.1208	  7.7901	  5.3392
2018	184	  20	  0	183.8333	297.9880	  9.9156	  41.9871	    9.4666	  40.2080	 39.2988	  2.9300	 12.0554	 12.5948	 12.2954	 12.0554	381.9176	404.1460	393.4114	393.1303	393.1303	396.0248	 17.2679	182.2428	  0.5403	   0.0418	  0.1364	    0.7794	  0.9238	   0.7794	  0.8124	 20.8792	  6.8220	  4.5199
2018	184	  21	  0	183.8750	310.1915	  3.4500	   5.7925	    1.2886	   5.6870	  5.4116	  0.4126	  1.7140	  1.7180	  1.7179	  1.7140	381.1611	395.3784	387.5152	384.9069	384.9069	388.3870	 14.4559	 64.4933	  0.5703	   0.0087	  0.0649	    0.7794	  0.9238	   0.7794	  0.8154	 19.4500	  9.2546	  5.8351
2018	184	  22	  0	183.9167	322.8534	 -1.7919	   0.3021	    0.1640	   0.1465	  0.1377	  0.0106	  0.0444	  0.0444	  0.0444	  0.0444	379.0201	390.4482	381.5410	380.2817	380.2817	381.3933	 13.2227	 43.3405	  0.5817	   0.0000	  0.0014	    0.7794	  0.9238	   0.7794	  0.8168	 18.6292	  2.7074	  1.6491
2018	184	  23	  0	183.9583	336.0780	 -6.4020	   0.0052	    0.0000	   0.0000	  0.0000	  0.0000	  0.0000	  0.0000	  0.0000	  0.0000	376.9175	387.2027	378.1285	378.1285	378.1285	378.1285	 12.7008	 50.7264	  0.5087	   0.0000	  0.0000	    0.7794	  0.9238	   0.7794	  0.8164	 18.0208	  0.0000	  0.0000
2018	185	   0	  0	184.0000	349.7910	 -8.7771	   0.0000	    0.0000	   0.0000	  0.0000	  0.0000	  0.0000	  0.0000	  0.0000	  0.0000	375.8111	383.4927	374.5632	374.5632	374.5632	374.5632	 12.0519	 50.7180	  0.5086	   0.0000	  0.0000	    0.7794	  0.9238	   0.7794	  0.8164	 17.3208	  0.0000	  0.0000
2018	185	   1	  0	184.0417	 93.7425	 -9.2300	   0.0277	    0.0000	   0.0000	  0.0000	  0.0000	  0.0000	  0.0000	  0.0000	  0.0000	377.2874	380.0931	371.4317	371.4317	371.4317	371.4317	 11.5047	 50.5249	  0.5096	   0.0000	  0.0000	    0.7794	  0.9238	   0.7794	  0.8187	 16.6750	  0.0000	  0.0000
2018	185	   2	  0	184.0833	 17.6043	 -7.7521	   1.4258	    0.0000	   0.0000	  0.0000	  0.0000	  0.0000	  0.0000	  0.0000	  0.0000	378.9663	377.8027	369.0055	369.0055	369.0055	369.0055	 11.0887	 50.4914	  0.5373	   0.0000	  0.0000	    0.7794	  0.9238	   0.7794	  0.8207	 16.2375	  0.0000	  0.0000
2018	185	   3	  0	184.1250	 31.0809	 -4.1921	  15.1613	    0.0000	   0.0000	  0.0000	  0.0000	  0.0000	  0.0000	  0.0000	  0.0000	377.2537	376.2385	364.1754	364.1754	364.1754	364.1754	 10.2301	 50.5208	  0.7858	   0.0000	  0.0000	    0.7794	  0.9238	   0.7794	  0.8192	 15.9375	  0.0000	  0.0000
2018	185	   4	  0	184.1667	 44.0060	  0.9373	  70.7835	  118.7994	  50.2664	 52.7547	  3.6528	 15.2143	 15.2143	 15.2143	 15.2143	377.2569	378.1794	361.4949	361.4949	363.1584	363.1584	 12.2433	 38.9848	  1.0000	   0.0077	  0.0337	    0.7794	  0.9238	   0.7794	  0.8190	 16.2875	  2.6927	  0.0000
2018	185	   5	  0	184.2083	 56.4029	  6.7437	 185.6379	  635.7517	 109.9377	178.6114	  8.0805	 34.3670	 34.3670	 34.8633	 35.2991	379.7495	385.1550	367.6046	367.8274	369.8408	369.8408	 16.7486	124.2735	  1.0000	   0.0016	  0.0945	    0.7794	  0.9238	   0.7794	  0.8200	 17.6208	  7.0377	  0.4523
2018	185	   6	  0	184.2500	 68.4613	 13.7481	 321.0569	  691.7006	 156.4901	311.3148	 12.7833	 49.9981	 49.9981	 70.6724	102.2446	384.3525	397.9632	379.0346	381.3149	380.2715	380.2715	 23.4509	250.4098	  1.0000	   0.0838	  0.1773	    0.7794	  0.9238	   0.7794	  0.8213	 19.2125	  9.6723	  2.8523
2018	185	   7	  0	184.2917	 80.5075	 21.4070	 452.5294	  718.6636	 190.1436	440.9777	 15.6422	 61.9432	 61.9432	 68.1503	103.5232	388.2611	405.7291	386.1558	392.4317	387.6477	387.6477	 26.3295	384.3223	  1.0000	   0.0631	  0.2543	    0.7794	  0.9238	   0.7794	  0.8210	 20.6583	 12.1961	  5.3761
2018	185	   8	  0	184.3333	 93.0209	 29.3546	 578.1358	  743.9125	 213.5313	565.4831	 19.9574	 76.3917	 71.4094	 71.9775	150.3131	390.5976	415.7759	394.1271	403.0752	393.4103	394.7210	 30.3681	516.1528	  1.0000	   0.1224	  0.3155	    0.7794	  0.9238	   0.7794	  0.8201	 21.4625	 14.5645	  7.7445
2018	185	   9	  0	184.3750	106.6541	 37.2022	 685.6917	  769.5615	 220.4996	673.0315	 23.5391	105.9851	 76.2641	 76.2641	172.7040	385.4400	426.2158	401.0360	412.0907	402.3851	401.0360	 33.7303	639.5628	  1.0000	   0.1657	  0.3743	    0.7794	  0.9238	   0.7794	  0.8080	 22.3042	 16.7355	  9.9155
2018	185	  10	  0	184.4167	122.2519	 44.4511	 765.2435	  788.0208	 213.6437	753.4383	 26.7944	141.1886	 77.1053	 77.1053	178.0258	378.2237	437.5883	407.3065	419.2047	413.7248	407.3065	 36.3545	745.1109	  1.0000	   0.2139	  0.4290	    0.7794	  0.9238	   0.7794	  0.7922	 23.0625	 18.6707	 11.8507
2018	185	  11	  0	184.4583	140.7517	 50.4160	 809.9577	  822.7692	 175.6103	801.0814	 28.9432	178.6845	 69.3455	 69.3455	157.8162	374.0554	449.4490	413.7368	423.4018	426.4488	413.7368	 37.7510	823.5355	  1.0000	   0.2700	  0.4714	    0.7794	  0.9238	   0.7794	  0.7813	 23.5792	 20.3359	 13.5159
2018	185	  12	  0	184.5000	162.5574	 54.2000	 819.8944	  799.8554	 171.3935	811.3656	 31.8818	211.3444	 69.6185	 69.6185	114.5880	373.6044	460.4307	420.0367	423.6162	438.6260	420.0367	 38.4988	868.1683	  0.9985	   0.3202	  0.4917	    0.7794	  0.9238	   0.7794	  0.7772	 23.9542	 21.7016	 14.8816
2018	185	  13	  0	184.5417	186.3982	 54.9645	 794.4004	  716.5749	 207.6133	783.1605	 33.2848	213.1583	 94.4477	 78.4314	 80.0743	371.0559	463.6129	421.6740	421.2352	442.8363	422.4212	 38.5447	878.0567	  0.9691	   0.3317	  0.4952	    0.7794	  0.9238	   0.7794	  0.7727	 23.8917	 22.7349	 15.9175
2018	185	  14	  0	184.5833	209.4357	 52.5067	 731.1321	  629.9123	 231.1228	717.9187	 30.6630	180.2437	136.3262	 82.0145	 82.0145	374.7476	459.8947	421.5681	421.5681	439.5646	430.1327	 38.6007	849.4431	  0.9317	   0.2946	  0.4837	    0.7794	  0.9238	   0.7794	  0.7765	 24.2333	 22.3237	 15.8284
2018	185	  15	  0	184.6250	229.5026	 47.4354	 636.4204	  539.7518	 238.5238	622.2438	 26.4729	138.1904	146.8274	 80.6503	 80.6503	379.9446	452.4055	419.7856	419.7856	431.1508	433.6022	 36.8692	786.1529	  0.8953	   0.2414	  0.4506	    0.7794	  0.9238	   0.7794	  0.7836	 24.6000	 20.5466	 14.6558
2018	185	  16	  0	184.6667	246.3443	 40.6817	 517.3769	  441.7196	 228.7976	503.3527	 21.9507	100.6890	133.0084	 74.5809	 74.5809	376.2301	441.7305	413.9359	413.9359	418.7581	428.9006	 33.4653	696.3914	  0.8510	   0.1917	  0.4010	    0.7794	  0.9238	   0.7794	  0.7809	 24.2750	 18.1843	 12.9683
2018	185	  17	  0	184.7083	260.7727	 33.0384	 384.7867	  330.0810	 203.8836	371.9410	 17.2391	 70.8864	101.5153	 64.5033	 64.5033	374.1914	430.0122	407.3836	407.3836	407.1492	420.4006	 29.2564	582.0423	  0.7993	   0.1358	  0.3426	    0.7794	  0.9238	   0.7794	  0.7830	 23.6750	 15.2520	 10.8080
2018	185	  18	  0	184.7500	273.7149	 25.0782	 252.8996	  211.0708	 162.2016	242.4367	 12.6985	 50.3068	 69.0207	 51.1176	 50.1871	373.7438	421.3802	401.2599	402.7876	402.3891	412.1768	 25.2902	451.7915	  0.7374	   0.0960	  0.2832	    0.7794	  0.9238	   0.7794	  0.7876	 23.0750	 11.9358	  8.3481
2018	185	  19	  0	184.7917	285.9085	 17.2331	 130.5185	   72.8112	 107.4688	123.4168	  7.9308	 32.5625	 36.1342	 33.4972	 32.5625	376.7434	412.6226	397.6143	398.3318	398.3318	403.0016	 21.2242	314.6935	  0.6452	   0.0643	  0.2138	    0.7794	  0.9238	   0.7794	  0.7987	 22.2042	  7.8541	  5.3798
2018	185	  20	  0	184.8333	297.9092	  9.8683	  40.9210	    9.0887	  39.2126	 38.2992	  2.8575	 11.7550	 12.2867	 11.9907	 11.7550	382.4479	404.4994	393.8210	393.5544	393.5544	396.4409	 17.3020	181.3961	  0.5359	   0.0423	  0.1360	    0.7794	  0.9238	   0.7794	  0.8128	 20.9417	  6.8116	  4.5093
2018	185	  21	  0	184.8750	310.1177	  3.3990	   5.1708	    1.0214	   5.0827	  4.8304	  0.3688	  1.5318	  1.5337	  1.5336	  1.5318	385.3002	396.1124	388.6180	386.0255	386.0255	389.5067	 14.6651	 63.4742	  0.5635	   0.0077	  0.0635	    0.7794	  0.9238	   0.7794	  0.8200	 19.5958	  9.2486	  5.8255
2018	185	  22	  0	184.9167	322.7855	 -1.8595	   0.1979	    0.0660	   0.0650	  0.0611	  0.0047	  0.0196	  0.0196	  0.0196	  0.0196	384.0893	390.9838	382.2816	381.7251	381.7251	382.2307	 13.4663	 47.0199	  0.5407	   0.0000	  0.0011	    0.7794	  0.9238	   0.7794	  0.8230	 18.7292	  1.2499	  0.7629
2018	185	  23	  0	184.9583	336.0176	 -6.4687	   0.0000	    0.0000	   0.0000	  0.0000	  0.0000	  0.0000	  0.0000	  0.0000	  0.0000	381.7524	386.2970	377.5885	377.5885	377.5885	377.5885	 12.6552	 50.4637	  0.5091	   0.0000	  0.0000	    0.7794	  0.9238	   0.7794	  0.8221	 17.8500	  0.0000	  0.0000
2018	186	   0	  0	185.0000	349.7402	 -8.8539	   0.0000	    0.0000	   0.0000	  0.0000	  0.0000	  0.0000	  0.0000	  0.0000	  0.0000	379.8377	383.0957	374.4404	374.4404	374.4404	374.4404	 12.0729	 50.4793	  0.5091	   0.0000	  0.0000	    0.7794	  0.9238	   0.7794	  0.8208	 17.2458	  0.0000	  0.0000
2018	186	   1	  0	185.0417	 93.7031	 -9.3133	   0.0977	    0.0000	   0.0000	  0.0000	  0.0000	  0.0000	  0.0000	  0.0000	  0.0000	379.8615	381.7127	373.1024	373.1024	373.1024	373.1024	 11.8333	 50.3436	  0.5115	   0.0000	  0.0000	    0.7794	  0.9238	   0.7794	  0.8211	 16.9833	  0.0000	  0.0000
2018	186	   2	  0	185.0833	 17.5771	 -7.8410	   1.3046	    0.0000	   0.0000	  0.0000	  0.0000	  0.0000	  0.0000	  0.0000	  0.0000	378.4979	381.3179	372.3275	372.3275	372.3275	372.3275	 11.6832	 50.3684	  0.5354	   0.0000	  0.0000	    0.7794	  0.9238	   0.7794	  0.8197	 16.9083	  0.0000	  0.0000
2018	186	   3	  0	185.1250	 31.0655	 -4.3030	   8.3598	    0.0000	   0.0000	  0.0000	  0.0000	  0.0000	  0.0000	  0.0000	  0.0000	376.8497	381.8001	370.8162	370.8162	370.8162	370.8162	 11.4156	 50.4009	  0.6754	   0.0000	  0.0000	    0.7794	  0.9238	   0.7794	  0.8179	 17.0000	  0.0000	  0.0000
2018	186	   4	  0	185.1667	 44.0010	  0.8532	  38.6004	  262.0743	  20.1816	 29.4052	  1.4819	  6.2585	  6.2585	  7.8277	  7.8579	372.9531	382.8166	365.5474	365.5474	367.2287	367.2287	 11.7462	 37.9679	  0.9808	   0.0067	  0.0326	    0.7794	  0.9238	   0.7794	  0.8134	 17.1625	  3.0436	  0.0000
2018	186	   5	  0	185.2083	 56.4064	  6.6524	 117.9542	  755.5207	  28.0913	116.4812	  2.1619	  9.9607	  9.9607	 10.4906	 10.9561	371.7865	384.5932	366.2387	366.4496	368.4892	368.4892	 13.0412	123.0219	  1.0000	   0.0015	  0.0932	    0.7794	  0.9238	   0.7794	  0.8113	 17.5167	  6.9966	  0.4284
2018	186	   6	  0	185.2500	 68.4713	 13.6557	 190.7323	  541.3324	  68.4892	186.6982	  6.0577	 22.9214	 22.9214	 39.9833	 64.4131	372.7188	391.6417	372.4642	374.5181	373.7672	373.7672	 17.8860	249.9239	  0.9704	   0.0835	  0.1765	    0.7794	  0.9238	   0.7794	  0.8102	 18.0792	  9.1332	  2.6319
2018	186	   7	  0	185.2917	 80.5220	 21.3147	 179.0048	  110.3734	 141.5205	169.6855	 10.4849	 43.0016	 43.0016	 44.0134	 48.1678	372.3944	388.9217	374.3425	376.5174	376.4178	376.4178	 18.9097	384.4854	  0.6778	   0.0624	  0.2536	    0.7794	  0.9238	   0.7794	  0.8101	 18.0750	  4.7103	  2.0121
2018	186	   8	  0	185.3333	 93.0375	 29.2620	 159.8365	   14.1214	 152.9383	149.6116	 11.1773	 45.6265	 45.5290	 45.5420	 47.0245	372.4138	388.3012	378.0904	378.0055	376.9155	378.7122	 19.2200	516.8176	  0.4668	   0.1221	  0.3147	    0.7794	  0.9238	   0.7794	  0.8108	 17.9083	  2.6154	  1.3838
2018	186	   9	  0	185.3750	106.6692	 37.1091	 275.5544	   44.5844	 247.7802	259.0647	 18.4600	 75.9244	 73.7984	 73.7984	 79.7061	373.4124	391.4625	380.0340	379.9066	378.2474	380.0340	 23.6418	637.8337	  0.5518	   0.1652	  0.3736	    0.7794	  0.9238	   0.7794	  0.8109	 18.2708	  3.2064	  1.9054
2018	186	  10	  0	185.4167	122.2589	 44.3571	 468.7685	  226.9495	 308.7666	448.7936	 25.7093	113.9885	 94.7988	 94.7988	123.6072	374.2997	401.5275	384.2130	387.4856	385.4572	384.2130	 29.2134	739.7977	  0.7281	   0.2130	  0.4283	    0.7794	  0.9238	   0.7794	  0.8086	 18.9333	  8.0726	  5.1327
2018	186	  11	  0	185.4583	140.7395	 50.3220	 617.6531	  397.4936	 311.3682	598.1726	 30.3887	152.3720	 99.4961	 99.4961	142.0100	375.0938	416.5757	392.3931	397.3535	399.2756	392.3931	 33.4269	815.6979	  0.8343	   0.2689	  0.4708	    0.7794	  0.9238	   0.7794	  0.8046	 19.8417	 13.1588	  8.7428
2018	186	  12	  0	185.5000	162.5128	 54.1092	 685.7044	  459.5067	 313.2309	666.4015	 33.8766	183.8361	102.1875	102.1875	126.9976	376.5340	426.2504	397.6941	399.3027	409.5140	397.6941	 35.2878	858.8653	  0.8649	   0.3190	  0.4912	    0.7794	  0.9238	   0.7794	  0.8044	 20.1375	 15.5239	 10.6428
2018	186	  13	  0	185.5417	186.3170	 54.8822	 774.4560	  632.9891	 256.7404	759.6057	 34.6182	209.0089	105.3090	 90.4364	 91.7121	379.6077	439.5011	403.5791	403.1372	422.9245	404.2657	 36.5724	866.8714	  0.9581	   0.3303	  0.4949	    0.7794	  0.9238	   0.7794	  0.8055	 20.2167	 21.7372	 15.2128
2018	186	  14	  0	185.5833	209.3310	 52.4364	 743.8369	  625.2907	 247.9808	729.4740	 31.7288	184.2235	140.4740	 86.7736	 86.7736	380.7875	437.9916	403.4893	403.4893	421.0719	411.8241	 36.5935	839.8849	  0.9568	   0.2937	  0.4833	    0.7794	  0.9238	   0.7794	  0.8055	 20.5083	 22.5177	 15.9570
2018	186	  15	  0	185.6250	229.3920	 47.3764	 637.0071	  510.5655	 260.8408	621.2345	 27.5771	141.1556	148.9464	 86.5802	 86.5802	378.1825	426.7759	398.0563	398.0563	408.4377	410.5839	 34.0830	780.0450	  0.9025	   0.2407	  0.4503	    0.7794	  0.9238	   0.7794	  0.8034	 20.4375	 19.6719	 14.0243
2018	186	  16	  0	185.6667	246.2379	 40.6304	 515.5550	  410.2124	 247.8112	500.1605	 22.9342	103.9715	133.8009	 79.6480	 79.6480	376.6221	418.3609	394.1957	394.1957	398.4893	407.6425	 30.8271	690.4571	  0.8549	   0.1913	  0.4006	    0.7794	  0.9238	   0.7794	  0.8025	 20.4083	 17.2100	 12.2669
2018	186	  17	  0	185.7083	260.6733	 32.9910	 382.1804	  301.1947	 217.2079	368.3683	 17.9881	 73.9944	101.8301	 68.0887	 68.0887	376.7797	410.1146	390.5327	390.5327	390.2171	402.1692	 26.8966	576.9145	  0.8007	   0.1356	  0.3422	    0.7794	  0.9238	   0.7794	  0.8045	 20.2833	 14.3325	 10.1509
2018	186	  18	  0	185.7500	273.6224	 25.0312	 245.9952	  175.2513	 170.4588	234.9093	 13.1497	 52.4393	 68.1631	 53.0474	 52.3271	374.9266	401.7538	384.5495	385.8864	385.2870	393.7020	 22.6350	448.1465	  0.7263	   0.0961	  0.2827	    0.7794	  0.9238	   0.7794	  0.8058	 19.6667	 10.6700	  7.4591
2018	186	  19	  0	185.7917	285.8219	 17.1839	 117.8775	   40.6599	 104.9190	110.9007	  7.6858	 31.6163	 33.6017	 32.1268	 31.6163	374.5077	395.1043	381.9776	382.9333	382.9333	386.3491	 18.3238	312.7518	  0.6074	   0.0633	  0.2135	    0.7794	  0.9238	   0.7794	  0.8087	 19.0833	  6.6476	  4.5481
2018	186	  20	  0	185.8333	297.8280	  9.8148	  36.0175	    6.3450	  34.8271	 33.6874	  2.5355	 10.4331	 10.8120	 10.6004	 10.4331	377.4740	391.6202	381.8106	381.5782	381.5782	384.3338	 14.9857	180.4059	  0.5119	   0.0427	  0.1355	    0.7794	  0.9238	   0.7794	  0.8138	 18.5750	  6.7117	  4.4389
2018	186	  21	  0	185.8750	310.0420	  3.3421	   4.6217	    0.7023	   4.5631	  4.3159	  0.3310	  1.3749	  1.3763	  1.3762	  1.3749	377.2689	386.4885	379.0576	376.4842	376.4842	379.9435	 12.8758	 62.5574	  0.5622	   0.0066	  0.0621	    0.7794	  0.9238	   0.7794	  0.8146	 17.8125	  9.2893	  5.8437
2018	186	  22	  0	185.9167	322.7163	 -1.9346	   0.3312	    0.0701	   0.0689	  0.0647	  0.0050	  0.0208	  0.0208	  0.0208	  0.0208	372.4759	383.6236	374.5118	373.9337	373.9337	374.4617	 11.9595	 46.9885	  0.5467	   0.0000	  0.0010	    0.7794	  0.9238	   0.7794	  0.8123	 17.3458	  1.2997	  0.7921
2018	186	  23	  0	185.9583	335.9567	 -6.5472	   0.0208	    0.0000	   0.0000	  0.0000	  0.0000	  0.0000	  0.0000	  0.0000	  0.0000	369.7068	381.6693	372.4302	372.4302	372.4302	372.4302	 11.6037	 50.5415	  0.5099	   0.0000	  0.0000	    0.7794	  0.9238	   0.7794	  0.8101	 16.9750	  0.0000	  0.0000
2018	187	   0	  0	186.0000	349.1088	 -8.8889	   0.0000	    0.0000	   0.0000	  0.0000	  0.0000	  0.0000	  0.0000	  0.0000	  0.0000	367.0939	379.6991	370.4121	370.4121	370.4121	370.4121	 11.2114	 50.5843	  0.5095	   0.0000	  0.0000	    0.7794	  0.9238	   0.7794	  0.8079	 16.6000	  0.0000	  0.0000
