Year	DOY	Hour	Min	 Dectime	 azimuth	altitude	GlobalRad	DiffuseRad	DirectRad	 Kdown2d	   Kup2d	  Ksouth	   Kwest	  Knorth	   Keast	 Ldown2d	   Lup2d	  Lsouth	   Lwest	  Lnorth	   Least	    Tmrt	      I0	      CI	SH_Ground	SH_Walls	SVF_Ground	SVF_Roof	SVF_BdVeg	Emis_Sky	      Ta	      Tg	      Tw
2018	179	   0	  0	178.0000	356.4658	 -8.9703	   0.0200	    0.0000	   0.0000	  0.0000	  0.0000	  0.0000	  0.0000	  0.0000	  0.0000	400.2297	391.8993	383.9996	383.9996	383.9996	383.9996	 13.9848	 51.3710	  0.5056	   0.0000	  0.0000	    0.8191	  0.9348	   0.8191	  0.8405	 18.9000	  0.0000	  0.0000
2018	179	   1	  0	178.0417	 94.0093	 -8.8729	   0.1496	    0.0000	   0.0000	  0.0000	  0.0000	  0.0000	  0.0000	  0.0000	  0.0000	397.0006	390.4482	382.3689	382.3689	382.3689	382.3689	 13.6645	 51.4318	  0.5081	   0.0000	  0.0000	    0.8191	  0.9348	   0.8191	  0.8374	 18.6292	  0.0000	  0.0000
2018	179	   2	  0	178.0833	 17.8170	 -7.3560	   2.4581	    0.0000	   0.0000	  0.0000	  0.0000	  0.0000	  0.0000	  0.0000	  0.0000	392.8545	386.6275	377.8128	377.8128	377.8128	377.8128	 12.8218	 51.5084	  0.5529	   0.0000	  0.0000	    0.8191	  0.9348	   0.8191	  0.8337	 17.9125	  0.0000	  0.0000
2018	179	   3	  0	178.1250	 31.2395	 -3.6906	  20.5810	    0.0000	   0.0000	  0.0000	  0.0000	  0.0000	  0.0000	  0.0000	  0.0000	393.9796	384.1521	371.5384	371.5384	371.5384	371.5384	 11.7598	 51.4895	  0.8351	   0.0000	  0.0000	    0.8191	  0.9348	   0.8191	  0.8349	 17.4458	  0.0000	  0.0000
2018	179	   4	  0	178.1667	 44.1158	  1.3295	  85.2542	  123.8183	  64.6826	 67.9018	  4.9026	 21.1509	 21.1509	 21.3267	 21.3378	397.0235	387.0145	370.6545	370.6545	372.0831	372.0831	 14.8968	 40.1711	  1.0000	   0.0148	  0.0478	    0.8191	  0.9348	   0.8191	  0.8377	 17.9417	  3.0076	  0.0000
2018	179	   5	  0	178.2083	 56.4725	  7.1809	 193.9660	  623.4741	 115.0693	187.6684	  8.8573	 38.7096	 38.7096	 40.8925	 42.7313	401.1330	395.3704	378.6633	378.9163	380.2583	380.2583	 19.4730	131.0581	  1.0000	   0.0071	  0.1282	    0.8191	  0.9348	   0.8191	  0.8408	 19.4833	  7.2194	  0.5639
2018	179	   6	  0	178.2500	 68.5006	 14.1965	 323.6306	  681.8787	 156.0939	315.3247	 13.3994	 53.5580	 53.5580	 76.4838	111.6544	399.1251	412.0303	392.5103	394.7602	393.1732	393.1732	 26.2961	257.0907	  1.0000	   0.0947	  0.2183	    0.8191	  0.9348	   0.8191	  0.8334	 21.6458	  9.8522	  3.0322
2018	179	   7	  0	178.2917	 80.5277	 21.8600	 456.5967	  712.5015	 191.2777	446.6535	 17.3531	 66.8565	 66.8565	 77.9233	137.0664	399.3016	423.3443	401.2924	407.3132	402.2317	402.2317	 30.1151	390.7255	  1.0000	   0.1079	  0.3010	    0.8191	  0.9348	   0.8191	  0.8275	 23.2417	 12.3723	  5.5523
2018	179	   8	  0	178.3333	 93.0364	 29.8101	 581.4260	  734.4997	 216.3765	570.4323	 22.1652	 83.9134	 77.3599	 78.0803	181.7231	406.3459	434.3869	410.1353	418.9868	409.6905	410.5811	 34.1669	520.5053	  1.0000	   0.1646	  0.3747	    0.8191	  0.9348	   0.8191	  0.8326	 24.0792	 14.7356	  7.9156
2018	179	   9	  0	178.3750	106.6861	 37.6595	 687.2823	  755.7207	 225.7242	676.1296	 26.7256	121.5638	 83.1799	 83.1799	208.1435	407.2537	446.4209	418.3517	429.2427	420.0911	418.3517	 37.9697	640.4966	  1.0000	   0.2198	  0.4371	    0.8191	  0.9348	   0.8191	  0.8293	 24.8333	 16.9007	 10.0807
2018	179	  10	  0	178.4167	122.3358	 44.9070	 766.0317	  774.0546	 219.7945	755.5509	 31.8024	171.6560	 84.6142	 84.6142	220.7990	400.3406	462.4370	426.9631	438.6020	433.4814	426.9631	 41.3461	744.5511	  1.0000	   0.2968	  0.4829	    0.8191	  0.9348	   0.8191	  0.8137	 25.6333	 18.8298	 12.0098
2018	179	  11	  0	178.4583	140.9425	 50.8614	 811.1337	  822.4656	 172.8941	803.7058	 36.7827	236.0456	 74.7412	 74.7412	203.5708	393.9378	481.8045	436.8147	446.2958	449.2434	436.8147	 43.7206	822.5227	  1.0000	   0.4001	  0.4998	    0.8191	  0.9348	   0.8191	  0.7995	 26.1625	 20.4891	 13.6691
2018	179	  12	  0	178.5000	162.9132	 54.6139	 822.4575	  801.3471	 169.3554	815.2909	 41.4340	285.2410	 75.7646	 75.7646	140.8021	388.2555	495.5619	442.8853	446.5657	460.7371	442.8853	 44.3588	868.0246	  0.9985	   0.4763	  0.5000	    0.8191	  0.9348	   0.8191	  0.7896	 26.1375	 21.8495	 15.0295
2018	179	  13	  0	178.5417	186.9211	 55.3193	 796.4375	  720.9931	 203.4837	787.0761	 42.1319	282.5490	109.4869	 84.3831	 86.3673	383.4331	500.8576	445.3620	445.0245	465.5553	446.5540	 44.1605	878.5220	  0.9700	   0.4898	  0.5000	    0.8191	  0.9348	   0.8191	  0.7809	 26.1625	 22.8873	 16.0673
2018	179	  14	  0	178.5833	210.0472	 52.7879	 726.1021	  617.0729	 234.1185	714.5866	 37.7718	231.8121	169.4490	 89.5050	 89.5050	388.5548	492.5415	442.9618	442.9618	459.9344	451.4179	 43.8960	848.1464	  0.9261	   0.4395	  0.5000	    0.8191	  0.9348	   0.8191	  0.7888	 26.2458	 22.2738	 15.8303
2018	179	  15	  0	178.6250	230.1160	 47.6523	 585.1885	  423.2616	 271.8595	570.8069	 30.5392	157.3948	167.7575	 94.6366	 94.6366	391.5284	466.1160	431.4995	431.4995	439.8610	441.8816	 39.6637	784.4239	  0.8309	   0.3390	  0.4945	    0.8191	  0.9348	   0.8191	  0.7972	 26.0917	 16.8607	 12.0545
2018	179	  16	  0	178.6667	246.9189	 40.8560	 491.1592	  374.6127	 245.9488	477.9985	 24.4832	112.7509	149.9249	 84.2971	 84.2971	390.7143	451.7047	422.7512	422.7512	426.6371	435.0912	 35.7536	693.3564	  0.8163	   0.2536	  0.4591	    0.8191	  0.9348	   0.8191	  0.8008	 25.3500	 16.1692	 11.5578
2018	179	  17	  0	178.7083	261.3025	 33.1921	 383.1725	  312.4334	 211.3637	371.7101	 18.9949	 79.0233	118.1863	 71.4492	 71.4492	399.5866	438.5230	415.6469	415.6469	415.7073	427.8636	 31.6836	576.3010	  0.8027	   0.1814	  0.4024	    0.8191	  0.9348	   0.8191	  0.8194	 24.4750	 15.1089	 10.7325
2018	179	  18	  0	178.7500	274.2067	 25.2292	 253.0598	  202.0657	 165.8584	243.8788	 13.7345	 55.1890	 80.1056	 56.5908	 55.0820	392.1521	428.2455	408.2686	409.2288	408.9195	418.1812	 27.1789	449.6508	  0.7395	   0.1352	  0.3334	    0.8191	  0.9348	   0.8191	  0.8132	 23.8208	 11.8780	  8.3300
2018	179	  19	  0	178.7917	286.3706	 17.3961	 132.9092	   78.1821	 108.1263	126.7984	  8.4091	 35.3600	 41.8425	 37.0532	 35.3600	378.8690	418.3389	402.3445	402.4532	402.4532	407.3466	 22.3915	317.3202	  0.6482	   0.0929	  0.2553	    0.8191	  0.9348	   0.8191	  0.7995	 22.9583	  8.0937	  5.5609
2018	179	  20	  0	178.8333	298.3476	 10.0544	  43.2283	   10.5132	  41.2417	 40.8683	  3.1363	 13.3852	 14.0099	 13.6720	 13.3852	369.4952	409.1320	396.9277	396.2027	396.2027	399.2808	 17.8658	186.0159	  0.5403	   0.0478	  0.1688	    0.8191	  0.9348	   0.8191	  0.7922	 21.7417	  6.8517	  4.5535
2018	179	  21	  0	178.8750	310.5339	  3.6093	   6.0204	    1.5549	   5.8873	  5.6829	  0.4457	  1.9213	  1.9278	  1.9278	  1.9213	370.6397	400.8313	391.4785	388.7386	388.7386	392.2146	 15.0552	 67.8632	  0.5597	   0.0146	  0.0864	    0.8191	  0.9348	   0.8191	  0.7991	 20.3958	  9.0726	  5.7454
2018	179	  22	  0	178.9167	323.1765	 -1.5692	   0.2792	    0.1675	   0.1635	  0.1555	  0.0124	  0.0534	  0.0534	  0.0534	  0.0534	378.9000	392.6648	383.2591	382.0743	382.0743	383.1097	 13.5367	 44.8101	  0.5727	   0.0000	  0.0025	    0.8191	  0.9348	   0.8191	  0.8162	 19.0417	  2.6282	  1.6082
2018	179	  23	  0	178.9583	336.3756	 -6.1663	   0.0000	    0.0000	   0.0000	  0.0000	  0.0000	  0.0000	  0.0000	  0.0000	  0.0000	380.2742	387.2027	378.2019	378.2019	378.2019	378.2019	 12.7510	 51.7722	  0.5052	   0.0000	  0.0000	    0.8191	  0.9348	   0.8191	  0.8205	 18.0208	  0.0000	  0.0000
2018	180	   0	  0	179.0000	350.0543	 -8.4978	   0.0000	    0.0000	   0.0000	  0.0000	  0.0000	  0.0000	  0.0000	  0.0000	  0.0000	372.2590	387.2246	377.6435	377.6435	377.6435	377.6435	 12.5678	 51.9201	  0.5053	   0.0000	  0.0000	    0.8191	  0.9348	   0.8191	  0.8113	 18.0250	  0.0000	  0.0000
2018	180	   1	  0	179.0417	 93.9633	 -8.9162	   0.1531	    0.0000	   0.0000	  0.0000	  0.0000	  0.0000	  0.0000	  0.0000	  0.0000	357.7158	389.2670	378.3614	378.3614	378.3614	378.3614	 12.5454	 52.0304	  0.5089	   0.0000	  0.0000	    0.8191	  0.9348	   0.8191	  0.7920	 18.4083	  0.0000	  0.0000
2018	180	   2	  0	179.0833	 17.7777	 -7.4061	   2.9312	    0.0000	   0.0000	  0.0000	  0.0000	  0.0000	  0.0000	  0.0000	  0.0000	344.7350	385.4367	372.7616	372.7616	372.7616	372.7616	 11.4145	 52.3086	  0.5620	   0.0000	  0.0000	    0.8191	  0.9348	   0.8191	  0.7772	 17.6875	  0.0000	  0.0000
2018	180	   3	  0	179.1250	 31.2071	 -3.7602	  23.7140	    0.0000	   0.0000	  0.0000	  0.0000	  0.0000	  0.0000	  0.0000	  0.0000	337.2765	376.7012	358.5113	358.5113	358.5113	358.5113	  8.7909	 52.3876	  0.8579	   0.0000	  0.0000	    0.8191	  0.9348	   0.8191	  0.7734	 16.0250	  0.0000	  0.0000
2018	180	   4	  0	179.1667	 44.0899	  1.2774	  89.7579	  147.5625	  66.0476	 70.3960	  5.0071	 21.6121	 21.6121	 21.7919	 21.8031	335.3030	373.7540	351.5057	351.5057	352.8839	352.8839	 10.9516	 40.2942	  1.0000	   0.0144	  0.0468	    0.8191	  0.9348	   0.8191	  0.7729	 15.4167	  3.0141	  0.0000
2018	180	   5	  0	179.2083	 56.4518	  7.1217	 187.3952	  692.2673	 100.9894	181.9354	  7.8028	 34.2291	 34.2291	 36.5340	 38.4759	333.4535	374.4989	351.7228	351.9579	353.2400	353.2400	 13.6435	133.6190	  1.0000	   0.0068	  0.1273	    0.8191	  0.9348	   0.8191	  0.7698	 15.5458	  7.1968	  0.5488
2018	180	   6	  0	179.2500	 68.4837	 14.1352	 383.6417	  742.4398	 201.9365	372.7592	 17.0003	 68.6108	 68.6108	 93.5382	131.7677	333.7761	382.5041	357.9295	360.0389	358.5303	358.5303	 22.4658	262.6805	  1.0000	   0.0946	  0.2176	    0.8191	  0.9348	   0.8191	  0.7666	 16.2042	  9.8299	  3.0099
2018	180	   7	  0	179.2917	 80.5129	 21.7977	 499.7950	  775.7320	 211.7480	488.7655	 19.1367	 73.9019	 73.9019	 85.9204	150.0343	336.4675	388.9882	362.7660	368.3927	363.6091	363.6091	 24.8633	399.2387	  1.0000	   0.1074	  0.3004	    0.8191	  0.9348	   0.8191	  0.7657	 17.0167	 12.3506	  5.5306
2018	180	   8	  0	179.3333	 93.0213	 29.7474	 620.2725	  796.6846	 225.1155	608.8949	 23.2869	 87.8852	 80.8230	 81.6105	193.7605	340.7981	400.5111	371.5596	379.8952	371.1545	371.9668	 28.7596	533.2595	  1.0000	   0.1642	  0.3742	    0.8191	  0.9348	   0.8191	  0.7659	 18.0667	 14.7146	  7.8946
2018	180	   9	  0	179.3750	106.6674	 37.5969	 724.5892	  813.6096	 228.4357	713.4163	 27.6204	126.0485	 84.8892	 84.8892	219.1093	344.0381	412.8843	380.4376	390.7284	382.1043	380.4376	 32.7654	655.9084	  1.0000	   0.2192	  0.4367	    0.8191	  0.9348	   0.8191	  0.7649	 19.0167	 16.8805	 10.0605
2018	180	  10	  0	179.4167	122.3084	 44.8456	 804.6000	  826.7590	 221.8381	794.1449	 32.9237	178.9651	 86.2698	 86.2698	231.5119	344.0960	425.6700	387.6961	398.6609	393.8415	387.6961	 36.2245	759.1476	  1.0000	   0.2959	  0.4826	    0.8191	  0.9348	   0.8191	  0.7617	 19.4167	 18.8104	 11.9904
2018	180	  11	  0	179.4583	140.8989	 50.8030	 853.0533	  830.8610	 209.3781	843.5520	 39.6132	247.9762	 86.1856	 86.1856	216.6841	345.4214	444.9884	399.1110	408.0743	410.8349	399.1110	 39.6053	835.3836	  1.0000	   0.3989	  0.4998	    0.8191	  0.9348	   0.8191	  0.7588	 20.1417	 20.4705	 13.6505
2018	180	  12	  0	179.5000	162.8466	 54.5620	 860.1140	  835.0887	 179.7148	852.4595	 43.3800	298.3660	 79.9440	 79.9440	146.8257	345.3530	462.8539	409.6324	413.1708	426.5987	409.6324	 40.4339	880.3882	  1.0000	   0.4752	  0.5000	    0.8191	  0.9348	   0.8191	  0.7531	 20.9250	 21.8317	 15.0117
2018	180	  13	  0	179.5417	186.8337	 55.2778	 833.0752	  803.7013	 172.4329	825.7615	 42.7858	298.1068	105.0164	 77.2991	 79.5877	342.3905	471.4355	414.6670	414.3601	433.9738	415.8034	 39.9112	891.5723	  0.9934	   0.4890	  0.5000	    0.8191	  0.9348	   0.8191	  0.7438	 21.5250	 22.8700	 16.0500
2018	180	  14	  0	179.5833	209.9516	 52.7582	 767.6838	  715.1192	 198.1661	758.5359	 38.1200	245.2502	173.9686	 81.0096	 81.0096	344.3793	470.5358	416.4527	416.4527	433.8308	425.3157	 40.3755	864.0170	  0.9588	   0.4389	  0.5000	    0.8191	  0.9348	   0.8191	  0.7420	 22.2333	 23.5364	 16.7253
2018	180	  15	  0	179.6250	230.0237	 47.6323	 668.4963	  616.8249	 212.3707	658.0890	 30.5223	171.3794	186.7000	 80.2821	 80.2821	346.6748	455.9865	410.7213	410.7213	422.3284	425.0161	 37.3975	800.8974	  0.9198	   0.3387	  0.4944	    0.8191	  0.9348	   0.8191	  0.7442	 22.5458	 22.4366	 16.0370
2018	180	  16	  0	179.6667	246.8342	 40.8422	 545.3215	  510.9102	 210.5414	534.5442	 23.9609	114.6426	164.8915	 75.4550	 75.4550	346.1904	440.3883	403.4354	403.4354	408.7285	418.9961	 33.1735	708.5055	  0.8772	   0.2534	  0.4590	    0.8191	  0.9348	   0.8191	  0.7453	 22.4458	 20.0423	 14.3228
2018	180	  17	  0	179.7083	261.2250	 33.1811	 408.6377	  387.8714	 195.2614	398.2625	 18.5018	 76.7998	125.2458	 67.2705	 67.2705	356.4268	427.6790	399.0859	399.0859	399.4732	413.0036	 29.0350	588.4265	  0.8321	   0.1811	  0.4023	    0.8191	  0.9348	   0.8191	  0.7647	 22.2375	 17.1096	 12.1506
2018	180	  18	  0	179.7500	274.1348	 25.2185	 268.6896	  249.0157	 161.1097	259.8610	 13.6540	 54.1347	 84.8877	 55.7963	 53.9921	359.6435	417.6978	394.1569	395.0230	394.7298	405.1076	 24.9043	456.2921	  0.7653	   0.1351	  0.3334	    0.8191	  0.9348	   0.8191	  0.7744	 21.7750	 13.2426	  9.2848
2018	180	  19	  0	179.7917	286.3026	 17.3834	 135.4973	   86.5559	 108.0267	129.4027	  8.4261	 35.3798	 42.5568	 37.2365	 35.3798	349.2092	408.7555	390.5029	390.5694	390.5694	395.5522	 20.2297	321.4555	  0.6506	   0.0926	  0.2552	    0.8191	  0.9348	   0.8191	  0.7632	 21.2292	  8.2785	  5.6863
2018	180	  20	  0	179.8333	298.2824	 10.0380	  46.8062	   12.7770	  44.4205	 44.2653	  3.3796	 14.4225	 15.1576	 14.7604	 14.4225	342.0195	401.2090	386.7710	386.0287	386.0287	389.1199	 16.0199	188.2498	  0.5575	   0.0483	  0.1686	    0.8191	  0.9348	   0.8191	  0.7578	 20.2958	  6.9149	  4.5934
2018	180	  21	  0	179.8750	310.4711	  3.5886	   6.9567	    2.2831	   6.7710	  6.5687	  0.5126	  2.2102	  2.2225	  2.2224	  2.2102	339.2350	392.9374	381.0709	378.3527	378.3527	381.8102	 12.9538	 68.3803	  0.5732	   0.0142	  0.0859	    0.8191	  0.9348	   0.8191	  0.7603	 18.9417	  9.1070	  5.7637
2018	180	  22	  0	179.9167	323.1162	 -1.6003	   0.3567	    0.2071	   0.1998	  0.1900	  0.0151	  0.0653	  0.0653	  0.0653	  0.0653	337.1501	385.2361	372.7232	371.5326	371.5326	372.5773	 11.2233	 45.3275	  0.5766	   0.0000	  0.0024	    0.8191	  0.9348	   0.8191	  0.7657	 17.6500	  2.6702	  1.6328
2018	180	  23	  0	179.9583	336.3188	 -6.1823	   0.0021	    0.0000	   0.0000	  0.0000	  0.0000	  0.0000	  0.0000	  0.0000	  0.0000	333.6090	374.9752	363.3350	363.3350	363.3350	363.3350	  9.5609	 52.4587	  0.5060	   0.0000	  0.0000	    0.8191	  0.9348	   0.8191	  0.7696	 15.6917	  0.0000	  0.0000
2018	181	   0	  0	180.0000	350.0026	 -8.5409	   0.0058	    0.0000	   0.0000	  0.0000	  0.0000	  0.0000	  0.0000	  0.0000	  0.0000	331.9850	365.4913	354.4487	354.4487	354.4487	354.4487	  7.8925	 52.3744	  0.5062	   0.0000	  0.0000	    0.8191	  0.9348	   0.8191	  0.7735	 13.8500	  0.0000	  0.0000
2018	181	   1	  0	180.0417	 93.9182	 -8.9663	   0.1802	    0.0000	   0.0000	  0.0000	  0.0000	  0.0000	  0.0000	  0.0000	  0.0000	329.6555	358.6019	347.8023	347.8023	347.8023	347.8023	  6.6117	 52.1401	  0.5102	   0.0000	  0.0000	    0.8191	  0.9348	   0.8191	  0.7740	 12.4875	  0.0000	  0.0000
2018	181	   2	  0	180.0833	 17.7402	 -7.4628	   2.7046	    0.0000	   0.0000	  0.0000	  0.0000	  0.0000	  0.0000	  0.0000	  0.0000	325.1827	352.4663	340.9007	340.9007	340.9007	340.9007	  5.2509	 52.1952	  0.5585	   0.0000	  0.0000	    0.8191	  0.9348	   0.8191	  0.7714	 11.2583	  0.0000	  0.0000
2018	181	   3	  0	180.1250	 31.1775	 -3.8329	  22.5377	    0.0000	   0.0000	  0.0000	  0.0000	  0.0000	  0.0000	  0.0000	  0.0000	324.4142	348.8640	332.3940	332.3940	332.3940	332.3940	  3.6533	 52.1930	  0.8446	   0.0000	  0.0000	    0.8191	  0.9348	   0.8191	  0.7717	 10.5292	  0.0000	  0.0000
2018	181	   4	  0	180.1667	 44.0673	  1.2201	  95.1450	   85.3741	  74.8671	 75.4608	  5.6704	 24.4387	 24.4387	 24.4387	 24.4387	328.7730	354.6374	333.8846	333.8846	335.1972	335.1972	  7.9812	 39.3886	  1.0000	   0.0140	  0.0458	    0.8191	  0.9348	   0.8191	  0.7745	 11.6542	  2.8124	  0.0000
2018	181	   5	  0	180.2083	 56.4350	  7.0571	 209.4506	  655.2893	 127.4211	202.4561	  9.7948	 42.7845	 42.7845	 44.9795	 46.8301	337.5086	367.0597	345.7408	345.9674	347.2344	347.2344	 13.8078	131.9185	  1.0000	   0.0066	  0.1262	    0.8191	  0.9348	   0.8191	  0.7793	 14.1000	  7.1710	  0.5316
2018	181	   6	  0	180.2500	 68.4711	 14.0686	 344.0331	  728.7744	 166.6497	335.1597	 14.2877	 57.1514	 57.1514	 81.6256	119.0791	344.8677	382.3339	359.2721	361.3634	359.8827	359.8827	 21.1895	259.9702	  1.0000	   0.0944	  0.2168	    0.8191	  0.9348	   0.8191	  0.7815	 16.1750	  9.8045	  2.9845
2018	181	   7	  0	180.2917	 80.5028	 21.7302	 481.2310	  757.7843	 200.6239	470.8111	 18.2031	 70.1658	 70.1658	 81.8580	144.2474	349.8581	392.9237	368.0193	373.6650	368.8784	368.8784	 25.2080	395.6383	  1.0000	   0.1069	  0.2998	    0.8191	  0.9348	   0.8191	  0.7814	 17.7583	 12.3257	  5.5057
2018	181	   8	  0	180.3333	 93.0114	 29.6796	 609.8123	  785.9732	 220.6588	598.6670	 22.8375	 86.2225	 79.2593	 80.0334	190.4092	349.0137	404.6380	376.2608	384.6260	375.8492	376.6741	 29.2618	530.4315	  1.0000	   0.1636	  0.3736	    0.8191	  0.9348	   0.8191	  0.7743	 18.8333	 14.6906	  7.8706
2018	181	   9	  0	180.3750	106.6543	 37.5291	 718.7002	  809.0345	 226.0883	707.6482	 27.3364	124.8479	 84.0451	 84.0451	217.1880	346.9269	415.9374	383.4394	393.7565	385.1018	383.4394	 33.0684	654.4466	  1.0000	   0.2184	  0.4363	    0.8191	  0.9348	   0.8191	  0.7663	 19.5792	 16.8574	 10.0374
2018	181	  10	  0	180.4167	122.2866	 44.7786	 797.7846	  822.6536	 218.5971	787.5016	 32.5312	177.1329	 85.1331	 85.1331	229.4085	345.4372	429.8564	391.3579	402.3790	397.5252	391.3579	 36.5639	758.7915	  1.0000	   0.2950	  0.4823	    0.8191	  0.9348	   0.8191	  0.7596	 20.1708	 18.7882	 11.9682
2018	181	  11	  0	180.4583	140.8603	 50.7385	 842.1588	  823.7752	 204.5780	832.9092	 38.9461	244.4478	 84.4639	 84.4639	213.7130	347.8901	450.8149	404.2425	413.2813	416.0507	404.2425	 40.0330	835.1393	  1.0000	   0.3976	  0.4998	    0.8191	  0.9348	   0.8191	  0.7567	 21.1583	 20.4492	 13.6292
2018	181	  12	  0	180.5000	162.7833	 54.5035	 849.4985	  832.3764	 171.8256	842.2863	 42.5917	294.7800	 77.3850	 77.3850	144.4334	351.8381	467.9816	414.8378	418.4177	431.9093	414.8378	 40.8725	877.7865	  1.0000	   0.4741	  0.5000	    0.8191	  0.9348	   0.8191	  0.7583	 21.8000	 21.8111	 14.9911
2018	181	  13	  0	180.5417	186.7470	 55.2294	 820.4858	  771.4235	 186.7508	812.2447	 42.6042	292.5223	107.0543	 80.6965	 82.9746	350.5266	474.2811	418.4702	418.1671	437.8434	419.5818	 40.4755	887.1761	  0.9877	   0.4881	  0.5000	    0.8191	  0.9348	   0.8191	  0.7541	 22.0167	 22.8502	 16.0302
2018	181	  14	  0	180.5833	209.8540	 52.7217	 760.5281	  694.9119	 207.3993	750.7860	 38.1121	242.8570	173.3199	 83.2863	 83.2863	347.4597	468.8521	415.9005	415.9005	433.1388	424.6137	 40.2934	861.1667	  0.9535	   0.4382	  0.5000	    0.8191	  0.9348	   0.8191	  0.7485	 22.0375	 23.3833	 16.6106
2018	181	  15	  0	180.6250	229.9280	 47.6058	 665.6319	  606.5366	 217.3675	654.9070	 30.6254	171.1962	186.0120	 81.6004	 81.6004	342.0408	449.2177	404.9192	404.9192	416.1628	418.7200	 36.5339	800.8969	  0.9164	   0.3382	  0.4944	    0.8191	  0.9348	   0.8191	  0.7431	 21.5750	 21.9953	 15.7165
2018	181	  16	  0	180.6667	246.7455	 40.8222	 547.3062	  512.9408	 211.3866	536.4849	 24.0407	115.1607	165.4022	 75.7488	 75.7488	340.3762	433.9026	397.2283	397.2283	402.4685	412.5637	 32.2628	708.9626	  0.8796	   0.2531	  0.4589	    0.8191	  0.9348	   0.8191	  0.7428	 21.3542	 19.9889	 14.2800
2018	181	  17	  0	180.7083	261.1436	 33.1641	 410.9950	  396.1027	 193.2897	400.7499	 18.4201	 76.5074	125.8206	 66.7386	 66.7386	341.7933	421.3520	391.7078	391.7078	392.1224	405.4896	 27.7794	591.9889	  0.8319	   0.1808	  0.4022	    0.8191	  0.9348	   0.8191	  0.7479	 21.1292	 17.1283	 12.1597
2018	181	  18	  0	180.7500	274.0592	 25.2017	 271.7258	  261.9070	 158.8338	263.0487	 13.5495	 53.5303	 85.7755	 55.2673	 53.3725	339.6217	411.4027	386.0768	386.9180	386.6326	397.0693	 23.4475	460.5951	  0.7669	   0.1350	  0.3333	    0.8191	  0.9348	   0.8191	  0.7492	 20.6292	 13.4347	  9.4153
2018	181	  19	  0	180.7917	286.2314	 17.3646	 143.2396	  110.7774	 108.5838	137.1412	  8.5334	 35.6975	 44.8735	 38.1341	 35.6975	341.5125	403.3886	384.4267	384.2948	384.2948	389.9366	 19.3255	322.0688	  0.6741	   0.0921	  0.2550	    0.8191	  0.9348	   0.8191	  0.7567	 20.1833	  9.1057	  6.2509
2018	181	  20	  0	180.8333	298.2144	 10.0155	  47.4771	   12.6362	  45.0974	 44.8972	  3.4314	 14.6391	 15.4041	 14.9886	 14.6391	345.2246	395.5064	381.8650	381.1328	381.1328	384.1981	 15.2336	187.0861	  0.5617	   0.0488	  0.1683	    0.8191	  0.9348	   0.8191	  0.7685	 19.2417	  6.9130	  4.5898
2018	181	  21	  0	180.8750	310.4059	  3.5619	   6.8281	    1.9974	   6.6648	  6.4461	  0.5046	  2.1753	  2.1855	  2.1854	  2.1753	344.8275	387.9069	377.0420	374.3477	374.3477	377.7843	 12.2876	 67.5470	  0.5739	   0.0139	  0.0852	    0.8191	  0.9348	   0.8191	  0.7732	 18.0042	  9.1148	  5.7644
2018	181	  22	  0	180.9167	323.0543	 -1.6386	   0.3388	    0.1998	   0.1929	  0.1833	  0.0146	  0.0630	  0.0630	  0.0630	  0.0630	341.3458	381.0144	369.2660	368.0827	368.0827	369.1244	 10.6384	 44.8780	  0.5777	   0.0000	  0.0023	    0.8191	  0.9348	   0.8191	  0.7750	 16.8500	  2.6776	  1.6360
2018	181	  23	  0	180.9583	336.2612	 -6.2274	   0.0010	    0.0000	   0.0000	  0.0000	  0.0000	  0.0000	  0.0000	  0.0000	  0.0000	337.8416	374.4665	363.1842	363.1842	363.1842	363.1842	  9.5805	 52.0889	  0.5067	   0.0000	  0.0000	    0.8191	  0.9348	   0.8191	  0.7756	 15.5958	  0.0000	  0.0000
2018	182	   0	  0	181.0000	349.9510	 -8.5909	   0.0000	    0.0000	   0.0000	  0.0000	  0.0000	  0.0000	  0.0000	  0.0000	  0.0000	334.4616	368.5990	357.5021	357.5021	357.5021	357.5021	  8.4909	 52.0891	  0.5068	   0.0000	  0.0000	    0.8191	  0.9348	   0.8191	  0.7749	 14.4583	  0.0000	  0.0000
2018	182	   1	  0	181.0417	 93.8742	 -9.0231	   0.1415	    0.0000	   0.0000	  0.0000	  0.0000	  0.0000	  0.0000	  0.0000	  0.0000	331.0895	363.2250	352.2087	352.2087	352.2087	352.2087	  7.4623	 51.9031	  0.5101	   0.0000	  0.0000	    0.8191	  0.9348	   0.8191	  0.7736	 13.4042	  0.0000	  0.0000
2018	182	   2	  0	181.0833	 17.7047	 -7.5261	   2.5767	    0.0000	   0.0000	  0.0000	  0.0000	  0.0000	  0.0000	  0.0000	  0.0000	330.1487	356.5974	345.1256	345.1256	345.1256	345.1256	  6.1176	 51.8780	  0.5571	   0.0000	  0.0000	    0.8191	  0.9348	   0.8191	  0.7753	 12.0875	  0.0000	  0.0000
2018	182	   3	  0	181.1250	 31.1506	 -3.9144	  21.8960	    0.0000	   0.0000	  0.0000	  0.0000	  0.0000	  0.0000	  0.0000	  0.0000	328.7239	351.5570	335.3169	335.3169	335.3169	335.3169	  4.2728	 51.8802	  0.8398	   0.0000	  0.0000	    0.8191	  0.9348	   0.8191	  0.7754	 11.0750	  0.0000	  0.0000
2018	182	   4	  0	181.1667	 44.0481	  1.1573	  93.6165	   81.3813	  67.9241	 68.6119	  5.1447	 22.1727	 22.1727	 22.1727	 22.1727	329.4266	354.1437	333.6632	333.6632	334.8271	334.8271	  7.5841	 42.5611	  1.0000	   0.0134	  0.0445	    0.8191	  0.9348	   0.8191	  0.7754	 11.5583	  2.4914	  0.0000
2018	182	   5	  0	181.2083	 56.4222	  6.9870	 207.5388	  653.6780	 126.4650	200.5954	  9.7185	 42.4584	 42.4584	 44.5744	 46.3609	336.8757	363.4405	342.4535	342.6711	343.9428	343.9428	 13.1577	130.5706	  1.0000	   0.0064	  0.1251	    0.8191	  0.9348	   0.8191	  0.7801	 13.3917	  7.1420	  0.5132
2018	182	   6	  0	181.2500	 68.4631	 13.9967	 341.9927	  732.0059	 164.6445	333.2343	 14.1329	 56.5035	 56.5035	 81.0441	118.6094	340.2224	380.3914	356.9583	359.0234	357.5759	357.5759	 20.6862	259.1791	  1.0000	   0.0942	  0.2160	    0.8191	  0.9348	   0.8191	  0.7765	 15.8083	  9.7759	  2.9559
2018	182	   7	  0	181.2917	 80.4976	 21.6576	 477.9906	  762.6051	 196.5238	467.8095	 17.8884	 68.8596	 68.8596	 80.5737	143.0624	342.7158	395.5122	369.1912	374.8382	370.0634	370.0634	 25.1743	396.1497	  1.0000	   0.1064	  0.2992	    0.8191	  0.9348	   0.8191	  0.7691	 18.2458	 12.2978	  5.4778
2018	182	   8	  0	181.3333	 93.0067	 29.6067	 604.2425	  786.4441	 215.7861	593.3743	 22.4366	 84.6079	 77.6790	 78.4554	188.5691	345.3682	409.2354	379.5585	387.9558	379.1383	379.9771	 29.5275	531.0652	  1.0000	   0.1631	  0.3731	    0.8191	  0.9348	   0.8191	  0.7646	 19.6792	 14.6635	  7.8435
2018	182	   9	  0	181.3750	106.6468	 37.4562	 709.6719	  804.0824	 220.9185	698.9016	 26.8284	122.7089	 82.2945	 82.2945	214.2572	348.0196	420.6448	387.5176	397.8848	389.1780	387.5176	 33.4028	653.9465	  1.0000	   0.2176	  0.4358	    0.8191	  0.9348	   0.8191	  0.7634	 20.4333	 16.8313	 10.0113
2018	182	  10	  0	181.4167	122.2705	 44.7061	 790.0912	  815.0091	 217.0304	779.8742	 32.1919	175.3538	 84.4486	 84.4486	227.1125	351.7291	435.2224	396.7838	407.8778	402.9832	396.7838	 37.1974	756.3017	  1.0000	   0.2940	  0.4820	    0.8191	  0.9348	   0.8191	  0.7641	 21.1250	 18.7632	 11.9432
2018	182	  11	  0	181.4583	140.8269	 50.6680	 838.4217	  818.0785	 205.8688	829.0783	 38.7777	243.1604	 84.6729	 84.6729	212.8213	354.5340	454.9318	408.7119	417.8014	420.5663	408.7119	 40.6275	832.0836	  1.0000	   0.3961	  0.4997	    0.8191	  0.9348	   0.8191	  0.7630	 21.8875	 20.4252	 13.6052
2018	182	  12	  0	181.5000	162.7236	 54.4384	 846.7088	  835.5749	 166.9826	839.7826	 42.2388	293.8755	 75.9370	 75.9370	143.4264	356.9844	472.8284	419.6057	423.2166	436.7753	419.6057	 41.4320	875.8000	  1.0000	   0.4729	  0.5000	    0.8191	  0.9348	   0.8191	  0.7615	 22.6250	 21.7880	 14.9680
2018	182	  13	  0	181.5417	186.6610	 55.1742	 817.4787	  770.4697	 184.9446	809.3366	 42.3539	291.5232	106.0741	 80.0749	 82.4287	355.9953	480.9095	424.7078	424.4059	444.2562	425.7984	 41.2746	885.7336	  0.9861	   0.4870	  0.5000	    0.8191	  0.9348	   0.8191	  0.7560	 23.1167	 22.8277	 16.0077
2018	182	  14	  0	181.5833	209.7547	 52.6784	 753.9377	  682.0933	 211.2967	743.9308	 37.9435	240.7974	172.0785	 84.1203	 84.1203	354.9987	474.2309	421.6286	421.6286	438.9425	430.3154	 41.0441	858.3175	  0.9489	   0.4373	  0.5000	    0.8191	  0.9348	   0.8191	  0.7549	 22.9750	 23.2735	 16.5261
2018	182	  15	  0	181.6250	229.8290	 47.5729	 660.4602	  598.9394	 218.0767	649.6716	 30.4658	170.1460	184.4829	 81.6349	 81.6349	354.6573	459.4724	415.2662	415.2662	426.7175	429.2929	 38.0037	797.1398	  0.9139	   0.3376	  0.4943	    0.8191	  0.9348	   0.8191	  0.7528	 23.2958	 22.0224	 15.7302
2018	182	  16	  0	181.6667	246.6530	 40.7960	 540.7937	  504.6724	 210.4493	530.0044	 23.8245	114.1823	163.3437	 75.3029	 75.3029	352.3143	446.8291	409.8258	409.8258	415.1760	425.4051	 34.0622	706.8659	  0.8727	   0.2527	  0.4588	    0.8191	  0.9348	   0.8191	  0.7479	 23.5833	 19.9243	 14.2287
2018	182	  17	  0	181.7083	261.0584	 33.1411	 406.6156	  393.0630	 190.7627	396.5084	 18.1882	 75.6363	124.3825	 65.8874	 65.8874	350.1873	433.3855	403.1042	403.1042	403.5319	417.1531	 29.4621	591.4323	  0.8253	   0.1804	  0.4021	    0.8191	  0.9348	   0.8191	  0.7481	 23.2375	 17.1295	 12.1558
2018	182	  18	  0	181.7500	273.9801	 25.1789	 269.0827	  262.9501	 155.8712	260.5769	 13.3275	 52.5961	 84.9215	 54.3007	 52.4279	348.0024	424.4722	398.3338	399.2137	398.9227	409.6847	 25.3668	460.2940	  0.7617	   0.1349	  0.3331	    0.8191	  0.9348	   0.8191	  0.7482	 22.9375	 13.5428	  9.4869
2018	182	  19	  0	181.7917	286.1569	 17.3398	 142.0198	  113.8255	 106.4972	136.0446	  8.3821	 35.0416	 44.4323	 37.5271	 35.0416	345.9579	414.3286	394.5357	394.3970	394.3970	400.2494	 20.9711	322.1505	  0.6705	   0.0917	  0.2548	    0.8191	  0.9348	   0.8191	  0.7519	 22.1500	  9.2300	  6.3331
2018	182	  20	  0	181.8333	298.1436	  9.9868	  46.9571	   13.1941	  44.4855	 44.4127	  3.3858	 14.4416	 15.2400	 14.8055	 14.4416	344.4789	405.1395	390.4556	389.7223	389.7223	392.8454	 16.6875	187.3041	  0.5591	   0.0493	  0.1679	    0.8191	  0.9348	   0.8191	  0.7576	 21.0042	  6.9318	  4.5995
2018	182	  21	  0	181.8750	310.3385	  3.5290	   6.5377	    2.1410	   6.3619	  6.1729	  0.4816	  2.0768	  2.0876	  2.0875	  2.0768	343.0047	397.2502	385.4155	382.6230	382.6230	386.1824	 13.7372	 67.2250	  0.5714	   0.0139	  0.0843	    0.8191	  0.9348	   0.8191	  0.7618	 19.7417	  9.2445	  5.8401
2018	182	  22	  0	181.9167	322.9908	 -1.6842	   0.2979	    0.1787	   0.1720	  0.1634	  0.0130	  0.0562	  0.0562	  0.0562	  0.0562	338.8606	386.6145	374.0963	372.9007	372.9007	373.9563	 11.4878	 44.6963	  0.5780	   0.0000	  0.0022	    0.8191	  0.9348	   0.8191	  0.7669	 17.9083	  2.6766	  1.6339
2018	182	  23	  0	181.9583	336.2028	 -6.2792	   0.0000	    0.0000	   0.0000	  0.0000	  0.0000	  0.0000	  0.0000	  0.0000	  0.0000	336.0143	377.0248	365.3841	365.3841	365.3841	365.3841	  9.9658	 51.9349	  0.5074	   0.0000	  0.0000	    0.8191	  0.9348	   0.8191	  0.7714	 16.0875	  0.0000	  0.0000
2018	183	   0	  0	182.0000	349.8995	 -8.6476	   0.0000	    0.0000	   0.0000	  0.0000	  0.0000	  0.0000	  0.0000	  0.0000	  0.0000	334.2644	368.7100	357.5758	357.5758	357.5758	357.5758	  8.5020	 51.8679	  0.5075	   0.0000	  0.0000	    0.8191	  0.9348	   0.8191	  0.7745	 14.4792	  0.0000	  0.0000
2018	183	   1	  0	182.0417	 93.8312	 -9.0865	   0.0510	    0.0000	   0.0000	  0.0000	  0.0000	  0.0000	  0.0000	  0.0000	  0.0000	333.4785	361.9798	351.2350	351.2350	351.2350	351.2350	  7.3050	 51.6332	  0.5090	   0.0000	  0.0000	    0.8191	  0.9348	   0.8191	  0.7769	 13.1583	  0.0000	  0.0000
2018	183	   2	  0	182.0833	 17.6713	 -7.5958	   1.9965	    0.0000	   0.0000	  0.0000	  0.0000	  0.0000	  0.0000	  0.0000	  0.0000	332.2483	357.2197	346.0342	346.0342	346.0342	346.0342	  6.3129	 51.6304	  0.5467	   0.0000	  0.0000	    0.8191	  0.9348	   0.8191	  0.7774	 12.2125	  0.0000	  0.0000
2018	183	   3	  0	182.1250	 31.1265	 -3.9971	  20.9546	    0.0000	   0.0000	  0.0000	  0.0000	  0.0000	  0.0000	  0.0000	  0.0000	330.8404	353.5402	337.4945	337.4945	337.4945	337.4945	  4.7183	 51.6414	  0.8306	   0.0000	  0.0000	    0.8191	  0.9348	   0.8191	  0.7770	 11.4750	  0.0000	  0.0000
2018	183	   4	  0	182.1667	 44.0324	  1.0893	  91.9506	   73.7636	  67.2845	 67.5181	  5.0958	 21.9603	 21.9603	 21.9603	 21.9603	334.1779	357.4876	337.1715	337.1715	338.3478	338.3478	  8.2547	 41.5694	  1.0000	   0.0127	  0.0434	    0.8191	  0.9348	   0.8191	  0.7794	 12.2292	  2.4636	  0.0000
2018	183	   5	  0	182.2083	 56.4134	  6.9115	 206.7933	  648.0130	 127.1072	199.8077	  9.7628	 42.6468	 42.6468	 44.6841	 46.4074	339.6407	368.0164	346.8208	347.0329	348.3410	348.3410	 13.9720	129.1627	  1.0000	   0.0062	  0.1239	    0.8191	  0.9348	   0.8191	  0.7813	 14.2917	  7.1100	  0.4945
2018	183	   6	  0	182.2500	 68.4595	 13.9196	 342.7708	  731.2138	 166.5828	333.8966	 14.2658	 57.1065	 57.1065	 81.5820	119.0390	341.9400	383.3864	359.7825	361.8363	360.4214	360.4214	 21.2338	257.7639	  1.0000	   0.0940	  0.2151	    0.8191	  0.9348	   0.8191	  0.7769	 16.3833	  9.7442	  2.9242
2018	183	   7	  0	182.2917	 80.4973	 21.5800	 481.5717	  761.2108	 201.5723	471.0949	 18.2407	 70.4537	 70.4537	 82.0794	144.1593	347.0764	395.9012	370.1805	375.7983	371.0599	371.0599	 25.5439	393.9621	  1.0000	   0.1058	  0.2985	    0.8191	  0.9348	   0.8191	  0.7751	 18.3292	 12.2668	  5.4468
2018	183	   8	  0	182.3333	 93.0074	 29.5289	 612.5781	  786.9353	 224.7797	601.1910	 23.0849	 87.4574	 80.5366	 81.3094	191.1476	351.0800	410.4101	381.4511	389.8271	381.0255	381.8701	 30.1927	528.3882	  1.0000	   0.1624	  0.3725	    0.8191	  0.9348	   0.8191	  0.7722	 19.9042	 14.6334	  7.8134
2018	183	   9	  0	182.3750	106.6449	 37.3781	 721.9688	  810.6046	 230.0575	710.6861	 27.5506	125.9304	 85.2692	 85.2692	217.9391	348.1340	422.1281	388.7840	399.1408	390.4351	388.7840	 33.9831	653.3572	  1.0000	   0.2167	  0.4353	    0.8191	  0.9348	   0.8191	  0.7619	 20.7167	 16.8024	  9.9824
2018	183	  10	  0	182.4167	122.2601	 44.6281	 803.9000	  825.4719	 224.2720	793.2929	 32.8653	178.7394	 86.8958	 86.8958	231.0770	346.5124	438.1741	398.3290	409.4478	404.5395	398.3290	 37.7527	758.9581	  1.0000	   0.2930	  0.4816	    0.8191	  0.9348	   0.8191	  0.7524	 21.6583	 18.7353	 11.9153
2018	183	  11	  0	182.4583	140.7986	 50.5916	 855.2206	  832.5464	 212.1608	845.5572	 39.5517	247.8350	 86.9434	 86.9434	217.1120	343.8034	460.4308	411.2594	420.4131	423.1861	411.2594	 41.3177	839.5888	  1.0000	   0.3945	  0.4997	    0.8191	  0.9348	   0.8191	  0.7390	 22.8417	 20.3984	 13.5784
2018	183	  12	  0	182.5000	162.6674	 54.3669	 862.5298	  843.5980	 176.8239	855.0621	 43.1651	298.9672	 79.1596	 79.1596	146.9803	346.2798	477.4196	421.3764	425.0211	438.6308	421.3764	 42.0400	883.5477	  1.0000	   0.4715	  0.5000	    0.8191	  0.9348	   0.8191	  0.7384	 23.4083	 21.7621	 14.9421
2018	183	  13	  0	182.5417	186.5760	 55.1121	 826.3996	  803.1561	 167.5095	819.3616	 42.1486	295.9508	102.2795	 75.6496	 78.2055	352.3962	485.4507	427.5891	427.2902	447.2469	428.6572	 41.5241	889.3059	  0.9900	   0.4858	  0.5000	    0.8191	  0.9348	   0.8191	  0.7448	 23.8792	 22.8026	 15.9826
2018	183	  14	  0	182.5833	209.6537	 52.6284	 752.9192	  684.4831	 208.6501	743.0705	 37.7731	240.7138	171.0777	 83.3508	 83.3508	360.7174	480.0231	427.1929	427.1929	444.6768	435.9207	 41.7775	856.8741	  0.9493	   0.4363	  0.5000	    0.8191	  0.9348	   0.8191	  0.7580	 23.9292	 23.2765	 16.5213
2018	183	  15	  0	182.6250	229.7268	 47.5335	 654.2779	  573.7071	 230.6156	642.6961	 30.8162	170.0792	183.2251	 85.0099	 85.0099	374.4847	459.8727	418.9147	418.9147	430.2100	432.6569	 38.7175	787.3252	  0.9165	   0.3369	  0.4942	    0.8191	  0.9348	   0.8191	  0.7838	 23.4833	 21.6829	 15.4813
2018	183	  16	  0	182.6667	246.5569	 40.7635	 533.9317	  470.6517	 226.0356	522.1596	 24.4547	116.0014	161.5787	 79.6445	 79.6445	376.7440	443.2562	410.8645	410.8645	415.9960	425.7989	 34.5245	694.9500	  0.8760	   0.2522	  0.4587	    0.8191	  0.9348	   0.8191	  0.7905	 23.1375	 19.3294	 13.7982
2018	183	  17	  0	182.7083	260.9695	 33.1120	 399.8567	  358.1300	 203.2016	388.9601	 18.7907	 78.4150	122.6070	 69.4183	 69.4183	375.2468	428.6985	403.0378	403.0378	403.3869	416.2425	 29.7696	581.0524	  0.8260	   0.1799	  0.4020	    0.8191	  0.9348	   0.8191	  0.7926	 22.5667	 16.3739	 11.6149
2018	183	  18	  0	182.7500	273.8975	 25.1501	 263.2919	  231.1535	 163.7856	254.2780	 13.7411	 54.8386	 83.2546	 56.2784	 54.6791	374.3801	419.6601	397.9400	398.8729	398.5859	408.5043	 25.5833	451.6898	  0.7601	   0.1348	  0.3329	    0.8191	  0.9348	   0.8191	  0.7948	 22.2000	 12.7463	  8.9250
2018	183	  19	  0	182.7917	286.0793	 17.3089	 137.3244	   89.4956	 109.1799	131.1662	  8.5167	 35.7692	 43.1059	 37.6569	 35.7692	370.0021	409.6760	393.3785	393.4260	393.4260	398.5857	 20.9608	316.4956	  0.6637	   0.0911	  0.2545	    0.8191	  0.9348	   0.8191	  0.7940	 21.3875	  8.4767	  5.8135
2018	183	  20	  0	182.8333	298.0701	  9.9519	  44.2815	   10.6218	  42.2808	 41.8618	  3.2158	 13.7178	 14.3878	 14.0216	 13.7178	368.2104	400.2046	388.4487	387.7529	387.7529	390.7975	 16.4632	183.8898	  0.5496	   0.0498	  0.1675	    0.8191	  0.9348	   0.8191	  0.7978	 20.1042	  6.8572	  4.5468
2018	183	  21	  0	182.8750	310.2689	  3.4902	   5.5558	    1.2252	   5.4469	  5.2435	  0.4123	  1.7777	  1.7807	  1.7806	  1.7777	371.3214	393.4891	384.8179	382.0847	382.0847	385.5895	 13.8761	 65.4980	  0.5598	   0.0127	  0.0832	    0.8191	  0.9348	   0.8191	  0.8050	 19.0583	  9.1813	  5.7956
2018	183	  22	  0	182.9167	322.9257	 -1.7371	   0.2225	    0.1231	   0.1199	  0.1138	  0.0091	  0.0392	  0.0392	  0.0392	  0.0392	373.8657	387.1157	377.6219	376.4491	376.4491	377.4872	 12.4835	 43.6843	  0.5769	   0.0000	  0.0020	    0.8191	  0.9348	   0.8191	  0.8126	 18.0042	  2.6496	  1.6156
2018	183	  23	  0	182.9583	336.1437	 -6.3384	   0.0031	    0.0000	   0.0000	  0.0000	  0.0000	  0.0000	  0.0000	  0.0000	  0.0000	368.7898	381.8677	372.3302	372.3302	372.3302	372.3302	 11.5783	 51.0336	  0.5081	   0.0000	  0.0000	    0.8191	  0.9348	   0.8191	  0.8094	 17.0125	  0.0000	  0.0000
2018	184	   0	  0	183.0000	349.8482	 -8.7110	   0.0000	    0.0000	   0.0000	  0.0000	  0.0000	  0.0000	  0.0000	  0.0000	  0.0000	361.3982	376.8699	367.1187	367.1187	367.1187	367.1187	 10.5550	 51.1427	  0.5081	   0.0000	  0.0000	    0.8191	  0.9348	   0.8191	  0.8028	 16.0583	  0.0000	  0.0000
2018	184	   1	  0	183.0417	 93.7894	 -9.1566	   0.0612	    0.0000	   0.0000	  0.0000	  0.0000	  0.0000	  0.0000	  0.0000	  0.0000	360.7860	371.6845	362.1638	362.1638	362.1638	362.1638	  9.6417	 50.9597	  0.5098	   0.0000	  0.0000	    0.8191	  0.9348	   0.8191	  0.8036	 15.0583	  0.0000	  0.0000
2018	184	   2	  0	183.0833	 17.6398	 -7.6719	   1.9979	    0.0000	   0.0000	  0.0000	  0.0000	  0.0000	  0.0000	  0.0000	  0.0000	358.9979	366.5527	356.5804	356.5804	356.5804	356.5804	  8.5966	 50.9815	  0.5478	   0.0000	  0.0000	    0.8191	  0.9348	   0.8191	  0.8027	 14.0583	  0.0000	  0.0000
2018	184	   3	  0	183.1250	 31.1052	 -4.0910	  19.9498	    0.0000	   0.0000	  0.0000	  0.0000	  0.0000	  0.0000	  0.0000	  0.0000	356.0115	363.3916	348.8572	348.8572	348.8572	348.8572	  7.1729	 51.0308	  0.8273	   0.0000	  0.0000	    0.8191	  0.9348	   0.8191	  0.8002	 13.4375	  0.0000	  0.0000
2018	184	   4	  0	183.1667	 44.0202	  1.0160	  87.2527	   70.2321	  64.1180	 64.2485	  4.8559	 20.9288	 20.9288	 20.9288	 20.9288	360.0813	368.6713	350.0424	350.0424	351.2561	351.2561	 10.7486	 40.2396	  1.0000	   0.0119	  0.0422	    0.8191	  0.9348	   0.8191	  0.8035	 14.4375	  2.4648	  0.0000
2018	184	   5	  0	183.2083	 56.4086	  6.8307	 200.7819	  624.2986	 124.8935	193.9085	  9.5863	 41.8671	 41.8671	 43.7526	 45.3516	368.5361	381.0662	361.8588	362.0682	363.4477	363.4477	 16.7158	126.3378	  1.0000	   0.0059	  0.1225	    0.8191	  0.9348	   0.8191	  0.8093	 16.8083	  7.0749	  0.4741
2018	184	   6	  0	183.2500	 68.4604	 13.8374	 333.2404	  699.0669	 165.8611	324.3731	 14.1253	 56.7053	 56.7053	 80.0713	115.8053	378.7129	397.2237	376.7099	378.7940	377.3990	377.3990	 24.0714	252.5050	  1.0000	   0.0938	  0.2142	    0.8191	  0.9348	   0.8191	  0.8158	 18.9750	  9.7095	  2.8895
2018	184	   7	  0	183.2917	 80.5020	 21.4975	 466.3940	  726.2047	 200.2022	455.9418	 17.9759	 69.7386	 69.7386	 80.7517	139.7007	385.8579	408.6306	386.6375	392.3529	387.5612	387.5612	 28.1268	386.1545	  1.0000	   0.1052	  0.2978	    0.8191	  0.9348	   0.8191	  0.8188	 20.6667	 12.2328	  5.4128
2018	184	   8	  0	183.3333	 93.0134	 29.4460	 589.2752	  748.3930	 221.4865	577.9988	 22.4983	 85.5854	 79.0329	 79.7656	183.8486	392.0916	424.5396	399.6630	408.1969	399.2145	400.0964	 32.7485	517.6039	  1.0000	   0.1617	  0.3718	    0.8191	  0.9348	   0.8191	  0.8197	 22.4292	 14.6004	  7.7804
2018	184	   9	  0	183.3750	106.6486	 37.2949	 690.0942	  763.0110	 228.0057	678.8126	 26.7397	122.0042	 83.8689	 83.8689	208.3320	398.1829	435.5833	407.9250	418.4692	409.5858	407.9250	 36.4931	636.7686	  1.0000	   0.2158	  0.4348	    0.8191	  0.9348	   0.8191	  0.8243	 23.0833	 16.7705	  9.9505
2018	184	  10	  0	183.4167	122.2554	 44.5447	 768.1867	  775.7894	 224.2294	757.4424	 31.8286	171.9718	 85.8663	 85.8663	221.0372	398.6586	446.5518	413.6860	424.9222	419.9502	413.6860	 39.5860	737.4621	  1.0000	   0.2918	  0.4812	    0.8191	  0.9348	   0.8191	  0.8238	 23.1167	 18.7047	 11.8847
2018	184	  11	  0	183.4583	140.7756	 50.5093	 812.3587	  801.7783	 193.5351	803.6698	 37.1922	235.2314	 80.3556	 80.3556	205.2447	398.2709	463.9114	423.2645	432.4531	435.2205	423.2645	 42.1892	812.3766	  1.0000	   0.3929	  0.4997	    0.8191	  0.9348	   0.8191	  0.8208	 23.4625	 20.3689	 13.5489
2018	184	  12	  0	183.5000	162.6150	 54.2889	 803.7115	  733.8972	 208.0426	794.0989	 41.5022	275.9480	 85.4914	 85.4914	145.8031	399.0448	479.3391	431.9821	435.6426	449.2496	431.9821	 43.1732	855.2564	  0.9969	   0.4699	  0.5000	    0.8191	  0.9348	   0.8191	  0.8198	 23.7625	 21.7337	 14.9137
2018	184	  13	  0	183.5417	186.4921	 55.0433	 788.8735	  691.4181	 222.1719	778.3364	 42.0848	278.4636	112.2737	 89.0735	 91.2445	393.1548	490.7955	439.2389	438.9434	459.0259	440.2868	 43.5251	868.0565	  0.9730	   0.4845	  0.5000	    0.8191	  0.9348	   0.8191	  0.8050	 24.7667	 22.7750	 15.9550
2018	184	  14	  0	183.5833	209.5514	 52.5716	 732.9027	  639.5537	 224.8945	721.9795	 37.4620	233.8117	168.9576	 87.0967	 87.0967	380.1376	490.1684	439.3096	439.3096	456.6816	447.8846	 43.3470	849.4638	  0.9336	   0.4351	  0.5000	    0.8191	  0.9348	   0.8191	  0.7780	 25.7708	 22.7940	 16.1707
2018	184	  15	  0	183.6250	229.6217	 47.4875	 641.0037	  554.2858	 231.9942	629.2854	 30.4267	167.2147	179.5935	 84.9926	 84.9926	377.0290	468.7831	427.4142	427.4142	438.4746	440.8078	 39.6409	788.5639	  0.8985	   0.3361	  0.4941	    0.8191	  0.9348	   0.8191	  0.7776	 25.1875	 21.0032	 14.9892
2018	184	  16	  0	183.6667	246.4572	 40.7248	 522.4590	  449.0042	 228.8537	510.4692	 24.3161	114.9859	158.1536	 80.1621	 80.1621	381.9810	449.2313	417.3116	417.3116	422.2490	431.7212	 35.3006	694.0542	  0.8607	   0.2517	  0.4585	    0.8191	  0.9348	   0.8191	  0.7920	 24.3375	 18.6165	 13.2834
2018	184	  17	  0	183.7083	260.8770	 33.0768	 388.5742	  334.9236	 204.8007	377.5354	 18.6804	 78.1198	119.2429	 69.6320	 69.6320	381.8150	435.4001	410.3258	410.3258	410.5797	422.9107	 30.7226	579.7253	  0.8082	   0.1794	  0.4017	    0.8191	  0.9348	   0.8191	  0.7958	 23.8750	 15.5984	 11.0596
2018	184	  18	  0	183.7500	273.8115	 25.1153	 252.9848	  206.6488	 163.9685	243.9194	 13.6148	 54.6749	 80.1086	 55.8902	 54.5185	379.6059	423.5438	402.5450	403.5597	403.2678	412.4179	 26.1440	450.4810	  0.7389	   0.1345	  0.3327	    0.8191	  0.9348	   0.8191	  0.7988	 23.0042	 11.8654	  8.3042
2018	184	  19	  0	183.7917	285.9986	 17.2718	 130.6910	   70.5144	 108.3473	124.5580	  8.4006	 35.3928	 41.1519	 36.8337	 35.3928	380.0760	413.3908	398.0877	398.3096	398.3096	402.9022	 21.6736	314.5147	  0.6458	   0.0906	  0.2542	    0.8191	  0.9348	   0.8191	  0.8054	 22.1208	  7.7939	  5.3419
2018	184	  20	  0	183.8333	297.9939	  9.9108	  41.9871	    9.4758	  40.2071	 39.6857	  3.0572	 13.0420	 13.6476	 13.3156	 13.0420	381.1829	404.4590	393.6199	392.9455	392.9455	395.9833	 17.3744	182.1559	  0.5405	   0.0503	  0.1669	    0.8191	  0.9348	   0.8191	  0.8124	 20.8792	  6.8241	  4.5214
2018	184	  21	  0	183.8750	310.1972	  3.4452	   5.7925	    1.2926	   5.6869	  5.4664	  0.4305	  1.8558	  1.8608	  1.8608	  1.8558	380.4267	395.5297	387.3519	384.5781	384.5781	388.1396	 14.4231	 64.4062	  0.5707	   0.0113	  0.0821	    0.8191	  0.9348	   0.8191	  0.8154	 19.4500	  9.2614	  5.8395
2018	184	  22	  0	183.9167	322.8592	 -1.7974	   0.3021	    0.1640	   0.1449	  0.1376	  0.0110	  0.0476	  0.0476	  0.0476	  0.0476	378.5730	390.4482	381.0744	379.8657	379.8657	380.9404	 13.1457	 43.3155	  0.5819	   0.0000	  0.0018	    0.8191	  0.9348	   0.8191	  0.8168	 18.6292	  2.7106	  1.6511
2018	184	  23	  0	183.9583	336.0839	 -6.4013	   0.0052	    0.0000	   0.0000	  0.0000	  0.0000	  0.0000	  0.0000	  0.0000	  0.0000	376.5887	387.2027	377.8870	377.8870	377.8870	377.8870	 12.6569	 50.7141	  0.5087	   0.0000	  0.0000	    0.8191	  0.9348	   0.8191	  0.8164	 18.0208	  0.0000	  0.0000
2018	185	   0	  0	184.0000	349.7971	 -8.7812	   0.0000	    0.0000	   0.0000	  0.0000	  0.0000	  0.0000	  0.0000	  0.0000	  0.0000	375.5124	383.4927	374.3181	374.3181	374.3181	374.3181	 12.0075	 50.7058	  0.5087	   0.0000	  0.0000	    0.8191	  0.9348	   0.8191	  0.8164	 17.3208	  0.0000	  0.0000
2018	185	   1	  0	184.0417	 93.7488	 -9.2333	   0.0277	    0.0000	   0.0000	  0.0000	  0.0000	  0.0000	  0.0000	  0.0000	  0.0000	377.0428	380.0931	371.1909	371.1909	371.1909	371.1909	 11.4614	 50.5128	  0.5097	   0.0000	  0.0000	    0.8191	  0.9348	   0.8191	  0.8187	 16.6750	  0.0000	  0.0000
2018	185	   2	  0	184.0833	 17.6105	 -7.7545	   1.4258	    0.0000	   0.0000	  0.0000	  0.0000	  0.0000	  0.0000	  0.0000	  0.0000	378.7656	377.8027	368.7091	368.7091	368.7091	368.7091	 11.0363	 50.4794	  0.5374	   0.0000	  0.0000	    0.8191	  0.9348	   0.8191	  0.8207	 16.2375	  0.0000	  0.0000
2018	185	   3	  0	184.1250	 31.0869	 -4.1935	  15.1613	    0.0000	   0.0000	  0.0000	  0.0000	  0.0000	  0.0000	  0.0000	  0.0000	377.0522	376.2385	363.3155	363.3155	363.3155	363.3155	 10.0807	 50.5088	  0.7858	   0.0000	  0.0000	    0.8191	  0.9348	   0.8191	  0.8192	 15.9375	  0.0000	  0.0000
2018	185	   4	  0	184.1667	 44.0116	  0.9373	  70.7835	  118.8416	  50.2639	 53.2360	  3.8095	 16.4515	 16.4515	 16.4532	 16.4533	377.0349	378.2265	360.6022	360.6022	361.8439	361.8439	 12.2086	 38.9819	  1.0000	   0.0108	  0.0410	    0.8191	  0.9348	   0.8191	  0.8190	 16.2875	  2.6922	  0.0000
2018	185	   5	  0	184.2083	 56.4080	  6.7446	 185.6379	  635.7864	 109.9233	179.6233	  8.4499	 36.9837	 36.9837	 38.7762	 40.3013	379.4475	385.3334	366.9694	367.1708	368.5916	368.5916	 17.0099	124.2914	  1.0000	   0.0057	  0.1211	    0.8191	  0.9348	   0.8191	  0.8200	 17.6208	  7.0368	  0.4519
2018	185	   6	  0	184.2500	 68.4658	 13.7501	 321.0569	  691.6971	 156.4676	312.7179	 13.3847	 53.6208	 53.6208	 76.6877	111.9790	383.8549	398.4793	378.4710	380.5331	379.1808	379.1808	 23.9509	250.4456	  1.0000	   0.0936	  0.2132	    0.8191	  0.9348	   0.8191	  0.8213	 19.2125	  9.6717	  2.8517
2018	185	   7	  0	184.2917	 80.5115	 21.4100	 452.5294	  718.6488	 190.1149	442.6416	 17.1575	 66.4114	 66.4114	 77.2244	135.2584	387.5522	408.5163	386.7831	392.4589	387.7153	387.7153	 27.6888	384.3724	  1.0000	   0.1045	  0.2970	    0.8191	  0.9348	   0.8191	  0.8210	 20.6583	 12.1958	  5.3758
2018	185	   8	  0	184.3333	 93.0247	 29.3583	 578.1358	  743.8945	 213.4977	567.3057	 21.8204	 82.9178	 76.4000	 77.1193	180.1940	389.7041	418.9472	394.5178	402.9267	394.0815	394.9497	 31.6111	516.2129	  1.0000	   0.1610	  0.3711	    0.8191	  0.9348	   0.8191	  0.8201	 21.4625	 14.5645	  7.7445
2018	185	   9	  0	184.3750	106.6580	 37.2067	 685.6917	  769.5425	 220.4635	674.8554	 26.1984	119.9648	 81.5398	 81.5398	206.6844	384.2856	430.9557	401.9071	412.3313	403.5549	401.9071	 35.3025	639.6281	  1.0000	   0.2149	  0.4342	    0.8191	  0.9348	   0.8191	  0.8080	 22.3042	 16.7358	  9.9158
2018	185	  10	  0	184.4167	122.2565	 44.4560	 765.2435	  788.0021	 213.6085	755.1391	 31.1721	169.9280	 82.7135	 82.7135	219.6393	376.8032	446.0355	409.8856	421.0769	416.1227	409.8856	 38.6629	745.1762	  1.0000	   0.2906	  0.4808	    0.8191	  0.9348	   0.8191	  0.7922	 23.0625	 18.6713	 11.8513
2018	185	  11	  0	184.4583	140.7580	 50.4211	 809.9577	  822.6894	 175.6269	802.3576	 36.3194	233.9608	 75.2606	 75.2606	202.9409	372.4335	464.3267	419.5003	428.6741	431.4328	419.5003	 41.1824	823.5952	  1.0000	   0.3910	  0.4996	    0.8191	  0.9348	   0.8191	  0.7813	 23.5792	 20.3367	 13.5167
2018	185	  12	  0	184.5000	162.5664	 54.2045	 819.8944	  799.7244	 171.4631	812.5885	 40.9229	283.2928	 76.0657	 76.0657	141.8187	371.8503	480.2207	428.2835	431.9545	445.5334	428.2835	 42.2612	868.2171	  0.9985	   0.4683	  0.5000	    0.8191	  0.9348	   0.8191	  0.7772	 23.9542	 21.7026	 14.8826
2018	185	  13	  0	184.5417	186.4095	 54.9677	 794.4004	  716.4930	 207.6578	784.7750	 41.8094	281.4597	108.7499	 85.3153	 87.6929	369.2024	484.9262	430.7421	430.4535	450.3172	431.7481	 42.0863	878.0904	  0.9691	   0.4830	  0.5000	    0.8191	  0.9348	   0.8191	  0.7727	 23.8917	 22.7359	 15.9185
2018	185	  14	  0	184.5833	209.4477	 52.5081	 731.1321	  629.8779	 231.1412	719.8189	 37.5683	233.3451	168.8245	 88.7500	 88.7500	372.9145	479.0247	429.6634	429.6634	446.3744	437.8511	 42.0220	849.4583	  0.9317	   0.4338	  0.5000	    0.8191	  0.9348	   0.8191	  0.7765	 24.2333	 22.3236	 15.8287
2018	185	  15	  0	184.6250	229.5138	 47.4350	 636.4204	  539.7625	 238.5186	624.2840	 30.5314	166.7200	178.5094	 86.6891	 86.6891	378.2276	464.0997	424.2106	424.2106	434.9272	437.1501	 39.1919	786.1477	  0.8953	   0.3352	  0.4940	    0.8191	  0.9348	   0.8191	  0.7836	 24.6000	 20.5482	 14.6573
2018	185	  16	  0	184.6667	246.3541	 40.6799	 517.3769	  441.7713	 228.7749	505.3720	 24.1737	114.3313	156.5352	 80.0023	 80.0023	374.6214	448.1550	415.7477	415.7477	420.5457	429.7239	 34.9005	696.3652	  0.8510	   0.2511	  0.4582	    0.8191	  0.9348	   0.8191	  0.7809	 24.2750	 18.1875	 12.9709
2018	185	  17	  0	184.7083	260.7810	 33.0355	 384.7867	  330.1654	 203.8520	373.7912	 18.5498	 77.6838	118.0182	 69.2634	 69.2634	372.7592	433.8262	408.0429	408.0429	408.2645	420.2547	 30.2060	581.9960	  0.7993	   0.1788	  0.4015	    0.8191	  0.9348	   0.8191	  0.7830	 23.6750	 15.2564	 10.8114
2018	185	  18	  0	184.7500	273.7222	 25.0744	 252.8996	  211.1734	 162.1707	243.9441	 13.4975	 54.1426	 80.0419	 55.3614	 53.9768	372.5203	423.9713	402.0369	403.0578	402.7693	411.9853	 25.9653	451.7275	  0.7375	   0.1343	  0.3324	    0.8191	  0.9348	   0.8191	  0.7876	 23.0750	 11.9410	  8.3519
2018	185	  19	  0	184.7917	285.9149	 17.2287	 130.5185	   72.8777	 107.4531	124.4397	  8.3383	 35.1198	 41.0401	 36.5870	 35.1198	375.8103	413.8642	398.0438	398.2647	398.2647	402.9174	 21.6033	314.6155	  0.6453	   0.0899	  0.2538	    0.8191	  0.9348	   0.8191	  0.7987	 22.2042	  7.8579	  5.3825
2018	185	  20	  0	184.8333	297.9152	  9.8635	  40.9210	    9.0975	  39.2117	 38.6765	  2.9816	 12.7173	 13.3117	 12.9846	 12.7173	381.7156	404.8101	394.0431	393.3815	393.3815	396.4124	 17.4075	181.3092	  0.5361	   0.0507	  0.1663	    0.8191	  0.9348	   0.8191	  0.8128	 20.9417	  6.8137	  4.5108
2018	185	  21	  0	184.8750	310.1234	  3.3943	   5.1708	    1.0243	   5.0826	  4.8794	  0.3847	  1.6587	  1.6610	  1.6609	  1.6587	384.6012	396.2356	388.4855	385.7255	385.7255	389.2885	 14.6353	 63.3873	  0.5639	   0.0098	  0.0808	    0.8191	  0.9348	   0.8191	  0.8200	 19.5958	  9.2551	  5.8296
2018	185	  22	  0	184.9167	322.7912	 -1.8650	   0.1979	    0.0660	   0.0649	  0.0617	  0.0049	  0.0212	  0.0212	  0.0212	  0.0212	383.7471	390.9838	381.9782	381.4390	381.4390	381.9320	 13.4143	 47.0017	  0.5409	   0.0000	  0.0014	    0.8191	  0.9348	   0.8191	  0.8230	 18.7292	  1.2532	  0.7648
2018	185	  23	  0	184.9583	336.0235	 -6.4744	   0.0000	    0.0000	   0.0000	  0.0000	  0.0000	  0.0000	  0.0000	  0.0000	  0.0000	381.4856	386.2970	377.3706	377.3706	377.3706	377.3706	 12.6159	 50.4516	  0.5091	   0.0000	  0.0000	    0.8191	  0.9348	   0.8191	  0.8221	 17.8500	  0.0000	  0.0000
2018	186	   0	  0	185.0000	349.7463	 -8.8581	   0.0000	    0.0000	   0.0000	  0.0000	  0.0000	  0.0000	  0.0000	  0.0000	  0.0000	379.5866	383.0957	374.2133	374.2133	374.2133	374.2133	 12.0320	 50.4672	  0.5092	   0.0000	  0.0000	    0.8191	  0.9348	   0.8191	  0.8208	 17.2458	  0.0000	  0.0000
2018	186	   1	  0	185.0417	 93.7094	 -9.3166	   0.0977	    0.0000	   0.0000	  0.0000	  0.0000	  0.0000	  0.0000	  0.0000	  0.0000	379.6263	381.7127	372.8696	372.8696	372.8696	372.8696	 11.7916	 50.3318	  0.5115	   0.0000	  0.0000	    0.8191	  0.9348	   0.8191	  0.8211	 16.9833	  0.0000	  0.0000
2018	186	   2	  0	185.0833	 17.5834	 -7.8433	   1.3046	    0.0000	   0.0000	  0.0000	  0.0000	  0.0000	  0.0000	  0.0000	  0.0000	378.2525	381.3179	372.0343	372.0343	372.0343	372.0343	 11.6312	 50.3566	  0.5355	   0.0000	  0.0000	    0.8191	  0.9348	   0.8191	  0.8197	 16.9083	  0.0000	  0.0000
2018	186	   3	  0	185.1250	 31.0716	 -4.3048	   8.3598	    0.0000	   0.0000	  0.0000	  0.0000	  0.0000	  0.0000	  0.0000	  0.0000	376.5812	381.8001	370.1962	370.1962	370.1962	370.1962	 11.3079	 50.3891	  0.6755	   0.0000	  0.0000	    0.8191	  0.9348	   0.8191	  0.8179	 17.0000	  0.0000	  0.0000
2018	186	   4	  0	185.1667	 44.0066	  0.8531	  38.6004	  262.0749	  20.1806	 29.5927	  1.5450	  6.7413	  6.7413	  9.0006	  9.0442	372.6331	382.8973	364.6533	364.6533	365.9084	365.9084	 11.6592	 37.9650	  0.9808	   0.0101	  0.0395	    0.8191	  0.9348	   0.8191	  0.8134	 17.1625	  3.0429	  0.0000
2018	186	   5	  0	185.2083	 56.4115	  6.6534	 117.9542	  755.3244	  28.1046	116.6923	  2.2775	 10.5324	 10.5324	 12.5146	 14.2021	371.4070	384.7664	365.5109	365.7014	367.1465	367.1465	 13.0589	123.0398	  1.0000	   0.0055	  0.1196	    0.8191	  0.9348	   0.8191	  0.8113	 17.5167	  6.9957	  0.4279
2018	186	   6	  0	185.2500	 68.4759	 13.6577	 190.7323	  541.1198	  68.5198	187.2768	  6.3515	 24.4520	 24.4520	 43.4410	 70.5174	372.1808	392.1124	371.8422	373.6993	372.6181	372.6181	 18.1041	249.9598	  0.9703	   0.0933	  0.2121	    0.8191	  0.9348	   0.8191	  0.8102	 18.0792	  9.1319	  2.6311
2018	186	   7	  0	185.2917	 80.5261	 21.3176	 179.0048	  110.3132	 141.5362	171.0255	 11.0640	 46.3169	 46.3169	 48.1894	 55.6953	371.8913	389.9674	374.8040	376.7704	376.2782	376.2782	 19.4608	384.5358	  0.6777	   0.1038	  0.2962	    0.8191	  0.9348	   0.8191	  0.8101	 18.0750	  4.7087	  2.0113
2018	186	   8	  0	185.3333	 93.0413	 29.2658	 159.8365	   14.1172	 152.9396	151.0828	 11.6800	 49.2335	 49.1068	 49.1232	 51.0565	371.9599	388.8294	378.3526	378.5773	377.4915	378.8145	 19.7075	516.8780	  0.4668	   0.1601	  0.3704	    0.8191	  0.9348	   0.8191	  0.8108	 17.9083	  2.6150	  1.3836
2018	186	   9	  0	185.3750	106.6731	 37.1135	 275.5544	   44.5512	 247.7980	261.4363	 19.3578	 82.1883	 79.4914	 79.4914	 87.0096	372.9149	392.3028	380.0931	380.3812	378.8814	380.0931	 24.3781	637.8991	  0.5517	   0.2138	  0.4337	    0.8191	  0.9348	   0.8191	  0.8109	 18.2708	  3.2053	  1.9047
2018	186	  10	  0	185.4167	122.2635	 44.3620	 468.7685	  226.8687	 308.8095	451.6651	 27.7845	128.0178	101.8329	101.8329	141.0446	373.5674	404.9909	385.1722	388.5377	386.7046	385.1722	 30.5621	739.8627	  0.7280	   0.2892	  0.4803	    0.8191	  0.9348	   0.8191	  0.8086	 18.9333	  8.0702	  5.1313
2018	186	  11	  0	185.4583	140.7458	 50.3271	 617.6531	  397.3932	 311.4232	600.9722	 34.6575	183.6453	106.8977	106.8977	168.2608	374.0750	425.6286	395.9311	400.8274	402.5671	395.9311	 35.7410	815.7572	  0.8342	   0.3891	  0.4996	    0.8191	  0.9348	   0.8191	  0.8046	 19.8417	 13.1558	  8.7410
2018	186	  12	  0	185.5000	162.5217	 54.1137	 685.7044	  459.4192	 313.2808	669.1759	 39.7395	229.3478	109.9611	109.9611	146.2308	375.3825	439.5234	403.3263	405.1930	414.4288	403.3263	 38.0600	858.9138	  0.8649	   0.4665	  0.5000	    0.8191	  0.9348	   0.8191	  0.8044	 20.1375	 15.5214	 10.6414
2018	186	  13	  0	185.5417	186.3283	 54.8853	 774.4560	  632.9130	 256.7829	761.7399	 42.3593	270.7213	119.6639	 97.8876	 99.7357	378.1645	459.0401	412.2104	411.9135	430.1189	413.1456	 39.9887	866.9049	  0.9580	   0.4815	  0.5000	    0.8191	  0.9348	   0.8191	  0.8055	 20.2167	 21.7360	 15.2123
2018	186	  14	  0	185.5833	209.3430	 52.4378	 743.8369	  625.2553	 247.9999	731.5395	 38.6102	237.2107	172.9580	 93.8082	 93.8082	379.2833	456.5305	411.6030	411.6030	427.9182	419.5611	 40.0920	839.9001	  0.9568	   0.4324	  0.5000	    0.8191	  0.9348	   0.8191	  0.8055	 20.5083	 22.5175	 15.9572
2018	186	  15	  0	185.6250	229.4032	 47.3760	 637.0071	  510.5757	 260.8358	623.5043	 31.5184	168.9337	179.5545	 93.0357	 93.0357	376.7939	437.4689	402.2260	402.2260	412.0289	413.9753	 36.4115	780.0399	  0.9025	   0.3342	  0.4938	    0.8191	  0.9348	   0.8191	  0.8034	 20.4375	 19.6735	 14.0257
2018	186	  16	  0	185.6667	246.2476	 40.6286	 515.5550	  410.2626	 247.7887	502.3770	 25.1009	117.4358	156.3480	 85.4748	 85.4748	375.3426	424.1611	395.9503	395.9503	400.2480	408.5310	 32.2872	690.4312	  0.8549	   0.2504	  0.4580	    0.8191	  0.9348	   0.8191	  0.8025	 20.4083	 17.2130	 12.2693
2018	186	  17	  0	185.7083	260.6817	 32.9880	 382.1804	  301.2761	 217.1767	370.3576	 19.2757	 80.9310	117.5081	 73.1543	 73.1543	375.6562	413.5391	391.2296	391.2296	391.3582	402.1729	 27.8756	576.8687	  0.8008	   0.1781	  0.4012	    0.8191	  0.9348	   0.8191	  0.8045	 20.2833	 14.3368	 10.1542
2018	186	  18	  0	185.7500	273.6296	 25.0274	 245.9952	  175.3450	 170.4295	236.5062	 13.9226	 56.4664	 78.0681	 57.3766	 56.3116	374.0046	403.9621	385.2719	386.1713	385.7323	393.6557	 23.3168	448.0830	  0.7264	   0.1340	  0.3321	    0.8191	  0.9348	   0.8191	  0.8058	 19.6667	 10.6747	  7.4626
2018	186	  19	  0	185.7917	285.8284	 17.1795	 117.8775	   40.6992	 104.9092	111.9051	  8.0574	 34.1126	 37.4925	 34.9299	 34.1126	373.8070	396.1028	382.4649	382.9194	382.9194	386.4193	 18.6863	312.6741	  0.6075	   0.0893	  0.2534	    0.8191	  0.9348	   0.8191	  0.8087	 19.0833	  6.6503	  4.5501
2018	186	  20	  0	185.8333	297.8340	  9.8100	  36.0175	    6.3517	  34.8264	 34.0227	  2.6455	 11.2883	 11.7102	 11.4772	 11.2883	376.8441	391.9171	382.0752	381.4580	381.4580	384.3571	 15.0890	180.3191	  0.5121	   0.0511	  0.1656	    0.8191	  0.9348	   0.8191	  0.8138	 18.5750	  6.7138	  4.4403
2018	186	  21	  0	185.8750	310.0477	  3.3373	   4.6217	    0.7049	   4.5630	  4.3599	  0.3454	  1.4888	  1.4905	  1.4905	  1.4888	376.5970	386.5783	378.8679	376.1350	376.1350	379.6684	 12.8350	 62.4703	  0.5626	   0.0082	  0.0794	    0.8191	  0.9348	   0.8191	  0.8146	 17.8125	  9.2961	  5.8481
2018	186	  22	  0	185.9167	322.7220	 -1.9401	   0.3312	    0.0701	   0.0689	  0.0654	  0.0052	  0.0225	  0.0225	  0.0225	  0.0225	372.0911	383.6236	374.1344	373.5760	373.5760	374.0888	 11.8939	 46.9705	  0.5469	   0.0000	  0.0013	    0.8191	  0.9348	   0.8191	  0.8123	 17.3458	  1.3036	  0.7945
2018	186	  23	  0	185.9583	335.9626	 -6.5521	   0.0208	    0.0000	   0.0000	  0.0000	  0.0000	  0.0000	  0.0000	  0.0000	  0.0000	369.3631	381.6693	372.1532	372.1532	372.1532	372.1532	 11.5532	 50.5296	  0.5100	   0.0000	  0.0000	    0.8191	  0.9348	   0.8191	  0.8101	 16.9750	  0.0000	  0.0000
2018	187	   0	  0	186.0000	349.1150	 -8.8930	   0.0000	    0.0000	   0.0000	  0.0000	  0.0000	  0.0000	  0.0000	  0.0000	  0.0000	366.7445	379.6991	370.1245	370.1245	370.1245	370.1245	 11.1588	 50.5724	  0.5096	   0.0000	  0.0000	    0.8191	  0.9348	   0.8191	  0.8079	 16.6000	  0.0000	  0.0000
