Year	DOY	Hour	Min	 Dectime	 azimuth	altitude	GlobalRad	DiffuseRad	DirectRad	 Kdown2d	   Kup2d	  Ksouth	   Kwest	  Knorth	   Keast	 Ldown2d	   Lup2d	  Lsouth	   Lwest	  Lnorth	   Least	    Tmrt	      I0	      CI	SH_Ground	SH_Walls	SVF_Ground	SVF_Roof	SVF_BdVeg	Emis_Sky	      Ta	      Tg	      Tw
2018	179	   0	  0	178.0000	356.4658	 -8.9738	   0.0200	    0.0000	   0.0000	  0.0000	  0.0000	  0.0000	  0.0000	  0.0000	  0.0000	400.1600	391.8993	384.0111	384.0111	384.0111	384.0111	 13.9859	 51.3860	  0.5056	   0.0000	  0.0000	    0.8414	  0.9406	   0.8414	  0.8405	 18.9000	  0.0000	  0.0000
2018	179	   1	  0	178.0417	 94.0093	 -8.8764	   0.1496	    0.0000	   0.0000	  0.0000	  0.0000	  0.0000	  0.0000	  0.0000	  0.0000	396.9213	390.4482	382.3666	382.3666	382.3666	382.3666	 13.6632	 51.4469	  0.5081	   0.0000	  0.0000	    0.8414	  0.9406	   0.8414	  0.8374	 18.6292	  0.0000	  0.0000
2018	179	   2	  0	178.0833	 17.8171	 -7.3595	   2.4581	    0.0000	   0.0000	  0.0000	  0.0000	  0.0000	  0.0000	  0.0000	  0.0000	392.7745	386.6275	377.7346	377.7346	377.7346	377.7346	 12.8079	 51.5235	  0.5529	   0.0000	  0.0000	    0.8414	  0.9406	   0.8414	  0.8337	 17.9125	  0.0000	  0.0000
2018	179	   3	  0	178.1250	 31.2396	 -3.6961	  20.5810	    0.0000	   0.0000	  0.0000	  0.0000	  0.0000	  0.0000	  0.0000	  0.0000	393.9207	384.1521	371.0838	371.0838	371.0838	371.0838	 11.6828	 51.5046	  0.8350	   0.0000	  0.0000	    0.8414	  0.9406	   0.8414	  0.8349	 17.4458	  0.0000	  0.0000
2018	179	   4	  0	178.1667	 44.1158	  1.3272	  85.2542	  123.4700	  64.7043	 68.2315	  5.0187	 22.1659	 22.1659	 22.6091	 22.6401	396.9662	387.0782	370.2834	370.2834	371.4553	371.4553	 14.9522	 40.1433	  1.0000	   0.0178	  0.0538	    0.8414	  0.9406	   0.8414	  0.8377	 17.9417	  3.0062	  0.0000
2018	179	   5	  0	178.2083	 56.4721	  7.1789	 193.9660	  623.3856	 115.0985	188.2321	  9.0956	 40.4585	 40.4585	 44.0439	 46.9767	401.0311	395.5676	378.4472	378.6827	379.7173	379.7173	 19.7218	131.0231	  1.0000	   0.0115	  0.1500	    0.8414	  0.9406	   0.8414	  0.8408	 19.4833	  7.2185	  0.5633
2018	179	   6	  0	178.2500	 68.4997	 14.1952	 323.6306	  681.8816	 156.1081	316.0695	 13.7761	 55.8607	 55.8607	 80.4283	118.5539	398.8581	412.4533	392.2822	394.3776	392.6774	392.6774	 26.6491	257.0676	  1.0000	   0.1021	  0.2474	    0.8414	  0.9406	   0.8414	  0.8334	 21.6458	  9.8516	  3.0316
2018	179	   7	  0	178.2917	 80.5263	 21.8594	 456.5967	  712.5045	 191.2834	447.5457	 18.2467	 69.6994	 69.6994	 83.4806	155.9753	398.8932	425.0835	401.7126	407.3207	402.3601	402.3601	 30.9175	390.7155	  1.0000	   0.1326	  0.3348	    0.8414	  0.9406	   0.8414	  0.8275	 23.2417	 12.3720	  5.5520
2018	179	   8	  0	178.3333	 93.0343	 29.8103	 581.4260	  734.4989	 216.3749	571.4192	 23.7361	 88.7490	 80.6688	 81.5797	208.6962	405.8625	437.5994	411.1392	419.5574	410.8400	411.4972	 35.2548	520.5083	  1.0000	   0.2020	  0.4098	    0.8414	  0.9406	   0.8414	  0.8326	 24.0792	 14.7356	  7.9156
2018	179	   9	  0	178.3750	106.6834	 37.6605	 687.2823	  755.7166	 225.7160	677.1312	 29.3090	134.5345	 86.8639	 86.8639	242.4361	406.6674	451.8411	420.3702	430.7485	422.2223	420.3702	 39.5385	640.5114	  1.0000	   0.2736	  0.4693	    0.8414	  0.9406	   0.8414	  0.8293	 24.8333	 16.9010	 10.0810
2018	179	  10	  0	178.4167	122.3328	 44.9089	 766.0317	  774.0478	 219.7811	756.4925	 36.2936	200.7900	 88.8106	 88.8106	263.3813	399.6114	472.2209	431.0983	442.1763	437.4049	431.0983	 43.7201	744.5759	  1.0000	   0.3811	  0.4989	    0.8414	  0.9406	   0.8414	  0.8137	 25.6333	 18.8304	 12.0104
2018	179	  11	  0	178.4583	140.9398	 50.8642	 811.1337	  822.4120	 172.9112	804.3716	 42.6347	279.3287	 78.8784	 78.8784	239.7075	393.0872	494.5199	442.3255	451.3953	454.1401	442.3255	 46.3946	822.5550	  1.0000	   0.4983	  0.5000	    0.8414	  0.9406	   0.8414	  0.7995	 26.1625	 20.4899	 13.6699
2018	179	  12	  0	178.5000	162.9117	 54.6173	 822.4575	  801.2493	 169.4076	815.9313	 46.7104	326.9002	 79.6489	 79.6489	156.6402	387.3198	507.6938	447.9913	451.6569	464.8586	447.9913	 46.4808	868.0613	  0.9985	   0.5622	  0.5000	    0.8414	  0.9406	   0.8414	  0.7896	 26.1375	 21.8505	 15.0305
2018	179	  13	  0	178.5417	186.9217	 55.3228	 796.4375	  720.9022	 203.5332	787.9136	 46.8868	320.4215	117.9654	 88.4669	 90.7818	382.4275	513.3447	450.6288	450.3735	469.6777	451.9171	 46.0831	878.5595	  0.9700	   0.5736	  0.5000	    0.8414	  0.9406	   0.8414	  0.7809	 26.1625	 22.8885	 16.0685
2018	179	  14	  0	178.5833	210.0496	 52.7910	 726.1021	  616.9964	 234.1593	715.6180	 42.1806	265.4777	190.6874	 93.7949	 93.7949	387.5837	505.6909	448.7329	448.7329	464.7794	456.8472	 46.0657	848.1811	  0.9260	   0.5315	  0.5000	    0.8414	  0.9406	   0.8414	  0.7888	 26.2458	 22.2727	 15.8299
2018	179	  15	  0	178.6250	230.1190	 47.6546	 585.1885	  423.2115	 271.8852	572.0964	 33.7625	179.6530	193.2164	 98.8879	 98.8879	390.7294	476.3483	436.0400	436.0400	444.0643	445.9476	 41.5889	784.4524	  0.8309	   0.4373	  0.5000	    0.8414	  0.9406	   0.8414	  0.7972	 26.0917	 16.8595	 12.0539
2018	179	  16	  0	178.6667	246.9218	 40.8574	 491.1592	  374.5784	 245.9644	479.1790	 26.2678	123.4332	169.6084	 87.9794	 87.9794	389.9586	457.7278	425.1743	425.1743	429.0273	436.9035	 37.0043	693.3759	  0.8163	   0.3156	  0.4876	    0.8414	  0.9406	   0.8414	  0.8008	 25.3500	 16.1686	 11.5577
2018	179	  17	  0	178.7083	261.3048	 33.1926	 383.1725	  312.4186	 211.3695	372.7387	 20.0337	 84.0221	132.5718	 74.5701	 74.5701	398.9459	442.4023	417.1142	417.1142	417.4012	428.7263	 32.5439	576.3092	  0.8027	   0.2249	  0.4376	    0.8414	  0.9406	   0.8414	  0.8194	 24.4750	 15.1090	 10.7329
2018	179	  18	  0	178.7500	274.2084	 25.2290	 253.0598	  202.0725	 165.8565	244.7030	 14.2531	 57.6573	 87.9429	 59.3487	 57.5286	391.5829	430.2563	409.1056	409.8090	409.5592	418.3787	 27.6810	449.6463	  0.7396	   0.1641	  0.3683	    0.8414	  0.9406	   0.8414	  0.8132	 23.8208	 11.8789	  8.3309
2018	179	  19	  0	178.7917	286.3717	 17.3951	 132.9092	   78.1976	 108.1227	127.3471	  8.6447	 36.9891	 44.9837	 39.0508	 36.9891	378.3550	419.1510	402.6315	402.5058	402.5058	407.2918	 22.6392	317.3023	  0.6482	   0.1093	  0.2865	    0.8414	  0.9406	   0.8414	  0.7995	 22.9583	  8.0949	  5.5618
2018	179	  20	  0	178.8333	298.3481	 10.0527	  43.2283	   10.5166	  41.2414	 41.0802	  3.2096	 14.0258	 14.7043	 14.3409	 14.0258	369.0058	409.3776	397.0276	396.1290	396.1290	399.2200	 17.9358	185.9851	  0.5403	   0.0543	  0.1934	    0.8414	  0.9406	   0.8414	  0.7922	 21.7417	  6.8527	  4.5542
2018	179	  21	  0	178.8750	310.5341	  3.6071	   6.0204	    1.5566	   5.8872	  5.7132	  0.4560	  2.0144	  2.0219	  2.0218	  2.0144	370.1624	400.9788	391.3783	388.6058	388.6058	392.0642	 15.0418	 67.8227	  0.5599	   0.0173	  0.1003	    0.8414	  0.9406	   0.8414	  0.7991	 20.3958	  9.0752	  5.7471
2018	179	  22	  0	178.9167	323.1765	 -1.5723	   0.2792	    0.1675	   0.1635	  0.1564	  0.0127	  0.0560	  0.0560	  0.0560	  0.0560	378.6514	392.6648	383.0459	381.9034	381.9034	382.9065	 13.5030	 44.8152	  0.5730	   0.0000	  0.0030	    0.8414	  0.9406	   0.8414	  0.8162	 19.0417	  2.6329	  1.6111
2018	179	  23	  0	178.9583	336.3754	 -6.1343	   0.0000	    0.0000	   0.0000	  0.0000	  0.0000	  0.0000	  0.0000	  0.0000	  0.0000	380.1194	387.2027	378.1527	378.1527	378.1527	378.1527	 12.7411	 51.7874	  0.5052	   0.0000	  0.0000	    0.8414	  0.9406	   0.8414	  0.8205	 18.0208	  0.0000	  0.0000
2018	180	   0	  0	179.0000	350.0542	 -8.5013	   0.0000	    0.0000	   0.0000	  0.0000	  0.0000	  0.0000	  0.0000	  0.0000	  0.0000	372.0587	387.2246	377.5674	377.5674	377.5674	377.5674	 12.5529	 51.9354	  0.5052	   0.0000	  0.0000	    0.8414	  0.9406	   0.8414	  0.8113	 18.0250	  0.0000	  0.0000
2018	180	   1	  0	179.0417	 93.9633	 -8.9198	   0.1531	    0.0000	   0.0000	  0.0000	  0.0000	  0.0000	  0.0000	  0.0000	  0.0000	357.4210	389.2670	378.2218	378.2218	378.2218	378.2218	 12.5189	 52.0459	  0.5089	   0.0000	  0.0000	    0.8414	  0.9406	   0.8414	  0.7920	 18.4083	  0.0000	  0.0000
2018	180	   2	  0	179.0833	 17.7778	 -7.4096	   2.9312	    0.0000	   0.0000	  0.0000	  0.0000	  0.0000	  0.0000	  0.0000	  0.0000	344.3895	385.4367	372.4790	372.4790	372.4790	372.4790	 11.3628	 52.3242	  0.5619	   0.0000	  0.0000	    0.8414	  0.9406	   0.8414	  0.7772	 17.6875	  0.0000	  0.0000
2018	180	   3	  0	179.1250	 31.2073	 -3.7639	  23.7140	    0.0000	   0.0000	  0.0000	  0.0000	  0.0000	  0.0000	  0.0000	  0.0000	336.9408	376.7012	357.6855	357.6855	357.6855	357.6855	  8.6435	 52.4032	  0.8578	   0.0000	  0.0000	    0.8414	  0.9406	   0.8414	  0.7734	 16.0250	  0.0000	  0.0000
2018	180	   4	  0	179.1667	 44.0898	  1.2751	  89.7579	  147.2161	  66.0695	 70.7323	  5.1254	 22.6474	 22.6474	 23.0981	 23.1285	334.9750	373.8137	350.7028	350.7028	351.8334	351.8334	 10.9367	 40.2657	  1.0000	   0.0174	  0.0528	    0.8414	  0.9406	   0.8414	  0.7729	 15.4167	  3.0129	  0.0000
2018	180	   5	  0	179.2083	 56.4514	  7.1198	 187.3952	  692.2308	 101.0159	182.4240	  8.0183	 35.7463	 35.7463	 39.5609	 42.6823	333.0938	374.6841	351.0219	351.2408	352.2310	352.2310	 13.8059	133.5830	  1.0000	   0.0112	  0.1490	    0.8414	  0.9406	   0.8414	  0.7698	 15.5458	  7.1959	  0.5482
2018	180	   6	  0	179.2500	 68.4828	 14.1339	 383.6417	  742.4249	 201.9562	373.7350	 17.4655	 71.6172	 71.6172	 98.3245	139.7403	333.3195	382.8986	357.2361	359.2006	357.5895	357.5895	 22.8551	262.6567	  1.0000	   0.1019	  0.2466	    0.8414	  0.9406	   0.8414	  0.7666	 16.2042	  9.8293	  3.0093
2018	180	   7	  0	179.2917	 80.5115	 21.7971	 499.7950	  775.7334	 211.7549	489.7552	 20.1141	 77.0489	 77.0489	 92.0362	170.6885	335.9175	390.6177	362.7110	367.9520	363.2874	363.2874	 25.7176	399.2284	  1.0000	   0.1322	  0.3341	    0.8414	  0.9406	   0.8414	  0.7657	 17.0167	 12.3503	  5.5303
2018	180	   8	  0	179.3333	 93.0192	 29.7476	 620.2725	  796.6837	 225.1137	609.9163	 24.9699	 92.9820	 84.2748	 85.2704	222.8756	340.1571	403.5280	372.0149	379.9392	371.7441	372.3416	 29.8963	533.2626	  1.0000	   0.2015	  0.4093	    0.8414	  0.9406	   0.8414	  0.7659	 18.0667	 14.7146	  7.8946
2018	180	   9	  0	179.3750	106.6648	 37.5980	 724.5892	  813.6054	 228.4267	714.4197	 30.3716	139.8012	 88.6560	 88.6560	255.8558	343.3069	417.9890	381.8631	391.6647	383.6300	381.8631	 34.4148	655.9236	  1.0000	   0.2729	  0.4689	    0.8414	  0.9406	   0.8414	  0.7649	 19.0167	 16.8809	 10.0609
2018	180	  10	  0	179.4167	122.3054	 44.8475	 804.6000	  826.7521	 221.8235	795.0842	 37.6741	209.8068	 90.5836	 90.5836	276.7095	343.2815	434.8186	391.1770	401.6081	397.1174	391.1770	 38.7339	759.1730	  1.0000	   0.3799	  0.4989	    0.8414	  0.9406	   0.8414	  0.7617	 19.4167	 18.8110	 11.9910
2018	180	  11	  0	179.4583	140.8962	 50.8057	 853.0533	  830.8520	 209.3597	844.4060	 45.5942	292.1893	 90.7697	 90.7697	253.9825	344.5270	456.9786	404.0107	412.5797	415.1503	404.0107	 42.3731	835.4165	  1.0000	   0.4972	  0.5000	    0.8414	  0.9406	   0.8414	  0.7588	 20.1417	 20.4713	 13.6513
2018	180	  12	  0	179.5000	162.8451	 54.5654	 860.1140	  835.0466	 179.7205	853.1463	 48.8870	341.9332	 84.0169	 84.0169	163.2298	344.3778	474.3945	414.2203	417.7376	430.2465	414.2203	 42.6323	880.4254	  1.0000	   0.5614	  0.5000	    0.8414	  0.9406	   0.8414	  0.7531	 20.9250	 21.8327	 15.0127
2018	180	  13	  0	179.5417	186.8343	 55.2813	 833.0752	  803.6014	 172.4868	826.4150	 47.9958	339.7693	113.7745	 81.1897	 83.8610	341.3359	483.3802	419.3886	419.1581	437.5973	420.6144	 41.9258	891.6105	  0.9934	   0.5729	  0.5000	    0.8414	  0.9406	   0.8414	  0.7438	 21.5250	 22.8712	 16.0512
2018	180	  14	  0	179.5833	209.9539	 52.7612	 767.6838	  715.0330	 198.2114	759.3545	 43.1104	283.5045	197.9328	 85.1146	 85.1146	343.2822	484.0265	422.0363	422.0363	438.4496	430.5180	 42.7511	864.0524	  0.9587	   0.5310	  0.5000	    0.8414	  0.9406	   0.8414	  0.7420	 22.2333	 23.5371	 16.7262
2018	180	  15	  0	179.6250	230.0267	 47.6346	 668.4963	  616.7580	 212.4037	659.0214	 34.8902	201.6494	221.6966	 84.3123	 84.3123	345.6047	469.4125	416.3951	416.3951	427.4315	429.9366	 39.9133	800.9265	  0.9198	   0.4369	  0.5000	    0.8414	  0.9406	   0.8414	  0.7442	 22.5458	 22.4353	 16.0363
2018	180	  16	  0	179.6667	246.8370	 40.8436	 545.3215	  510.8666	 210.5606	535.5106	 26.1861	127.6892	190.1432	 78.8298	 78.8298	345.1878	447.7598	406.0887	406.0887	411.2434	420.8092	 34.6615	708.5255	  0.8771	   0.3154	  0.4875	    0.8414	  0.9406	   0.8414	  0.7453	 22.4458	 20.0417	 14.3227
2018	180	  17	  0	179.7083	261.2273	 33.1816	 408.6377	  387.8540	 195.2680	399.1935	 19.6760	 82.1011	142.1970	 70.2050	 70.2050	355.5723	432.0067	400.4012	400.4012	400.9857	413.5910	 29.9564	588.4350	  0.8320	   0.2247	  0.4376	    0.8414	  0.9406	   0.8414	  0.7647	 22.2375	 17.1098	 12.1510
2018	180	  18	  0	179.7500	274.1365	 25.2182	 268.6896	  249.0233	 161.1076	260.6536	 14.2187	 56.5475	 93.9495	 58.5532	 56.3759	358.9297	419.9097	394.8290	395.4498	395.2138	405.0680	 25.4217	456.2876	  0.7653	   0.1641	  0.3683	    0.8414	  0.9406	   0.8414	  0.7744	 21.7750	 13.2436	  9.2857
2018	180	  19	  0	179.7917	286.3037	 17.3824	 135.4973	   86.5721	 108.0230	129.9500	  8.6667	 37.0070	 45.8651	 39.2700	 37.0070	348.5832	409.5793	390.6208	390.4611	390.4611	395.3251	 20.4619	321.4375	  0.6507	   0.1090	  0.2863	    0.8414	  0.9406	   0.8414	  0.7632	 21.2292	  8.2796	  5.6872
2018	180	  20	  0	179.8333	298.2830	 10.0363	  46.8062	   12.7811	  44.4202	 44.4934	  3.4586	 15.1123	 15.9142	 15.4854	 15.1123	341.4225	401.4527	386.7035	385.7931	385.7931	388.8919	 16.0702	188.2186	  0.5575	   0.0548	  0.1931	    0.8414	  0.9406	   0.8414	  0.7578	 20.2958	  6.9158	  4.5941
2018	180	  21	  0	179.8750	310.4713	  3.5864	   6.9567	    2.2858	   6.7709	  6.6035	  0.5245	  2.3172	  2.3314	  2.3312	  2.3172	338.6288	393.0861	380.7966	378.0487	378.0487	381.4854	 12.9118	 68.3392	  0.5734	   0.0170	  0.0997	    0.8414	  0.9406	   0.8414	  0.7603	 18.9417	  9.1097	  5.7654
2018	180	  22	  0	179.9167	323.1162	 -1.6034	   0.3567	    0.2071	   0.1997	  0.1910	  0.0155	  0.0684	  0.0684	  0.0684	  0.0684	336.7085	385.2361	372.3200	371.1748	371.1748	372.1840	 11.1547	 45.3329	  0.5766	   0.0000	  0.0029	    0.8414	  0.9406	   0.8414	  0.7657	 17.6500	  2.6715	  1.6336
2018	180	  23	  0	179.9583	336.3187	 -6.1858	   0.0021	    0.0000	   0.0000	  0.0000	  0.0000	  0.0000	  0.0000	  0.0000	  0.0000	333.2628	374.9752	363.1313	363.1313	363.1313	363.1313	  9.5218	 52.4743	  0.5060	   0.0000	  0.0000	    0.8414	  0.9406	   0.8414	  0.7696	 15.6917	  0.0000	  0.0000
2018	181	   0	  0	180.0000	350.0025	 -8.5445	   0.0058	    0.0000	   0.0000	  0.0000	  0.0000	  0.0000	  0.0000	  0.0000	  0.0000	331.6862	365.4913	354.2551	354.2551	354.2551	354.2551	  7.8551	 52.3899	  0.5061	   0.0000	  0.0000	    0.8414	  0.9406	   0.8414	  0.7735	 13.8500	  0.0000	  0.0000
2018	181	   1	  0	180.0417	 93.9182	 -8.9699	   0.1802	    0.0000	   0.0000	  0.0000	  0.0000	  0.0000	  0.0000	  0.0000	  0.0000	329.3845	358.6019	347.6022	347.6022	347.6022	347.6022	  6.5730	 52.1559	  0.5101	   0.0000	  0.0000	    0.8414	  0.9406	   0.8414	  0.7740	 12.4875	  0.0000	  0.0000
2018	181	   2	  0	180.0833	 17.7404	 -7.4663	   2.7046	    0.0000	   0.0000	  0.0000	  0.0000	  0.0000	  0.0000	  0.0000	  0.0000	324.9230	352.4663	340.6103	340.6103	340.6103	340.6103	  5.1954	 52.2109	  0.5585	   0.0000	  0.0000	    0.8414	  0.9406	   0.8414	  0.7714	 11.2583	  0.0000	  0.0000
2018	181	   3	  0	180.1250	 31.1776	 -3.8366	  22.5377	    0.0000	   0.0000	  0.0000	  0.0000	  0.0000	  0.0000	  0.0000	  0.0000	324.1716	348.8640	331.6232	331.6232	331.6232	331.6232	  3.5089	 52.2087	  0.8446	   0.0000	  0.0000	    0.8414	  0.9406	   0.8414	  0.7717	 10.5292	  0.0000	  0.0000
2018	181	   4	  0	180.1667	 44.0672	  1.2177	  95.1450	   85.0712	  74.8863	 75.8438	  5.8030	 25.6148	 25.6148	 25.6232	 25.6240	328.5219	354.6775	333.1119	333.1119	334.1887	334.1887	  7.9730	 39.3602	  1.0000	   0.0168	  0.0516	    0.8414	  0.9406	   0.8414	  0.7745	 11.6542	  2.8117	  0.0000
2018	181	   5	  0	180.2083	 56.4346	  7.0551	 209.4506	  655.1450	 127.4565	203.0820	 10.0565	 44.7276	 44.7276	 48.3873	 51.3851	337.2168	367.2409	345.1125	345.3234	346.3036	346.3036	 14.0321	131.8826	  1.0000	   0.0109	  0.1478	    0.8414	  0.9406	   0.8414	  0.7793	 14.1000	  7.1701	  0.5311
2018	181	   6	  0	180.2500	 68.4703	 14.0673	 344.0331	  728.7730	 166.6660	335.9553	 14.6861	 59.6108	 59.6108	 85.8197	126.3531	344.4756	382.7238	358.6807	360.6284	359.0433	359.0433	 21.5325	259.9466	  1.0000	   0.1017	  0.2458	    0.8414	  0.9406	   0.8414	  0.7815	 16.1750	  9.8039	  2.9839
2018	181	   7	  0	180.2917	 80.5014	 21.7296	 481.2310	  757.7867	 200.6302	471.7461	 19.1453	 73.1479	 73.1479	 87.7485	164.3473	349.3599	394.5629	368.0742	373.3330	368.6634	368.6634	 26.0462	395.6281	  1.0000	   0.1317	  0.3334	    0.8414	  0.9406	   0.8414	  0.7814	 17.7583	 12.3255	  5.5055
2018	181	   8	  0	180.3333	 93.0093	 29.6798	 609.8123	  785.9724	 220.6571	599.6676	 24.4926	 91.2304	 82.6439	 83.6227	219.1190	348.3937	407.6703	376.7756	384.7289	376.4994	377.1073	 30.3856	530.4345	  1.0000	   0.2009	  0.4087	    0.8414	  0.9406	   0.8414	  0.7743	 18.8333	 14.6906	  7.8706
2018	181	   9	  0	180.3750	106.6517	 37.5302	 718.7002	  809.0303	 226.0794	708.6408	 30.0664	138.5072	 87.7752	 87.7752	253.7432	346.1928	421.0632	384.8785	394.7062	386.6430	384.8785	 34.7061	654.4618	  1.0000	   0.2722	  0.4685	    0.8414	  0.9406	   0.8414	  0.7663	 19.5792	 16.8577	 10.0377
2018	181	  10	  0	180.4167	122.2836	 44.7805	 797.7846	  822.6465	 218.5827	788.4254	 37.2295	207.6859	 89.3914	 89.3914	274.2174	344.6037	439.0198	394.8191	405.3048	400.7820	394.8191	 39.0443	758.8169	  1.0000	   0.3786	  0.4988	    0.8414	  0.9406	   0.8414	  0.7596	 20.1708	 18.7888	 11.9688
2018	181	  11	  0	180.4583	140.8576	 50.7413	 842.1588	  823.7660	 204.5600	833.7405	 44.8761	288.3558	 88.9757	 88.9757	250.7957	346.9725	462.9317	409.1758	417.8182	420.3970	409.1758	 42.7795	835.1723	  1.0000	   0.4961	  0.5000	    0.8414	  0.9406	   0.8414	  0.7567	 21.1583	 20.4500	 13.6300
2018	181	  12	  0	180.5000	162.7819	 54.5069	 849.4985	  832.3115	 171.8500	842.9324	 48.0763	338.2479	 81.3648	 81.3648	160.8276	350.8671	479.6321	419.5076	423.0662	435.6345	419.5076	 43.0657	877.8237	  1.0000	   0.5604	  0.5000	    0.8414	  0.9406	   0.8414	  0.7583	 21.8000	 21.8122	 14.9922
2018	181	  13	  0	180.5417	186.7476	 55.2329	 820.4858	  771.3265	 186.8033	812.9816	 47.6484	332.8912	115.6966	 84.6925	 87.3532	349.4998	486.2911	423.3089	423.0824	441.5810	424.5127	 42.4674	887.2142	  0.9877	   0.5721	  0.5000	    0.8414	  0.9406	   0.8414	  0.7541	 22.0167	 22.8513	 16.0313
2018	181	  14	  0	180.5833	209.8564	 52.7248	 760.5281	  694.8273	 207.4440	751.6580	 42.9920	280.3150	196.7869	 87.4540	 87.4540	346.3920	482.2280	421.4886	421.4886	437.7708	429.8300	 42.6454	861.2020	  0.9535	   0.5304	  0.5000	    0.8414	  0.9406	   0.8414	  0.7485	 22.0375	 23.3836	 16.6112
2018	181	  15	  0	180.6250	229.9310	 47.6081	 665.6319	  606.4702	 217.4003	655.8679	 34.9308	201.0993	220.4886	 85.6621	 85.6621	340.9945	462.2236	410.3923	410.3923	421.0871	423.4706	 39.0238	800.9262	  0.9163	   0.4364	  0.5000	    0.8414	  0.9406	   0.8414	  0.7431	 21.5750	 21.9940	 15.7159
2018	181	  16	  0	180.6667	246.7483	 40.8236	 547.3062	  512.8968	 211.4060	537.4552	 26.2735	128.2882	190.7520	 79.1364	 79.1364	339.3838	441.1715	399.8224	399.8224	404.9246	414.3298	 33.7608	708.9827	  0.8796	   0.3152	  0.4874	    0.8414	  0.9406	   0.8414	  0.7428	 21.3542	 19.9883	 14.2798
2018	181	  17	  0	180.7083	261.1459	 33.1647	 410.9950	  396.0848	 193.2965	401.6692	 19.6086	 81.8510	143.0649	 69.6489	 69.6489	340.8968	425.6465	392.9146	392.9146	393.5213	405.9746	 28.7032	591.9975	  0.8319	   0.2245	  0.4374	    0.8414	  0.9406	   0.8414	  0.7479	 21.1292	 17.1285	 12.1601
2018	181	  18	  0	180.7500	274.0609	 25.2014	 271.7258	  261.9149	 158.8317	263.8277	 14.1235	 55.9141	 95.1385	 58.0108	 55.7240	338.8311	413.6185	386.6101	387.2107	386.9815	396.8876	 23.9576	460.5906	  0.7669	   0.1641	  0.3681	    0.8414	  0.9406	   0.8414	  0.7492	 20.6292	 13.4357	  9.4162
2018	181	  19	  0	180.7917	286.2325	 17.3636	 143.2396	  110.7993	 108.5789	137.6889	  8.7855	 37.3303	 48.5625	 40.2678	 37.3303	340.8597	404.2814	384.4883	384.1469	384.1469	389.6219	 19.5656	322.0508	  0.6742	   0.1087	  0.2861	    0.8414	  0.9406	   0.8414	  0.7567	 20.1833	  9.1072	  6.2520
2018	181	  20	  0	180.8333	298.2150	 10.0138	  47.4771	   12.6403	  45.0970	 45.1288	  3.5116	 15.3396	 16.1683	 15.7225	 15.3396	344.6816	395.7459	381.8272	380.9294	380.9294	384.0008	 15.2911	187.0551	  0.5618	   0.0553	  0.1927	    0.8414	  0.9406	   0.8414	  0.7685	 19.2417	  6.9139	  4.5905
2018	181	  21	  0	180.8750	310.4061	  3.5597	   6.8281	    1.9999	   6.6647	  6.4804	  0.5163	  2.2806	  2.2924	  2.2922	  2.2806	344.2847	388.0510	376.8139	374.0909	374.0909	377.5054	 12.2535	 67.5062	  0.5741	   0.0166	  0.0989	    0.8414	  0.9406	   0.8414	  0.7732	 18.0042	  9.1174	  5.7661
2018	181	  22	  0	180.9167	323.0542	 -1.6417	   0.3388	    0.1998	   0.1928	  0.1843	  0.0149	  0.0660	  0.0660	  0.0660	  0.0660	340.9535	381.0144	368.8983	367.7603	367.7603	368.7663	 10.5760	 44.8835	  0.5777	   0.0000	  0.0028	    0.8414	  0.9406	   0.8414	  0.7750	 16.8500	  2.6790	  1.6369
2018	181	  23	  0	180.9583	336.2611	 -6.2309	   0.0010	    0.0000	   0.0000	  0.0000	  0.0000	  0.0000	  0.0000	  0.0000	  0.0000	337.5224	374.4665	362.9968	362.9968	362.9968	362.9968	  9.5446	 52.1046	  0.5067	   0.0000	  0.0000	    0.8414	  0.9406	   0.8414	  0.7756	 15.5958	  0.0000	  0.0000
2018	182	   0	  0	181.0000	349.9509	 -8.5944	   0.0000	    0.0000	   0.0000	  0.0000	  0.0000	  0.0000	  0.0000	  0.0000	  0.0000	334.1582	368.5990	357.3119	357.3119	357.3119	357.3119	  8.4542	 52.1049	  0.5067	   0.0000	  0.0000	    0.8414	  0.9406	   0.8414	  0.7749	 14.4583	  0.0000	  0.0000
2018	182	   1	  0	181.0417	 93.8742	 -9.0266	   0.1415	    0.0000	   0.0000	  0.0000	  0.0000	  0.0000	  0.0000	  0.0000	  0.0000	330.7991	363.2250	352.0084	352.0084	352.0084	352.0084	  7.4236	 51.9191	  0.5101	   0.0000	  0.0000	    0.8414	  0.9406	   0.8414	  0.7736	 13.4042	  0.0000	  0.0000
2018	182	   2	  0	181.0833	 17.7049	 -7.5295	   2.5767	    0.0000	   0.0000	  0.0000	  0.0000	  0.0000	  0.0000	  0.0000	  0.0000	329.8925	356.5974	344.8495	344.8495	344.8495	344.8495	  6.0652	 51.8939	  0.5570	   0.0000	  0.0000	    0.8414	  0.9406	   0.8414	  0.7753	 12.0875	  0.0000	  0.0000
2018	182	   3	  0	181.1250	 31.1507	 -3.9187	  21.8960	    0.0000	   0.0000	  0.0000	  0.0000	  0.0000	  0.0000	  0.0000	  0.0000	328.4897	351.5570	334.5676	334.5676	334.5676	334.5676	  4.1334	 51.8962	  0.8397	   0.0000	  0.0000	    0.8414	  0.9406	   0.8414	  0.7754	 11.0750	  0.0000	  0.0000
2018	182	   4	  0	181.1667	 44.0480	  1.1550	  93.6165	   81.0620	  67.9437	 68.9592	  5.2651	 23.2391	 23.2391	 23.2391	 23.2391	329.1821	354.1837	332.8702	332.8702	333.8249	333.8249	  7.5596	 42.5381	  1.0000	   0.0163	  0.0501	    0.8414	  0.9406	   0.8414	  0.7754	 11.5583	  2.4900	  0.0000
2018	182	   5	  0	181.2083	 56.4218	  6.9850	 207.5388	  653.5298	 126.5006	201.2167	  9.9777	 44.3875	 44.3875	 47.9445	 50.8628	336.6026	363.6171	341.8336	342.0361	343.0225	343.0225	 13.3817	130.5348	  1.0000	   0.0107	  0.1465	    0.8414	  0.9406	   0.8414	  0.7801	 13.3917	  7.1411	  0.5127
2018	182	   6	  0	181.2500	 68.4622	 13.9954	 341.9927	  732.0049	 164.6608	334.0196	 14.5266	 58.9318	 58.9318	 85.2065	125.8376	339.8165	380.7754	356.3328	358.2561	356.7029	356.7029	 21.0218	259.1555	  1.0000	   0.1014	  0.2449	    0.8414	  0.9406	   0.8414	  0.7765	 15.8083	  9.7753	  2.9553
2018	182	   7	  0	181.2917	 80.4962	 21.6571	 477.9906	  762.6078	 196.5301	468.7230	 18.8254	 71.7809	 71.7809	 86.4336	163.2337	342.1616	397.1567	369.1569	374.4169	369.7570	369.7570	 25.9970	396.1394	  1.0000	   0.1312	  0.3327	    0.8414	  0.9406	   0.8414	  0.7691	 18.2458	 12.2975	  5.4775
2018	182	   8	  0	181.3333	 93.0047	 29.6069	 604.2425	  786.4432	 215.7843	594.3499	 24.0799	 89.5389	 80.9933	 81.9753	217.2294	344.6991	412.2861	380.0008	387.9859	379.7177	380.3368	 30.6312	531.0682	  1.0000	   0.2003	  0.4081	    0.8414	  0.9406	   0.8414	  0.7646	 19.6792	 14.6635	  7.8435
2018	182	   9	  0	181.3750	106.6442	 37.4572	 709.6719	  804.0780	 220.9098	699.8689	 29.5309	136.2321	 85.9491	 85.9491	250.5716	347.2621	425.8060	388.9403	398.8172	390.7055	388.9403	 35.0201	653.9617	  1.0000	   0.2714	  0.4680	    0.8414	  0.9406	   0.8414	  0.7634	 20.4333	 16.8316	 10.0116
2018	182	  10	  0	181.4167	122.2675	 44.7080	 790.0912	  815.0020	 217.0162	780.7921	 36.8190	205.5028	 88.6628	 88.6628	271.3466	350.8971	444.4115	400.2773	410.8338	406.2730	400.2773	 39.6419	756.3271	  1.0000	   0.3771	  0.4987	    0.8414	  0.9406	   0.8414	  0.7641	 21.1250	 18.7638	 11.9438
2018	182	  11	  0	181.4583	140.8241	 50.6708	 838.4217	  818.0693	 205.8509	829.9180	 44.6770	286.9193	 89.1871	 89.1871	249.8044	353.6275	467.1418	413.7303	422.4220	424.9967	413.7303	 43.3641	832.1164	  1.0000	   0.4948	  0.5000	    0.8414	  0.9406	   0.8414	  0.7630	 21.8875	 20.4260	 13.6060
2018	182	  12	  0	181.5000	162.7221	 54.4418	 846.7088	  835.5021	 167.0132	840.4026	 47.7433	337.5914	 79.8705	 79.8705	159.9163	356.0117	484.5845	424.3418	427.9318	440.5626	424.3418	 43.6283	875.8372	  1.0000	   0.5594	  0.5000	    0.8414	  0.9406	   0.8414	  0.7615	 22.6250	 21.7890	 14.9690
2018	182	  13	  0	181.5417	186.6616	 55.1777	 817.4787	  770.3729	 184.9969	810.0646	 47.3959	331.9585	114.6508	 84.0493	 86.8002	354.9576	493.0582	429.6180	429.3934	448.0567	430.8048	 43.2606	885.7717	  0.9861	   0.5712	  0.5000	    0.8414	  0.9406	   0.8414	  0.7560	 23.1167	 22.8289	 16.0089
2018	182	  14	  0	181.5833	209.7570	 52.6815	 753.9377	  682.0098	 211.3408	744.8266	 42.7509	277.7733	195.1792	 88.3044	 88.3044	353.9403	487.6748	427.2945	427.2945	443.6497	435.6140	 43.3714	858.3528	  0.9488	   0.5296	  0.5000	    0.8414	  0.9406	   0.8414	  0.7549	 22.9750	 23.2735	 16.5265
2018	182	  15	  0	181.6250	229.8319	 47.5752	 660.4602	  598.8736	 218.1091	650.6382	 34.7188	199.7634	218.5285	 85.6843	 85.6843	353.6152	472.7019	420.9023	420.9023	431.7959	434.1964	 40.4644	797.1690	  0.9138	   0.4358	  0.5000	    0.8414	  0.9406	   0.8414	  0.7528	 23.2958	 22.0211	 15.7296
2018	182	  16	  0	181.6667	246.6559	 40.7974	 540.7937	  504.6291	 210.4683	530.9719	 26.0257	127.1751	188.3219	 78.6686	 78.6686	351.3063	454.2429	412.5131	412.5131	417.7244	427.2544	 35.5338	706.8860	  0.8727	   0.3148	  0.4873	    0.8414	  0.9406	   0.8414	  0.7479	 23.5833	 19.9237	 14.2285
2018	182	  17	  0	181.7083	261.0607	 33.1416	 406.6156	  393.0452	 190.7694	397.4153	 19.3666	 80.9462	141.5083	 68.7605	 68.7605	349.2597	437.7801	404.3522	404.3522	404.9774	417.6673	 30.3711	591.4409	  0.8252	   0.2242	  0.4373	    0.8414	  0.9406	   0.8414	  0.7481	 23.2375	 17.1297	 12.1562
2018	182	  18	  0	181.7500	273.9818	 25.1787	 269.0827	  262.9577	 155.8692	261.3405	 13.8975	 54.9389	 94.2793	 56.9970	 54.7361	347.1731	426.7617	398.8949	399.5256	399.2922	409.5073	 25.8665	460.2896	  0.7617	   0.1640	  0.3679	    0.8414	  0.9406	   0.8414	  0.7482	 22.9375	 13.5438	  9.4879
2018	182	  19	  0	181.7917	286.1580	 17.3388	 142.0198	  113.8473	 106.4924	136.5812	  8.6322	 36.6426	 48.1474	 39.6413	 36.6426	345.2586	415.2587	394.5924	394.2387	394.2387	399.9157	 21.2035	322.1325	  0.6705	   0.1083	  0.2858	    0.8414	  0.9406	   0.8414	  0.7519	 22.1500	  9.2315	  6.3342
2018	182	  20	  0	181.8333	298.1442	  9.9851	  46.9571	   13.1982	  44.4851	 44.6411	  3.4650	 15.1325	 15.9969	 15.5310	 15.1325	343.8715	405.3827	390.3835	389.4794	389.4794	392.6099	 16.7364	187.2730	  0.5592	   0.0557	  0.1922	    0.8414	  0.9406	   0.8414	  0.7576	 21.0042	  6.9328	  4.6003
2018	182	  21	  0	181.8750	310.3387	  3.5268	   6.5377	    2.1430	   6.3618	  6.2056	  0.4928	  2.1774	  2.1896	  2.1894	  2.1774	342.3900	397.3746	385.1324	382.3127	382.3127	385.8469	 13.6930	 67.1841	  0.5716	   0.0162	  0.0981	    0.8414	  0.9406	   0.8414	  0.7618	 19.7417	  9.2474	  5.8420
2018	182	  22	  0	181.9167	322.9907	 -1.6873	   0.2979	    0.1787	   0.1719	  0.1642	  0.0133	  0.0589	  0.0589	  0.0589	  0.0589	338.4201	386.6145	373.6937	372.5434	372.5434	373.5632	 11.4196	 44.7019	  0.5781	   0.0000	  0.0026	    0.8414	  0.9406	   0.8414	  0.7669	 17.9083	  2.6781	  1.6348
2018	182	  23	  0	181.9583	336.2027	 -6.2827	   0.0000	    0.0000	   0.0000	  0.0000	  0.0000	  0.0000	  0.0000	  0.0000	  0.0000	335.6696	377.0248	365.1832	365.1832	365.1832	365.1832	  9.9274	 51.9508	  0.5074	   0.0000	  0.0000	    0.8414	  0.9406	   0.8414	  0.7714	 16.0875	  0.0000	  0.0000
2018	183	   0	  0	182.0000	349.8994	 -8.6511	   0.0000	    0.0000	   0.0000	  0.0000	  0.0000	  0.0000	  0.0000	  0.0000	  0.0000	333.9592	368.7100	357.3834	357.3834	357.3834	357.3834	  8.4649	 51.8839	  0.5074	   0.0000	  0.0000	    0.8414	  0.9406	   0.8414	  0.7745	 14.4792	  0.0000	  0.0000
2018	183	   1	  0	182.0417	 93.8312	 -9.0901	   0.0510	    0.0000	   0.0000	  0.0000	  0.0000	  0.0000	  0.0000	  0.0000	  0.0000	333.2091	361.9798	351.0453	351.0453	351.0453	351.0453	  7.2684	 51.6494	  0.5090	   0.0000	  0.0000	    0.8414	  0.9406	   0.8414	  0.7769	 13.1583	  0.0000	  0.0000
2018	183	   2	  0	182.0833	 17.6714	 -7.5992	   1.9965	    0.0000	   0.0000	  0.0000	  0.0000	  0.0000	  0.0000	  0.0000	  0.0000	332.0003	357.2197	345.7813	345.7813	345.7813	345.7813	  6.2649	 51.6465	  0.5466	   0.0000	  0.0000	    0.8414	  0.9406	   0.8414	  0.7774	 12.2125	  0.0000	  0.0000
2018	183	   3	  0	182.1250	 31.1266	 -4.0026	  20.9546	    0.0000	   0.0000	  0.0000	  0.0000	  0.0000	  0.0000	  0.0000	  0.0000	330.6063	353.5402	336.7671	336.7671	336.7671	336.7671	  4.5835	 51.6576	  0.8306	   0.0000	  0.0000	    0.8414	  0.9406	   0.8414	  0.7770	 11.4750	  0.0000	  0.0000
2018	183	   4	  0	182.1667	 44.0324	  1.0870	  91.9506	   73.4204	  67.3046	 67.8623	  5.2152	 23.0171	 23.0171	 23.0171	 23.0171	333.9403	357.5296	336.4000	336.4000	337.3649	337.3649	  8.2327	 41.5465	  1.0000	   0.0157	  0.0488	    0.8414	  0.9406	   0.8414	  0.7794	 12.2292	  2.4621	  0.0000
2018	183	   5	  0	182.2083	 56.4130	  6.9095	 206.7933	  647.8549	 127.1433	200.4328	 10.0224	 44.5875	 44.5875	 48.0406	 50.8801	339.3563	368.1915	346.2030	346.4004	347.4182	347.4182	 14.1937	129.1269	  1.0000	   0.0104	  0.1450	    0.8414	  0.9406	   0.8414	  0.7813	 14.2917	  7.1091	  0.4941
2018	183	   6	  0	182.2500	 68.4586	 13.9183	 342.7708	  731.2117	 166.5993	334.6922	 14.6609	 59.5655	 59.5655	 85.7636	126.2503	341.5266	383.7673	359.1549	361.0677	359.5432	359.5432	 21.5688	257.7402	  1.0000	   0.1012	  0.2439	    0.8414	  0.9406	   0.8414	  0.7769	 16.3833	  9.7436	  2.9236
2018	183	   7	  0	182.2917	 80.4959	 21.5795	 481.5717	  761.2131	 201.5788	472.0350	 19.1838	 73.4500	 73.4500	 88.0184	164.4009	346.5452	397.5439	370.1886	375.4213	370.7950	370.7950	 26.3780	393.9518	  1.0000	   0.1306	  0.3319	    0.8414	  0.9406	   0.8414	  0.7751	 18.3292	 12.2666	  5.4466
2018	183	   8	  0	182.3333	 93.0054	 29.5291	 612.5781	  786.9345	 224.7779	602.2132	 24.7415	 92.5170	 83.9789	 84.9565	219.9661	350.4363	413.4606	381.9461	389.9120	381.6586	382.2823	 31.3105	528.3912	  1.0000	   0.1997	  0.4074	    0.8414	  0.9406	   0.8414	  0.7722	 19.9042	 14.6335	  7.8135
2018	183	   9	  0	182.3750	106.6422	 37.3791	 721.9688	  810.6005	 230.0486	711.6994	 30.2858	139.6844	 89.0532	 89.0532	254.7064	347.3680	427.2964	390.1953	400.0633	391.9526	390.1953	 35.6131	653.3724	  1.0000	   0.2705	  0.4675	    0.8414	  0.9406	   0.8414	  0.7619	 20.7167	 16.8027	  9.9827
2018	183	  10	  0	182.4167	122.2571	 44.6300	 803.9000	  825.4650	 224.2574	794.2459	 37.5308	209.2123	 91.2097	 91.2097	275.7659	345.6321	447.3503	401.7175	412.2986	407.7250	401.7175	 40.1927	758.9837	  1.0000	   0.3756	  0.4986	    0.8414	  0.9406	   0.8414	  0.7524	 21.6583	 18.7359	 11.9159
2018	183	  11	  0	182.4583	140.7959	 50.5944	 855.2206	  832.5375	 212.1422	846.4256	 45.5644	292.5281	 91.5699	 91.5699	254.8995	342.8009	472.7582	416.1344	424.8888	427.4710	416.1344	 44.0631	839.6221	  1.0000	   0.4934	  0.5000	    0.8414	  0.9406	   0.8414	  0.7390	 22.8417	 20.3992	 13.5792
2018	183	  12	  0	182.5000	162.6660	 54.3703	 862.5298	  843.5554	 176.8296	855.7321	 48.7450	343.3734	 83.2266	 83.2266	163.7407	345.2171	489.2783	425.9692	429.5930	442.2714	425.9692	 44.2338	883.5853	  1.0000	   0.5582	  0.5000	    0.8414	  0.9406	   0.8414	  0.7384	 23.4083	 21.7632	 14.9432
2018	183	  13	  0	182.5417	186.5766	 55.1157	 826.3996	  803.0563	 167.5631	819.9904	 47.3674	337.9500	110.8531	 79.4872	 82.4766	351.3092	497.7006	432.4416	432.2204	450.9845	433.6092	 43.5283	889.3442	  0.9900	   0.5702	  0.5000	    0.8414	  0.9406	   0.8414	  0.7448	 23.8792	 22.8038	 15.9838
2018	183	  14	  0	182.5833	209.6561	 52.6315	 752.9192	  684.3994	 208.6942	743.9521	 42.5951	277.9072	194.1618	 87.5095	 87.5095	359.6540	493.6167	432.9433	432.9433	449.4597	441.3038	 44.1032	856.9094	  0.9492	   0.5288	  0.5000	    0.8414	  0.9406	   0.8414	  0.7580	 23.9292	 23.2765	 16.5217
2018	183	  15	  0	182.6250	229.7298	 47.5358	 654.2779	  573.6427	 230.6476	643.7339	 34.9279	198.8086	216.0211	 89.1465	 89.1465	373.5572	472.9051	424.6641	424.6641	435.4129	437.6937	 41.1310	787.3541	  0.9164	   0.4350	  0.5000	    0.8414	  0.9406	   0.8414	  0.7838	 23.4833	 21.6815	 15.4806
2018	183	  16	  0	182.6667	246.5597	 40.7650	 533.9317	  470.6097	 226.0543	523.2153	 26.5595	128.5542	185.2685	 83.1773	 83.1773	375.9081	450.4074	413.7064	413.7064	418.7128	427.8456	 35.9779	694.9699	  0.8760	   0.3144	  0.4871	    0.8414	  0.9406	   0.8414	  0.7905	 23.1375	 19.3287	 13.7980
2018	183	  17	  0	182.7083	260.9718	 33.1125	 399.8567	  358.1129	 203.2081	389.9379	 19.9192	 83.7037	138.6721	 72.4487	 72.4487	374.5067	432.8793	404.4636	404.4636	405.0136	416.9901	 30.6832	581.0610	  0.8260	   0.2238	  0.4370	    0.8414	  0.9406	   0.8414	  0.7926	 22.5667	 16.3741	 11.6152
2018	183	  18	  0	182.7500	273.8992	 25.1499	 263.2919	  231.1605	 163.7837	255.0873	 14.2903	 57.2916	 91.8974	 59.0306	 57.0990	373.7476	421.8015	398.7046	399.3865	399.1564	408.5838	 26.1025	451.6856	  0.7601	   0.1639	  0.3677	    0.8414	  0.9406	   0.8414	  0.7948	 22.2000	 12.7473	  8.9258
2018	183	  19	  0	182.7917	286.0804	 17.3079	 137.3244	   89.5136	 109.1757	131.7193	  8.7603	 37.4121	 46.4810	 39.7149	 37.4121	369.4839	410.5334	393.6308	393.4529	393.4529	398.4823	 21.2161	316.4780	  0.6637	   0.1079	  0.2855	    0.8414	  0.9406	   0.8414	  0.7940	 21.3875	  8.4780	  5.8145
2018	183	  20	  0	182.8333	298.0706	  9.9502	  44.2815	   10.6253	  42.2805	 42.0791	  3.2909	 14.3749	 15.0965	 14.7056	 14.3749	367.7700	400.4416	388.5439	387.6774	387.6774	390.7322	 16.5362	183.8593	  0.5497	   0.0562	  0.1916	    0.8414	  0.9406	   0.8414	  0.7978	 20.1042	  6.8581	  4.5475
2018	183	  21	  0	182.8750	310.2691	  3.4880	   5.5558	    1.2266	   5.4468	  5.2716	  0.4219	  1.8639	  1.8672	  1.8672	  1.8639	370.8921	393.5994	384.7139	381.9514	381.9514	385.4328	 13.8613	 65.4579	  0.5600	   0.0147	  0.0971	    0.8414	  0.9406	   0.8414	  0.8050	 19.0583	  9.1843	  5.7976
2018	183	  22	  0	182.9167	322.9256	 -1.7403	   0.2225	    0.1231	   0.1199	  0.1144	  0.0093	  0.0411	  0.0411	  0.0411	  0.0411	373.6213	387.1157	377.3905	376.2616	376.2616	377.2649	 12.4465	 43.6900	  0.5770	   0.0000	  0.0024	    0.8414	  0.9406	   0.8414	  0.8126	 18.0042	  2.6510	  1.6165
2018	183	  23	  0	182.9583	336.1436	 -6.3420	   0.0031	    0.0000	   0.0000	  0.0000	  0.0000	  0.0000	  0.0000	  0.0000	  0.0000	368.6018	381.8677	372.2410	372.2410	372.2410	372.2410	 11.5612	 51.0496	  0.5080	   0.0000	  0.0000	    0.8414	  0.9406	   0.8414	  0.8094	 17.0125	  0.0000	  0.0000
2018	184	   0	  0	183.0000	349.8481	 -8.7146	   0.0000	    0.0000	   0.0000	  0.0000	  0.0000	  0.0000	  0.0000	  0.0000	  0.0000	361.1981	376.8699	367.0076	367.0076	367.0076	367.0076	 10.5338	 51.1587	  0.5080	   0.0000	  0.0000	    0.8414	  0.9406	   0.8414	  0.8028	 16.0583	  0.0000	  0.0000
2018	184	   1	  0	183.0417	 93.7894	 -9.1602	   0.0612	    0.0000	   0.0000	  0.0000	  0.0000	  0.0000	  0.0000	  0.0000	  0.0000	360.6134	371.6845	362.0482	362.0482	362.0482	362.0482	  9.6198	 50.9760	  0.5098	   0.0000	  0.0000	    0.8414	  0.9406	   0.8414	  0.8036	 15.0583	  0.0000	  0.0000
2018	184	   2	  0	183.0833	 17.6400	 -7.6754	   1.9979	    0.0000	   0.0000	  0.0000	  0.0000	  0.0000	  0.0000	  0.0000	  0.0000	358.8458	366.5527	356.4005	356.4005	356.4005	356.4005	  8.5635	 50.9978	  0.5477	   0.0000	  0.0000	    0.8414	  0.9406	   0.8414	  0.8027	 14.0583	  0.0000	  0.0000
2018	184	   3	  0	183.1250	 31.1054	 -4.0948	  19.9498	    0.0000	   0.0000	  0.0000	  0.0000	  0.0000	  0.0000	  0.0000	  0.0000	355.8613	363.3916	348.2392	348.2392	348.2392	348.2392	  7.0620	 51.0471	  0.8272	   0.0000	  0.0000	    0.8414	  0.9406	   0.8414	  0.8002	 13.4375	  0.0000	  0.0000
2018	184	   4	  0	183.1667	 44.0202	  1.0136	  87.2527	   69.8888	  64.1375	 64.5765	  4.9697	 21.9357	 21.9357	 21.9357	 21.9357	359.9237	368.7164	349.4135	349.4135	350.4090	350.4090	 10.7457	 40.2169	  1.0000	   0.0150	  0.0474	    0.8414	  0.9406	   0.8414	  0.8035	 14.4375	  2.4633	  0.0000
2018	184	   5	  0	183.2083	 56.4083	  6.8288	 200.7819	  624.1425	 124.9284	194.5235	  9.8401	 43.7758	 43.7758	 47.0091	 49.6740	368.3378	381.2437	361.4197	361.6146	362.6919	362.6919	 16.9505	126.3024	  1.0000	   0.0101	  0.1435	    0.8414	  0.9406	   0.8414	  0.8093	 16.8083	  7.0740	  0.4736
2018	184	   6	  0	183.2500	 68.4596	 13.8361	 333.2404	  699.0648	 165.8769	325.1682	 14.5126	 59.1591	 59.1591	 84.1616	122.7568	378.4245	397.6097	376.3449	378.2859	376.7725	376.7725	 24.4263	252.4816	  1.0000	   0.1009	  0.2428	    0.8414	  0.9406	   0.8414	  0.8158	 18.9750	  9.7089	  2.8889
2018	184	   7	  0	183.2917	 80.5006	 21.4969	 466.3940	  726.2070	 200.2083	456.8797	 18.8880	 72.7142	 72.7142	 86.5415	159.1571	385.4681	410.3096	386.9703	392.2940	387.6112	387.6112	 28.9611	386.1444	  1.0000	   0.1300	  0.3311	    0.8414	  0.9406	   0.8414	  0.8188	 20.6667	 12.2326	  5.4126
2018	184	   8	  0	183.3333	 93.0113	 29.4462	 589.2752	  748.3922	 221.4849	579.0111	 24.0834	 90.5024	 82.4160	 83.3435	211.3806	391.5920	427.6613	400.5299	408.6488	400.2254	400.8779	 33.8522	517.6068	  1.0000	   0.1990	  0.4067	    0.8414	  0.9406	   0.8414	  0.8197	 22.4292	 14.6005	  7.7805
2018	184	   9	  0	183.3750	106.6460	 37.2959	 690.0942	  763.0069	 227.9974	679.8258	 29.3313	135.1155	 87.5854	 87.5854	243.1532	397.6154	440.8669	409.8474	419.8973	411.6210	409.8474	 38.0888	636.7835	  1.0000	   0.2696	  0.4669	    0.8414	  0.9406	   0.8414	  0.8243	 23.0833	 16.7708	  9.9508
2018	184	  10	  0	183.4167	122.2524	 44.5466	 768.1867	  775.7827	 224.2157	758.4076	 36.2107	200.6808	 90.0796	 90.0796	263.0583	398.0205	455.7897	417.6418	428.3369	423.7039	417.6418	 41.9527	737.4870	  1.0000	   0.3740	  0.4985	    0.8414	  0.9406	   0.8414	  0.8238	 23.1167	 18.7053	 11.8853
2018	184	  11	  0	183.4583	140.7729	 50.5120	 812.3587	  801.7324	 193.5465	804.4491	 42.9676	278.2922	 84.6921	 84.6921	241.5179	397.5544	476.3163	428.8162	437.6051	440.1821	428.8162	 44.9132	812.4089	  1.0000	   0.4919	  0.5000	    0.8414	  0.9406	   0.8414	  0.8208	 23.4625	 20.3697	 13.5497
2018	184	  12	  0	183.5000	162.6135	 54.2923	 803.7115	  733.8034	 208.0933	794.9590	 46.4653	315.3984	 89.7054	 89.7054	161.3939	398.2685	491.2521	437.2497	440.8894	453.5652	437.2497	 45.2993	855.2929	  0.9969	   0.5570	  0.5000	    0.8414	  0.9406	   0.8414	  0.8198	 23.7625	 21.7347	 14.9147
2018	184	  13	  0	183.5417	186.4927	 55.0468	 788.8735	  691.3281	 222.2211	779.2795	 46.7235	315.7259	120.6804	 93.3311	 95.8725	392.2645	503.1638	444.6491	444.4314	463.3151	445.8001	 45.4706	868.0940	  0.9729	   0.5691	  0.5000	    0.8414	  0.9406	   0.8414	  0.8050	 24.7667	 22.7762	 15.9562
2018	184	  14	  0	183.5833	209.5537	 52.5747	 732.9027	  639.4742	 224.9366	722.9577	 42.0283	269.0659	190.9826	 91.3435	 91.3435	379.1243	503.7036	445.1905	445.1905	461.6071	453.4139	 45.5933	849.4990	  0.9336	   0.5278	  0.5000	    0.8414	  0.9406	   0.8414	  0.7780	 25.7708	 22.7924	 16.1699
2018	184	  15	  0	183.6250	229.6247	 47.4898	 641.0037	  554.2235	 232.0251	630.3356	 34.4101	195.1339	211.3439	 89.0958	 89.0958	376.0683	481.5797	433.0132	433.0132	443.5485	445.7233	 41.9701	788.5930	  0.8985	   0.4341	  0.5000	    0.8414	  0.9406	   0.8414	  0.7776	 25.1875	 21.0018	 14.9886
2018	184	  16	  0	183.6667	246.4600	 40.7263	 522.4590	  448.9637	 228.8718	511.5444	 26.3480	127.1916	180.9354	 83.7083	 83.7083	381.1484	456.1876	420.0814	420.0814	424.9107	433.7354	 36.7051	694.0742	  0.8606	   0.3138	  0.4869	    0.8414	  0.9406	   0.8414	  0.7920	 24.3375	 18.6159	 13.2832
2018	184	  17	  0	183.7083	260.8793	 33.0773	 388.5742	  334.9072	 204.8070	378.5259	 19.7634	 83.3008	134.5104	 72.6727	 72.6727	381.0839	439.4407	411.7240	411.7240	412.1894	423.6772	 31.6025	579.7340	  0.8082	   0.2234	  0.4368	    0.8414	  0.9406	   0.8414	  0.7958	 23.8750	 15.5985	 11.0600
2018	184	  18	  0	183.7500	273.8132	 25.1150	 252.9848	  206.6550	 163.9667	244.7332	 14.1383	 57.1276	 88.1271	 58.5962	 56.9386	378.9962	425.5597	403.3082	404.0645	403.8306	412.5439	 26.6427	450.4769	  0.7389	   0.1637	  0.3674	    0.8414	  0.9406	   0.8414	  0.7988	 23.0042	 11.8663	  8.3050
2018	184	  19	  0	183.7917	285.9997	 17.2709	 130.6910	   70.5277	 108.3442	125.1087	  8.6339	 37.0245	 44.2144	 38.8035	 37.0245	379.6059	414.1911	398.4079	398.3904	398.3904	402.8934	 21.9259	314.4972	  0.6458	   0.1075	  0.2851	    0.8414	  0.9406	   0.8414	  0.8054	 22.1208	  7.7950	  5.3428
2018	184	  20	  0	183.8333	297.9945	  9.9091	  41.9871	    9.4790	  40.2068	 39.8923	  3.1286	 13.6671	 14.3179	 13.9642	 13.6671	380.7903	404.6953	393.7866	392.9377	392.9377	395.9884	 17.4541	182.1256	  0.5406	   0.0567	  0.1910	    0.8414	  0.9406	   0.8414	  0.8124	 20.8792	  6.8251	  4.5221
2018	184	  21	  0	183.8750	310.1974	  3.4430	   5.7925	    1.2945	   5.6869	  5.4957	  0.4405	  1.9458	  1.9515	  1.9514	  1.9458	380.0341	395.6320	387.2619	384.4602	384.4602	387.9957	 14.4115	 64.3663	  0.5708	   0.0131	  0.0959	    0.8414	  0.9406	   0.8414	  0.8154	 19.4500	  9.2649	  5.8418
2018	184	  22	  0	183.9167	322.8591	 -1.8005	   0.3021	    0.1640	   0.1441	  0.1375	  0.0112	  0.0495	  0.0495	  0.0495	  0.0495	378.3340	390.4482	380.8504	379.6879	379.6879	380.7256	 13.1103	 43.3213	  0.5820	   0.0000	  0.0022	    0.8414	  0.9406	   0.8414	  0.8168	 18.6292	  2.7123	  1.6521
2018	184	  23	  0	183.9583	336.0838	 -6.4064	   0.0052	    0.0000	   0.0000	  0.0000	  0.0000	  0.0000	  0.0000	  0.0000	  0.0000	376.4131	387.2027	377.8209	377.8209	377.8209	377.8209	 12.6440	 50.7302	  0.5087	   0.0000	  0.0000	    0.8414	  0.9406	   0.8414	  0.8164	 18.0208	  0.0000	  0.0000
2018	185	   0	  0	184.0000	349.7970	 -8.7847	   0.0000	    0.0000	   0.0000	  0.0000	  0.0000	  0.0000	  0.0000	  0.0000	  0.0000	375.3528	383.4927	374.2488	374.2488	374.2488	374.2488	 11.9941	 50.7219	  0.5086	   0.0000	  0.0000	    0.8414	  0.9406	   0.8414	  0.8164	 17.3208	  0.0000	  0.0000
2018	185	   1	  0	184.0417	 93.7488	 -9.2369	   0.0277	    0.0000	   0.0000	  0.0000	  0.0000	  0.0000	  0.0000	  0.0000	  0.0000	376.9122	380.0931	371.1235	371.1235	371.1235	371.1235	 11.4485	 50.5292	  0.5096	   0.0000	  0.0000	    0.8414	  0.9406	   0.8414	  0.8187	 16.6750	  0.0000	  0.0000
2018	185	   2	  0	184.0833	 17.6107	 -7.7579	   1.4258	    0.0000	   0.0000	  0.0000	  0.0000	  0.0000	  0.0000	  0.0000	  0.0000	378.6584	377.8027	368.6052	368.6052	368.6052	368.6052	 11.0175	 50.4958	  0.5373	   0.0000	  0.0000	    0.8414	  0.9406	   0.8414	  0.8207	 16.2375	  0.0000	  0.0000
2018	185	   3	  0	184.1250	 31.0871	 -4.1972	  15.1613	    0.0000	   0.0000	  0.0000	  0.0000	  0.0000	  0.0000	  0.0000	  0.0000	376.9447	376.2385	362.8473	362.8473	362.8473	362.8473	  9.9993	 50.5252	  0.7857	   0.0000	  0.0000	    0.8414	  0.9406	   0.8414	  0.8192	 15.9375	  0.0000	  0.0000
2018	185	   4	  0	184.1667	 44.0116	  0.9349	  70.7835	  118.4011	  50.2865	 53.4917	  3.8997	 17.2400	 17.2400	 17.4057	 17.4156	376.9163	378.2872	360.0772	360.0772	361.0957	361.0957	 12.2075	 38.9594	  1.0000	   0.0142	  0.0459	    0.8414	  0.9406	   0.8414	  0.8190	 16.2875	  2.6905	  0.0000
2018	185	   5	  0	184.2083	 56.4077	  6.7427	 185.6379	  635.6844	 109.9535	180.1615	  8.6767	 38.6551	 38.6551	 41.7975	 44.3902	379.2861	385.5126	366.6039	366.7913	367.9047	367.9047	 17.2280	124.2561	  1.0000	   0.0099	  0.1418	    0.8414	  0.9406	   0.8414	  0.8200	 17.6208	  7.0359	  0.4514
2018	185	   6	  0	184.2500	 68.4650	 13.7488	 321.0569	  691.6985	 156.4825	313.4657	 13.7528	 55.9305	 55.9305	 80.6079	118.7031	383.5891	398.8609	378.1440	380.0645	378.5902	378.5902	 24.2934	250.4223	  1.0000	   0.1006	  0.2417	    0.8414	  0.9406	   0.8414	  0.8213	 19.2125	  9.6711	  2.8511
2018	185	   7	  0	184.2917	 80.5101	 21.4094	 452.5294	  718.6517	 190.1207	443.5288	 18.0444	 69.2375	 69.2375	 82.8429	154.4277	387.1735	410.1918	387.1310	392.4178	387.7797	387.7797	 28.5092	384.3624	  1.0000	   0.1294	  0.3302	    0.8414	  0.9406	   0.8414	  0.8210	 20.6583	 12.1956	  5.3756
2018	185	   8	  0	184.3333	 93.0226	 29.3585	 578.1358	  743.8936	 213.4960	568.2780	 23.3814	 87.7145	 79.6672	 80.5779	207.4901	389.2269	422.0289	395.3745	403.3743	395.0790	395.7214	 32.7110	516.2159	  1.0000	   0.1982	  0.4060	    0.8414	  0.9406	   0.8414	  0.8201	 21.4625	 14.5645	  7.7445
2018	185	   9	  0	184.3750	106.6554	 37.2077	 685.6917	  769.5381	 220.4553	675.8286	 28.7940	133.0956	 85.1593	 85.1593	241.7396	383.6690	436.1930	403.6861	413.6217	405.4452	403.6861	 36.8982	639.6432	  1.0000	   0.2687	  0.4663	    0.8414	  0.9406	   0.8414	  0.8080	 22.3042	 16.7361	  9.9161
2018	185	  10	  0	184.4167	122.2536	 44.4579	 765.2435	  787.9948	 213.5949	756.0469	 35.5695	198.8039	 86.8079	 86.8079	261.9903	376.0446	455.1990	413.5570	424.2100	419.5937	413.5570	 41.0189	745.2014	  1.0000	   0.3724	  0.4984	    0.8414	  0.9406	   0.8414	  0.7922	 23.0625	 18.6719	 11.8519
2018	185	  11	  0	184.4583	140.7553	 50.4238	 809.9577	  822.6422	 175.6387	803.0392	 42.2090	278.0378	 79.4426	 79.4426	239.9465	371.5673	476.7473	424.7476	433.5230	436.0918	424.7476	 43.9259	823.6280	  1.0000	   0.4903	  0.5000	    0.8414	  0.9406	   0.8414	  0.7813	 23.5792	 20.3375	 13.5175
2018	185	  12	  0	184.5000	162.5649	 54.2079	 819.8944	  799.6251	 171.5159	813.2414	 46.2440	325.8059	 79.9930	 79.9930	158.2268	370.9136	492.1702	433.2282	436.8783	449.5279	433.2282	 44.4386	868.2543	  0.9985	   0.5556	  0.5000	    0.8414	  0.9406	   0.8414	  0.7772	 23.9542	 21.7036	 14.8836
2018	185	  13	  0	184.5417	186.4101	 54.9712	 794.4004	  716.4007	 207.7079	785.6363	 46.5844	319.9654	117.1041	 89.4547	 92.2405	368.2125	497.1949	435.8688	435.6573	454.3344	436.9781	 44.0447	878.1285	  0.9690	   0.5679	  0.5000	    0.8414	  0.9406	   0.8414	  0.7727	 23.8917	 22.7368	 15.9195
2018	185	  14	  0	184.5833	209.4500	 52.5112	 731.1321	  629.7987	 231.1833	720.8320	 42.0870	268.3241	190.5834	 93.0478	 93.0478	371.9350	492.0802	435.3105	435.3105	451.1064	443.1682	 44.2562	849.4936	  0.9316	   0.5268	  0.5000	    0.8414	  0.9406	   0.8414	  0.7765	 24.2333	 22.3218	 15.8278
2018	185	  15	  0	184.6250	229.5168	 47.4373	 636.4204	  539.7010	 238.5493	625.3717	 34.4254	194.0957	209.5346	 90.8306	 90.8306	377.3100	476.5060	429.6663	429.6663	439.8795	441.9516	 41.4850	786.1768	  0.8952	   0.4331	  0.5000	    0.8414	  0.9406	   0.8414	  0.7836	 24.6000	 20.5468	 14.6567
2018	185	  16	  0	184.6667	246.3569	 40.6813	 517.3769	  441.7312	 228.7928	506.4486	 26.1770	126.4211	178.9906	 83.5383	 83.5383	373.7615	454.9388	418.3739	418.3739	423.0731	431.6240	 36.2798	696.3854	  0.8510	   0.3132	  0.4867	    0.8414	  0.9406	   0.8414	  0.7809	 24.2750	 18.1868	 12.9707
2018	185	  17	  0	184.7083	260.7833	 33.0360	 384.7867	  330.1492	 203.8583	374.7779	 19.6215	 82.8418	133.1251	 72.2881	 72.2881	371.9935	437.7748	409.3322	409.3322	409.7668	420.9372	 31.0698	582.0048	  0.7993	   0.2229	  0.4365	    0.8414	  0.9406	   0.8414	  0.7830	 23.6750	 15.2566	 10.8118
2018	185	  18	  0	184.7500	273.7238	 25.0741	 252.8996	  211.1796	 162.1689	244.7481	 14.0224	 56.5715	 88.1602	 58.0447	 56.3707	371.8662	426.0026	402.7490	403.5109	403.2800	412.0550	 26.4578	451.7234	  0.7375	   0.1636	  0.3670	    0.8414	  0.9406	   0.8414	  0.7876	 23.0750	 11.9419	  8.3527
2018	185	  19	  0	184.7917	285.9160	 17.2277	 130.5185	   72.8911	 107.4500	124.9855	  8.5719	 36.7377	 44.1515	 38.5556	 36.7377	375.3116	414.6808	398.3414	398.3227	398.3227	402.8819	 21.8525	314.5981	  0.6454	   0.1070	  0.2846	    0.8414	  0.9406	   0.8414	  0.7987	 22.2042	  7.8590	  5.3833
2018	185	  20	  0	184.8333	297.9157	  9.8618	  40.9210	    9.1005	  39.2115	 38.8780	  3.0511	 13.3270	 13.9640	 13.6165	 13.3270	381.3243	405.0453	394.2187	393.3816	393.3816	396.4261	 17.4865	181.2791	  0.5362	   0.0570	  0.1902	    0.8414	  0.9406	   0.8414	  0.8128	 20.9417	  6.8146	  4.5115
2018	185	  21	  0	184.8750	310.1236	  3.3921	   5.1708	    1.0257	   5.0825	  4.9055	  0.3937	  1.7392	  1.7419	  1.7418	  1.7392	384.2276	396.3601	388.4365	385.6473	385.6473	389.1847	 14.6297	 63.3475	  0.5641	   0.0120	  0.0944	    0.8414	  0.9406	   0.8414	  0.8200	 19.5958	  9.2583	  5.8317
2018	185	  22	  0	184.9167	322.7912	 -1.8682	   0.1979	    0.0660	   0.0649	  0.0621	  0.0050	  0.0222	  0.0222	  0.0222	  0.0222	383.5641	390.9838	381.8661	381.3450	381.3450	381.8229	 13.3955	 47.0130	  0.5410	   0.0000	  0.0017	    0.8414	  0.9406	   0.8414	  0.8230	 18.7292	  1.2549	  0.7659
2018	185	  23	  0	184.9583	336.0234	 -6.4783	   0.0000	    0.0000	   0.0000	  0.0000	  0.0000	  0.0000	  0.0000	  0.0000	  0.0000	381.3432	386.2970	377.3194	377.3194	377.3194	377.3194	 12.6058	 50.4680	  0.5091	   0.0000	  0.0000	    0.8414	  0.9406	   0.8414	  0.8221	 17.8500	  0.0000	  0.0000
2018	186	   0	  0	185.0000	349.7462	 -8.8616	   0.0000	    0.0000	   0.0000	  0.0000	  0.0000	  0.0000	  0.0000	  0.0000	  0.0000	379.4524	383.0957	374.1553	374.1553	374.1553	374.1553	 12.0208	 50.4837	  0.5091	   0.0000	  0.0000	    0.8414	  0.9406	   0.8414	  0.8208	 17.2458	  0.0000	  0.0000
2018	186	   1	  0	185.0417	 93.7095	 -9.3202	   0.0977	    0.0000	   0.0000	  0.0000	  0.0000	  0.0000	  0.0000	  0.0000	  0.0000	379.5006	381.7127	372.8077	372.8077	372.8077	372.8077	 11.7798	 50.3485	  0.5114	   0.0000	  0.0000	    0.8414	  0.9406	   0.8414	  0.8211	 16.9833	  0.0000	  0.0000
2018	186	   2	  0	185.0833	 17.5836	 -7.8468	   1.3046	    0.0000	   0.0000	  0.0000	  0.0000	  0.0000	  0.0000	  0.0000	  0.0000	378.1214	381.3179	371.9335	371.9335	371.9335	371.9335	 11.6128	 50.3733	  0.5354	   0.0000	  0.0000	    0.8414	  0.9406	   0.8414	  0.8197	 16.9083	  0.0000	  0.0000
2018	186	   3	  0	185.1250	 31.0717	 -4.3101	   8.3598	    0.0000	   0.0000	  0.0000	  0.0000	  0.0000	  0.0000	  0.0000	  0.0000	376.4378	381.8001	369.8851	369.8851	369.8851	369.8851	 11.2538	 50.4058	  0.6753	   0.0000	  0.0000	    0.8414	  0.9406	   0.8414	  0.8179	 17.0000	  0.0000	  0.0000
2018	186	   4	  0	185.1667	 44.0066	  0.8508	  38.6004	  262.0121	  20.1968	 29.6964	  1.5839	  7.0529	  7.0529	 10.2464	 10.3306	372.4622	382.9730	364.1261	364.1261	365.1556	365.1556	 11.6464	 37.9426	  0.9808	   0.0131	  0.0443	    0.8414	  0.9406	   0.8414	  0.8134	 17.1625	  3.0430	  0.0000
2018	186	   5	  0	185.2083	 56.4112	  6.6515	 117.9542	  755.6517	  28.0877	116.8065	  2.3611	 10.8943	 10.8943	 14.4457	 17.3740	371.2042	384.9415	365.0852	365.2626	366.3989	366.3989	 13.1347	123.0044	  1.0000	   0.0097	  0.1400	    0.8414	  0.9406	   0.8414	  0.8113	 17.5167	  6.9948	  0.4274
2018	186	   6	  0	185.2500	 68.4751	 13.6564	 190.7323	  541.2739	  68.4987	187.5881	  6.5231	 25.4071	 25.4071	 45.5538	 74.3598	371.8935	392.4364	371.4621	373.1918	371.9732	371.9732	 18.2456	249.9364	  0.9703	   0.1003	  0.2405	    0.8414	  0.9406	   0.8414	  0.8102	 18.0792	  9.1317	  2.6307
2018	186	   7	  0	185.2917	 80.5247	 21.3170	 179.0048	  110.3285	 141.5324	171.7420	 11.3954	 48.4164	 48.4164	 50.8487	 60.4328	371.6229	390.6079	375.0941	376.9258	376.2553	376.2553	 19.8116	384.5257	  0.6777	   0.1287	  0.3293	    0.8414	  0.9406	   0.8414	  0.8101	 18.0750	  4.7089	  2.0114
2018	186	   8	  0	185.3333	 93.0393	 29.2660	 159.8365	   14.1170	 152.9397	151.8686	 11.9718	 51.4511	 51.2941	 51.3148	 53.7056	371.7175	389.3502	378.6841	379.0520	377.9877	379.0616	 20.0353	516.8811	  0.4668	   0.1974	  0.4052	    0.8414	  0.9406	   0.8414	  0.8108	 17.9083	  2.6150	  1.3836
2018	186	   9	  0	185.3750	106.6705	 37.1146	 275.5544	   44.5427	 247.8025	262.7033	 19.9339	 86.2598	 82.8991	 82.8991	 92.2820	372.6493	393.2524	380.4302	380.9109	379.5137	380.4302	 24.8922	637.9141	  0.5517	   0.2677	  0.4657	    0.8414	  0.9406	   0.8414	  0.8109	 18.2708	  3.2051	  1.9046
2018	186	  10	  0	185.4167	122.2605	 44.3639	 468.7685	  226.8369	 308.8263	453.1995	 29.5388	139.8947	106.1233	106.1233	156.5434	373.1764	408.7550	386.6683	390.0176	388.3097	386.6683	 31.7137	739.8878	  0.7280	   0.3706	  0.4982	    0.8414	  0.9406	   0.8414	  0.8086	 18.9333	  8.0694	  5.1309
2018	186	  11	  0	185.4583	140.7431	 50.3298	 617.6531	  397.3379	 311.4536	602.4679	 37.9046	207.6883	111.5735	111.5735	188.7565	373.5310	433.1363	399.1507	403.9287	405.5485	399.1507	 37.5107	815.7898	  0.8342	   0.4886	  0.5000	    0.8414	  0.9406	   0.8414	  0.8046	 19.8417	 13.1544	  8.7403
2018	186	  12	  0	185.5000	162.5202	 54.1171	 685.7044	  459.3524	 313.3190	670.6575	 43.1770	256.4783	114.8119	114.8119	157.9871	374.7674	447.5132	406.7220	408.6789	417.2812	406.7220	 39.6937	858.9507	  0.8648	   0.5541	  0.5000	    0.8414	  0.9406	   0.8414	  0.8044	 20.1375	 15.5197	 10.6404
2018	186	  13	  0	185.5417	186.3289	 54.8889	 774.4560	  632.8268	 256.8308	762.8787	 46.7175	305.8068	128.1615	102.4417	104.6092	377.3935	470.3297	417.1404	416.9183	434.0399	418.1755	 41.9000	866.9425	  0.9580	   0.5666	  0.5000	    0.8414	  0.9406	   0.8414	  0.8055	 20.2167	 21.7342	 15.2114
2018	186	  14	  0	185.5833	209.3453	 52.4409	 743.8369	  625.1742	 248.0436	732.6409	 43.1354	272.3160	194.8095	 98.2978	 98.2978	378.4794	469.2662	417.2901	417.2901	432.7059	424.9225	 42.3857	839.9351	  0.9567	   0.5256	  0.5000	    0.8414	  0.9406	   0.8414	  0.8055	 20.5083	 22.5156	 15.9562
2018	186	  15	  0	185.6250	229.4062	 47.3783	 637.0071	  510.5148	 260.8667	624.7147	 35.2602	195.3308	209.2437	 97.3688	 97.3688	376.0516	448.8240	407.3026	407.3026	416.6520	418.4664	 38.6685	780.0689	  0.9024	   0.4320	  0.5000	    0.8414	  0.9406	   0.8414	  0.8034	 20.4375	 19.6721	 14.0250
2018	186	  16	  0	185.6667	246.2504	 40.6301	 515.5550	  410.2234	 247.8066	503.5589	 27.0223	129.1722	177.6708	 89.2263	 89.2263	374.6586	430.3170	398.4184	398.4184	402.6399	410.3567	 33.6552	690.4513	  0.8549	   0.3125	  0.4865	    0.8414	  0.9406	   0.8414	  0.8025	 20.4083	 17.2123	 12.2691
2018	186	  17	  0	185.7083	260.6840	 32.9886	 382.1804	  301.2601	 217.1829	371.4186	 20.3109	 86.1094	131.7774	 76.3508	 76.3508	375.0555	417.1315	392.4844	392.4844	392.8223	402.8975	 28.7437	576.8775	  0.8008	   0.2224	  0.4361	    0.8414	  0.9406	   0.8414	  0.8045	 20.2833	 14.3369	 10.1545
2018	186	  18	  0	185.7500	273.6313	 25.0271	 245.9952	  175.3503	 170.4280	237.3581	 14.4246	 59.0100	 85.3930	 60.1111	 58.8223	373.5116	405.7267	385.8106	386.6195	386.3983	393.8089	 23.8100	448.0790	  0.7264	   0.1633	  0.3666	    0.8414	  0.9406	   0.8414	  0.8058	 19.6667	 10.6755	  7.4633
2018	186	  19	  0	185.7917	285.8294	 17.1785	 117.8775	   40.7067	 104.9074	112.4414	  8.2670	 35.6906	 39.9001	 36.6951	 35.6906	373.4325	396.7489	382.7924	383.0006	383.0006	386.4765	 18.9214	312.6568	  0.6076	   0.1065	  0.2840	    0.8414	  0.9406	   0.8414	  0.8087	 19.0833	  6.6511	  4.5507
2018	186	  20	  0	185.8333	297.8345	  9.8084	  36.0175	    6.3539	  34.8262	 34.2018	  2.7072	 11.8302	 12.2812	 12.0342	 11.8302	376.5077	392.1427	382.2773	381.4885	381.4885	384.4032	 15.1667	180.2890	  0.5122	   0.0574	  0.1893	    0.8414	  0.9406	   0.8414	  0.8138	 18.5750	  6.7147	  4.4410
2018	186	  21	  0	185.8750	310.0479	  3.3351	   4.6217	    0.7061	   4.5629	  4.3834	  0.3534	  1.5611	  1.5633	  1.5633	  1.5611	376.2380	386.7326	378.8083	376.0495	376.0495	379.5541	 12.8272	 62.4306	  0.5628	   0.0108	  0.0926	    0.8414	  0.9406	   0.8414	  0.8146	 17.8125	  9.2996	  5.8503
2018	186	  22	  0	185.9167	322.7219	 -1.9433	   0.3312	    0.0701	   0.0689	  0.0657	  0.0053	  0.0236	  0.0236	  0.0236	  0.0236	371.8855	383.6236	373.9730	373.4342	373.4342	373.9304	 11.8664	 46.9821	  0.5470	   0.0000	  0.0016	    0.8414	  0.9406	   0.8414	  0.8123	 17.3458	  1.3057	  0.7958
2018	186	  23	  0	185.9583	335.9625	 -6.5556	   0.0208	    0.0000	   0.0000	  0.0000	  0.0000	  0.0000	  0.0000	  0.0000	  0.0000	369.1796	381.6693	372.0630	372.0630	372.0630	372.0630	 11.5359	 50.5464	  0.5099	   0.0000	  0.0000	    0.8414	  0.9406	   0.8414	  0.8101	 16.9750	  0.0000	  0.0000
2018	187	   0	  0	186.0000	349.1149	 -8.8966	   0.0000	    0.0000	   0.0000	  0.0000	  0.0000	  0.0000	  0.0000	  0.0000	  0.0000	366.5579	379.6991	370.0270	370.0270	370.0270	370.0270	 11.1402	 50.5892	  0.5095	   0.0000	  0.0000	    0.8414	  0.9406	   0.8414	  0.8079	 16.6000	  0.0000	  0.0000
