Year	DOY	Hour	Min	 Dectime	 azimuth	altitude	GlobalRad	DiffuseRad	DirectRad	 Kdown2d	   Kup2d	  Ksouth	   Kwest	  Knorth	   Keast	 Ldown2d	   Lup2d	  Lsouth	   Lwest	  Lnorth	   Least	    Tmrt	      I0	      CI	SH_Ground	SH_Walls	SVF_Ground	SVF_Roof	SVF_BdVeg	Emis_Sky	      Ta	      Tg	      Tw
2018	179	   0	  0	178.0000	356.4721	 -8.9669	   0.0200	    0.0000	   0.0000	  0.0000	  0.0000	  0.0000	  0.0000	  0.0000	  0.0000	400.2303	391.8993	384.0003	384.0003	384.0003	384.0003	 13.9849	 51.3840	  0.5056	   0.0000	  0.0000	    0.8189	  0.9347	   0.8189	  0.8405	 18.9000	  0.0000	  0.0000
2018	179	   1	  0	178.0417	 94.0155	 -8.8690	   0.1496	    0.0000	   0.0000	  0.0000	  0.0000	  0.0000	  0.0000	  0.0000	  0.0000	397.0014	390.4482	382.3697	382.3697	382.3697	382.3697	 13.6647	 51.4448	  0.5081	   0.0000	  0.0000	    0.8189	  0.9347	   0.8189	  0.8374	 18.6292	  0.0000	  0.0000
2018	179	   2	  0	178.0833	 17.8229	 -7.3515	   2.4581	    0.0000	   0.0000	  0.0000	  0.0000	  0.0000	  0.0000	  0.0000	  0.0000	392.8553	386.6275	377.8144	377.8144	377.8144	377.8144	 12.8221	 51.5214	  0.5529	   0.0000	  0.0000	    0.8189	  0.9347	   0.8189	  0.8337	 17.9125	  0.0000	  0.0000
2018	179	   3	  0	178.1250	 31.2453	 -3.6475	  20.5810	    0.0000	   0.0000	  0.0000	  0.0000	  0.0000	  0.0000	  0.0000	  0.0000	393.9801	384.1521	371.5436	371.5436	371.5436	371.5436	 11.7607	 51.5026	  0.8350	   0.0000	  0.0000	    0.8189	  0.9347	   0.8189	  0.8349	 17.4458	  0.0000	  0.0000
2018	179	   4	  0	178.1667	 44.1215	  1.3340	  85.2542	  124.5458	  64.6368	 67.9014	  4.8981	 21.1275	 21.1275	 21.3035	 21.3146	397.0241	387.0143	370.6581	370.6581	372.0891	372.0891	 14.8949	 40.2383	  1.0000	   0.0148	  0.0478	    0.8189	  0.9347	   0.8189	  0.8377	 17.9417	  3.0098	  0.0000
2018	179	   5	  0	178.2083	 56.4783	  7.1858	 193.9660	  623.6800	 114.9970	187.6674	  8.8501	 38.6714	 38.6714	 40.8526	 42.6911	401.1342	395.3703	378.6664	378.9198	380.2642	380.2642	 19.4693	131.1460	  1.0000	   0.0071	  0.1281	    0.8189	  0.9347	   0.8189	  0.8408	 19.4833	  7.2203	  0.5645
2018	179	   6	  0	178.2500	 68.5068	 14.2012	 323.6306	  681.8669	 156.0439	315.3206	 13.3929	 53.5221	 53.5221	 76.4330	111.5926	399.1279	412.0282	392.5131	394.7653	393.1787	393.1787	 26.2919	257.1725	  1.0000	   0.0947	  0.2181	    0.8189	  0.9347	   0.8189	  0.8334	 21.6458	  9.8528	  3.0328
2018	179	   7	  0	178.2917	 80.5346	 21.8641	 456.5967	  712.4805	 191.2381	446.6473	 17.3430	 66.8190	 66.8190	 77.8547	136.8991	399.3057	423.3308	401.2890	407.3147	402.2319	402.2319	 30.1070	390.7953	  1.0000	   0.1077	  0.3008	    0.8189	  0.9347	   0.8189	  0.8275	 23.2417	 12.3726	  5.5526
2018	179	   8	  0	178.3333	 93.0442	 29.8135	 581.4260	  734.4841	 216.3467	570.4246	 22.1500	 83.8732	 77.3213	 78.0375	181.4827	406.3506	434.3604	410.1273	418.9827	409.6825	410.5743	 34.1569	520.5589	  1.0000	   0.1643	  0.3744	    0.8189	  0.9347	   0.8189	  0.8326	 24.0792	 14.7356	  7.9156
2018	179	   9	  0	178.3750	106.6952	 37.6618	 687.2823	  755.7110	 225.7050	676.1211	 26.7025	121.4665	 83.1414	 83.1414	207.8365	407.2592	446.3754	418.3354	429.2297	420.0754	418.3354	 37.9560	640.5314	  1.0000	   0.2194	  0.4369	    0.8189	  0.9347	   0.8189	  0.8293	 24.8333	 16.9004	 10.0804
2018	179	  10	  0	178.4167	122.3464	 44.9081	 766.0317	  774.0506	 219.7866	755.5423	 31.7670	171.4508	 84.5759	 84.5759	220.4449	400.3474	462.3617	426.9326	438.5739	433.4547	426.9326	 41.3273	744.5656	  1.0000	   0.2961	  0.4827	    0.8189	  0.9347	   0.8189	  0.8137	 25.6333	 18.8292	 12.0092
2018	179	  11	  0	178.4583	140.9544	 50.8608	 811.1337	  822.4819	 172.8861	803.6999	 36.7264	235.6616	 74.7004	 74.7004	203.1971	393.9457	481.6822	436.7611	446.2417	449.1966	436.7611	 43.6945	822.5167	  1.0000	   0.3992	  0.4998	    0.8189	  0.9347	   0.8189	  0.7995	 26.1625	 20.4882	 13.6682
2018	179	  12	  0	178.5000	162.9251	 54.6115	 822.4575	  801.4145	 169.3194	815.2869	 41.3791	284.8504	 75.7174	 75.7174	140.5982	388.2641	495.4358	442.8304	446.5062	460.6906	442.8304	 44.3359	867.9993	  0.9985	   0.4754	  0.5000	    0.8189	  0.9347	   0.8189	  0.7896	 26.1375	 21.8485	 15.0285
2018	179	  13	  0	178.5417	186.9312	 55.3153	 796.4375	  721.0950	 203.4283	787.0714	 42.0803	282.1808	109.4174	 84.3289	 86.2999	383.4423	500.7231	445.3020	444.9627	465.5031	446.4955	 44.1398	878.4799	  0.9701	   0.4890	  0.5000	    0.8189	  0.9347	   0.8189	  0.7809	 26.1625	 22.8861	 16.0661
2018	179	  14	  0	178.5833	210.0546	 52.7830	 726.1021	  617.1934	 234.0542	714.5806	 37.7225	231.4698	169.2511	 89.4465	 89.4465	388.5647	492.4074	442.9003	442.9003	459.8810	451.3628	 43.8732	848.0916	  0.9261	   0.4385	  0.5000	    0.8189	  0.9347	   0.8189	  0.7888	 26.2458	 22.2761	 15.8316
2018	179	  15	  0	178.6250	230.1212	 47.6473	 585.1885	  423.3717	 271.8031	570.7979	 30.5070	157.1898	167.5422	 94.5820	 94.5820	391.5371	466.0307	431.4608	431.4608	439.8260	441.8504	 39.6461	784.3612	  0.8310	   0.3381	  0.4943	    0.8189	  0.9347	   0.8189	  0.7972	 26.0917	 16.8643	 12.0568
2018	179	  16	  0	178.6667	246.9230	 40.8513	 491.1592	  374.7284	 245.8963	477.9903	 24.4643	112.6457	149.7589	 84.2486	 84.2486	390.7226	451.6568	422.7313	422.7313	426.6176	435.0804	 35.7421	693.2909	  0.8164	   0.2531	  0.4588	    0.8189	  0.9347	   0.8189	  0.8008	 25.3500	 16.1732	 11.5605
2018	179	  17	  0	178.7083	261.3062	 33.1880	 383.1725	  312.5459	 211.3206	371.7028	 18.9824	 78.9637	118.0556	 71.4082	 71.4082	399.5939	438.4899	415.6334	415.6334	415.6911	427.8592	 31.6749	576.2386	  0.8028	   0.1810	  0.4020	    0.8189	  0.9347	   0.8189	  0.8194	 24.4750	 15.1131	 10.7353
2018	179	  18	  0	178.7500	274.2105	 25.2259	 253.0598	  202.1530	 165.8315	243.8725	 13.7280	 55.1583	 80.0360	 56.5597	 55.0518	392.1584	428.2292	408.2613	409.2233	408.9132	418.1817	 27.1739	449.5960	  0.7396	   0.1349	  0.3331	    0.8189	  0.9347	   0.8189	  0.8132	 23.8208	 11.8813	  8.3322
2018	179	  19	  0	178.7917	286.3749	 17.3937	 132.9092	   78.2243	 108.1162	126.7937	  8.4062	 35.3422	 41.8135	 37.0333	 35.3422	378.8744	418.3324	402.3418	402.4520	402.4520	407.3473	 22.3890	317.2777	  0.6483	   0.0928	  0.2550	    0.8189	  0.9347	   0.8189	  0.7995	 22.9583	  8.0955	  5.5619
2018	179	  20	  0	178.8333	298.3524	 10.0530	  43.2283	   10.5163	  41.2414	 40.8663	  3.1356	 13.3794	 14.0033	 13.6659	 13.3794	369.5000	409.1282	396.9254	396.2018	396.2018	399.2794	 17.8648	185.9899	  0.5403	   0.0477	  0.1686	    0.8189	  0.9347	   0.8189	  0.7922	 21.7417	  6.8520	  4.5536
2018	179	  21	  0	178.8750	310.5393	  3.6089	   6.0204	    1.5552	   5.8872	  5.6826	  0.4456	  1.9205	  1.9270	  1.9269	  1.9205	370.6443	400.8305	391.4797	388.7399	388.7399	392.2153	 15.0553	 67.8563	  0.5597	   0.0146	  0.0863	    0.8189	  0.9347	   0.8189	  0.7991	 20.3958	  9.0725	  5.7452
2018	179	  22	  0	178.9167	323.1824	 -1.5683	   0.2792	    0.1675	   0.1635	  0.1555	  0.0124	  0.0534	  0.0534	  0.0534	  0.0534	378.9023	392.6648	383.2619	382.0770	382.0770	383.1123	 13.5371	 44.8218	  0.5727	   0.0000	  0.0025	    0.8189	  0.9347	   0.8189	  0.8162	 19.0417	  2.6276	  1.6078
2018	179	  23	  0	178.9583	336.3817	 -6.1530	   0.0000	    0.0000	   0.0000	  0.0000	  0.0000	  0.0000	  0.0000	  0.0000	  0.0000	380.2757	387.2027	378.2032	378.2032	378.2032	378.2032	 12.7512	 51.7853	  0.5052	   0.0000	  0.0000	    0.8189	  0.9347	   0.8189	  0.8205	 18.0208	  0.0000	  0.0000
2018	180	   0	  0	179.0000	350.0606	 -8.4949	   0.0000	    0.0000	   0.0000	  0.0000	  0.0000	  0.0000	  0.0000	  0.0000	  0.0000	372.2609	387.2246	377.6449	377.6449	377.6449	377.6449	 12.5681	 51.9309	  0.5052	   0.0000	  0.0000	    0.8189	  0.9347	   0.8189	  0.8113	 18.0250	  0.0000	  0.0000
2018	180	   1	  0	179.0417	 93.9694	 -8.9124	   0.1531	    0.0000	   0.0000	  0.0000	  0.0000	  0.0000	  0.0000	  0.0000	  0.0000	357.7187	389.2670	378.3621	378.3621	378.3621	378.3621	 12.5456	 52.0150	  0.5090	   0.0000	  0.0000	    0.8189	  0.9347	   0.8189	  0.7920	 18.4083	  0.0000	  0.0000
2018	180	   2	  0	179.0833	 17.7836	 -7.4016	   2.9312	    0.0000	   0.0000	  0.0000	  0.0000	  0.0000	  0.0000	  0.0000	  0.0000	344.7383	385.4367	372.7631	372.7631	372.7631	372.7631	 11.4148	 52.2931	  0.5620	   0.0000	  0.0000	    0.8189	  0.9347	   0.8189	  0.7772	 17.6875	  0.0000	  0.0000
2018	180	   3	  0	179.1250	 31.2129	 -3.7543	  23.7140	    0.0000	   0.0000	  0.0000	  0.0000	  0.0000	  0.0000	  0.0000	  0.0000	337.2798	376.7012	358.5176	358.5176	358.5176	358.5176	  8.7920	 52.3721	  0.8579	   0.0000	  0.0000	    0.8189	  0.9347	   0.8189	  0.7734	 16.0250	  0.0000	  0.0000
2018	180	   4	  0	179.1667	 44.0955	  1.2820	  89.7579	  148.2838	  66.0016	 70.3956	  5.0025	 21.5885	 21.5885	 21.7681	 21.7793	335.3061	373.7539	351.5131	351.5131	352.8938	352.8938	 10.9502	 40.3558	  1.0000	   0.0144	  0.0468	    0.8189	  0.9347	   0.8189	  0.7729	 15.4167	  3.0160	  0.0000
2018	180	   5	  0	179.2083	 56.4576	  7.1266	 187.3952	  692.3517	 100.9231	181.9347	  7.7963	 34.1949	 34.1949	 36.4980	 38.4396	333.4572	374.4988	351.7301	351.9658	353.2501	353.2501	 13.6407	133.7093	  1.0000	   0.0068	  0.1272	    0.8189	  0.9347	   0.8189	  0.7698	 15.5458	  7.1977	  0.5494
2018	180	   6	  0	179.2500	 68.4899	 14.1398	 383.6417	  742.4899	 201.8670	372.7541	 16.9918	 68.5627	 68.5627	 93.4760	131.6967	333.7807	382.5021	357.9364	360.0479	358.5397	358.5397	 22.4608	262.7644	  1.0000	   0.0945	  0.2174	    0.8189	  0.9347	   0.8189	  0.7666	 16.2042	  9.8305	  3.0105
2018	180	   7	  0	179.2917	 80.5197	 21.8018	 499.7950	  775.7204	 211.7009	488.7589	 19.1254	 73.8594	 73.8594	 85.8441	149.8511	336.4730	388.9755	362.7668	368.3981	363.6132	363.6132	 24.8545	399.3102	  1.0000	   0.1072	  0.3002	    0.8189	  0.9347	   0.8189	  0.7657	 17.0167	 12.3509	  5.5309
2018	180	   8	  0	179.3333	 93.0291	 29.7508	 620.2725	  796.6700	 225.0819	608.8871	 23.2705	 87.8425	 80.7821	 81.5649	193.5004	340.8043	400.4861	371.5565	379.8957	371.1514	371.9647	 28.7490	533.3146	  1.0000	   0.1639	  0.3739	    0.8189	  0.9347	   0.8189	  0.7659	 18.0667	 14.7146	  7.8946
2018	180	   9	  0	179.3750	106.6765	 37.5993	 724.5892	  813.5998	 228.4146	713.4079	 27.5958	125.9453	 84.8495	 84.8495	218.7796	344.0450	412.8413	380.4264	390.7203	382.0938	380.4264	 32.7510	655.9441	  1.0000	   0.2187	  0.4365	    0.8189	  0.9347	   0.8189	  0.7649	 19.0167	 16.8802	 10.0602
2018	180	  10	  0	179.4167	122.3190	 44.8467	 804.6000	  826.7549	 221.8295	794.1364	 32.8869	178.7517	 86.2305	 86.2305	231.1420	344.1036	425.6008	387.6716	398.6388	393.8207	387.6716	 36.2050	759.1624	  1.0000	   0.2953	  0.4824	    0.8189	  0.9347	   0.8189	  0.7617	 19.4167	 18.8099	 11.9899
2018	180	  11	  0	179.4583	140.9107	 50.8024	 853.0533	  830.8627	 209.3814	843.5436	 39.5564	247.5861	 86.1440	 86.1440	216.3029	345.4297	444.8735	399.0633	408.0263	410.7937	399.0633	 39.5786	835.3775	  1.0000	   0.3980	  0.4998	    0.8189	  0.9347	   0.8189	  0.7588	 20.1417	 20.4697	 13.6497
2018	180	  12	  0	179.5000	162.8585	 54.5596	 860.1140	  835.1223	 179.7071	852.4533	 43.3235	297.9560	 79.9027	 79.9027	146.6187	345.3620	462.7340	409.5828	413.1169	426.5571	409.5828	 40.4105	880.3624	  1.0000	   0.4744	  0.5000	    0.8189	  0.9347	   0.8189	  0.7531	 20.9250	 21.8306	 15.0106
2018	180	  13	  0	179.5417	186.8439	 55.2738	 833.0752	  803.8131	 172.3726	825.7588	 42.7291	297.7008	104.9453	 77.2448	 79.5186	342.4002	471.3069	414.6129	414.3043	433.9271	415.7507	 39.8895	891.5295	  0.9935	   0.4881	  0.5000	    0.8189	  0.9347	   0.8189	  0.7438	 21.5250	 22.8689	 16.0489
2018	180	  14	  0	179.5833	209.9590	 52.7533	 767.6838	  715.2552	 198.0947	758.5323	 38.0641	244.8596	173.7445	 80.9500	 80.9500	344.3897	470.3908	416.3885	416.3885	433.7726	425.2569	 40.3495	863.9611	  0.9588	   0.4379	  0.5000	    0.8189	  0.9347	   0.8189	  0.7420	 22.2333	 23.5360	 16.7247
2018	180	  15	  0	179.6250	230.0289	 47.6273	 668.4963	  616.9720	 212.2986	658.0844	 30.4790	171.1020	186.4067	 80.2251	 80.2251	346.6862	455.8744	410.6729	410.6729	422.2858	424.9786	 37.3746	800.8333	  0.9199	   0.3378	  0.4943	    0.8189	  0.9347	   0.8189	  0.7442	 22.5458	 22.4411	 16.0398
2018	180	  16	  0	179.6667	246.8382	 40.8375	 545.3215	  511.0560	 210.4777	534.5388	 23.9374	114.5146	164.6799	 75.4061	 75.4061	346.2013	440.3294	403.4135	403.4135	408.7079	418.9860	 33.1598	708.4385	  0.8772	   0.2528	  0.4587	    0.8189	  0.9347	   0.8189	  0.7453	 22.4458	 20.0470	 14.3259
2018	180	  17	  0	179.7083	261.2287	 33.1770	 408.6377	  388.0023	 195.2127	398.2565	 18.4876	 76.7352	125.0916	 67.2295	 67.2295	356.4362	427.6419	399.0732	399.0732	399.4580	413.0014	 29.0255	588.3627	  0.8321	   0.1807	  0.4020	    0.8189	  0.9347	   0.8189	  0.7647	 22.2375	 17.1142	 12.1535
2018	180	  18	  0	179.7500	274.1387	 25.2152	 268.6896	  249.1163	 161.0795	259.8552	 13.6466	 54.1034	 84.8031	 55.7644	 53.9615	359.6513	417.6784	394.1502	395.0178	394.7239	405.1095	 24.8988	456.2364	  0.7654	   0.1348	  0.3330	    0.8189	  0.9347	   0.8189	  0.7744	 21.7750	 13.2463	  9.2871
2018	180	  19	  0	179.7917	286.3069	 17.3810	 135.4973	   86.6006	 108.0162	129.3981	  8.4231	 35.3619	 42.5263	 37.2163	 35.3619	349.2156	408.7489	390.5014	390.5694	390.5694	395.5542	 20.2273	321.4124	  0.6507	   0.0924	  0.2549	    0.8189	  0.9347	   0.8189	  0.7632	 21.2292	  8.2802	  5.6874
2018	180	  20	  0	179.8333	298.2872	 10.0366	  46.8062	   12.7806	  44.4202	 44.2631	  3.3788	 14.4163	 15.1504	 14.7537	 14.4163	342.0253	401.2053	386.7701	386.0291	386.0291	389.1199	 16.0191	188.2233	  0.5575	   0.0482	  0.1684	    0.8189	  0.9347	   0.8189	  0.7578	 20.2958	  6.9152	  4.5935
2018	180	  21	  0	179.8750	310.4765	  3.5882	   6.9567	    2.2835	   6.7710	  6.5683	  0.5125	  2.2092	  2.2215	  2.2214	  2.2092	339.2408	392.9366	381.0736	378.3555	378.3555	381.8124	 12.9542	 68.3733	  0.5732	   0.0142	  0.0858	    0.8189	  0.9347	   0.8189	  0.7603	 18.9417	  9.1070	  5.7636
2018	180	  22	  0	179.9167	323.1221	 -1.5994	   0.3567	    0.2071	   0.1998	  0.1900	  0.0151	  0.0652	  0.0652	  0.0652	  0.0652	337.1543	385.2361	372.7264	371.5353	371.5353	372.5801	 11.2238	 45.3153	  0.5766	   0.0000	  0.0024	    0.8189	  0.9347	   0.8189	  0.7657	 17.6500	  2.6700	  1.6326
2018	180	  23	  0	179.9583	336.3250	 -6.1803	   0.0021	    0.0000	   0.0000	  0.0000	  0.0000	  0.0000	  0.0000	  0.0000	  0.0000	333.6123	374.9752	363.3361	363.3361	363.3361	363.3361	  9.5611	 52.4432	  0.5061	   0.0000	  0.0000	    0.8189	  0.9347	   0.8189	  0.7696	 15.6917	  0.0000	  0.0000
2018	181	   0	  0	180.0000	350.0089	 -8.5380	   0.0058	    0.0000	   0.0000	  0.0000	  0.0000	  0.0000	  0.0000	  0.0000	  0.0000	331.9879	365.4913	354.4498	354.4498	354.4498	354.4498	  7.8927	 52.3588	  0.5062	   0.0000	  0.0000	    0.8189	  0.9347	   0.8189	  0.7735	 13.8500	  0.0000	  0.0000
2018	181	   1	  0	180.0417	 93.9244	 -8.9625	   0.1802	    0.0000	   0.0000	  0.0000	  0.0000	  0.0000	  0.0000	  0.0000	  0.0000	329.6581	358.6019	347.8035	347.8035	347.8035	347.8035	  6.6120	 52.1244	  0.5102	   0.0000	  0.0000	    0.8189	  0.9347	   0.8189	  0.7740	 12.4875	  0.0000	  0.0000
2018	181	   2	  0	180.0833	 17.7462	 -7.4583	   2.7046	    0.0000	   0.0000	  0.0000	  0.0000	  0.0000	  0.0000	  0.0000	  0.0000	325.1852	352.4663	340.9024	340.9024	340.9024	340.9024	  5.2512	 52.1795	  0.5586	   0.0000	  0.0000	    0.8189	  0.9347	   0.8189	  0.7714	 11.2583	  0.0000	  0.0000
2018	181	   3	  0	180.1250	 31.1832	 -3.8270	  22.5377	    0.0000	   0.0000	  0.0000	  0.0000	  0.0000	  0.0000	  0.0000	  0.0000	324.4165	348.8640	332.3997	332.3997	332.3997	332.3997	  3.6544	 52.1772	  0.8447	   0.0000	  0.0000	    0.8189	  0.9347	   0.8189	  0.7717	 10.5292	  0.0000	  0.0000
2018	181	   4	  0	180.1667	 44.0729	  1.2246	  95.1450	   86.0159	  74.8260	 75.4596	  5.6661	 24.4153	 24.4153	 24.4153	 24.4153	328.7755	354.6373	333.8917	333.8917	335.2066	335.2066	  7.9798	 39.4503	  1.0000	   0.0140	  0.0458	    0.8189	  0.9347	   0.8189	  0.7745	 11.6542	  2.8135	  0.0000
2018	181	   5	  0	180.2083	 56.4408	  7.0619	 209.4506	  655.6271	 127.3335	202.4555	  9.7862	 42.7399	 42.7399	 44.9331	 46.7834	337.5116	367.0596	345.7475	345.9746	347.2437	347.2437	 13.8037	132.0084	  1.0000	   0.0066	  0.1261	    0.8189	  0.9347	   0.8189	  0.7793	 14.1000	  7.1719	  0.5322
2018	181	   6	  0	180.2500	 68.4773	 14.0732	 344.0331	  728.7773	 166.5926	335.1555	 14.2805	 57.1120	 57.1120	 81.5708	119.0132	344.8717	382.3319	359.2780	361.3716	359.8912	359.8912	 21.1851	260.0537	  1.0000	   0.0944	  0.2166	    0.8189	  0.9347	   0.8189	  0.7815	 16.1750	  9.8051	  2.9851
2018	181	   7	  0	180.2917	 80.5097	 21.7343	 481.2310	  757.7670	 200.5798	470.8048	 18.1923	 70.1258	 70.1258	 81.7848	144.0689	349.8630	392.9109	368.0191	373.6694	368.8815	368.8815	 25.1994	395.7095	  1.0000	   0.1067	  0.2996	    0.8189	  0.9347	   0.8189	  0.7814	 17.7583	 12.3260	  5.5060
2018	181	   8	  0	180.3333	 93.0192	 29.6830	 609.8123	  785.9579	 220.6262	598.6594	 22.8214	 86.1806	 79.2193	 79.9888	190.1521	349.0196	404.6128	376.2571	384.6260	375.8455	376.6715	 29.2514	530.4864	  1.0000	   0.1633	  0.3734	    0.8189	  0.9347	   0.8189	  0.7743	 18.8333	 14.6905	  7.8705
2018	181	   9	  0	180.3750	106.6634	 37.5315	 718.7002	  809.0245	 226.0675	707.6399	 27.3119	124.7452	 84.0057	 84.0057	216.8594	346.9339	415.8942	383.4281	393.7483	385.0911	383.4281	 33.0541	654.4823	  1.0000	   0.2180	  0.4360	    0.8189	  0.9347	   0.8189	  0.7663	 19.5792	 16.8571	 10.0371
2018	181	  10	  0	180.4167	122.2972	 44.7797	 797.7846	  822.6494	 218.5886	787.4932	 32.4955	176.9262	 85.0946	 85.0946	229.0465	345.4450	429.7883	391.3344	402.3577	397.5053	391.3344	 36.5450	758.8064	  1.0000	   0.2944	  0.4821	    0.8189	  0.9347	   0.8189	  0.7596	 20.1708	 18.7877	 11.9677
2018	181	  11	  0	180.4583	140.8721	 50.7380	 842.1588	  823.7769	 204.5813	832.9010	 38.8898	244.0600	 84.4229	 84.4229	213.3339	347.8986	450.6987	404.1944	413.2329	416.0092	404.1944	 40.0065	835.1333	  1.0000	   0.3966	  0.4998	    0.8189	  0.9347	   0.8189	  0.7567	 21.1583	 20.4484	 13.6284
2018	181	  12	  0	180.5000	162.7952	 54.5011	 849.4985	  832.4262	 171.8047	842.2814	 42.5351	294.3713	 77.3409	 77.3409	144.2243	351.8471	467.8606	414.7874	418.3630	431.8670	414.7874	 40.8490	877.7608	  1.0000	   0.4732	  0.5000	    0.8189	  0.9347	   0.8189	  0.7583	 21.8000	 21.8101	 14.9901
2018	181	  13	  0	180.5417	186.7571	 55.2254	 820.4858	  771.5318	 186.6921	812.2412	 42.5494	292.1292	106.9838	 80.6419	 82.9057	350.5360	474.1518	418.4145	418.1098	437.7953	419.5276	 40.4540	887.1335	  0.9878	   0.4872	  0.5000	    0.8189	  0.9347	   0.8189	  0.7541	 22.0167	 22.8490	 16.0290
2018	181	  14	  0	180.5833	209.8614	 52.7168	 760.5281	  695.0453	 207.3290	750.7819	 38.0574	242.4748	173.1005	 83.2266	 83.2266	347.4700	468.7105	415.8375	415.8375	433.0825	424.5565	 40.2680	861.1110	  0.9536	   0.4372	  0.5000	    0.8189	  0.9347	   0.8189	  0.7485	 22.0375	 23.3838	 16.6106
2018	181	  15	  0	180.6250	229.9332	 47.6008	 665.6319	  606.6823	 217.2959	654.9021	 30.5827	170.9219	185.7226	 81.5433	 81.5433	342.0521	449.1090	404.8724	404.8724	416.1217	418.6837	 36.5112	800.8328	  0.9164	   0.3373	  0.4942	    0.8189	  0.9347	   0.8189	  0.7431	 21.5750	 21.9997	 15.7193
2018	181	  16	  0	180.6667	246.7496	 40.8175	 547.3062	  513.0877	 211.3223	536.4795	 24.0170	115.0312	165.1881	 75.6996	 75.6996	340.3870	433.8439	397.2066	397.2066	402.4481	412.5537	 32.2488	708.8955	  0.8797	   0.2526	  0.4586	    0.8189	  0.9347	   0.8189	  0.7428	 21.3542	 19.9936	 14.2830
2018	181	  17	  0	180.7083	261.1473	 33.1600	 410.9950	  396.2357	 193.2404	400.7441	 18.4057	 76.4422	125.6639	 66.6976	 66.6976	341.8031	421.3152	391.6959	391.6959	392.1081	405.4882	 27.7698	591.9245	  0.8320	   0.1804	  0.4019	    0.8189	  0.9347	   0.8189	  0.7479	 21.1292	 17.1328	 12.1627
2018	181	  18	  0	180.7500	274.0631	 25.1984	 271.7258	  262.0111	 158.8029	263.0431	 13.5419	 53.4991	 85.6878	 55.2354	 53.3420	339.6302	411.3832	386.0710	386.9137	386.6277	397.0722	 23.4419	460.5387	  0.7669	   0.1348	  0.3329	    0.8189	  0.9347	   0.8189	  0.7492	 20.6292	 13.4383	  9.4176
2018	181	  19	  0	180.7917	286.2357	 17.3622	 143.2396	  110.8342	 108.5709	137.1367	  8.5301	 35.6788	 44.8399	 38.1128	 35.6788	341.5193	403.3816	384.4259	384.2951	384.2951	389.9397	 19.3230	322.0254	  0.6742	   0.0920	  0.2547	    0.8189	  0.9347	   0.8189	  0.7567	 20.1833	  9.1079	  6.2522
2018	181	  20	  0	180.8333	298.2192	 10.0140	  47.4771	   12.6400	  45.0970	 44.8950	  3.4306	 14.6328	 15.3968	 14.9819	 14.6328	345.2299	395.5028	381.8639	381.1330	381.1330	384.1978	 15.2328	187.0596	  0.5618	   0.0487	  0.1681	    0.8189	  0.9347	   0.8189	  0.7685	 19.2417	  6.9133	  4.5899
2018	181	  21	  0	180.8750	310.4113	  3.5615	   6.8281	    1.9978	   6.6647	  6.4458	  0.5044	  2.1743	  2.1845	  2.1844	  2.1743	344.8327	387.9055	377.0440	374.3498	374.3498	377.7857	 12.2878	 67.5399	  0.5739	   0.0139	  0.0851	    0.8189	  0.9347	   0.8189	  0.7732	 18.0042	  9.1147	  5.7643
2018	181	  22	  0	180.9167	323.0602	 -1.6378	   0.3388	    0.1998	   0.1929	  0.1833	  0.0146	  0.0630	  0.0630	  0.0630	  0.0630	341.3496	381.0144	369.2689	368.0852	368.0852	369.1269	 10.6389	 44.8657	  0.5777	   0.0000	  0.0023	    0.8189	  0.9347	   0.8189	  0.7750	 16.8500	  2.6775	  1.6359
2018	181	  23	  0	180.9583	336.2674	 -6.2255	   0.0010	    0.0000	   0.0000	  0.0000	  0.0000	  0.0000	  0.0000	  0.0000	  0.0000	337.8446	374.4665	363.1852	363.1852	363.1852	363.1852	  9.5807	 52.0732	  0.5068	   0.0000	  0.0000	    0.8189	  0.9347	   0.8189	  0.7756	 15.5958	  0.0000	  0.0000
2018	182	   0	  0	181.0000	349.9573	 -8.5880	   0.0000	    0.0000	   0.0000	  0.0000	  0.0000	  0.0000	  0.0000	  0.0000	  0.0000	334.4645	368.5990	357.5032	357.5032	357.5032	357.5032	  8.4911	 52.0734	  0.5068	   0.0000	  0.0000	    0.8189	  0.9347	   0.8189	  0.7749	 14.4583	  0.0000	  0.0000
2018	182	   1	  0	181.0417	 93.8804	 -9.0193	   0.1415	    0.0000	   0.0000	  0.0000	  0.0000	  0.0000	  0.0000	  0.0000	  0.0000	331.0923	363.2250	352.2099	352.2099	352.2099	352.2099	  7.4625	 51.8872	  0.5102	   0.0000	  0.0000	    0.8189	  0.9347	   0.8189	  0.7736	 13.4042	  0.0000	  0.0000
2018	182	   2	  0	181.0833	 17.7107	 -7.5215	   2.5767	    0.0000	   0.0000	  0.0000	  0.0000	  0.0000	  0.0000	  0.0000	  0.0000	330.1512	356.5974	345.1272	345.1272	345.1272	345.1272	  6.1179	 51.8621	  0.5571	   0.0000	  0.0000	    0.8189	  0.9347	   0.8189	  0.7753	 12.0875	  0.0000	  0.0000
2018	182	   3	  0	181.1250	 31.1563	 -3.9080	  21.8960	    0.0000	   0.0000	  0.0000	  0.0000	  0.0000	  0.0000	  0.0000	  0.0000	328.7262	351.5570	335.3224	335.3224	335.3224	335.3224	  4.2739	 51.8643	  0.8399	   0.0000	  0.0000	    0.8189	  0.9347	   0.8189	  0.7754	 11.0750	  0.0000	  0.0000
2018	182	   4	  0	181.1667	 44.0538	  1.1619	  93.6165	   82.0578	  67.8824	 68.6111	  5.1404	 22.1500	 22.1500	 22.1500	 22.1500	329.4290	354.1436	333.6706	333.6706	334.8365	334.8365	  7.5827	 42.6137	  1.0000	   0.0134	  0.0445	    0.8189	  0.9347	   0.8189	  0.7754	 11.5583	  2.4939	  0.0000
2018	182	   5	  0	181.2083	 56.4280	  6.9918	 207.5388	  654.0247	 126.3773	200.5948	  9.7100	 42.4139	 42.4139	 44.5282	 46.3142	336.8785	363.4403	342.4601	342.6780	343.9520	343.9520	 13.1535	130.6606	  1.0000	   0.0064	  0.1250	    0.8189	  0.9347	   0.8189	  0.7801	 13.3917	  7.1430	  0.5137
2018	182	   6	  0	181.2500	 68.4693	 14.0013	 341.9927	  732.0075	 164.5875	333.2302	 14.1258	 56.4644	 56.4644	 80.9894	118.5434	340.2265	380.3893	356.9645	359.0318	357.5847	357.5847	 20.6819	259.2628	  1.0000	   0.0942	  0.2158	    0.8189	  0.9347	   0.8189	  0.7765	 15.8083	  9.7765	  2.9565
2018	182	   7	  0	181.2917	 80.5045	 21.6618	 477.9906	  762.5860	 196.4800	467.8033	 17.8777	 68.8201	 68.8201	 80.5008	142.8829	342.7212	395.4993	369.1917	374.8434	370.0674	370.0674	 25.1658	396.2212	  1.0000	   0.1062	  0.2990	    0.8189	  0.9347	   0.8189	  0.7691	 18.2458	 12.2981	  5.4781
2018	182	   8	  0	181.3333	 93.0146	 29.6101	 604.2425	  786.4278	 215.7538	593.3668	 22.4206	 84.5666	 77.6397	 78.4115	188.3117	345.3747	409.2100	379.5554	387.9563	379.1351	379.9751	 29.5173	531.1203	  1.0000	   0.1627	  0.3728	    0.8189	  0.9347	   0.8189	  0.7646	 19.6792	 14.6635	  7.8435
2018	182	   9	  0	181.3750	106.6559	 37.4586	 709.6719	  804.0720	 220.8980	698.8935	 26.8042	122.6070	 82.2559	 82.2559	213.9302	348.0268	420.6011	387.5064	397.8767	389.1674	387.5064	 33.3885	653.9822	  1.0000	   0.2172	  0.4356	    0.8189	  0.9347	   0.8189	  0.7634	 20.4333	 16.8310	 10.0110
2018	182	  10	  0	181.4167	122.2811	 44.7072	 790.0912	  815.0049	 217.0220	779.8659	 32.1564	175.1482	 84.4104	 84.4104	226.7526	351.7369	435.1536	396.7597	407.8560	402.9627	396.7597	 37.1786	756.3166	  1.0000	   0.2934	  0.4818	    0.8189	  0.9347	   0.8189	  0.7641	 21.1250	 18.7626	 11.9426
2018	182	  11	  0	181.4583	140.8387	 50.6675	 838.4217	  818.0802	 205.8721	829.0700	 38.7226	242.7801	 84.6322	 84.6322	212.4499	354.5424	454.8167	408.6640	417.7532	420.5250	408.6640	 40.6015	832.0775	  1.0000	   0.3952	  0.4997	    0.8189	  0.9347	   0.8189	  0.7630	 21.8875	 20.4243	 13.6043
2018	182	  12	  0	181.5000	162.7355	 54.4361	 846.7088	  835.6295	 166.9578	839.7781	 42.1819	293.4643	 75.8923	 75.8923	143.2156	356.9934	472.7062	419.5546	423.1612	436.7324	419.5546	 41.4085	875.7744	  1.0000	   0.4720	  0.5000	    0.8189	  0.9347	   0.8189	  0.7615	 22.6250	 21.7870	 14.9670
2018	182	  13	  0	181.5417	186.6712	 55.1702	 817.4787	  770.5777	 184.8863	809.3332	 42.2991	291.1293	106.0042	 80.0206	 82.3598	356.0048	480.7787	424.6514	424.3477	444.2074	425.7434	 41.2532	885.6911	  0.9862	   0.4861	  0.5000	    0.8189	  0.9347	   0.8189	  0.7560	 23.1167	 22.8265	 16.0065
2018	182	  14	  0	181.5833	209.7621	 52.6736	 753.9377	  682.2246	 211.2274	743.9264	 37.8896	240.4203	171.8624	 84.0609	 84.0609	355.0090	474.0896	421.5655	421.5655	438.8864	430.2583	 41.0190	858.2618	  0.9490	   0.4363	  0.5000	    0.8189	  0.9347	   0.8189	  0.7549	 22.9750	 23.2744	 16.5264
2018	182	  15	  0	181.6250	229.8342	 47.5679	 660.4602	  599.0834	 218.0059	649.6666	 30.4236	169.8740	184.1966	 81.5781	 81.5781	354.6685	459.3617	415.2180	415.2180	426.6751	429.2554	 37.9813	797.0759	  0.9140	   0.3367	  0.4942	    0.8189	  0.9347	   0.8189	  0.7528	 23.2958	 22.0269	 15.7330
2018	182	  16	  0	181.6667	246.6571	 40.7913	 540.7937	  504.8167	 210.3863	529.9989	 23.8010	114.0532	163.1302	 75.2542	 75.2542	352.3253	446.7685	409.8029	409.8029	415.1544	425.3940	 34.0483	706.7988	  0.8728	   0.2521	  0.4585	    0.8189	  0.9347	   0.8189	  0.7479	 23.5833	 19.9290	 14.2317
2018	182	  17	  0	181.7083	261.0621	 33.1370	 406.6156	  393.1943	 190.7143	396.5026	 18.1740	 75.5717	124.2270	 65.8470	 65.8470	350.1974	433.3478	403.0920	403.0920	403.5171	417.1514	 29.4527	591.3678	  0.8254	   0.1800	  0.4018	    0.8189	  0.9347	   0.8189	  0.7481	 23.2375	 17.1340	 12.1588
2018	182	  18	  0	181.7500	273.9840	 25.1756	 269.0827	  263.0533	 155.8408	260.5714	 13.3200	 52.5653	 84.8338	 54.2694	 52.3979	348.0113	424.4521	398.3277	399.2092	398.9175	409.6875	 25.3614	460.2375	  0.7618	   0.1346	  0.3328	    0.8189	  0.9347	   0.8189	  0.7482	 22.9375	 13.5465	  9.4893
2018	182	  19	  0	181.7917	286.1612	 17.3374	 142.0198	  113.8824	 106.4844	136.0402	  8.3789	 35.0232	 44.3985	 37.5061	 35.0232	345.9651	414.3213	394.5349	394.3974	394.3974	400.2527	 20.9687	322.1069	  0.6706	   0.0915	  0.2545	    0.8189	  0.9347	   0.8189	  0.7519	 22.1500	  9.2322	  6.3345
2018	182	  20	  0	181.8333	298.1484	  9.9853	  46.9571	   13.1979	  44.4851	 44.4105	  3.3851	 14.4353	 15.2327	 14.7988	 14.4353	344.4848	405.1358	390.4547	389.7227	389.7227	392.8454	 16.6867	187.2773	  0.5592	   0.0492	  0.1677	    0.8189	  0.9347	   0.8189	  0.7576	 21.0042	  6.9321	  4.5997
2018	182	  21	  0	181.8750	310.3439	  3.5286	   6.5377	    2.1415	   6.3619	  6.1725	  0.4815	  2.0759	  2.0867	  2.0866	  2.0759	343.0106	397.2500	385.4185	382.6260	382.6260	386.1849	 13.7376	 67.2178	  0.5714	   0.0139	  0.0842	    0.8189	  0.9347	   0.8189	  0.7618	 19.7417	  9.2445	  5.8400
2018	182	  22	  0	181.9167	322.9966	 -1.6834	   0.2979	    0.1787	   0.1720	  0.1634	  0.0130	  0.0562	  0.0562	  0.0562	  0.0562	338.8648	386.6145	374.0995	372.9034	372.9034	373.9590	 11.4884	 44.6837	  0.5781	   0.0000	  0.0022	    0.8189	  0.9347	   0.8189	  0.7669	 17.9083	  2.6764	  1.6337
2018	182	  23	  0	181.9583	336.2090	 -6.2773	   0.0000	    0.0000	   0.0000	  0.0000	  0.0000	  0.0000	  0.0000	  0.0000	  0.0000	336.0177	377.0248	365.3852	365.3852	365.3852	365.3852	  9.9660	 51.9190	  0.5075	   0.0000	  0.0000	    0.8189	  0.9347	   0.8189	  0.7714	 16.0875	  0.0000	  0.0000
2018	183	   0	  0	182.0000	349.9058	 -8.6447	   0.0000	    0.0000	   0.0000	  0.0000	  0.0000	  0.0000	  0.0000	  0.0000	  0.0000	334.2673	368.7100	357.5771	357.5771	357.5771	357.5771	  8.5022	 51.8544	  0.5075	   0.0000	  0.0000	    0.8189	  0.9347	   0.8189	  0.7745	 14.4792	  0.0000	  0.0000
2018	183	   1	  0	182.0417	 93.8374	 -9.0827	   0.0510	    0.0000	   0.0000	  0.0000	  0.0000	  0.0000	  0.0000	  0.0000	  0.0000	333.4811	361.9798	351.2376	351.2376	351.2376	351.2376	  7.3055	 51.6460	  0.5090	   0.0000	  0.0000	    0.8189	  0.9347	   0.8189	  0.7769	 13.1583	  0.0000	  0.0000
2018	183	   2	  0	182.0833	 17.6772	 -7.5912	   1.9965	    0.0000	   0.0000	  0.0000	  0.0000	  0.0000	  0.0000	  0.0000	  0.0000	332.2507	357.2197	346.0375	346.0375	346.0375	346.0375	  6.3135	 51.6431	  0.5467	   0.0000	  0.0000	    0.8189	  0.9347	   0.8189	  0.7774	 12.2125	  0.0000	  0.0000
2018	183	   3	  0	182.1250	 31.1322	 -3.9927	  20.9546	    0.0000	   0.0000	  0.0000	  0.0000	  0.0000	  0.0000	  0.0000	  0.0000	330.8426	353.5402	337.5024	337.5024	337.5024	337.5024	  4.7198	 51.6542	  0.8306	   0.0000	  0.0000	    0.8189	  0.9347	   0.8189	  0.7770	 11.4750	  0.0000	  0.0000
2018	183	   4	  0	182.1667	 44.0381	  1.0939	  91.9506	   74.4904	  67.2418	 67.5173	  5.0915	 21.9375	 21.9375	 21.9375	 21.9375	334.1802	357.4876	337.1787	337.1787	338.3570	338.3570	  8.2534	 41.6315	  1.0000	   0.0127	  0.0434	    0.8189	  0.9347	   0.8189	  0.7794	 12.2292	  2.4662	  0.0000
2018	183	   5	  0	182.2083	 56.4192	  6.9164	 206.7933	  648.3830	 127.0182	199.8071	  9.7542	 42.6017	 42.6017	 44.6373	 46.3603	339.6436	368.0163	346.8273	347.0398	348.3502	348.3502	 13.9678	129.2526	  1.0000	   0.0062	  0.1238	    0.8189	  0.9347	   0.8189	  0.7813	 14.2917	  7.1109	  0.4950
2018	183	   6	  0	182.2500	 68.4656	 13.9242	 342.7708	  731.2190	 166.5250	333.8924	 14.2586	 57.0668	 57.0668	 81.5269	118.9727	341.9442	383.3843	359.7887	361.8447	360.4302	360.4302	 21.2295	257.8476	  1.0000	   0.0940	  0.2149	    0.8189	  0.9347	   0.8189	  0.7769	 16.3833	  9.7448	  2.9248
2018	183	   7	  0	182.2917	 80.5042	 21.5842	 481.5717	  761.1942	 201.5277	471.0886	 18.2298	 70.4133	 70.4133	 82.0055	143.9789	347.0816	395.8883	370.1806	375.8030	371.0635	371.0635	 25.5354	394.0335	  1.0000	   0.1056	  0.2983	    0.8189	  0.9347	   0.8189	  0.7751	 18.3292	 12.2671	  5.4471
2018	183	   8	  0	182.3333	 93.0152	 29.5322	 612.5781	  786.9208	 224.7465	601.1831	 23.0686	 87.4146	 80.4958	 81.2641	190.8881	351.0862	410.3846	381.4475	389.8271	381.0218	381.8675	 30.1823	528.4432	  1.0000	   0.1621	  0.3722	    0.8189	  0.9347	   0.8189	  0.7722	 19.9042	 14.6334	  7.8134
2018	183	   9	  0	182.3750	106.6540	 37.3805	 721.9688	  810.5949	 230.0364	710.6776	 27.5260	125.8262	 85.2292	 85.2292	217.6075	348.1413	422.0843	388.7729	399.1328	390.4245	388.7729	 33.9687	653.3930	  1.0000	   0.2163	  0.4351	    0.8189	  0.9347	   0.8189	  0.7619	 20.7167	 16.8020	  9.9820
2018	183	  10	  0	182.4167	122.2706	 44.6292	 803.9000	  825.4679	 224.2634	793.2842	 32.8293	178.5298	 86.8565	 86.8565	230.7108	346.5206	438.1049	398.3056	409.4266	404.5197	398.3056	 37.7338	758.9731	  1.0000	   0.2923	  0.4814	    0.8189	  0.9347	   0.8189	  0.7524	 21.6583	 18.7348	 11.9148
2018	183	  11	  0	182.4583	140.8104	 50.5911	 855.2206	  832.5481	 212.1642	845.5486	 39.4955	247.4461	 86.9017	 86.9017	216.7323	343.8127	460.3145	411.2128	420.3662	423.1461	411.2128	 41.2916	839.5828	  1.0000	   0.3936	  0.4997	    0.8189	  0.9347	   0.8189	  0.7390	 22.8417	 20.3976	 13.5776
2018	183	  12	  0	182.5000	162.6793	 54.3645	 862.5298	  837.3069	 181.9926	854.7383	 43.2717	298.2581	 80.5248	 80.5248	147.8000	346.2896	477.2964	421.3266	424.9668	438.5891	421.3266	 42.0955	883.5218	  1.0000	   0.4706	  0.5000	    0.8189	  0.9347	   0.8189	  0.7384	 23.4083	 21.7611	 14.9411
2018	183	  13	  0	182.5417	186.5862	 55.1082	 826.3996	  803.2672	 167.4500	819.3592	 42.0919	295.5411	102.2100	 75.5959	 78.1364	352.4063	485.3189	427.5334	427.2328	447.1988	428.6029	 41.5025	889.2631	  0.9900	   0.4849	  0.5000	    0.8189	  0.9347	   0.8189	  0.7448	 23.8792	 22.8015	 15.9815
2018	183	  14	  0	182.5833	209.6612	 52.6235	 752.9192	  684.6146	 208.5809	743.0663	 37.7190	240.3344	170.8618	 83.2916	 83.2916	360.7278	479.8802	427.1289	427.1289	444.6199	435.8627	 41.7525	856.8185	  0.9494	   0.4353	  0.5000	    0.8189	  0.9347	   0.8189	  0.7580	 23.9292	 23.2774	 16.5216
2018	183	  15	  0	182.6250	229.7321	 47.5284	 654.2779	  573.8477	 230.5459	642.6903	 30.7752	169.8146	182.9482	 84.9526	 84.9526	374.4948	459.7635	418.8656	418.8656	430.1666	432.6183	 38.6954	787.2619	  0.9165	   0.3360	  0.4941	    0.8189	  0.9347	   0.8189	  0.7838	 23.4833	 21.6873	 15.4841
2018	183	  16	  0	182.6667	246.5610	 40.7588	 533.9317	  470.7909	 225.9739	522.1532	 24.4320	115.8759	161.3741	 79.5947	 79.5947	376.7533	443.1973	410.8402	410.8402	415.9730	425.7860	 34.5108	694.8840	  0.8761	   0.2517	  0.4584	    0.8189	  0.9347	   0.8189	  0.7905	 23.1375	 19.3341	 13.8013
2018	183	  17	  0	182.7083	260.9733	 33.1079	 399.8567	  358.2552	 203.1544	388.9536	 18.7771	 78.3513	122.4610	 69.3769	 69.3769	375.2551	428.6628	403.0244	403.0244	403.3710	416.2390	 29.7602	580.9890	  0.8261	   0.1795	  0.4016	    0.8189	  0.9347	   0.8189	  0.7926	 22.5667	 16.3784	 11.6178
2018	183	  18	  0	182.7500	273.9014	 25.1468	 263.2919	  231.2504	 163.7563	254.2720	 13.7339	 54.8073	 83.1738	 56.2467	 54.6485	374.3871	419.6414	397.9325	398.8670	398.5793	408.5053	 25.5778	451.6342	  0.7601	   0.1345	  0.3326	    0.8189	  0.9347	   0.8189	  0.7948	 22.2000	 12.7500	  8.9273
2018	183	  19	  0	182.7917	286.0836	 17.3064	 137.3244	   89.5447	 109.1683	131.1616	  8.5136	 35.7508	 43.0749	 37.6363	 35.7508	370.0075	409.6692	393.3761	393.4249	393.4249	398.5870	 20.9582	316.4526	  0.6637	   0.0910	  0.2542	    0.8189	  0.9347	   0.8189	  0.7940	 21.3875	  8.4787	  5.8147
2018	183	  20	  0	182.8333	298.0749	  9.9504	  44.2815	   10.6251	  42.2805	 41.8598	  3.2151	 13.7118	 14.3811	 14.0153	 13.7118	368.2147	400.2010	388.4466	387.7520	387.7520	390.7962	 16.4623	183.8633	  0.5497	   0.0497	  0.1673	    0.8189	  0.9347	   0.8189	  0.7978	 20.1042	  6.8575	  4.5469
2018	183	  21	  0	182.8750	310.2743	  3.4898	   5.5558	    1.2255	   5.4468	  5.2433	  0.4122	  1.7769	  1.7799	  1.7799	  1.7769	371.3255	393.4933	384.8216	382.0885	382.0885	385.5928	 13.8767	 65.4908	  0.5599	   0.0128	  0.0831	    0.8189	  0.9347	   0.8189	  0.8050	 19.0583	  9.1813	  5.7955
2018	183	  22	  0	182.9167	322.9316	 -1.7363	   0.2225	    0.1231	   0.1199	  0.1138	  0.0091	  0.0391	  0.0391	  0.0391	  0.0391	373.8680	387.1157	377.6248	376.4516	376.4516	377.4897	 12.4840	 43.6955	  0.5769	   0.0000	  0.0020	    0.8189	  0.9347	   0.8189	  0.8126	 18.0042	  2.6495	  1.6155
2018	183	  23	  0	182.9583	336.1499	 -6.3365	   0.0031	    0.0000	   0.0000	  0.0000	  0.0000	  0.0000	  0.0000	  0.0000	  0.0000	368.7916	381.8677	372.3318	372.3318	372.3318	372.3318	 11.5786	 51.0463	  0.5081	   0.0000	  0.0000	    0.8189	  0.9347	   0.8189	  0.8094	 17.0125	  0.0000	  0.0000
2018	184	   0	  0	183.0000	349.8545	 -8.7081	   0.0000	    0.0000	   0.0000	  0.0000	  0.0000	  0.0000	  0.0000	  0.0000	  0.0000	361.4001	376.8699	367.1205	367.1205	367.1205	367.1205	 10.5553	 51.1553	  0.5080	   0.0000	  0.0000	    0.8189	  0.9347	   0.8189	  0.8028	 16.0583	  0.0000	  0.0000
2018	184	   1	  0	183.0417	 93.7956	 -9.1528	   0.0612	    0.0000	   0.0000	  0.0000	  0.0000	  0.0000	  0.0000	  0.0000	  0.0000	360.7877	371.6845	362.1657	362.1657	362.1657	362.1657	  9.6420	 50.9722	  0.5098	   0.0000	  0.0000	    0.8189	  0.9347	   0.8189	  0.8036	 15.0583	  0.0000	  0.0000
2018	184	   2	  0	183.0833	 17.6458	 -7.6674	   1.9979	    0.0000	   0.0000	  0.0000	  0.0000	  0.0000	  0.0000	  0.0000	  0.0000	358.9994	366.5527	356.5830	356.5830	356.5830	356.5830	  8.5970	 50.9940	  0.5477	   0.0000	  0.0000	    0.8189	  0.9347	   0.8189	  0.8027	 14.0583	  0.0000	  0.0000
2018	184	   3	  0	183.1250	 31.1110	 -4.0848	  19.9498	    0.0000	   0.0000	  0.0000	  0.0000	  0.0000	  0.0000	  0.0000	  0.0000	356.0129	363.3916	348.8640	348.8640	348.8640	348.8640	  7.1741	 51.0433	  0.8272	   0.0000	  0.0000	    0.8189	  0.9347	   0.8189	  0.8002	 13.4375	  0.0000	  0.0000
2018	184	   4	  0	183.1667	 44.0259	  1.0205	  87.2527	   70.9587	  64.0767	 64.2478	  4.8517	 20.9068	 20.9068	 20.9068	 20.9068	360.0828	368.6713	350.0484	350.0484	351.2641	351.2641	 10.7471	 40.3010	  1.0000	   0.0119	  0.0422	    0.8189	  0.9347	   0.8189	  0.8035	 14.4375	  2.4674	  0.0000
2018	184	   5	  0	183.2083	 56.4144	  6.8356	 200.7819	  624.6636	 124.8075	193.9078	  9.5779	 41.8233	 41.8233	 43.7072	 45.3058	368.5382	381.0661	361.8637	362.0736	363.4555	363.4555	 16.7116	126.4267	  1.0000	   0.0059	  0.1225	    0.8189	  0.9347	   0.8189	  0.8093	 16.8083	  7.0758	  0.4746
2018	184	   6	  0	183.2500	 68.4666	 13.8420	 333.2404	  699.0726	 165.8056	324.3688	 14.1182	 56.6664	 56.6664	 80.0177	115.7410	378.7159	397.2216	376.7137	378.8000	377.4055	377.4055	 24.0670	252.5875	  1.0000	   0.0938	  0.2140	    0.8189	  0.9347	   0.8189	  0.8158	 18.9750	  9.7101	  2.8901
2018	184	   7	  0	183.2917	 80.5088	 21.5016	 466.3940	  726.1883	 200.1598	455.9354	 17.9654	 69.6990	 69.6990	 80.6802	139.5269	385.8618	408.6174	386.6347	392.3548	387.5620	387.5620	 28.1183	386.2248	  1.0000	   0.1050	  0.2975	    0.8189	  0.9347	   0.8189	  0.8188	 20.6667	 12.2331	  5.4131
2018	184	   8	  0	183.3333	 93.0212	 29.4494	 589.2752	  748.3783	 221.4553	577.9909	 22.4827	 85.5437	 78.9932	 79.7217	183.6001	392.0964	424.5134	399.6560	408.1936	399.2075	400.0905	 32.7382	517.6580	  1.0000	   0.1614	  0.3715	    0.8189	  0.9347	   0.8189	  0.8197	 22.4292	 14.6004	  7.7804
2018	184	   9	  0	183.3750	106.6577	 37.2973	 690.0942	  763.0014	 227.9861	678.8040	 26.7164	121.9043	 83.8299	 83.8299	208.0174	398.1883	435.5384	407.9092	418.4566	409.5706	407.9092	 36.4790	636.8036	  1.0000	   0.2154	  0.4345	    0.8189	  0.9347	   0.8189	  0.8243	 23.0833	 16.7702	  9.9502
2018	184	  10	  0	183.4167	122.2660	 44.5458	 768.1867	  775.7855	 224.2213	757.4336	 31.7944	171.7723	 85.8278	 85.8278	220.6903	398.6645	446.4816	413.6572	424.8957	419.9250	413.6572	 39.5675	737.4767	  1.0000	   0.2912	  0.4810	    0.8189	  0.9347	   0.8189	  0.8238	 23.1167	 18.7041	 11.8841
2018	184	  11	  0	183.4583	140.7874	 50.5087	 812.3587	  801.7927	 193.5283	803.6627	 37.1377	234.8556	 80.3138	 80.3138	204.8784	398.2775	463.7943	423.2117	432.4000	435.1743	423.2117	 42.1631	812.3707	  1.0000	   0.3919	  0.4996	    0.8189	  0.9347	   0.8189	  0.8208	 23.4625	 20.3681	 13.5481
2018	184	  12	  0	183.5000	162.6269	 54.2865	 803.7115	  733.9611	 208.0080	794.0927	 41.4506	275.5779	 85.4420	 85.4420	145.6065	399.0519	479.2154	431.9259	435.5820	449.2016	431.9259	 43.1504	855.2313	  0.9969	   0.4691	  0.5000	    0.8189	  0.9347	   0.8189	  0.8198	 23.7625	 21.7327	 14.9127
2018	184	  13	  0	183.5417	186.5023	 55.0393	 788.8735	  691.5183	 222.1171	778.3307	 42.0344	278.1011	112.2042	 89.0180	 91.1763	393.1629	490.6624	439.1779	438.8806	458.9726	440.2271	 43.5042	868.0146	  0.9730	   0.4836	  0.5000	    0.8189	  0.9347	   0.8189	  0.8050	 24.7667	 22.7739	 15.9539
2018	184	  14	  0	183.5833	209.5588	 52.5668	 732.9027	  639.6784	 224.8285	721.9741	 37.4109	233.4525	168.7515	 87.0380	 87.0380	380.1483	490.0328	439.2480	439.2480	456.6293	447.8300	 43.3235	849.4086	  0.9337	   0.4341	  0.5000	    0.8189	  0.9347	   0.8189	  0.7780	 25.7708	 22.7973	 16.1727
2018	184	  15	  0	183.6250	229.6270	 47.4825	 641.0037	  554.4217	 231.9269	629.2794	 30.3869	166.9571	179.3246	 84.9362	 84.9362	377.0394	468.6754	427.3661	427.3661	438.4319	440.7699	 39.6196	788.5005	  0.8986	   0.3352	  0.4939	    0.8189	  0.9347	   0.8189	  0.7776	 25.1875	 21.0075	 14.9920
2018	184	  16	  0	183.6667	246.4613	 40.7201	 522.4590	  449.1379	 228.7943	510.4624	 24.2941	114.8637	157.9559	 80.1128	 80.1128	381.9903	449.1737	417.2877	417.2877	422.2263	431.7083	 35.2873	693.9882	  0.8607	   0.2511	  0.4582	    0.8189	  0.9347	   0.8189	  0.7920	 24.3375	 18.6211	 13.2864
2018	184	  17	  0	183.7083	260.8808	 33.0727	 388.5742	  335.0421	 204.7559	377.5286	 18.6674	 78.0580	119.1042	 69.5912	 69.5912	381.8232	435.3656	410.3126	410.3126	410.5640	422.9070	 30.7136	579.6618	  0.8083	   0.1790	  0.4014	    0.8189	  0.9347	   0.8189	  0.7958	 23.8750	 15.6027	 11.0624
2018	184	  18	  0	183.7500	273.8154	 25.1119	 252.9848	  206.7382	 163.9412	243.9132	 13.6080	 54.6442	 80.0337	 55.8593	 54.4885	379.6126	423.5261	402.5375	403.5540	403.2614	412.4182	 26.1388	450.4254	  0.7390	   0.1342	  0.3324	    0.8189	  0.9347	   0.8189	  0.7988	 23.0042	 11.8688	  8.3063
2018	184	  19	  0	183.7917	286.0029	 17.2694	 130.6910	   70.5534	 108.3379	124.5533	  8.3977	 35.3752	 41.1236	 36.8142	 35.3752	380.0809	413.3844	398.0846	398.3082	398.3082	402.9024	 21.6710	314.4717	  0.6458	   0.0904	  0.2539	    0.8189	  0.9347	   0.8189	  0.8054	 22.1208	  7.7955	  5.3429
2018	184	  20	  0	183.8333	297.9988	  9.9093	  41.9871	    9.4788	  40.2068	 39.6837	  3.0565	 13.0363	 13.6414	 13.3097	 13.0363	381.1867	404.4557	393.6174	392.9443	392.9443	395.9816	 17.3735	182.1294	  0.5406	   0.0502	  0.1667	    0.8189	  0.9347	   0.8189	  0.8124	 20.8792	  6.8244	  4.5215
2018	184	  21	  0	183.8750	310.2026	  3.4448	   5.7925	    1.2930	   5.6869	  5.4661	  0.4304	  1.8550	  1.8600	  1.8600	  1.8550	380.4304	395.5341	387.3555	384.5818	384.5818	388.1426	 14.4236	 64.3988	  0.5707	   0.0114	  0.0819	    0.8189	  0.9347	   0.8189	  0.8154	 19.4500	  9.2614	  5.8394
2018	184	  22	  0	183.9167	322.8650	 -1.7965	   0.3021	    0.1640	   0.1450	  0.1377	  0.0110	  0.0476	  0.0476	  0.0476	  0.0476	378.5752	390.4482	381.0772	379.8681	379.8681	380.9429	 13.1461	 43.3265	  0.5819	   0.0000	  0.0018	    0.8189	  0.9347	   0.8189	  0.8168	 18.6292	  2.7104	  1.6509
2018	184	  23	  0	183.9583	336.0901	 -6.3979	   0.0052	    0.0000	   0.0000	  0.0000	  0.0000	  0.0000	  0.0000	  0.0000	  0.0000	376.5904	387.2027	377.8884	377.8884	377.8884	377.8884	 12.6572	 50.7265	  0.5087	   0.0000	  0.0000	    0.8189	  0.9347	   0.8189	  0.8164	 18.0208	  0.0000	  0.0000
2018	185	   0	  0	184.0000	349.8034	 -8.7783	   0.0000	    0.0000	   0.0000	  0.0000	  0.0000	  0.0000	  0.0000	  0.0000	  0.0000	375.5139	383.4927	374.3196	374.3196	374.3196	374.3196	 12.0077	 50.7181	  0.5086	   0.0000	  0.0000	    0.8189	  0.9347	   0.8189	  0.8164	 17.3208	  0.0000	  0.0000
2018	185	   1	  0	184.0417	 93.7550	 -9.2295	   0.0277	    0.0000	   0.0000	  0.0000	  0.0000	  0.0000	  0.0000	  0.0000	  0.0000	377.0440	380.0931	371.1923	371.1923	371.1923	371.1923	 11.4616	 50.5250	  0.5096	   0.0000	  0.0000	    0.8189	  0.9347	   0.8189	  0.8187	 16.6750	  0.0000	  0.0000
2018	185	   2	  0	184.0833	 17.6165	 -7.7499	   1.4258	    0.0000	   0.0000	  0.0000	  0.0000	  0.0000	  0.0000	  0.0000	  0.0000	378.7666	377.8027	368.7109	368.7109	368.7109	368.7109	 11.0366	 50.4915	  0.5373	   0.0000	  0.0000	    0.8189	  0.9347	   0.8189	  0.8207	 16.2375	  0.0000	  0.0000
2018	185	   3	  0	184.1250	 31.0927	 -4.1877	  15.1613	    0.0000	   0.0000	  0.0000	  0.0000	  0.0000	  0.0000	  0.0000	  0.0000	377.0533	376.2385	363.3209	363.3209	363.3209	363.3209	 10.0817	 50.5209	  0.7858	   0.0000	  0.0000	    0.8189	  0.9347	   0.8189	  0.8192	 15.9375	  0.0000	  0.0000
2018	185	   4	  0	184.1667	 44.0173	  0.9418	  70.7835	  119.7588	  50.2163	 53.2365	  3.8051	 16.4295	 16.4295	 16.4295	 16.4295	377.0361	378.2266	360.6073	360.6073	361.8512	361.8512	 12.2069	 39.0429	  1.0000	   0.0109	  0.0410	    0.8189	  0.9347	   0.8189	  0.8190	 16.2875	  2.6953	  0.0000
2018	185	   5	  0	184.2083	 56.4138	  6.7495	 185.6379	  636.0240	 109.8487	179.6227	  8.4426	 36.9456	 36.9456	 38.7364	 40.2610	379.4492	385.3333	366.9737	367.1755	368.5987	368.5987	 17.0063	124.3799	  1.0000	   0.0057	  0.1210	    0.8189	  0.9347	   0.8189	  0.8200	 17.6208	  7.0377	  0.4524
2018	185	   6	  0	184.2500	 68.4720	 13.7547	 321.0569	  691.6908	 156.4154	312.7139	 13.3781	 53.5842	 53.5842	 76.6361	111.9162	383.8577	398.4772	378.4745	380.5388	379.1870	379.1870	 23.9467	250.5279	  1.0000	   0.0935	  0.2130	    0.8189	  0.9347	   0.8189	  0.8213	 19.2125	  9.6723	  2.8523
2018	185	   7	  0	184.2917	 80.5184	 21.4141	 452.5294	  718.6281	 190.0745	442.6355	 17.1474	 66.3738	 66.3738	 77.1551	135.0870	387.5559	408.5031	386.7802	392.4606	387.7159	387.7159	 27.6805	384.4427	  1.0000	   0.1043	  0.2968	    0.8189	  0.9347	   0.8189	  0.8210	 20.6583	 12.1961	  5.3761
2018	185	   8	  0	184.3333	 93.0325	 29.3617	 578.1358	  743.8782	 213.4674	567.2982	 21.8051	 82.8772	 76.3616	 77.0767	179.9469	389.7087	418.9213	394.5108	402.9234	394.0745	394.9438	 31.6008	516.2670	  1.0000	   0.1606	  0.3709	    0.8189	  0.9347	   0.8189	  0.8201	 21.4625	 14.5645	  7.7445
2018	185	   9	  0	184.3750	106.6670	 37.2091	 685.6917	  769.5322	 220.4441	674.8472	 26.1750	119.8647	 81.5017	 81.5017	206.3672	384.2914	430.9111	401.8925	412.3198	403.5409	401.8925	 35.2884	639.6634	  1.0000	   0.2144	  0.4340	    0.8189	  0.9347	   0.8189	  0.8080	 22.3042	 16.7355	  9.9155
2018	185	  10	  0	184.4167	122.2671	 44.4571	 765.2435	  787.9978	 213.6004	755.1308	 31.1377	169.7261	 82.6760	 82.6760	219.2872	376.8103	445.9653	409.8590	421.0525	416.0997	409.8590	 38.6443	745.1910	  1.0000	   0.2899	  0.4806	    0.8189	  0.9347	   0.8189	  0.7922	 23.0625	 18.6707	 11.8507
2018	185	  11	  0	184.4583	140.7698	 50.4205	 809.9577	  822.7041	 175.6201	802.3514	 36.2638	233.5754	 75.2200	 75.2200	202.5665	372.4415	464.2094	419.4502	428.6237	431.3892	419.4502	 41.1561	823.5892	  1.0000	   0.3901	  0.4996	    0.8189	  0.9347	   0.8189	  0.7813	 23.5792	 20.3359	 13.5159
2018	185	  12	  0	184.5000	162.5782	 54.2021	 819.8944	  799.7920	 171.4270	812.5844	 40.8675	282.8931	 76.0181	 76.0181	141.6098	371.8590	480.0966	428.2302	431.8969	445.4883	428.2302	 42.2377	868.1917	  0.9985	   0.4674	  0.5000	    0.8189	  0.9347	   0.8189	  0.7772	 23.9542	 21.7016	 14.8816
2018	185	  13	  0	184.5417	186.4197	 54.9637	 794.4004	  716.5954	 207.6022	784.7701	 41.7575	281.0846	108.6811	 85.2605	 87.6244	369.2116	484.7953	430.6842	430.3938	450.2671	431.6916	 42.0653	878.0481	  0.9691	   0.4821	  0.5000	    0.8189	  0.9347	   0.8189	  0.7727	 23.8917	 22.7351	 15.9176
2018	185	  14	  0	184.5833	209.4552	 52.5032	 731.1321	  630.0019	 231.0753	719.8131	 37.5177	232.9888	168.6207	 88.6909	 88.6909	372.9249	478.8950	429.6048	429.6048	446.3251	437.7992	 41.9987	849.4030	  0.9317	   0.4328	  0.5000	    0.8189	  0.9347	   0.8189	  0.7765	 24.2333	 22.3272	 15.8309
2018	185	  15	  0	184.6250	229.5191	 47.4300	 636.4204	  539.8965	 238.4521	624.2776	 30.4928	166.4697	178.2487	 86.6327	 86.6327	378.2376	463.9965	424.1643	424.1643	434.8862	437.1137	 39.1711	786.0843	  0.8954	   0.3343	  0.4938	    0.8189	  0.9347	   0.8189	  0.7836	 24.6000	 20.5524	 14.6600
2018	185	  16	  0	184.6667	246.3582	 40.6752	 517.3769	  441.9032	 228.7164	505.3652	 24.1519	114.2102	156.3399	 79.9533	 79.9533	374.6309	448.0987	415.7249	415.7249	420.5239	429.7117	 34.8874	696.2988	  0.8511	   0.2505	  0.4579	    0.8189	  0.9347	   0.8189	  0.7809	 24.2750	 18.1919	 12.9738
2018	185	  17	  0	184.7083	260.7848	 33.0314	 384.7867	  330.2825	 203.8078	373.7844	 18.5369	 77.6224	117.8809	 69.2230	 69.2230	372.7676	433.7924	408.0306	408.0306	408.2497	420.2515	 30.1971	581.9321	  0.7994	   0.1784	  0.4012	    0.8189	  0.9347	   0.8189	  0.7830	 23.6750	 15.2606	 10.8141
2018	185	  18	  0	184.7500	273.7261	 25.0710	 252.8996	  211.2638	 162.1432	243.9380	 13.4907	 54.1121	 79.9661	 55.3308	 53.9470	372.5274	423.9535	402.0298	403.0525	402.7633	411.9861	 25.9601	451.6715	  0.7376	   0.1340	  0.3321	    0.8189	  0.9347	   0.8189	  0.7876	 23.0750	 11.9444	  8.3541
2018	185	  19	  0	184.7917	285.9192	 17.2263	 130.5185	   72.9173	 107.4437	124.4350	  8.3355	 35.1023	 41.0112	 36.5675	 35.1023	375.8155	413.8576	398.0408	398.2634	398.2634	402.9178	 21.6007	314.5723	  0.6454	   0.0898	  0.2535	    0.8189	  0.9347	   0.8189	  0.7987	 22.2042	  7.8596	  5.3835
2018	185	  20	  0	184.8333	297.9200	  9.8620	  40.9210	    9.1004	  39.2115	 38.6746	  2.9809	 12.7118	 13.3057	 12.9789	 12.7118	381.7194	404.8069	394.0405	393.3802	393.3802	396.4107	 17.4065	181.2827	  0.5362	   0.0506	  0.1661	    0.8189	  0.9347	   0.8189	  0.8128	 20.9417	  6.8140	  4.5109
2018	185	  21	  0	184.8750	310.1288	  3.3939	   5.1708	    1.0246	   5.0826	  4.8791	  0.3846	  1.6580	  1.6602	  1.6602	  1.6580	384.6047	396.2401	388.4889	385.7289	385.7289	389.2914	 14.6359	 63.3799	  0.5639	   0.0099	  0.0807	    0.8189	  0.9347	   0.8189	  0.8200	 19.5958	  9.2551	  5.8295
2018	185	  22	  0	184.9167	322.7971	 -1.8642	   0.1979	    0.0660	   0.0649	  0.0617	  0.0049	  0.0212	  0.0212	  0.0212	  0.0212	383.7488	390.9838	381.9800	381.4407	381.4407	381.9336	 13.4146	 47.0131	  0.5409	   0.0000	  0.0014	    0.8189	  0.9347	   0.8189	  0.8230	 18.7292	  1.2530	  0.7647
2018	185	  23	  0	184.9583	336.0297	 -6.4723	   0.0000	    0.0000	   0.0000	  0.0000	  0.0000	  0.0000	  0.0000	  0.0000	  0.0000	381.4870	386.2970	377.3718	377.3718	377.3718	377.3718	 12.6162	 50.4638	  0.5091	   0.0000	  0.0000	    0.8189	  0.9347	   0.8189	  0.8221	 17.8500	  0.0000	  0.0000
2018	186	   0	  0	185.0000	349.7527	 -8.8552	   0.0000	    0.0000	   0.0000	  0.0000	  0.0000	  0.0000	  0.0000	  0.0000	  0.0000	379.5879	383.0957	374.2146	374.2146	374.2146	374.2146	 12.0323	 50.4794	  0.5091	   0.0000	  0.0000	    0.8189	  0.9347	   0.8189	  0.8208	 17.2458	  0.0000	  0.0000
2018	186	   1	  0	185.0417	 93.7156	 -9.3128	   0.0977	    0.0000	   0.0000	  0.0000	  0.0000	  0.0000	  0.0000	  0.0000	  0.0000	379.6275	381.7127	372.8710	372.8710	372.8710	372.8710	 11.7918	 50.3437	  0.5115	   0.0000	  0.0000	    0.8189	  0.9347	   0.8189	  0.8211	 16.9833	  0.0000	  0.0000
2018	186	   2	  0	185.0833	 17.5894	 -7.8388	   1.3046	    0.0000	   0.0000	  0.0000	  0.0000	  0.0000	  0.0000	  0.0000	  0.0000	378.2537	381.3179	372.0361	372.0361	372.0361	372.0361	 11.6315	 50.3685	  0.5354	   0.0000	  0.0000	    0.8189	  0.9347	   0.8189	  0.8197	 16.9083	  0.0000	  0.0000
2018	186	   3	  0	185.1250	 31.0774	 -4.2979	   8.3598	    0.0000	   0.0000	  0.0000	  0.0000	  0.0000	  0.0000	  0.0000	  0.0000	376.5826	381.8001	370.2004	370.2004	370.2004	370.2004	 11.3087	 50.4010	  0.6754	   0.0000	  0.0000	    0.8189	  0.9347	   0.8189	  0.8179	 17.0000	  0.0000	  0.0000
2018	186	   4	  0	185.1667	 44.0123	  0.8577	  38.6004	  262.1980	  20.1475	 29.5849	  1.5422	  6.7282	  6.7282	  8.9777	  9.0214	372.6347	382.8984	364.6598	364.6598	365.9170	365.9170	 11.6583	 38.0263	  0.9808	   0.0101	  0.0395	    0.8189	  0.9347	   0.8189	  0.8134	 17.1625	  3.0422	  0.0000
2018	186	   5	  0	185.2083	 56.4173	  6.6583	 117.9542	  754.4745	  28.1514	116.6884	  2.2806	 10.5438	 10.5438	 12.5225	 14.2081	371.4091	384.7663	365.5157	365.7067	367.1542	367.1542	 13.0611	123.1286	  1.0000	   0.0055	  0.1195	    0.8189	  0.9347	   0.8189	  0.8113	 17.5167	  6.9966	  0.4284
2018	186	   6	  0	185.2500	 68.4821	 13.6624	 190.7323	  540.5994	  68.5924	187.2693	  6.3549	 24.4655	 24.4655	 43.4276	 70.4759	372.1836	392.1100	371.8468	373.7055	372.6256	372.6256	 18.1043	250.0426	  0.9702	   0.0933	  0.2120	    0.8189	  0.9347	   0.8189	  0.8102	 18.0792	  9.1311	  2.6312
2018	186	   7	  0	185.2917	 80.5329	 21.3217	 179.0048	  110.2224	 141.5595	171.0171	 11.0625	 46.3048	 46.3048	 48.1701	 55.6539	371.8936	389.9611	374.8026	376.7697	376.2803	376.2803	 19.4584	384.6065	  0.6776	   0.1036	  0.2960	    0.8189	  0.9347	   0.8189	  0.8101	 18.0750	  4.7065	  2.0105
2018	186	   8	  0	185.3333	 93.0491	 29.2692	 159.8365	   14.1133	 152.9407	151.0751	 11.6773	 49.2139	 49.0873	 49.1036	 51.0325	371.9622	388.8248	378.3506	378.5735	377.4880	378.8134	 19.7046	516.9324	  0.4667	   0.1598	  0.3702	    0.8189	  0.9347	   0.8189	  0.8108	 17.9083	  2.6147	  1.3834
2018	186	   9	  0	185.3750	106.6821	 37.1159	 275.5544	   44.5348	 247.8067	261.4235	 19.3529	 82.1545	 79.4629	 79.4629	 86.9621	372.9173	392.2940	380.0907	380.3762	378.8762	380.0907	 24.3737	637.9344	  0.5517	   0.2134	  0.4334	    0.8189	  0.9347	   0.8189	  0.8109	 18.2708	  3.2046	  1.9043
2018	186	  10	  0	185.4167	122.2740	 44.3631	 468.7685	  226.8513	 308.8186	451.6497	 27.7707	127.9297	101.7964	101.7964	140.9145	373.5709	404.9613	385.1614	388.5254	386.6931	385.1614	 30.5529	739.8774	  0.7280	   0.2886	  0.4801	    0.8189	  0.9347	   0.8189	  0.8086	 18.9333	  8.0693	  5.1307
2018	186	  11	  0	185.4583	140.7575	 50.3265	 617.6531	  397.4035	 311.4175	600.9581	 34.6266	183.4333	106.8536	106.8536	168.0553	374.0801	425.5578	395.9005	400.7955	402.5395	395.9005	 35.7242	815.7513	  0.8342	   0.3882	  0.4995	    0.8189	  0.9347	   0.8189	  0.8046	 19.8417	 13.1557	  8.7407
2018	186	  12	  0	185.5000	162.5335	 54.1113	 685.7044	  459.4654	 313.2544	669.1632	 39.7038	229.0943	109.9096	109.9096	146.0896	375.3886	439.4448	403.2918	405.1549	414.4003	403.2918	 38.0431	858.8886	  0.8649	   0.4656	  0.5000	    0.8189	  0.9347	   0.8189	  0.8044	 20.1375	 15.5224	 10.6418
2018	186	  13	  0	185.5417	186.3384	 54.8814	 774.4560	  633.0092	 256.7293	761.7322	 42.3119	270.3801	119.5931	 97.8302	 99.6677	378.1724	458.9272	412.1592	411.8608	430.0775	413.0961	 39.9690	866.8629	  0.9581	   0.4806	  0.5000	    0.8189	  0.9347	   0.8189	  0.8055	 20.2167	 21.7379	 15.2133
2018	186	  14	  0	185.5833	209.3504	 52.4329	 743.8369	  625.3822	 247.9317	731.5330	 38.5595	236.8533	172.7531	 93.7469	 93.7469	379.2920	456.4043	411.5446	411.5446	427.8690	419.5093	 40.0682	839.8453	  0.9569	   0.4314	  0.5000	    0.8189	  0.9347	   0.8189	  0.8055	 20.5083	 22.5213	 15.9595
2018	186	  15	  0	185.6250	229.4085	 47.3710	 637.0071	  510.7078	 260.7690	623.4967	 31.4813	168.6933	179.3054	 92.9775	 92.9775	376.8021	437.3752	402.1834	402.1834	411.9912	413.9417	 36.3911	779.9769	  0.9025	   0.3333	  0.4937	    0.8189	  0.9347	   0.8189	  0.8034	 20.4375	 19.6777	 14.0284
2018	186	  16	  0	185.6667	246.2517	 40.6239	 515.5550	  410.3914	 247.7304	502.3691	 25.0799	117.3179	156.1620	 85.4240	 85.4240	375.3503	424.1101	395.9290	395.9290	400.2276	408.5193	 32.2741	690.3652	  0.8550	   0.2498	  0.4577	    0.8189	  0.9347	   0.8189	  0.8025	 20.4083	 17.2174	 12.2722
2018	186	  17	  0	185.7083	260.6854	 32.9839	 382.1804	  301.3895	 217.1329	370.3501	 19.2631	 80.8699	117.3783	 73.1125	 73.1125	375.6630	413.5085	391.2178	391.2178	391.3441	402.1694	 27.8667	576.8051	  0.8009	   0.1777	  0.4009	    0.8189	  0.9347	   0.8189	  0.8045	 20.2833	 14.3409	 10.1569
2018	186	  18	  0	185.7500	273.6335	 25.0240	 245.9952	  175.4281	 170.4033	236.4996	 13.9161	 56.4352	 78.0001	 57.3455	 56.2811	374.0101	403.9469	385.1023	386.1663	385.8894	393.6558	 23.3116	448.0272	  0.7265	   0.1337	  0.3317	    0.8189	  0.9347	   0.8189	  0.8058	 19.6667	 10.6779	  7.4647
2018	186	  19	  0	185.7917	285.8327	 17.1770	 117.8775	   40.7234	 104.9031	111.9003	  8.0550	 34.0965	 37.4701	 34.9127	 34.0965	373.8108	396.0976	382.4616	382.9180	382.9180	386.4185	 18.6840	312.6309	  0.6076	   0.0891	  0.2531	    0.8189	  0.9347	   0.8189	  0.8087	 19.0833	  6.6514	  4.5507
2018	186	  20	  0	185.8333	297.8388	  9.8085	  36.0175	    6.3538	  34.8262	 34.0210	  2.6449	 11.2834	 11.7049	 11.4722	 11.2834	376.8474	391.9140	382.0724	381.4566	381.4566	384.3552	 15.0881	180.2924	  0.5122	   0.0510	  0.1654	    0.8189	  0.9347	   0.8189	  0.8138	 18.5750	  6.7140	  4.4404
2018	186	  21	  0	185.8750	310.0531	  3.3369	   4.6217	    0.7051	   4.5630	  4.3597	  0.3453	  1.4882	  1.4899	  1.4898	  1.4882	376.6005	386.5827	378.8716	376.1386	376.1386	379.6715	 12.8356	 62.4628	  0.5627	   0.0082	  0.0793	    0.8189	  0.9347	   0.8189	  0.8146	 17.8125	  9.2961	  5.8480
2018	186	  22	  0	185.9167	322.7279	 -1.9393	   0.3312	    0.0701	   0.0689	  0.0654	  0.0052	  0.0225	  0.0225	  0.0225	  0.0225	372.0931	383.6236	374.1367	373.5782	373.5782	374.0909	 11.8943	 46.9817	  0.5469	   0.0000	  0.0013	    0.8189	  0.9347	   0.8189	  0.8123	 17.3458	  1.3034	  0.7944
2018	186	  23	  0	185.9583	335.9688	 -6.5502	   0.0208	    0.0000	   0.0000	  0.0000	  0.0000	  0.0000	  0.0000	  0.0000	  0.0000	369.3649	381.6693	372.1548	372.1548	372.1548	372.1548	 11.5535	 50.5415	  0.5099	   0.0000	  0.0000	    0.8189	  0.9347	   0.8189	  0.8101	 16.9750	  0.0000	  0.0000
2018	187	   0	  0	186.0000	349.1213	 -8.8902	   0.0000	    0.0000	   0.0000	  0.0000	  0.0000	  0.0000	  0.0000	  0.0000	  0.0000	366.7463	379.6991	370.1262	370.1262	370.1262	370.1262	 11.1591	 50.5844	  0.5095	   0.0000	  0.0000	    0.8189	  0.9347	   0.8189	  0.8079	 16.6000	  0.0000	  0.0000
