Year	DOY	Hour	Min	 Dectime	 azimuth	altitude	GlobalRad	DiffuseRad	DirectRad	 Kdown2d	   Kup2d	  Ksouth	   Kwest	  Knorth	   Keast	 Ldown2d	   Lup2d	  Lsouth	   Lwest	  Lnorth	   Least	    Tmrt	      I0	      CI	SH_Ground	SH_Walls	SVF_Ground	SVF_Roof	SVF_BdVeg	Emis_Sky	      Ta	      Tg	      Tw
2018	179	   0	  0	178.0000	356.4720	 -8.9741	   0.0200	    0.0000	   0.0000	  0.0000	  0.0000	  0.0000	  0.0000	  0.0000	  0.0000	400.4494	391.8993	384.3305	384.3305	384.3305	384.3305	 14.0414	 51.3861	  0.5056	   0.0000	  0.0000	    0.7536	  0.9163	   0.7536	  0.8405	 18.9000	  0.0000	  0.0000
2018	179	   1	  0	178.0417	 94.0155	 -8.8762	   0.1496	    0.0000	   0.0000	  0.0000	  0.0000	  0.0000	  0.0000	  0.0000	  0.0000	397.2508	390.4482	382.7320	382.7320	382.7320	382.7320	 13.7270	 51.4469	  0.5081	   0.0000	  0.0000	    0.7536	  0.9163	   0.7536	  0.8374	 18.6292	  0.0000	  0.0000
2018	179	   2	  0	178.0833	 17.8232	 -7.3584	   2.4581	    0.0000	   0.0000	  0.0000	  0.0000	  0.0000	  0.0000	  0.0000	  0.0000	393.1069	386.6275	378.3570	378.3570	378.3570	378.3570	 12.9150	 51.5235	  0.5529	   0.0000	  0.0000	    0.7536	  0.9163	   0.7536	  0.8337	 17.9125	  0.0000	  0.0000
2018	179	   3	  0	178.1250	 31.2455	 -3.6931	  20.5810	    0.0000	   0.0000	  0.0000	  0.0000	  0.0000	  0.0000	  0.0000	  0.0000	394.1653	384.1521	372.9933	372.9933	372.9933	372.9933	 12.0059	 51.5047	  0.8350	   0.0000	  0.0000	    0.7536	  0.9163	   0.7536	  0.8349	 17.4458	  0.0000	  0.0000
2018	179	   4	  0	178.1667	 44.1214	  1.3294	  85.2542	  123.8535	  64.6801	 66.8581	  4.5683	 18.6250	 18.6250	 18.6250	 18.6250	397.2043	386.9239	371.7434	371.7434	373.9894	373.9894	 14.8281	 40.1757	  1.0000	   0.0096	  0.0353	    0.7536	  0.9163	   0.7536	  0.8377	 17.9417	  3.0071	  0.0000
2018	179	   5	  0	178.2083	 56.4775	  7.1819	 193.9660	  623.5042	 115.0554	185.8863	  8.2221	 34.3582	 34.3582	 34.5665	 34.7505	401.4536	395.0805	379.3771	379.6720	382.0260	382.0260	 19.0097	131.0760	  1.0000	   0.0007	  0.0869	    0.7536	  0.9163	   0.7536	  0.8408	 19.4833	  7.2185	  0.5633
2018	179	   6	  0	178.2500	 68.5051	 14.1986	 323.6306	  681.8729	 156.0723	312.9745	 12.4028	 47.8217	 47.8217	 66.9102	 96.0693	399.9664	411.1460	393.2336	395.8576	394.8190	394.8190	 25.4973	257.1263	  1.0000	   0.0786	  0.1643	    0.7536	  0.9163	   0.7536	  0.8334	 21.6458	  9.8516	  3.0316
2018	179	   7	  0	178.2917	 80.5318	 21.8629	 456.5967	  712.4865	 191.2494	443.8402	 15.0182	 59.7340	 59.7340	 63.9890	 90.4978	400.5894	419.1159	400.3533	407.3759	402.2789	402.2789	 28.1271	390.7753	  1.0000	   0.0473	  0.2341	    0.7536	  0.9163	   0.7536	  0.8275	 23.2417	 12.3720	  5.5520
2018	179	   8	  0	178.3333	 93.0401	 29.8139	 581.4260	  734.4824	 216.3434	567.3219	 19.4244	 73.6779	 69.3851	 69.9284	140.5607	407.8707	429.8873	409.7120	419.4063	408.7732	410.4412	 32.4248	520.5648	  1.0000	   0.1122	  0.2879	    0.7536	  0.9163	   0.7536	  0.8326	 24.0792	 14.7356	  7.9156
2018	179	   9	  0	178.3750	106.6899	 37.6639	 687.2823	  755.7027	 225.6887	672.9745	 22.5704	 99.9058	 74.6314	 74.6314	156.7824	409.1035	438.9070	416.7464	428.6020	417.9290	416.7464	 35.5598	640.5610	  1.0000	   0.1446	  0.3462	    0.7536	  0.9163	   0.7536	  0.8293	 24.8333	 16.9010	 10.0810
2018	179	  10	  0	178.4167	122.3404	 44.9120	 766.0317	  774.0369	 219.7598	752.5860	 25.0881	128.2199	 75.5720	 75.5720	158.3962	402.6418	449.1714	422.7151	435.4335	429.4630	422.7151	 37.8605	744.6153	  1.0000	   0.1801	  0.4023	    0.7536	  0.9163	   0.7536	  0.8137	 25.6333	 18.8304	 12.0104
2018	179	  11	  0	178.4583	140.9489	 50.8664	 811.1337	  822.3745	 172.9204	801.6005	 26.4698	159.8095	 65.9997	 65.9997	141.3116	396.6225	460.6773	428.8046	438.9990	442.4407	428.8046	 39.0402	822.5813	  1.0000	   0.2333	  0.4439	    0.7536	  0.9163	   0.7536	  0.7995	 26.1625	 20.4899	 13.6699
2018	179	  12	  0	178.5000	162.9222	 54.6183	 822.4575	  801.2188	 169.4238	813.2563	 28.6462	184.7717	 66.2435	 66.2435	103.1478	391.2088	467.2594	431.3545	434.7817	451.3164	431.3545	 39.1564	868.0726	  0.9985	   0.2695	  0.4708	    0.7536	  0.9163	   0.7536	  0.7896	 26.1375	 21.8505	 15.0305
2018	179	  13	  0	178.5417	186.9325	 55.3224	 796.4375	  720.9132	 203.5272	784.4219	 30.0106	186.7998	 88.2236	 74.0983	 75.2351	386.6072	470.3745	432.7483	432.1383	455.4394	433.4954	 39.2217	878.5549	  0.9700	   0.2785	  0.4750	    0.7536	  0.9163	   0.7536	  0.7809	 26.1625	 22.8885	 16.0685
2018	179	  14	  0	178.5833	210.0593	 52.7892	 726.1021	  617.0404	 234.1359	711.3245	 28.3559	160.6012	124.9483	 79.2059	 79.2059	391.6180	466.2770	432.1754	432.1754	451.1059	441.1799	 39.3003	848.1609	  0.9260	   0.2515	  0.4573	    0.7536	  0.9163	   0.7536	  0.7888	 26.2458	 22.2742	 15.8309
2018	179	  15	  0	178.6250	230.1273	 47.6518	 585.1885	  423.2714	 271.8546	566.7350	 25.3267	121.6602	127.7942	 84.3155	 84.3155	394.0488	452.0337	426.4104	426.4104	435.2994	437.6619	 36.6626	784.4181	  0.8310	   0.2017	  0.4227	    0.7536	  0.9163	   0.7536	  0.7972	 26.0917	 16.8620	 12.0557
2018	179	  16	  0	178.6667	246.9287	 40.8541	 491.1592	  374.6598	 245.9276	474.2736	 21.2917	 93.4717	117.5311	 75.1549	 75.1549	393.0990	443.0704	420.3442	420.3442	424.0218	433.8886	 33.6889	693.3299	  0.8163	   0.1636	  0.3712	    0.7536	  0.9163	   0.7536	  0.8008	 25.3500	 16.1721	 11.5602
2018	179	  17	  0	178.7083	261.3108	 33.1891	 383.1725	  312.5163	 211.3322	368.4669	 16.9773	 68.5828	 94.1496	 63.6098	 63.6098	401.6097	432.9835	414.4712	414.4712	413.6968	427.8829	 30.2178	576.2549	  0.8028	   0.1183	  0.3127	    0.7536	  0.9163	   0.7536	  0.8194	 24.4750	 15.1134	 10.7360
2018	179	  18	  0	178.7500	274.2139	 25.2254	 253.0598	  202.1666	 165.8276	241.2815	 12.5265	 48.9682	 65.0810	 49.7024	 48.8944	393.9505	424.8963	407.1768	408.9911	408.4902	418.6027	 26.1975	449.5870	  0.7397	   0.0850	  0.2554	    0.7536	  0.9163	   0.7536	  0.8132	 23.8208	 11.8832	  8.3339
2018	179	  19	  0	178.7917	286.3770	 17.3917	 132.9092	   78.2553	 108.1091	125.0694	  7.7382	 31.2612	 34.1512	 32.1141	 31.2612	380.4930	416.4724	401.8021	402.7530	402.7530	407.6383	 21.8209	317.2419	  0.6483	   0.0557	  0.1946	    0.7536	  0.9163	   0.7536	  0.7995	 22.9583	  8.0979	  5.5638
2018	179	  20	  0	178.8333	298.3535	 10.0496	  43.2283	   10.5230	  41.2408	 40.2001	  2.9206	 11.7818	 12.2841	 12.0072	 11.7818	371.0406	408.6424	396.8431	396.8085	396.8085	399.5876	 17.7403	185.9282	  0.5404	   0.0345	  0.1226	    0.7536	  0.9163	   0.7536	  0.7922	 21.7417	  6.8539	  4.5550
2018	179	  21	  0	178.8750	310.5397	  3.6045	   6.0204	    1.5588	   5.8871	  5.5874	  0.4152	  1.6886	  1.6934	  1.6934	  1.6886	372.1488	400.5832	391.8787	389.4770	389.4770	392.7364	 15.1381	 67.7753	  0.5601	   0.0102	  0.0603	    0.7536	  0.9163	   0.7536	  0.7991	 20.3958	  9.0777	  5.7487
2018	179	  22	  0	178.9167	323.1822	 -1.5746	   0.2792	    0.1675	   0.1634	  0.1528	  0.0115	  0.0469	  0.0469	  0.0469	  0.0469	379.6899	392.6648	384.0903	382.8338	382.8338	383.9151	 13.6744	 44.8084	  0.5732	   0.0000	  0.0016	    0.7536	  0.9163	   0.7536	  0.8162	 19.0417	  2.6368	  1.6135
2018	179	  23	  0	178.9583	336.3814	 -6.1426	   0.0000	    0.0000	   0.0000	  0.0000	  0.0000	  0.0000	  0.0000	  0.0000	  0.0000	380.7622	387.2027	378.6772	378.6772	378.6772	378.6772	 12.8354	 51.7874	  0.5052	   0.0000	  0.0000	    0.7536	  0.9163	   0.7536	  0.8205	 18.0208	  0.0000	  0.0000
2018	180	   0	  0	179.0000	350.0604	 -8.5019	   0.0000	    0.0000	   0.0000	  0.0000	  0.0000	  0.0000	  0.0000	  0.0000	  0.0000	372.8907	387.2246	378.1851	378.1851	378.1851	378.1851	 12.6650	 51.9354	  0.5052	   0.0000	  0.0000	    0.7536	  0.9163	   0.7536	  0.8113	 18.0250	  0.0000	  0.0000
2018	180	   1	  0	179.0417	 93.9695	 -8.9195	   0.1531	    0.0000	   0.0000	  0.0000	  0.0000	  0.0000	  0.0000	  0.0000	  0.0000	358.6459	389.2670	379.0611	379.0611	379.0611	379.0611	 12.6723	 52.0460	  0.5089	   0.0000	  0.0000	    0.7536	  0.9163	   0.7536	  0.7920	 18.4083	  0.0000	  0.0000
2018	180	   2	  0	179.0833	 17.7839	 -7.4085	   2.9312	    0.0000	   0.0000	  0.0000	  0.0000	  0.0000	  0.0000	  0.0000	  0.0000	345.8250	385.4367	373.8063	373.8063	373.8063	373.8063	 11.6029	 52.3242	  0.5619	   0.0000	  0.0000	    0.7536	  0.9163	   0.7536	  0.7772	 17.6875	  0.0000	  0.0000
2018	180	   3	  0	179.1250	 31.2132	 -3.7616	  23.7140	    0.0000	   0.0000	  0.0000	  0.0000	  0.0000	  0.0000	  0.0000	  0.0000	338.3355	376.7012	360.8655	360.8655	360.8655	360.8655	  9.2109	 52.4033	  0.8578	   0.0000	  0.0000	    0.7536	  0.9163	   0.7536	  0.7734	 16.0250	  0.0000	  0.0000
2018	180	   4	  0	179.1667	 44.0955	  1.2774	  89.7579	  147.5954	  66.0452	 69.3315	  4.6661	 19.0366	 19.0366	 19.0366	 19.0366	336.3376	373.6657	353.6375	353.6375	355.8043	355.8043	 11.0572	 40.2989	  1.0000	   0.0091	  0.0347	    0.7536	  0.9163	   0.7536	  0.7729	 15.4167	  3.0136	  0.0000
2018	180	   5	  0	179.2083	 56.4568	  7.1227	 187.3952	  692.2794	 100.9761	180.3904	  7.2393	 30.4562	 30.4562	 30.6530	 30.8265	334.5874	374.2293	353.6074	353.8815	356.1241	356.1241	 13.4116	133.6374	  1.0000	   0.0006	  0.0862	    0.7536	  0.9163	   0.7536	  0.7698	 15.5458	  7.1959	  0.5482
2018	180	   6	  0	179.2500	 68.4882	 14.1372	 383.6417	  742.4601	 201.9065	369.6802	 15.7484	 61.1175	 61.1175	 81.8378	113.4921	335.2157	381.6665	359.7660	362.2261	361.2207	361.2207	 21.5689	262.7169	  1.0000	   0.0784	  0.1639	    0.7536	  0.9163	   0.7536	  0.7666	 16.2042	  9.8293	  3.0093
2018	180	   7	  0	179.2917	 80.5169	 21.8006	 499.7950	  775.7232	 211.7146	485.6451	 16.5836	 66.0168	 66.0168	 70.6220	 99.2789	338.2023	385.0350	362.9797	369.5427	364.7256	364.7256	 22.7428	399.2897	  1.0000	   0.0469	  0.2335	    0.7536	  0.9163	   0.7536	  0.7657	 17.0167	 12.3503	  5.5303
2018	180	   8	  0	179.3333	 93.0250	 29.7512	 620.2725	  796.6683	 225.0783	605.6761	 20.3774	 77.1577	 72.5321	 73.1271	149.6588	342.8200	396.3039	372.3521	381.4931	371.4907	373.0188	 26.9952	533.3207	  1.0000	   0.1120	  0.2874	    0.7536	  0.9163	   0.7536	  0.7659	 18.0667	 14.7146	  7.8946
2018	180	   9	  0	179.3750	106.6713	 37.6014	 724.5892	  813.5914	 228.3968	710.2556	 23.2419	103.3326	 76.2209	 76.2209	164.5049	346.3452	405.8365	380.0900	391.3097	381.2520	380.0900	 30.2972	655.9744	  1.0000	   0.1442	  0.3458	    0.7536	  0.9163	   0.7536	  0.7649	 19.0167	 16.8809	 10.0609
2018	180	  10	  0	179.4167	122.3130	 44.8505	 804.6000	  826.7410	 221.8004	791.1874	 25.8483	133.1575	 77.0704	 77.0704	165.4370	346.6659	413.2624	384.6535	396.6548	391.0355	384.6535	 32.5738	759.2132	  1.0000	   0.1796	  0.4019	    0.7536	  0.9163	   0.7536	  0.7617	 19.4167	 18.8110	 11.9910
2018	180	  11	  0	179.4583	140.9052	 50.8080	 853.0533	  830.8447	 209.3447	840.8643	 29.1108	170.5530	 76.2616	 76.2616	152.7208	348.2442	425.1885	392.3348	401.9929	405.2161	392.3348	 34.7781	835.4433	  1.0000	   0.2328	  0.4435	    0.7536	  0.9163	   0.7536	  0.7588	 20.1417	 20.4713	 13.6513
2018	180	  12	  0	179.5000	162.8556	 54.5664	 860.1140	  835.0383	 179.7185	850.2918	 30.0426	193.4255	 69.8975	 69.8975	107.8341	348.4310	436.0422	399.3681	402.6883	418.3555	399.3681	 35.0386	880.4369	  1.0000	   0.2689	  0.4705	    0.7536	  0.9163	   0.7536	  0.7531	 20.9250	 21.8327	 15.0127
2018	180	  13	  0	179.5417	186.8451	 55.2809	 833.0752	  803.6133	 172.4804	823.6868	 29.5782	193.0656	 83.1141	 67.5241	 68.8349	345.7192	442.3730	403.4126	402.8516	425.1218	404.1334	 34.7352	891.6058	  0.9934	   0.2780	  0.4748	    0.7536	  0.9163	   0.7536	  0.7438	 21.5250	 22.8712	 16.0512
2018	180	  14	  0	179.5833	209.9637	 52.7595	 767.6838	  715.0828	 198.1853	755.9441	 27.6404	165.3954	124.6424	 71.4329	 71.4329	347.8418	443.9212	406.3501	406.3501	425.7996	415.8750	 35.4257	864.0319	  0.9587	   0.2512	  0.4571	    0.7536	  0.9163	   0.7536	  0.7420	 22.2333	 23.5375	 16.7265
2018	180	  15	  0	179.6250	230.0349	 47.6318	 668.4963	  616.8381	 212.3644	655.1426	 23.9161	125.7450	134.8141	 71.4892	 71.4892	350.0503	437.7095	404.6976	404.6976	417.4116	420.5540	 33.7615	800.8916	  0.9198	   0.2016	  0.4225	    0.7536	  0.9163	   0.7536	  0.7442	 22.5458	 22.4384	 16.0386
2018	180	  16	  0	179.6667	246.8439	 40.8403	 545.3215	  510.9689	 210.5160	531.4946	 20.2459	 92.6562	125.1743	 67.4504	 67.4504	349.3544	429.8793	401.1772	401.1772	406.5284	418.5116	 30.9034	708.4785	  0.8772	   0.1635	  0.3711	    0.7536	  0.9163	   0.7536	  0.7453	 22.4458	 20.0458	 14.3256
2018	180	  17	  0	179.7083	261.2334	 33.1781	 408.6377	  387.9675	 195.2260	395.3275	 16.3464	 66.2763	 97.9179	 60.0178	 60.0178	359.1244	421.5341	398.5192	398.5192	398.1509	413.9404	 27.5760	588.3795	  0.8321	   0.1182	  0.3126	    0.7536	  0.9163	   0.7536	  0.7647	 22.2375	 17.1145	 12.1543
2018	180	  18	  0	179.7500	274.1420	 25.2146	 268.6896	  249.1315	 161.0753	257.3638	 12.3951	 48.0928	 68.1383	 48.9725	 47.9944	361.8981	414.0769	393.5749	395.2603	394.7820	406.2158	 23.9471	456.2274	  0.7654	   0.0854	  0.2552	    0.7536	  0.9163	   0.7536	  0.7744	 21.7750	 13.2483	  9.2890
2018	180	  19	  0	179.7917	286.3091	 17.3790	 135.4973	   86.6329	 108.0088	127.6784	  7.7416	 31.2855	 34.4074	 32.2012	 31.2855	351.1861	406.8412	390.3592	391.2418	391.2418	396.2505	 19.6944	321.3762	  0.6508	   0.0549	  0.1946	    0.7536	  0.9163	   0.7536	  0.7632	 21.2292	  8.2826	  5.6893
2018	180	  20	  0	179.8333	298.2884	 10.0332	  46.8062	   12.7888	  44.4194	 43.5459	  3.1469	 12.6958	 13.2815	 12.9585	 12.6958	343.9039	400.7238	387.0911	387.0206	387.0206	389.8308	 15.9431	188.1610	  0.5577	   0.0351	  0.1225	    0.7536	  0.9163	   0.7536	  0.7578	 20.2958	  6.9171	  4.5949
2018	180	  21	  0	179.8750	310.4768	  3.5838	   6.9567	    2.2889	   6.7708	  6.4588	  0.4775	  1.9427	  1.9519	  1.9519	  1.9427	341.1504	392.7155	381.9054	379.5134	379.5134	382.7669	 13.1101	 68.2911	  0.5736	   0.0102	  0.0598	    0.7536	  0.9163	   0.7536	  0.7603	 18.9417	  9.1123	  5.7671
2018	180	  22	  0	179.9167	323.1220	 -1.6057	   0.3567	    0.2071	   0.1997	  0.1867	  0.0141	  0.0573	  0.0573	  0.0573	  0.0573	338.5447	385.2361	374.0161	372.7545	372.7545	373.8454	 11.4492	 45.3260	  0.5767	   0.0000	  0.0016	    0.7536	  0.9163	   0.7536	  0.7657	 17.6500	  2.6727	  1.6343
2018	180	  23	  0	179.9583	336.3247	 -6.1874	   0.0021	    0.0000	   0.0000	  0.0000	  0.0000	  0.0000	  0.0000	  0.0000	  0.0000	334.7010	374.9752	364.1781	364.1781	364.1781	364.1781	  9.7183	 52.4744	  0.5060	   0.0000	  0.0000	    0.7536	  0.9163	   0.7536	  0.7696	 15.6917	  0.0000	  0.0000
2018	181	   0	  0	180.0000	350.0087	 -8.5451	   0.0058	    0.0000	   0.0000	  0.0000	  0.0000	  0.0000	  0.0000	  0.0000	  0.0000	332.9276	365.4913	355.2575	355.2575	355.2575	355.2575	  8.0450	 52.3900	  0.5061	   0.0000	  0.0000	    0.7536	  0.9163	   0.7536	  0.7735	 13.8500	  0.0000	  0.0000
2018	181	   1	  0	180.0417	 93.9245	 -8.9696	   0.1802	    0.0000	   0.0000	  0.0000	  0.0000	  0.0000	  0.0000	  0.0000	  0.0000	330.5101	358.6019	348.6205	348.6205	348.6205	348.6205	  6.7669	 52.1559	  0.5101	   0.0000	  0.0000	    0.7536	  0.9163	   0.7536	  0.7740	 12.4875	  0.0000	  0.0000
2018	181	   2	  0	180.0833	 17.7465	 -7.4652	   2.7046	    0.0000	   0.0000	  0.0000	  0.0000	  0.0000	  0.0000	  0.0000	  0.0000	326.0019	352.4663	341.9328	341.9328	341.9328	341.9328	  5.4464	 52.2110	  0.5585	   0.0000	  0.0000	    0.7536	  0.9163	   0.7536	  0.7714	 11.2583	  0.0000	  0.0000
2018	181	   3	  0	180.1250	 31.1835	 -3.8343	  22.5377	    0.0000	   0.0000	  0.0000	  0.0000	  0.0000	  0.0000	  0.0000	  0.0000	325.1793	348.8640	334.5884	334.5884	334.5884	334.5884	  4.0640	 52.2088	  0.8446	   0.0000	  0.0000	    0.7536	  0.9163	   0.7536	  0.7717	 10.5292	  0.0000	  0.0000
2018	181	   4	  0	180.1667	 44.0729	  1.2200	  95.1450	   85.4134	  74.8644	 74.2493	  5.2834	 21.5069	 21.5069	 21.5069	 21.5069	329.5652	354.5636	335.9163	335.9163	337.9799	337.9799	  8.0349	 39.3934	  1.0000	   0.0086	  0.0339	    0.7536	  0.9163	   0.7536	  0.7745	 11.6542	  2.8120	  0.0000
2018	181	   5	  0	180.2083	 56.4400	  7.0580	 209.4506	  655.3399	 127.4043	200.4769	  9.0951	 37.9517	 37.9517	 38.1160	 38.2605	338.4282	366.7978	347.4454	347.7096	349.9196	349.9196	 13.4170	131.9367	  1.0000	   0.0005	  0.0854	    0.7536	  0.9163	   0.7536	  0.7793	 14.1000	  7.1701	  0.5311
2018	181	   6	  0	180.2500	 68.4757	 14.0706	 344.0331	  728.7746	 166.6251	332.6491	 13.2233	 51.0236	 51.0236	 71.3400	102.3254	346.1037	381.4946	360.8533	363.2924	362.3192	362.3192	 20.4025	260.0064	  1.0000	   0.0782	  0.1634	    0.7536	  0.9163	   0.7536	  0.7815	 16.1750	  9.8039	  2.9839
2018	181	   7	  0	180.2917	 80.5069	 21.7331	 481.2310	  757.7718	 200.5926	467.8631	 15.7490	 62.6960	 62.6960	 67.1596	 94.9816	351.4293	388.9582	367.9722	374.5573	369.7445	369.7445	 23.1356	395.6891	  1.0000	   0.0466	  0.2330	    0.7536	  0.9163	   0.7536	  0.7814	 17.7583	 12.3255	  5.5055
2018	181	   8	  0	180.3333	 93.0151	 29.6834	 609.8123	  785.9562	 220.6226	595.5140	 19.9875	 75.6965	 71.1353	 71.7216	147.1350	350.9694	400.4331	376.9320	386.1022	376.0605	377.6087	 27.5239	530.4924	  1.0000	   0.1118	  0.2869	    0.7536	  0.9163	   0.7536	  0.7743	 18.8333	 14.6906	  7.8706
2018	181	   9	  0	180.3750	106.6582	 37.5336	 718.7002	  809.0160	 226.0498	704.5218	 23.0076	102.3583	 75.4693	 75.4693	163.1002	349.2430	408.8910	383.0890	394.3334	384.2399	383.0890	 30.6310	654.5127	  1.0000	   0.1438	  0.3453	    0.7536	  0.9163	   0.7536	  0.7663	 19.5792	 16.8577	 10.0377
2018	181	  10	  0	180.4167	122.2912	 44.7835	 797.7846	  822.6352	 218.5598	784.5928	 25.5315	131.7496	 76.0624	 76.0624	163.8744	348.0673	417.4171	388.3695	400.4283	394.7689	388.3695	 32.9635	758.8572	  1.0000	   0.1791	  0.4014	    0.7536	  0.9163	   0.7536	  0.7596	 20.1708	 18.7888	 11.9688
2018	181	  11	  0	180.4583	140.8667	 50.7435	 842.1588	  823.7585	 204.5453	830.2927	 28.6053	168.0835	 74.7436	 74.7436	150.5596	350.7861	430.9322	397.5064	407.2414	410.4750	397.5064	 35.2878	835.1991	  1.0000	   0.2323	  0.4430	    0.7536	  0.9163	   0.7536	  0.7567	 21.1583	 20.4500	 13.6300
2018	181	  12	  0	180.5000	162.7923	 54.5079	 849.4985	  832.2963	 171.8536	840.2419	 29.3749	190.5446	 67.6198	 67.6198	105.6428	354.9028	441.0289	404.4436	407.8027	423.5442	404.4436	 35.5187	877.8352	  1.0000	   0.2682	  0.4701	    0.7536	  0.9163	   0.7536	  0.7583	 21.8000	 21.8122	 14.9922
2018	181	  13	  0	180.5417	186.7583	 55.2325	 820.4858	  771.3379	 186.7971	809.9076	 29.8430	191.0697	 85.4876	 70.6667	 71.9710	353.7673	445.1556	406.9842	406.4261	428.7656	407.6724	 35.3789	887.2096	  0.9877	   0.2774	  0.4744	    0.7536	  0.9163	   0.7536	  0.7541	 22.0167	 22.8513	 16.0313
2018	181	  14	  0	180.5833	209.8661	 52.7230	 760.5281	  694.8760	 207.4183	748.0260	 27.8757	164.8168	125.0615	 73.5161	 73.5161	350.8288	442.5077	405.7820	405.7820	425.0706	415.1342	 35.3984	861.1816	  0.9535	   0.2508	  0.4569	    0.7536	  0.9163	   0.7536	  0.7485	 22.0375	 23.3843	 16.6117
2018	181	  15	  0	180.6250	229.9392	 47.6054	 665.6319	  606.5495	 217.3614	651.8706	 24.1038	126.0670	134.8374	 72.6711	 72.6711	345.3416	431.5388	399.1611	399.1611	411.4620	414.4519	 32.9265	800.8912	  0.9164	   0.2014	  0.4223	    0.7536	  0.9163	   0.7536	  0.7431	 21.5750	 21.9971	 15.7181
2018	181	  16	  0	180.6667	246.7553	 40.8203	 547.3062	  512.9997	 211.3611	533.4228	 20.3167	 93.0631	125.5859	 67.7138	 67.7138	343.5079	423.5561	395.0638	395.0638	400.3654	412.1475	 29.9783	708.9356	  0.8796	   0.1633	  0.3710	    0.7536	  0.9163	   0.7536	  0.7428	 21.3542	 19.9923	 14.2828
2018	181	  17	  0	180.7083	261.1520	 33.1611	 410.9950	  396.2001	 193.2539	397.8518	 16.2560	 65.9788	 98.2065	 59.5588	 59.5588	344.6236	415.2876	391.3993	391.3993	391.0751	406.6742	 26.3384	591.9417	  0.8319	   0.1181	  0.3124	    0.7536	  0.9163	   0.7536	  0.7479	 21.1292	 17.1332	 12.1635
2018	181	  18	  0	180.7500	274.0665	 25.1979	 271.7258	  262.0268	 158.7986	260.5945	 12.2831	 47.5705	 68.5842	 48.4863	 47.4617	342.1186	407.7885	385.8383	387.4844	387.0175	398.5303	 22.5234	460.5298	  0.7670	   0.0857	  0.2549	    0.7536	  0.9163	   0.7536	  0.7492	 20.6292	 13.4404	  9.4195
2018	181	  19	  0	180.7917	286.2378	 17.3602	 143.2396	  110.8780	 108.5611	135.4161	  7.8210	 31.5879	 35.8429	 32.8712	 31.5879	343.5747	401.3125	384.4211	385.0605	385.0605	390.8501	 18.7727	321.9894	  0.6743	   0.0541	  0.1946	    0.7536	  0.9163	   0.7536	  0.7567	 20.1833	  9.1108	  6.2545
2018	181	  20	  0	180.8333	298.2204	 10.0107	  47.4771	   12.6481	  45.0963	 44.1668	  3.1954	 12.8859	 13.5067	 13.1630	 12.8859	346.9389	395.0295	382.1102	382.0400	382.0400	384.8314	 15.1384	186.9976	  0.5619	   0.0357	  0.1224	    0.7536	  0.9163	   0.7536	  0.7685	 19.2417	  6.9152	  4.5914
2018	181	  21	  0	180.8750	310.4117	  3.5571	   6.8281	    2.0028	   6.6646	  6.3380	  0.4700	  1.9119	  1.9197	  1.9198	  1.9119	346.5431	387.7049	377.7679	375.3937	375.3937	378.6328	 12.4249	 67.4583	  0.5743	   0.0102	  0.0593	    0.7536	  0.9163	   0.7536	  0.7732	 18.0042	  9.1201	  5.7678
2018	181	  22	  0	180.9167	323.0600	 -1.6440	   0.3388	    0.1998	   0.1928	  0.1801	  0.0136	  0.0554	  0.0554	  0.0554	  0.0554	342.5850	381.0144	370.4687	369.2142	369.2142	370.3030	 10.8486	 44.8766	  0.5778	   0.0000	  0.0015	    0.7536	  0.9163	   0.7536	  0.7750	 16.8500	  2.6803	  1.6377
2018	181	  23	  0	180.9583	336.2671	 -6.2324	   0.0010	    0.0000	   0.0000	  0.0000	  0.0000	  0.0000	  0.0000	  0.0000	  0.0000	338.8484	374.4665	363.9866	363.9866	363.9866	363.9866	  9.7299	 52.1047	  0.5067	   0.0000	  0.0000	    0.7536	  0.9163	   0.7536	  0.7756	 15.5958	  0.0000	  0.0000
2018	182	   0	  0	181.0000	349.9571	 -8.5950	   0.0000	    0.0000	   0.0000	  0.0000	  0.0000	  0.0000	  0.0000	  0.0000	  0.0000	335.4184	368.5990	358.3059	358.3059	358.3059	358.3059	  8.6417	 52.1049	  0.5067	   0.0000	  0.0000	    0.7536	  0.9163	   0.7536	  0.7749	 14.4583	  0.0000	  0.0000
2018	182	   1	  0	181.0417	 93.8804	 -9.0264	   0.1415	    0.0000	   0.0000	  0.0000	  0.0000	  0.0000	  0.0000	  0.0000	  0.0000	332.0055	363.2250	353.0319	353.0319	353.0319	353.0319	  7.6176	 51.9191	  0.5101	   0.0000	  0.0000	    0.7536	  0.9163	   0.7536	  0.7736	 13.4042	  0.0000	  0.0000
2018	182	   2	  0	181.0833	 17.7110	 -7.5284	   2.5767	    0.0000	   0.0000	  0.0000	  0.0000	  0.0000	  0.0000	  0.0000	  0.0000	330.9568	356.5974	346.1268	346.1268	346.1268	346.1268	  6.3057	 51.8940	  0.5570	   0.0000	  0.0000	    0.7536	  0.9163	   0.7536	  0.7753	 12.0875	  0.0000	  0.0000
2018	182	   3	  0	181.1250	 31.1566	 -3.9161	  21.8960	    0.0000	   0.0000	  0.0000	  0.0000	  0.0000	  0.0000	  0.0000	  0.0000	329.4627	351.5570	337.4613	337.4613	337.4613	337.4613	  4.6715	 51.8962	  0.8397	   0.0000	  0.0000	    0.7536	  0.9163	   0.7536	  0.7754	 11.0750	  0.0000	  0.0000
2018	182	   4	  0	181.1667	 44.0537	  1.1573	  93.6165	   81.4226	  67.9214	 67.5129	  4.7937	 19.5147	 19.5147	 19.5147	 19.5147	330.1980	354.0694	335.7636	335.7636	337.5934	337.5934	  7.6788	 42.5676	  1.0000	   0.0080	  0.0330	    0.7536	  0.9163	   0.7536	  0.7754	 11.5583	  2.4910	  0.0000
2018	182	   5	  0	181.2083	 56.4272	  6.9880	 207.5388	  653.7296	 126.4483	198.6307	  9.0254	 37.6609	 37.6609	 37.7955	 37.9139	337.7366	363.1873	344.1358	344.3895	346.5977	346.5977	 12.7674	130.5888	  1.0000	   0.0004	  0.0846	    0.7536	  0.9163	   0.7536	  0.7801	 13.3917	  7.1411	  0.5127
2018	182	   6	  0	181.2500	 68.4676	 13.9987	 341.9927	  732.0055	 164.6200	330.7562	 13.0775	 50.4532	 50.4532	 70.7910	101.8221	341.5018	379.5528	358.6150	361.0235	360.0852	360.0852	 19.9113	259.2155	  1.0000	   0.0779	  0.1628	    0.7536	  0.9163	   0.7536	  0.7765	 15.8083	  9.7753	  2.9553
2018	182	   7	  0	181.2917	 80.5017	 21.6606	 477.9906	  762.5914	 196.4926	464.9291	 15.4552	 61.5431	 61.5431	 65.9923	 93.7723	344.4636	391.5472	369.3688	375.9554	371.1616	371.1616	 23.1480	396.2007	  1.0000	   0.0462	  0.2324	    0.7536	  0.9163	   0.7536	  0.7691	 18.2458	 12.2975	  5.4775
2018	182	   8	  0	181.3333	 93.0105	 29.6105	 604.2425	  786.4260	 215.7503	590.2997	 19.6285	 74.2802	 69.7405	 70.3303	145.7055	347.4789	405.0327	380.4340	389.6349	379.5481	381.1193	 27.8508	531.1264	  1.0000	   0.1116	  0.2863	    0.7536	  0.9163	   0.7536	  0.7646	 19.6792	 14.6635	  7.8435
2018	182	   9	  0	181.3750	106.6506	 37.4606	 709.6719	  804.0631	 220.8807	695.8549	 22.5680	100.5625	 73.9148	 73.9148	160.8339	350.4097	413.5841	387.2490	398.5425	388.3882	387.2490	 31.0209	654.0127	  1.0000	   0.1434	  0.3448	    0.7536	  0.9163	   0.7536	  0.7634	 20.4333	 16.8317	 10.0117
2018	182	  10	  0	181.4167	122.2751	 44.7110	 790.0912	  814.9906	 216.9936	776.9841	 25.2859	130.5003	 75.4565	 75.4565	162.3193	354.3544	422.7303	393.7264	405.8599	400.1529	393.7264	 33.6454	756.3674	  1.0000	   0.1786	  0.4009	    0.7536	  0.9163	   0.7536	  0.7641	 21.1250	 18.7638	 11.9438
2018	182	  11	  0	181.4583	140.8332	 50.6731	 838.4217	  818.0619	 205.8362	826.4353	 28.5522	167.5222	 74.9509	 74.9509	150.2132	357.3949	435.0437	401.8877	411.6738	414.9023	401.8877	 35.9283	832.1433	  1.0000	   0.2317	  0.4425	    0.7536	  0.9163	   0.7536	  0.7630	 21.8875	 20.4260	 13.6060
2018	182	  12	  0	181.5000	162.7326	 54.4429	 846.7088	  835.4839	 167.0191	837.8186	 29.0411	189.5378	 66.3237	 66.3237	104.5917	360.0544	445.7537	409.1243	412.5104	428.3302	409.1243	 36.0998	875.8488	  1.0000	   0.2674	  0.4697	    0.7536	  0.9163	   0.7536	  0.7615	 22.6250	 21.7890	 14.9690
2018	182	  13	  0	181.5417	186.6724	 55.1773	 817.4787	  770.3841	 184.9909	807.0275	 29.6468	190.2800	 84.7331	 70.1172	 71.4641	359.2706	451.5588	413.1110	412.5512	435.0845	413.7655	 36.2153	885.7672	  0.9861	   0.2767	  0.4741	    0.7536	  0.9163	   0.7536	  0.7560	 23.1167	 22.8289	 16.0089
2018	182	  14	  0	181.5833	209.7667	 52.6797	 753.9377	  682.0576	 211.3156	741.0958	 27.8790	163.9499	124.6606	 74.2908	 74.2908	358.3383	447.8291	411.3820	411.3820	430.7482	420.6930	 36.2131	858.3324	  0.9489	   0.2503	  0.4566	    0.7536	  0.9163	   0.7536	  0.7549	 22.9750	 23.2744	 16.5272
2018	182	  15	  0	181.6250	229.8402	 47.5725	 660.4602	  598.9518	 218.0707	646.6171	 24.0289	125.5024	133.9905	 72.7082	 72.7082	357.9445	441.5368	409.2686	409.2686	421.7926	424.8039	 34.4424	797.1342	  0.9139	   0.2012	  0.4221	    0.7536	  0.9163	   0.7536	  0.7528	 23.2958	 22.0242	 15.7318
2018	182	  16	  0	181.6667	246.6628	 40.7941	 540.7937	  504.7300	 210.4244	526.9513	 20.1512	 92.3037	124.1240	 67.3093	 67.3093	355.4954	436.2908	407.5290	407.5290	412.9341	424.8724	 31.8222	706.8390	  0.8728	   0.1630	  0.3709	    0.7536	  0.9163	   0.7536	  0.7479	 23.5833	 19.9277	 14.2314
2018	182	  17	  0	181.7083	261.0668	 33.1381	 406.6156	  393.1588	 190.7277	393.6492	 16.0519	 65.2139	 97.0963	 58.8021	 58.8021	353.1156	427.2153	402.7782	402.7782	402.4458	418.3412	 28.0590	591.3851	  0.8253	   0.1179	  0.3122	    0.7536	  0.9163	   0.7536	  0.7481	 23.2375	 17.1343	 12.1596
2018	182	  18	  0	181.7500	273.9874	 25.1751	 269.0827	  263.0686	 155.8367	258.1711	 12.0794	 46.7441	 67.8906	 47.6449	 46.6282	350.6216	420.7757	398.0830	399.7954	399.3178	411.1889	 24.4769	460.2288	  0.7618	   0.0860	  0.2546	    0.7536	  0.9163	   0.7536	  0.7482	 22.9375	 13.5485	  9.4912
2018	182	  19	  0	181.7917	286.1634	 17.3354	 142.0198	  113.9260	 106.4748	134.3544	  7.6763	 31.0129	 35.3267	 32.3119	 31.0129	348.1665	412.1543	394.5411	395.1941	395.1941	401.2078	 20.4374	322.0709	  0.6706	   0.0532	  0.1945	    0.7536	  0.9163	   0.7536	  0.7519	 22.1500	  9.2351	  6.3367
2018	182	  20	  0	181.8333	298.1495	  9.9820	  46.9571	   13.2061	  44.4844	 43.6924	  3.1530	 12.7122	 13.3620	 13.0016	 12.7122	346.3963	404.6556	390.7882	390.7358	390.7358	393.5755	 16.6142	187.2153	  0.5593	   0.0363	  0.1222	    0.7536	  0.9163	   0.7536	  0.7576	 21.0042	  6.9341	  4.6011
2018	182	  21	  0	181.8750	310.3442	  3.5242	   6.5377	    2.1454	   6.3617	  6.0696	  0.4487	  1.8254	  1.8339	  1.8339	  1.8254	344.9472	397.0534	386.2559	383.7854	383.7854	387.1495	 13.8956	 67.1360	  0.5718	   0.0104	  0.0586	    0.7536	  0.9163	   0.7536	  0.7618	 19.7417	  9.2503	  5.8438
2018	182	  22	  0	181.9167	322.9965	 -1.6897	   0.2979	    0.1787	   0.1719	  0.1605	  0.0121	  0.0494	  0.0494	  0.0494	  0.0494	340.2519	386.6145	375.3886	374.1221	374.1221	375.2247	 11.7129	 44.6949	  0.5781	   0.0000	  0.0014	    0.7536	  0.9163	   0.7536	  0.7669	 17.9083	  2.6794	  1.6356
2018	182	  23	  0	181.9583	336.2087	 -6.2842	   0.0000	    0.0000	   0.0000	  0.0000	  0.0000	  0.0000	  0.0000	  0.0000	  0.0000	337.1019	377.0248	366.2222	366.2222	366.2222	366.2222	 10.1216	 51.9509	  0.5074	   0.0000	  0.0000	    0.7536	  0.9163	   0.7536	  0.7714	 16.0875	  0.0000	  0.0000
2018	183	   0	  0	182.0000	349.9056	 -8.6517	   0.0000	    0.0000	   0.0000	  0.0000	  0.0000	  0.0000	  0.0000	  0.0000	  0.0000	335.2268	368.7100	358.3852	358.3852	358.3852	358.3852	  8.6538	 51.8839	  0.5074	   0.0000	  0.0000	    0.7536	  0.9163	   0.7536	  0.7745	 14.4792	  0.0000	  0.0000
2018	183	   1	  0	182.0417	 93.8375	 -9.0898	   0.0510	    0.0000	   0.0000	  0.0000	  0.0000	  0.0000	  0.0000	  0.0000	  0.0000	334.3284	361.9798	352.0310	352.0310	352.0310	352.0310	  7.4551	 51.6494	  0.5090	   0.0000	  0.0000	    0.7536	  0.9163	   0.7536	  0.7769	 13.1583	  0.0000	  0.0000
2018	183	   2	  0	182.0833	 17.6775	 -7.5981	   1.9965	    0.0000	   0.0000	  0.0000	  0.0000	  0.0000	  0.0000	  0.0000	  0.0000	333.0306	357.2197	346.9795	346.9795	346.9795	346.9795	  6.4903	 51.6466	  0.5466	   0.0000	  0.0000	    0.7536	  0.9163	   0.7536	  0.7774	 12.2125	  0.0000	  0.0000
2018	183	   3	  0	182.1250	 31.1325	 -4.0013	  20.9546	    0.0000	   0.0000	  0.0000	  0.0000	  0.0000	  0.0000	  0.0000	  0.0000	331.5786	353.5402	339.5876	339.5876	339.5876	339.5876	  5.1058	 51.6576	  0.8306	   0.0000	  0.0000	    0.7536	  0.9163	   0.7536	  0.7770	 11.4750	  0.0000	  0.0000
2018	183	   4	  0	182.1667	 44.0380	  1.0893	  91.9506	   73.8077	  67.2818	 66.4290	  4.7479	 19.3256	 19.3256	 19.3256	 19.3256	334.9274	357.4124	339.2229	339.2229	341.0722	341.0722	  8.3439	 41.5760	  1.0000	   0.0073	  0.0322	    0.7536	  0.9163	   0.7536	  0.7794	 12.2292	  2.4632	  0.0000
2018	183	   5	  0	182.2083	 56.4185	  6.9125	 206.7933	  648.0682	 127.0902	197.8310	  9.0678	 37.8203	 37.8203	 37.9257	 38.0184	340.5370	367.7677	348.4996	348.7467	351.0067	351.0067	 13.5863	129.1809	  1.0000	   0.0003	  0.0837	    0.7536	  0.9163	   0.7536	  0.7813	 14.2917	  7.1091	  0.4941
2018	183	   6	  0	182.2500	 68.4640	 13.9216	 342.7708	  731.2149	 166.5579	331.3857	 13.2001	 50.9783	 50.9783	 71.2254	102.1161	343.2434	382.5407	361.4375	363.8329	362.9385	362.9385	 20.4526	257.8002	  1.0000	   0.0776	  0.1623	    0.7536	  0.9163	   0.7536	  0.7769	 16.3833	  9.7436	  2.9236
2018	183	   7	  0	182.2917	 80.5014	 21.5830	 481.5717	  761.1988	 201.5406	468.1309	 15.7932	 62.9495	 62.9495	 67.3404	 94.8620	348.7517	391.9550	370.2628	376.8153	372.0649	372.0649	 23.4955	394.0130	  1.0000	   0.0458	  0.2318	    0.7536	  0.9163	   0.7536	  0.7751	 18.3292	 12.2666	  5.4466
2018	183	   8	  0	182.3333	 93.0112	 29.5326	 612.5781	  786.9192	 224.7428	597.9695	 20.2474	 76.8019	 72.2649	 72.8540	148.1990	353.1102	406.2403	382.2165	391.3902	381.3219	382.9022	 28.4825	528.4493	  1.0000	   0.1114	  0.2857	    0.7536	  0.9163	   0.7536	  0.7722	 19.9042	 14.6335	  7.8135
2018	183	   9	  0	182.3750	106.6487	 37.3825	 721.9688	  810.5866	 230.0185	707.4944	 23.2406	103.3928	 76.5586	 76.5586	164.0350	350.5508	415.1029	388.5724	399.8507	389.6977	388.5724	 31.5832	653.4235	  1.0000	   0.1430	  0.3442	    0.7536	  0.9163	   0.7536	  0.7619	 20.7167	 16.8027	  9.9827
2018	183	  10	  0	182.4167	122.2647	 44.6330	 803.9000	  825.4541	 224.2341	790.2924	 25.8803	133.2733	 77.6430	 77.6430	165.4583	349.2901	425.6841	395.5148	407.6712	401.9482	395.5148	 34.2059	759.0242	  1.0000	   0.1780	  0.4003	    0.7536	  0.9163	   0.7536	  0.7524	 21.6583	 18.7359	 11.9159
2018	183	  11	  0	182.4583	140.8049	 50.5966	 855.2206	  832.5302	 212.1270	842.8236	 29.1936	171.0686	 76.9829	 76.9829	153.5280	346.9671	440.4986	404.9145	414.7649	418.0028	404.9145	 36.6527	839.6493	  1.0000	   0.2311	  0.4419	    0.7536	  0.9163	   0.7536	  0.7390	 22.8417	 20.3992	 13.5792
2018	183	  12	  0	182.5000	162.6764	 54.3713	 862.5298	  843.5468	 176.8276	852.9472	 29.8326	193.4150	 69.1986	 69.1986	107.6417	349.6335	450.2489	411.3269	414.7436	430.6230	411.3269	 36.7389	883.5970	  1.0000	   0.2666	  0.4693	    0.7536	  0.9163	   0.7536	  0.7384	 23.4083	 21.7632	 14.9432
2018	183	  13	  0	182.5417	186.5874	 55.1152	 826.3996	  803.0676	 167.5570	817.3651	 29.0690	191.2391	 81.0323	 66.0651	 67.5270	355.8273	455.9830	416.2024	415.6443	438.2950	416.8239	 36.4406	889.3397	  0.9900	   0.2759	  0.4737	    0.7536	  0.9163	   0.7536	  0.7448	 23.8792	 22.8038	 15.9838
2018	183	  14	  0	182.5833	209.6658	 52.6297	 752.9192	  684.4471	 208.6691	740.2804	 27.7130	163.6660	123.8502	 73.5993	 73.5993	364.0730	453.4441	416.8423	416.8423	436.3960	426.1904	 36.9703	856.8892	  0.9493	   0.2498	  0.4563	    0.7536	  0.9163	   0.7536	  0.7580	 23.9292	 23.2774	 16.5223
2018	183	  15	  0	182.6250	229.7380	 47.5330	 654.2779	  573.7189	 230.6099	639.4171	 24.5509	126.5226	134.3112	 75.7213	 75.7213	377.4101	442.2411	412.5521	412.5521	424.8921	427.7534	 35.1760	787.3197	  0.9165	   0.2010	  0.4217	    0.7536	  0.9163	   0.7536	  0.7838	 23.4833	 21.6846	 15.4828
2018	183	  16	  0	182.6667	246.5666	 40.7617	 533.9317	  470.7069	 226.0113	518.8282	 20.8789	 94.4873	123.9877	 71.1243	 71.1243	379.3821	433.1037	408.0583	408.0583	413.2135	424.6545	 32.2413	694.9237	  0.8761	   0.1626	  0.3707	    0.7536	  0.9163	   0.7536	  0.7905	 23.1375	 19.3327	 13.8009
2018	183	  17	  0	182.7083	260.9779	 33.1090	 399.8567	  358.2210	 203.1676	385.8774	 16.6957	 67.7981	 96.7351	 61.8755	 61.8755	377.5839	422.8695	402.1833	402.1833	401.7669	416.7689	 28.2952	581.0061	  0.8261	   0.1178	  0.3120	    0.7536	  0.9163	   0.7536	  0.7926	 22.5667	 16.3787	 11.6185
2018	183	  18	  0	182.7500	273.9047	 25.1463	 263.2919	  231.2644	 163.7524	251.7283	 12.5106	 48.6830	 67.4104	 49.4499	 48.5731	376.3784	416.2527	397.1559	398.9237	398.4523	409.3458	 24.6193	451.6258	  0.7602	   0.0865	  0.2542	    0.7536	  0.9163	   0.7536	  0.7948	 22.2000	 12.7519	  8.9290
2018	183	  19	  0	182.7917	286.0857	 17.3044	 137.3244	   89.5808	 109.1600	129.4241	  7.8227	 31.6358	 34.7688	 32.5549	 31.6358	371.6392	407.6600	392.8967	393.7588	393.7588	398.9725	 20.3650	316.4174	  0.6638	   0.0522	  0.1944	    0.7536	  0.9163	   0.7536	  0.7940	 21.3875	  8.4813	  5.8168
2018	183	  20	  0	182.8333	298.0760	  9.9471	  44.2815	   10.6321	  42.2798	 41.1768	  2.9948	 12.0733	 12.6260	 12.3184	 12.0733	369.6012	399.7337	388.3716	388.3531	388.3531	391.1111	 16.3297	183.8023	  0.5498	   0.0369	  0.1220	    0.7536	  0.9163	   0.7536	  0.7978	 20.1042	  6.8594	  4.5483
2018	183	  21	  0	182.8750	310.2746	  3.4854	   5.5558	    1.2283	   5.4467	  5.1551	  0.3841	  1.5622	  1.5646	  1.5646	  1.5622	372.6796	393.3148	385.2179	382.8092	382.8092	386.1172	 13.9605	 65.4105	  0.5602	   0.0095	  0.0575	    0.7536	  0.9163	   0.7536	  0.8050	 19.0583	  9.1873	  5.7995
2018	183	  22	  0	182.9167	322.9314	 -1.7426	   0.2225	    0.1231	   0.1199	  0.1118	  0.0085	  0.0344	  0.0344	  0.0344	  0.0344	374.6381	387.1157	378.4970	377.2566	377.2566	378.3394	 12.6306	 43.6830	  0.5770	   0.0000	  0.0013	    0.7536	  0.9163	   0.7536	  0.8126	 18.0042	  2.6523	  1.6173
2018	183	  23	  0	182.9583	336.1496	 -6.3436	   0.0031	    0.0000	   0.0000	  0.0000	  0.0000	  0.0000	  0.0000	  0.0000	  0.0000	369.3827	381.8677	372.8987	372.8987	372.8987	372.8987	 11.6806	 51.0496	  0.5080	   0.0000	  0.0000	    0.7536	  0.9163	   0.7536	  0.8094	 17.0125	  0.0000	  0.0000
2018	184	   0	  0	183.0000	349.8543	 -8.7152	   0.0000	    0.0000	   0.0000	  0.0000	  0.0000	  0.0000	  0.0000	  0.0000	  0.0000	362.0292	376.8699	367.7361	367.7361	367.7361	367.7361	 10.6671	 51.1588	  0.5080	   0.0000	  0.0000	    0.7536	  0.9163	   0.7536	  0.8028	 16.0583	  0.0000	  0.0000
2018	184	   1	  0	183.0417	 93.7957	 -9.1600	   0.0612	    0.0000	   0.0000	  0.0000	  0.0000	  0.0000	  0.0000	  0.0000	  0.0000	361.3304	371.6845	362.7868	362.7868	362.7868	362.7868	  9.7549	 50.9760	  0.5098	   0.0000	  0.0000	    0.7536	  0.9163	   0.7536	  0.8036	 15.0583	  0.0000	  0.0000
2018	184	   2	  0	183.0833	 17.6461	 -7.6743	   1.9979	    0.0000	   0.0000	  0.0000	  0.0000	  0.0000	  0.0000	  0.0000	  0.0000	359.4777	366.5527	357.3551	357.3551	357.3551	357.3551	  8.7366	 50.9978	  0.5477	   0.0000	  0.0000	    0.7536	  0.9163	   0.7536	  0.8027	 14.0583	  0.0000	  0.0000
2018	184	   3	  0	183.1250	 31.1113	 -4.0925	  19.9498	    0.0000	   0.0000	  0.0000	  0.0000	  0.0000	  0.0000	  0.0000	  0.0000	356.4852	363.3916	350.6919	350.6919	350.6919	350.6919	  7.5016	 51.0471	  0.8272	   0.0000	  0.0000	    0.7536	  0.9163	   0.7536	  0.8002	 13.4375	  0.0000	  0.0000
2018	184	   4	  0	183.1667	 44.0258	  1.0159	  87.2527	   70.2760	  64.1154	 63.2105	  4.5243	 18.4172	 18.4172	 18.4172	 18.4172	360.5784	368.5941	351.7546	351.7546	353.6626	353.6626	 10.7918	 40.2462	  1.0000	   0.0065	  0.0313	    0.7536	  0.9163	   0.7536	  0.8035	 14.4375	  2.4644	  0.0000
2018	184	   5	  0	183.2083	 56.4137	  6.8317	 200.7819	  624.3529	 124.8772	191.9635	  8.9056	 37.1192	 37.1192	 37.1928	 37.2575	369.1609	380.8177	363.1088	363.3530	365.7222	365.7222	 16.2916	126.3558	  1.0000	   0.0002	  0.0828	    0.7536	  0.9163	   0.7536	  0.8093	 16.8083	  7.0740	  0.4736
2018	184	   6	  0	183.2500	 68.4649	 13.8394	 333.2404	  699.0683	 165.8372	321.8641	 13.0718	 50.5880	 50.5880	 69.8795	 99.2971	379.6217	396.3527	377.7221	380.1528	379.3091	379.3091	 23.2320	252.5408	  1.0000	   0.0773	  0.1617	    0.7536	  0.9163	   0.7536	  0.8158	 18.9750	  9.7089	  2.8889
2018	184	   7	  0	183.2917	 80.5060	 21.5004	 466.3940	  726.1929	 200.1721	452.9846	 15.6098	 62.2863	 62.2863	 66.4200	 92.4876	387.0873	404.6139	385.9415	392.6080	387.8205	387.8205	 26.0853	386.2046	  1.0000	   0.0454	  0.2311	    0.7536	  0.9163	   0.7536	  0.8188	 20.6667	 12.2326	  5.4126
2018	184	   8	  0	183.3333	 93.0171	 29.4498	 589.2752	  748.3766	 221.4519	574.8085	 19.7804	 75.1795	 70.8813	 71.4422	143.0203	393.6678	420.3093	399.5927	408.9292	398.6563	400.3015	 31.0277	517.6639	  1.0000	   0.1112	  0.2850	    0.7536	  0.9163	   0.7536	  0.8197	 22.4292	 14.6005	  7.7805
2018	184	   9	  0	183.3750	106.6524	 37.2993	 690.0942	  762.9932	 227.9694	675.6210	 22.6497	100.4500	 75.2587	 75.2587	157.4194	399.9738	428.4516	406.5716	418.0424	407.6822	406.5716	 34.0940	636.8334	  1.0000	   0.1425	  0.3436	    0.7536	  0.9163	   0.7536	  0.8243	 23.0833	 16.7708	  9.9508
2018	184	  10	  0	183.4167	122.2600	 44.5497	 768.1867	  775.7720	 224.1941	754.4028	 25.2265	128.8821	 76.7110	 76.7110	159.0626	400.6723	433.9641	409.5256	421.8029	416.0056	409.5256	 36.0665	737.5265	  1.0000	   0.1774	  0.3997	    0.7536	  0.9163	   0.7536	  0.8238	 23.1167	 18.7053	 11.8853
2018	184	  11	  0	183.4583	140.7820	 50.5143	 812.3587	  801.7008	 193.5512	801.2082	 27.3189	161.7624	 71.1310	 71.1310	144.6292	400.5323	444.0206	415.3964	425.2806	428.5119	415.3964	 37.5429	812.4353	  1.0000	   0.2304	  0.4413	    0.7536	  0.9163	   0.7536	  0.8208	 23.4625	 20.3697	 13.5497
2018	184	  12	  0	183.5000	162.6239	 54.2933	 803.7115	  733.7736	 208.1094	791.3718	 29.6950	182.8397	 75.1875	 75.1875	109.3769	401.4955	452.1982	420.3787	423.8099	439.6861	420.3787	 38.0698	855.3043	  0.9969	   0.2657	  0.4687	    0.7536	  0.9163	   0.7536	  0.8198	 23.7625	 21.7347	 14.9147
2018	184	  13	  0	183.5417	186.5034	 55.0464	 788.8735	  691.3384	 222.2156	775.3493	 30.4543	185.9600	 91.4541	 78.4187	 79.6598	395.9649	461.1854	426.5766	426.0209	448.8098	427.1660	 38.6195	868.0896	  0.9729	   0.2751	  0.4732	    0.7536	  0.9163	   0.7536	  0.8050	 24.7667	 22.7762	 15.9562
2018	184	  14	  0	183.5833	209.5634	 52.5730	 732.9027	  639.5194	 224.9127	718.8851	 27.9506	161.0376	123.9558	 77.0486	 77.0486	383.3335	463.7726	428.6732	428.6732	448.0747	437.8218	 38.7123	849.4789	  0.9336	   0.2492	  0.4559	    0.7536	  0.9163	   0.7536	  0.7780	 25.7708	 22.7941	 16.1711
2018	184	  15	  0	183.6250	229.6329	 47.4871	 641.0037	  554.2970	 231.9888	625.9677	 24.3515	124.8761	132.2136	 75.7135	 75.7135	380.0595	451.5118	421.3176	421.3176	433.3643	436.0929	 36.2332	788.5586	  0.8985	   0.2008	  0.4213	    0.7536	  0.9163	   0.7536	  0.7776	 25.1875	 21.0048	 14.9907
2018	184	  16	  0	183.6667	246.4669	 40.7230	 522.4590	  449.0569	 228.8305	507.0760	 20.8393	 93.9257	121.8657	 71.5596	 71.5596	384.6086	439.3671	414.5919	414.5919	419.5073	430.5623	 33.0827	694.0281	  0.8607	   0.1623	  0.3705	    0.7536	  0.9163	   0.7536	  0.7920	 24.3375	 18.6198	 13.2860
2018	184	  17	  0	183.7083	260.8854	 33.0738	 388.5742	  335.0094	 204.7685	374.4122	 16.6501	 67.6253	 94.5826	 62.0320	 62.0320	384.1235	429.8073	409.4917	409.4917	408.9498	423.3397	 29.2930	579.6791	  0.8083	   0.1175	  0.3117	    0.7536	  0.9163	   0.7536	  0.7958	 23.8750	 15.6029	 11.0631
2018	184	  18	  0	183.7500	273.8187	 25.1115	 252.9848	  206.7506	 163.9376	241.3549	 12.4292	 48.5065	 65.4281	 49.1600	 48.3989	381.5319	420.3951	401.7430	403.6129	403.1335	413.1238	 25.2146	450.4172	  0.7390	   0.0869	  0.2538	    0.7536	  0.9163	   0.7536	  0.7988	 23.0042	 11.8706	  8.3079
2018	184	  19	  0	183.7917	286.0051	 17.2674	 130.6910	   70.5801	 108.3317	122.8226	  7.7319	 31.2899	 33.5568	 31.9394	 31.2899	381.5613	411.5046	397.4371	398.5110	398.5110	403.0544	 21.0836	314.4368	  0.6459	   0.0511	  0.1942	    0.7536	  0.9163	   0.7536	  0.8054	 22.1208	  7.7977	  5.3447
2018	184	  20	  0	183.8333	297.9999	  9.9060	  41.9871	    9.4851	  40.2062	 39.0341	  2.8472	 11.4776	 11.9811	 11.7001	 11.4776	382.4224	403.9903	393.3705	393.3855	393.3855	396.1270	 17.2244	182.0689	  0.5407	   0.0375	  0.1217	    0.7536	  0.9163	   0.7536	  0.8124	 20.8792	  6.8263	  4.5229
2018	184	  21	  0	183.8750	310.2029	  3.4405	   5.7925	    1.2967	   5.6868	  5.3741	  0.4010	  1.6309	  1.6349	  1.6349	  1.6309	381.6692	395.3707	387.7164	385.2640	385.2640	388.6343	 14.4988	 64.3190	  0.5711	   0.0085	  0.0563	    0.7536	  0.9163	   0.7536	  0.8154	 19.4500	  9.2683	  5.8439
2018	184	  22	  0	183.9167	322.8649	 -1.8029	   0.3021	    0.1640	   0.1432	  0.1337	  0.0101	  0.0414	  0.0414	  0.0414	  0.0414	379.3287	390.4482	381.9339	380.6519	380.6519	381.7771	 13.2885	 43.3143	  0.5821	   0.0000	  0.0012	    0.7536	  0.9163	   0.7536	  0.8168	 18.6292	  2.7139	  1.6531
2018	184	  23	  0	183.9583	336.0898	 -6.4101	   0.0052	    0.0000	   0.0000	  0.0000	  0.0000	  0.0000	  0.0000	  0.0000	  0.0000	377.1426	387.2027	378.4040	378.4040	378.4040	378.4040	 12.7491	 50.7303	  0.5087	   0.0000	  0.0000	    0.7536	  0.9163	   0.7536	  0.8164	 18.0208	  0.0000	  0.0000
2018	185	   0	  0	184.0000	349.8032	 -8.7854	   0.0000	    0.0000	   0.0000	  0.0000	  0.0000	  0.0000	  0.0000	  0.0000	  0.0000	376.0157	383.4927	374.8393	374.8393	374.8393	374.8393	 12.1004	 50.7220	  0.5086	   0.0000	  0.0000	    0.7536	  0.9163	   0.7536	  0.8164	 17.3208	  0.0000	  0.0000
2018	185	   1	  0	184.0417	 93.7551	 -9.2367	   0.0277	    0.0000	   0.0000	  0.0000	  0.0000	  0.0000	  0.0000	  0.0000	  0.0000	377.4548	380.0931	371.7040	371.7040	371.7040	371.7040	 11.5524	 50.5293	  0.5096	   0.0000	  0.0000	    0.7536	  0.9163	   0.7536	  0.8187	 16.6750	  0.0000	  0.0000
2018	185	   2	  0	184.0833	 17.6168	 -7.7568	   1.4258	    0.0000	   0.0000	  0.0000	  0.0000	  0.0000	  0.0000	  0.0000	  0.0000	379.1037	377.8027	369.3085	369.3085	369.3085	369.3085	 11.1415	 50.4958	  0.5373	   0.0000	  0.0000	    0.7536	  0.9163	   0.7536	  0.8207	 16.2375	  0.0000	  0.0000
2018	185	   3	  0	184.1250	 31.0930	 -4.1949	  15.1613	    0.0000	   0.0000	  0.0000	  0.0000	  0.0000	  0.0000	  0.0000	  0.0000	377.3916	376.2385	364.7980	364.7980	364.7980	364.7980	 10.3379	 50.5252	  0.7857	   0.0000	  0.0000	    0.7536	  0.9163	   0.7536	  0.8192	 15.9375	  0.0000	  0.0000
2018	185	   4	  0	184.1667	 44.0173	  0.9372	  70.7835	  118.8839	  50.2614	 52.4256	  3.5505	 14.4901	 14.4901	 14.4901	 14.4901	377.4089	378.1479	362.0855	362.0855	364.0375	364.0375	 12.2782	 38.9885	  1.0000	   0.0056	  0.0304	    0.7536	  0.9163	   0.7536	  0.8190	 16.2875	  2.6918	  0.0000
2018	185	   5	  0	184.2083	 56.4131	  6.7456	 185.6379	  635.8211	 109.9090	177.9214	  7.8494	 32.8273	 32.8273	 32.8729	 32.9130	379.9558	385.0913	368.0469	368.2817	370.7076	370.7076	 16.6346	124.3093	  1.0000	   0.0001	  0.0818	    0.7536	  0.9163	   0.7536	  0.8200	 17.6208	  7.0359	  0.4514
2018	185	   6	  0	184.2500	 68.4704	 13.7521	 321.0569	  691.6936	 156.4451	310.3585	 12.3815	 47.8626	 47.8626	 66.8675	 95.8593	384.6926	397.6034	379.3831	381.7881	380.9968	380.9968	 23.1362	250.4813	  1.0000	   0.0770	  0.1610	    0.7536	  0.9163	   0.7536	  0.8213	 19.2125	  9.6711	  2.8511
2018	185	   7	  0	184.2917	 80.5156	 21.4129	 452.5294	  718.6339	 190.0861	439.8441	 14.8681	 59.3359	 59.3359	 63.3648	 88.9554	388.7463	404.5272	386.0605	392.6807	387.9492	387.9492	 25.6919	384.4225	  1.0000	   0.0449	  0.2304	    0.7536	  0.9163	   0.7536	  0.8210	 20.6583	 12.1956	  5.3756
2018	185	   8	  0	184.3333	 93.0284	 29.3621	 578.1358	  743.8765	 213.4640	564.2418	 19.1734	 72.8292	 68.5504	 69.1036	140.1642	391.2094	414.8152	394.4682	403.6686	393.5548	395.1743	 29.9178	516.2730	  1.0000	   0.1110	  0.2843	    0.7536	  0.9163	   0.7536	  0.8201	 21.4625	 14.5646	  7.7446
2018	185	   9	  0	184.3750	106.6618	 37.2112	 685.6917	  769.5235	 220.4275	671.7899	 22.1468	 98.6179	 73.2075	 73.2075	155.9218	386.2308	423.9384	400.9002	412.2396	402.0043	400.9002	 32.9479	639.6935	  1.0000	   0.1420	  0.3430	    0.7536	  0.9163	   0.7536	  0.8080	 22.3042	 16.7361	  9.9161
2018	185	  10	  0	184.4167	122.2612	 44.4609	 765.2435	  787.9833	 213.5733	752.2807	 24.5774	126.7895	 73.9187	 73.9187	157.3794	379.1971	433.5436	406.3732	418.5986	412.8222	406.3732	 35.2113	745.2415	  1.0000	   0.1767	  0.3991	    0.7536	  0.9163	   0.7536	  0.7922	 23.0625	 18.6719	 11.8519
2018	185	  11	  0	184.4583	140.7643	 50.4261	 809.9577	  822.6096	 175.6435	800.2043	 26.3657	159.5388	 66.5668	 66.5668	141.8005	375.1670	444.5811	412.4698	422.3354	425.5565	412.4698	 36.5963	823.6549	  1.0000	   0.2297	  0.4406	    0.7536	  0.9163	   0.7536	  0.7813	 23.5792	 20.3375	 13.5175
2018	185	  12	  0	184.5000	162.5753	 54.2089	 819.8944	  799.5935	 171.5326	810.5143	 28.3923	183.6873	 66.5792	 66.5792	103.8460	374.8068	453.1661	417.5576	420.9989	436.8423	417.5576	 37.0804	868.2660	  0.9985	   0.2647	  0.4682	    0.7536	  0.9163	   0.7536	  0.7772	 23.9542	 21.7037	 14.8837
2018	185	  13	  0	184.5417	186.4208	 54.9708	 794.4004	  716.4110	 207.7024	782.0460	 29.9130	186.3544	 88.1509	 74.9869	 76.3452	372.3265	455.7091	418.8456	418.2985	440.8413	419.3953	 37.1731	878.1241	  0.9690	   0.2742	  0.4727	    0.7536	  0.9163	   0.7536	  0.7727	 23.8917	 22.7369	 15.9196
2018	185	  14	  0	184.5833	209.4597	 52.5094	 731.1321	  629.8435	 231.1595	716.6140	 28.1773	161.3428	124.4491	 78.5501	 78.5501	376.0032	453.6882	419.5364	419.5364	438.1843	428.2505	 37.4215	849.4735	  0.9317	   0.2485	  0.4555	    0.7536	  0.9163	   0.7536	  0.7765	 24.2333	 22.3235	 15.8290
2018	185	  15	  0	184.6250	229.5250	 47.4346	 636.4204	  539.7733	 238.5134	620.8479	 24.5800	125.1501	132.1407	 77.2343	 77.2343	381.1222	447.4126	418.2719	418.2719	429.9244	432.5242	 35.8234	786.1425	  0.8953	   0.2005	  0.4209	    0.7536	  0.9163	   0.7536	  0.7836	 24.6000	 20.5498	 14.6588
2018	185	  16	  0	184.6667	246.3638	 40.6780	 517.3769	  441.8230	 228.7522	501.9746	 20.7412	 93.4502	120.7674	 71.4103	 71.4103	377.3350	438.5504	413.2950	413.2950	418.0484	428.7604	 32.7284	696.3390	  0.8510	   0.1618	  0.3702	    0.7536	  0.9163	   0.7536	  0.7809	 24.2750	 18.1906	 12.9734
2018	185	  17	  0	184.7083	260.7894	 33.0325	 384.7867	  330.2499	 203.8204	370.6803	 16.5447	 67.2536	 93.7217	 61.6989	 61.6989	375.1764	428.4002	407.4441	407.4441	406.8667	420.8589	 28.8153	581.9497	  0.7994	   0.1173	  0.3114	    0.7536	  0.9163	   0.7536	  0.7830	 23.6750	 15.2609	 10.8148
2018	185	  18	  0	184.7500	273.7294	 25.0706	 252.8996	  211.2762	 162.1398	241.4107	 12.3196	 48.0384	 65.3486	 48.6973	 47.9242	374.5863	420.8436	401.3898	403.2681	402.7929	412.8590	 25.0643	451.6634	  0.7376	   0.0873	  0.2533	    0.7536	  0.9163	   0.7536	  0.7876	 23.0750	 11.9461	  8.3557
2018	185	  19	  0	184.7917	285.9214	 17.2243	 130.5185	   72.9442	 107.4375	122.7196	  7.6695	 31.0516	 33.3106	 31.6945	 31.0516	377.3856	411.9303	397.4441	398.5178	398.5178	403.1303	 21.0200	314.5375	  0.6455	   0.0499	  0.1940	    0.7536	  0.9163	   0.7536	  0.7987	 22.2042	  7.8617	  5.3852
2018	185	  20	  0	184.8333	297.9211	  9.8587	  40.9210	    9.1064	  39.2109	 38.0410	  2.7768	 11.1916	 11.6889	 11.4106	 11.1916	382.9512	404.3432	393.7714	393.8021	393.8021	396.5349	 17.2589	181.2224	  0.5363	   0.0379	  0.1213	    0.7536	  0.9163	   0.7536	  0.8128	 20.9417	  6.8158	  4.5123
2018	185	  21	  0	184.8750	310.1291	  3.3895	   5.1708	    1.0273	   5.0825	  4.7969	  0.3584	  1.4576	  1.4594	  1.4594	  1.4576	385.7836	396.0947	388.7882	386.3536	386.3536	389.7240	 14.7038	 63.3004	  0.5643	   0.0074	  0.0551	    0.7536	  0.9163	   0.7536	  0.8200	 19.5958	  9.2616	  5.8338
2018	185	  22	  0	184.9167	322.7970	 -1.8705	   0.1979	    0.0660	   0.0649	  0.0607	  0.0046	  0.0186	  0.0186	  0.0186	  0.0186	384.3261	390.9838	382.5874	382.0214	382.0214	382.5331	 13.5183	 47.0096	  0.5411	   0.0000	  0.0009	    0.7536	  0.9163	   0.7536	  0.8230	 18.7292	  1.2565	  0.7669
2018	185	  23	  0	184.9583	336.0294	 -6.4802	   0.0000	    0.0000	   0.0000	  0.0000	  0.0000	  0.0000	  0.0000	  0.0000	  0.0000	381.9350	386.2970	377.8501	377.8501	377.8501	377.8501	 12.7007	 50.4681	  0.5091	   0.0000	  0.0000	    0.7536	  0.9163	   0.7536	  0.8221	 17.8500	  0.0000	  0.0000
2018	186	   0	  0	185.0000	349.7525	 -8.8622	   0.0000	    0.0000	   0.0000	  0.0000	  0.0000	  0.0000	  0.0000	  0.0000	  0.0000	380.0096	383.0957	374.7061	374.7061	374.7061	374.7061	 12.1193	 50.4837	  0.5091	   0.0000	  0.0000	    0.7536	  0.9163	   0.7536	  0.8208	 17.2458	  0.0000	  0.0000
2018	186	   1	  0	185.0417	 93.7157	 -9.3200	   0.0977	    0.0000	   0.0000	  0.0000	  0.0000	  0.0000	  0.0000	  0.0000	  0.0000	380.0226	381.7127	373.3707	373.3707	373.3707	373.3707	 11.8801	 50.3485	  0.5114	   0.0000	  0.0000	    0.7536	  0.9163	   0.7536	  0.8211	 16.9833	  0.0000	  0.0000
2018	186	   2	  0	185.0833	 17.5897	 -7.8457	   1.3046	    0.0000	   0.0000	  0.0000	  0.0000	  0.0000	  0.0000	  0.0000	  0.0000	378.6659	381.3179	372.6300	372.6300	372.6300	372.6300	 11.7359	 50.3734	  0.5354	   0.0000	  0.0000	    0.7536	  0.9163	   0.7536	  0.8197	 16.9083	  0.0000	  0.0000
2018	186	   3	  0	185.1250	 31.0777	 -4.3068	   8.3598	    0.0000	   0.0000	  0.0000	  0.0000	  0.0000	  0.0000	  0.0000	  0.0000	377.0336	381.8001	371.3045	371.3045	371.3045	371.3045	 11.4999	 50.4059	  0.6753	   0.0000	  0.0000	    0.7536	  0.9163	   0.7536	  0.8179	 17.0000	  0.0000	  0.0000
2018	186	   4	  0	185.1667	 44.0123	  0.8531	  38.6004	  262.0756	  20.1797	 29.2772	  1.4404	  5.9757	  5.9757	  6.9957	  7.0157	373.1722	382.7619	366.1377	366.1377	368.1107	368.1107	 11.8031	 37.9718	  0.9808	   0.0044	  0.0294	    0.7536	  0.9163	   0.7536	  0.8134	 17.1625	  3.0423	  0.0000
2018	186	   5	  0	185.2083	 56.4166	  6.6544	 117.9542	  755.1282	  28.1178	116.3340	  2.1021	  9.6401	  9.6401	  9.6610	  9.6794	372.0458	384.5298	366.7325	366.9546	369.4077	369.4077	 13.0776	123.0578	  1.0000	   0.0001	  0.0807	    0.7536	  0.9163	   0.7536	  0.8113	 17.5167	  6.9948	  0.4274
2018	186	   6	  0	185.2500	 68.4804	 13.6597	 190.7323	  540.9073	  68.5503	186.2959	  5.8674	 22.0455	 22.0455	 37.7541	 60.3362	373.0863	391.3132	372.8491	375.0148	374.5279	374.5279	 17.7467	249.9958	  0.9703	   0.0766	  0.1603	    0.7536	  0.9163	   0.7536	  0.8102	 18.0792	  9.1307	  2.6303
2018	186	   7	  0	185.2917	 80.5302	 21.3205	 179.0048	  110.2530	 141.5519	168.7649	 10.1350	 41.0429	 41.0429	 41.6383	 44.1743	372.7380	388.4436	374.2052	376.4980	376.6980	376.6980	 18.6249	384.5862	  0.6776	   0.0445	  0.2296	    0.7536	  0.9163	   0.7536	  0.8101	 18.0750	  4.7070	  2.0106
2018	186	   8	  0	185.3333	 93.0451	 29.2696	 159.8365	   14.1129	 152.9409	148.6040	 10.8583	 43.4646	 43.3811	 43.3937	 44.7388	372.7244	388.1442	378.1372	377.8204	376.7470	378.8687	 18.9606	516.9385	  0.4667	   0.1107	  0.2835	    0.7536	  0.9163	   0.7536	  0.8108	 17.9083	  2.6147	  1.3834
2018	186	   9	  0	185.3750	106.6769	 37.1180	 275.5544	   44.5180	 247.8158	257.4373	 17.8908	 72.2359	 70.4331	 70.4331	 75.4453	373.7524	391.0329	380.1656	379.7255	377.9770	380.1656	 23.2250	637.9645	  0.5517	   0.1416	  0.3424	    0.7536	  0.9163	   0.7536	  0.8109	 18.2708	  3.2042	  1.9041
2018	186	  10	  0	185.4167	122.2681	 44.3669	 468.7685	  226.7878	 308.8523	446.8188	 24.5514	106.4336	 90.6629	 90.6629	114.3636	374.7995	399.8439	383.9546	387.0956	384.9591	383.9546	 28.4952	739.9277	  0.7279	   0.1760	  0.3984	    0.7536	  0.9163	   0.7536	  0.8086	 18.9333	  8.0677	  5.1298
2018	186	  11	  0	185.4583	140.7521	 50.3321	 617.6531	  397.2929	 311.4783	596.2446	 28.6920	140.2210	 95.2494	 95.2494	131.4093	375.7893	413.6050	391.6532	396.5692	398.5999	391.6532	 32.5205	815.8165	  0.8342	   0.2289	  0.4399	    0.7536	  0.9163	   0.7536	  0.8046	 19.8417	 13.1529	  8.7393
2018	186	  12	  0	185.5000	162.5306	 54.1181	 685.7044	  459.3318	 313.3308	664.4919	 31.4265	165.1746	 97.7889	 97.7889	118.3236	377.3208	421.3227	395.9880	397.3670	408.1407	395.9880	 34.1317	858.9623	  0.8648	   0.2636	  0.4676	    0.7536	  0.9163	   0.7536	  0.8044	 20.1375	 15.5190	 10.6399
2018	186	  13	  0	185.5417	186.3396	 54.8885	 774.4560	  632.8369	 256.8253	758.1359	 31.5061	184.4991	 98.7259	 86.4989	 87.5541	380.5952	432.2701	400.8174	400.2716	420.9072	401.3142	 35.2096	866.9383	  0.9580	   0.2732	  0.4722	    0.7536	  0.9163	   0.7536	  0.8055	 20.2167	 21.7346	 15.2117
2018	186	  14	  0	185.5833	209.3550	 52.4392	 743.8369	  625.2199	 248.0190	728.0559	 29.2307	165.2266	128.4859	 83.1018	 83.1018	381.8179	431.9680	401.3597	401.3597	419.5873	409.8471	 35.3623	839.9153	  0.9568	   0.2478	  0.4550	    0.7536	  0.9163	   0.7536	  0.8055	 20.5083	 22.5174	 15.9575
2018	186	  15	  0	185.6250	229.4144	 47.3756	 637.0071	  510.5860	 260.8308	619.6813	 25.7269	128.4060	134.7086	 82.8962	 82.8962	379.1351	422.2370	396.6202	396.6202	407.2535	409.5301	 33.0221	780.0349	  0.9025	   0.2002	  0.4204	    0.7536	  0.9163	   0.7536	  0.8034	 20.4375	 19.6750	 14.0271
2018	186	  16	  0	185.6667	246.2574	 40.6268	 515.5550	  410.3129	 247.7662	498.6473	 21.7364	 96.7410	121.9292	 76.2301	 76.2301	377.5013	415.4610	393.5409	393.5409	397.7540	407.4213	 30.0627	690.4053	  0.8550	   0.1614	  0.3699	    0.7536	  0.9163	   0.7536	  0.8025	 20.4083	 17.2161	 12.2718
2018	186	  17	  0	185.7083	260.6900	 32.9851	 382.1804	  301.3575	 217.1455	367.0124	 17.2899	 70.2346	 94.2743	 65.0976	 65.0976	377.5529	408.6481	390.5256	390.5256	389.8775	402.4981	 26.4253	576.8228	  0.8009	   0.1170	  0.3111	    0.7536	  0.9163	   0.7536	  0.8045	 20.2833	 14.3411	 10.1575
2018	186	  18	  0	185.7500	273.6369	 25.0236	 245.9952	  175.4388	 170.4002	233.8216	 12.7657	 50.0435	 64.7183	 50.5457	 49.9370	375.5621	401.3218	384.3976	386.2929	385.8381	394.2374	 22.3854	448.0194	  0.7265	   0.0878	  0.2527	    0.7536	  0.9163	   0.7536	  0.8058	 19.6667	 10.6795	  7.4661
2018	186	  19	  0	185.7917	285.8348	 17.1751	 117.8775	   40.7385	 104.8995	110.2148	  7.4458	 30.1447	 31.3359	 30.4843	 30.1447	374.9898	394.5429	381.7672	383.0797	383.0797	386.3806	 18.1273	312.5963	  0.6077	   0.0487	  0.1938	    0.7536	  0.9163	   0.7536	  0.8087	 19.0833	  6.6530	  4.5520
2018	186	  20	  0	185.8333	297.8399	  9.8052	  36.0175	    6.3583	  34.8258	 33.4579	  2.4639	  9.9325	 10.2876	 10.0883	  9.9325	377.9069	391.4696	381.7337	381.7907	381.7907	384.3952	 14.9436	180.2322	  0.5123	   0.0384	  0.1209	    0.7536	  0.9163	   0.7536	  0.8138	 18.5750	  6.7158	  4.4417
2018	186	  21	  0	185.8750	310.0534	  3.3325	   4.6217	    0.7075	   4.5629	  4.2858	  0.3217	  1.3082	  1.3095	  1.3095	  1.3082	377.7340	386.4600	379.2430	376.8207	376.8207	380.1758	 12.9178	 62.3833	  0.5630	   0.0061	  0.0539	    0.7536	  0.9163	   0.7536	  0.8146	 17.8125	  9.3030	  5.8525
2018	186	  22	  0	185.9167	322.7277	 -1.9456	   0.3312	    0.0701	   0.0688	  0.0642	  0.0049	  0.0197	  0.0197	  0.0197	  0.0197	372.7422	383.6236	374.8569	374.2667	374.2667	374.8033	 12.0190	 46.9787	  0.5471	   0.0000	  0.0008	    0.7536	  0.9163	   0.7536	  0.8123	 17.3458	  1.3076	  0.7970
2018	186	  23	  0	185.9583	335.9685	 -6.5571	   0.0208	    0.0000	   0.0000	  0.0000	  0.0000	  0.0000	  0.0000	  0.0000	  0.0000	369.9421	381.6693	372.7240	372.7240	372.7240	372.7240	 11.6557	 50.5464	  0.5099	   0.0000	  0.0000	    0.7536	  0.9163	   0.7536	  0.8101	 16.9750	  0.0000	  0.0000
2018	187	   0	  0	186.0000	349.1211	 -8.8972	   0.0000	    0.0000	   0.0000	  0.0000	  0.0000	  0.0000	  0.0000	  0.0000	  0.0000	367.3332	379.6991	370.7111	370.7111	370.7111	370.7111	 11.2646	 50.5893	  0.5095	   0.0000	  0.0000	    0.7536	  0.9163	   0.7536	  0.8079	 16.6000	  0.0000	  0.0000
