 Wd pai   fai   zH  zHmax   zHstd zd z0  noOfPixels
  0 0.559 0.372 16.186 26.086 6.535 11.330 1.619   399
  5 0.600 0.351 15.495 22.982 6.963 10.847 1.550   400
 10 0.537 0.367 15.051 25.849 8.490 10.536 1.505   404
 15 0.533 0.305 16.199 26.721 7.131 11.339 1.620   413
 20 0.548 0.411 15.658 28.004 6.920 10.961 1.566   423
 25 0.474 0.491 16.775 26.765 6.141 11.742 1.677   439
 30 0.399 0.401 18.835 29.454 4.808 13.184 1.883   459
 35 0.300 0.472 18.118 31.502 5.216 12.683 1.812   486
 40 0.276 0.374 20.467 35.030 6.806 14.327 2.047   519
 45 0.306 0.312 18.106 31.882 6.695 12.674 1.811   562
 50 0.335 0.346 18.319 25.686 4.344 12.824 1.832   519
 55 0.294 0.306 19.100 25.273 3.046 13.370 1.910   486
 60 0.218 0.410 19.826 25.086 2.959 13.878 1.983   459
 65 0.257 0.395 20.328 32.431 6.165 14.229 2.033   439
 70 0.355 0.406 19.525 34.879 8.173 13.667 1.952   423
 75 0.281 0.445 20.097 35.771 9.919 14.068 2.010   413
 80 0.307 0.254 22.854 32.596 5.991 15.998 2.285   404
 85 0.325 0.215 18.035 27.688 6.773 12.625 1.804   400
 90 0.383 0.308 17.403 24.504 5.437 12.182 1.740   399
 95 0.365 0.396 18.823 26.403 6.756 13.176 1.882   400
100 0.364 0.341 20.005 26.479 5.304 14.003 2.000   404
105 0.412 0.450 18.895 27.451 5.824 13.226 1.889   413
110 0.312 0.282 16.327 23.160 5.480 11.429 1.633   423
115 0.337 0.320 18.663 32.419 6.543 13.064 1.866   439
120 0.375 0.507 21.461 33.642 6.544 15.022 2.146   459
125 0.362 0.493 20.272 33.317 5.575 14.190 2.027   486
130 0.306 0.406 18.251 29.040 5.682 12.776 1.825   519
135 0.342 0.302 16.389 26.712 7.411 11.472 1.639   562
140 0.268 0.272 16.454 26.599 8.278 11.518 1.645   519
145 0.337 0.301 17.568 34.590 7.853 12.298 1.757   486
150 0.405 0.344 16.204 33.648 9.117 11.343 1.620   459
155 0.442 0.468 14.281 26.348 8.207 9.997 1.428   439
160 0.478 0.445 16.347 47.041 12.361 11.443 1.635   423
165 0.465 0.483 21.212 47.991 12.682 14.849 2.121   413
170 0.542 0.511 18.987 49.310 8.939 13.291 1.899   404
175 0.390 0.309 16.547 26.309 7.416 11.583 1.655   400
180 0.559 0.385 16.186 26.086 6.535 11.330 1.619   399
185 0.595 0.347 15.109 22.952 7.145 10.577 1.511   400
190 0.535 0.343 15.072 25.832 8.487 10.550 1.507   404
195 0.533 0.319 16.199 26.721 7.131 11.339 1.620   413
200 0.548 0.425 15.658 28.004 6.920 10.961 1.566   423
205 0.490 0.480 16.805 26.781 6.224 11.764 1.681   439
210 0.394 0.400 18.840 29.454 4.810 13.188 1.884   459
215 0.296 0.380 17.698 26.762 5.253 12.388 1.770   486
220 0.274 0.279 19.990 34.213 6.859 13.993 1.999   519
225 0.315 0.301 18.223 31.968 6.987 12.756 1.822   562
230 0.355 0.343 18.292 25.626 4.531 12.805 1.829   519
235 0.296 0.276 19.201 25.310 3.132 13.440 1.920   486
240 0.209 0.343 19.909 24.661 2.942 13.936 1.991   459
245 0.271 0.346 20.433 32.311 5.504 14.303 2.043   439
250 0.355 0.362 19.525 34.879 8.173 13.667 1.952   423
255 0.281 0.448 20.097 35.771 9.919 14.068 2.010   413
260 0.317 0.256 22.295 33.146 6.591 15.607 2.230   404
265 0.338 0.306 18.784 31.289 6.275 13.149 1.878   400
270 0.383 0.320 17.403 24.504 5.437 12.182 1.740   399
275 0.390 0.354 17.389 26.346 7.030 12.172 1.739   400
280 0.371 0.361 19.882 27.586 5.326 13.917 1.988   404
285 0.412 0.464 18.895 27.451 5.824 13.226 1.889   413
290 0.312 0.280 16.327 23.160 5.480 11.429 1.633   423
295 0.342 0.367 18.210 32.235 6.277 12.747 1.821   439
300 0.379 0.466 21.426 33.951 6.692 14.998 2.143   459
305 0.354 0.440 20.475 33.510 5.714 14.332 2.047   486
310 0.316 0.299 17.937 29.227 6.378 12.556 1.794   519
315 0.324 0.279 16.158 26.555 7.488 11.311 1.616   562
320 0.260 0.212 16.541 26.837 8.295 11.579 1.654   519
325 0.352 0.290 17.055 34.581 7.640 11.938 1.705   486
330 0.407 0.317 15.761 33.621 9.195 11.033 1.576   459
335 0.428 0.301 14.437 26.299 8.361 10.106 1.444   439
340 0.478 0.415 16.347 47.041 12.361 11.443 1.635   423
345 0.465 0.481 21.212 47.991 12.682 14.849 2.121   413
350 0.559 0.648 17.089 47.246 7.112 11.962 1.709   404
355 0.393 0.240 16.775 26.323 7.394 11.742 1.677   400
