 Wd pai   fai   zH  zHmax   zHstd zd z0  noOfPixels
  0 0.293 0.045 7.238 8.764 0.999 5.067 0.724   399
  5 0.312 0.052 6.584 8.692 1.268 4.609 0.658   400
 10 0.351 0.072 7.768 14.211 3.123 5.438 0.777   404
 15 0.288 0.105 8.816 16.346 3.363 6.171 0.882   413
 20 0.281 0.086 8.266 13.797 2.898 5.787 0.827   423
 25 0.396 0.116 8.193 17.271 3.885 5.735 0.819   439
 30 0.399 0.104 8.728 16.671 3.396 6.110 0.873   459
 35 0.278 0.075 6.231 13.191 2.614 4.362 0.623   486
 40 0.222 0.085 5.918 9.975 1.659 4.143 0.592   519
 45 0.315 0.118 5.755 10.406 2.584 4.029 0.576   562
 50 0.293 0.109 6.883 11.650 2.638 4.818 0.688   519
 55 0.247 0.105 5.845 10.055 2.483 4.092 0.585   486
 60 0.320 0.031 5.770 10.117 1.900 4.039 0.577   459
 65 0.360 0.086 6.294 12.991 2.582 4.406 0.629   439
 70 0.364 0.123 7.147 11.965 2.185 5.003 0.715   423
 75 0.240 0.190 8.562 11.976 2.175 5.994 0.856   413
 80 0.376 0.092 8.229 14.981 2.744 5.760 0.823   404
 85 0.245 0.079 7.684 11.500 2.080 5.379 0.768   400
 90 0.233 0.050 8.301 11.512 1.225 5.811 0.830   399
 95 0.273 0.049 8.328 11.603 1.181 5.830 0.833   400
100 0.257 0.038 8.003 11.216 0.855 5.602 0.800   404
105 0.375 0.105 7.436 11.305 1.849 5.205 0.744   413
110 0.329 0.072 6.550 8.864 2.099 4.585 0.655   423
115 0.223 0.082 6.445 8.845 2.449 4.512 0.645   439
120 0.224 0.033 6.649 9.146 2.095 4.654 0.665   459
125 0.210 0.063 7.656 10.673 2.124 5.359 0.766   486
130 0.123 0.050 8.882 10.865 1.170 6.218 0.888   519
135 0.059 0.052 6.794 10.561 3.144 4.756 0.679   562
140 0.050 0.044 6.964 10.029 2.831 4.875 0.696   519
145 0.000 0.000 0.000 0.000 0.000 0.000 0.000   486
150 0.033 0.023 9.615 10.752 0.760 6.731 0.962   459
155 0.041 0.050 6.051 7.426 1.004 4.236 0.605   439
160 0.227 0.035 7.486 8.924 1.106 5.240 0.749   423
165 0.264 0.015 7.483 8.918 0.992 5.238 0.748   413
170 0.287 0.015 7.355 8.877 1.024 5.148 0.735   404
175 0.292 0.015 7.318 8.904 1.040 5.122 0.732   400
180 0.293 0.034 7.238 8.764 0.999 5.067 0.724   399
185 0.320 0.050 6.327 8.664 1.279 4.429 0.633   400
190 0.351 0.042 8.069 14.183 3.204 5.648 0.807   404
195 0.288 0.088 8.816 16.346 3.363 6.171 0.882   413
200 0.281 0.059 8.266 13.797 2.898 5.787 0.827   423
205 0.394 0.080 8.261 17.275 3.927 5.783 0.826   439
210 0.399 0.086 8.724 16.671 3.400 6.107 0.872   459
215 0.284 0.092 6.090 12.814 2.459 4.263 0.609   486
220 0.220 0.070 5.853 9.896 1.636 4.097 0.585   519
225 0.308 0.134 5.867 10.342 2.596 4.107 0.587   562
230 0.285 0.112 7.005 12.075 2.720 4.903 0.700   519
235 0.237 0.094 5.815 10.039 2.505 4.071 0.582   486
240 0.325 0.063 5.798 10.117 1.907 4.058 0.580   459
245 0.355 0.105 6.172 11.845 2.543 4.320 0.617   439
250 0.364 0.131 7.147 11.965 2.185 5.003 0.715   423
255 0.240 0.177 8.562 11.976 2.175 5.994 0.856   413
260 0.371 0.102 8.212 14.259 2.722 5.749 0.821   404
265 0.263 0.073 7.200 11.497 2.315 5.040 0.720   400
270 0.233 0.065 8.301 11.512 1.225 5.811 0.830   399
275 0.270 0.035 8.253 11.142 1.015 5.777 0.825   400
280 0.257 0.053 8.022 11.169 0.887 5.615 0.802   404
285 0.375 0.090 7.436 11.305 1.849 5.205 0.744   413
290 0.329 0.083 6.550 8.864 2.099 4.585 0.655   423
295 0.232 0.065 6.593 9.015 2.458 4.615 0.659   439
300 0.224 0.049 6.706 9.146 2.054 4.695 0.671   459
305 0.228 0.074 7.445 10.665 2.177 5.211 0.744   486
310 0.139 0.049 8.862 10.887 1.154 6.204 0.886   519
315 0.064 0.058 7.308 10.690 2.769 5.116 0.731   562
320 0.054 0.022 6.751 9.935 2.809 4.726 0.675   519
325 0.000 0.000 0.000 0.000 0.000 0.000 0.000   486
330 0.033 0.000 9.615 10.752 0.760 6.731 0.962   459
335 0.052 0.042 6.295 7.419 0.347 4.406 0.629   439
340 0.227 0.041 7.486 8.924 1.106 5.240 0.749   423
345 0.264 0.028 7.483 8.918 0.992 5.238 0.748   413
350 0.295 0.043 7.341 8.878 1.032 5.139 0.734   404
355 0.292 0.027 7.309 8.897 1.042 5.116 0.731   400
