 Wd pai   fai   zH  zHmax   zHstd zd z0  noOfPixels
  0 0.135 0.171 9.461 24.374 7.082 6.623 0.946   399
  5 0.188 0.233 8.167 19.995 5.182 5.717 0.817   400
 10 0.208 0.237 5.656 17.552 4.027 3.959 0.566   404
 15 0.179 0.211 7.670 22.330 5.115 5.369 0.767   413
 20 0.173 0.246 7.165 22.451 5.883 5.015 0.716   423
 25 0.271 0.260 7.639 22.385 5.326 5.348 0.764   439
 30 0.229 0.219 8.024 21.307 5.260 5.617 0.802   459
 35 0.235 0.228 6.899 19.801 4.445 4.829 0.690   486
 40 0.148 0.156 6.102 16.923 3.856 4.272 0.610   519
 45 0.100 0.121 5.625 11.787 2.358 3.938 0.563   562
 50 0.100 0.117 5.834 15.664 3.677 4.084 0.583   519
 55 0.095 0.111 6.371 14.816 4.166 4.459 0.637   486
 60 0.166 0.196 9.130 20.684 5.774 6.391 0.913   459
 65 0.062 0.084 8.286 15.330 3.520 5.800 0.829   439
 70 0.125 0.140 4.740 8.490 1.949 3.318 0.474   423
 75 0.090 0.122 6.549 13.757 3.332 4.584 0.655   413
 80 0.082 0.088 5.397 11.523 3.292 3.778 0.540   404
 85 0.037 0.061 3.887 8.674 1.977 2.721 0.389   400
 90 0.228 0.152 5.172 12.014 3.080 3.620 0.517   399
 95 0.105 0.076 4.825 10.464 2.392 3.378 0.483   400
100 0.062 0.085 4.197 8.969 2.160 2.938 0.420   404
105 0.109 0.148 4.821 10.288 1.905 3.375 0.482   413
110 0.064 0.058 7.119 14.349 3.977 4.983 0.712   423
115 0.112 0.122 6.033 15.630 3.631 4.223 0.603   439
120 0.144 0.128 6.110 12.181 3.369 4.277 0.611   459
125 0.175 0.122 5.851 13.440 3.753 4.095 0.585   486
130 0.094 0.128 6.403 15.788 3.518 4.482 0.640   519
135 0.178 0.174 5.272 17.515 3.772 3.690 0.527   562
140 0.146 0.153 5.375 14.433 3.587 3.763 0.538   519
145 0.259 0.212 6.079 20.454 4.315 4.255 0.608   486
150 0.181 0.199 6.370 16.688 4.148 4.459 0.637   459
155 0.082 0.125 5.833 16.182 4.240 4.083 0.583   439
160 0.137 0.117 3.893 8.222 1.488 2.725 0.389   423
165 0.177 0.178 5.808 20.318 4.379 4.066 0.581   413
170 0.205 0.198 6.895 20.502 3.712 4.826 0.689   404
175 0.177 0.173 5.731 9.718 2.062 4.012 0.573   400
180 0.135 0.143 9.461 24.374 7.082 6.623 0.946   399
185 0.182 0.200 7.623 18.839 4.648 5.336 0.762   400
190 0.183 0.179 5.407 16.122 3.643 3.785 0.541   404
195 0.179 0.201 7.670 22.330 5.115 5.369 0.767   413
200 0.173 0.229 7.165 22.451 5.883 5.015 0.716   423
205 0.262 0.242 8.086 21.807 5.100 5.660 0.809   439
210 0.229 0.173 7.960 21.307 5.275 5.572 0.796   459
215 0.218 0.185 6.908 17.763 4.158 4.836 0.691   486
220 0.150 0.141 5.880 16.016 3.838 4.116 0.588   519
225 0.103 0.093 5.197 9.628 2.340 3.638 0.520   562
230 0.108 0.121 6.199 17.507 4.247 4.339 0.620   519
235 0.093 0.116 6.579 16.406 4.185 4.605 0.658   486
240 0.161 0.195 9.327 20.684 5.764 6.529 0.933   459
245 0.077 0.092 7.378 17.350 4.626 5.165 0.738   439
250 0.125 0.136 4.740 8.490 1.949 3.318 0.474   423
255 0.090 0.126 6.549 13.757 3.332 4.584 0.655   413
260 0.062 0.069 6.858 11.732 3.729 4.800 0.686   404
265 0.033 0.040 3.082 5.048 0.904 2.157 0.308   400
270 0.228 0.161 5.172 12.014 3.080 3.620 0.517   399
275 0.113 0.114 4.810 8.811 2.247 3.367 0.481   400
280 0.057 0.088 5.599 12.487 2.798 3.919 0.560   404
285 0.109 0.140 4.821 10.288 1.905 3.375 0.482   413
290 0.064 0.059 7.119 14.349 3.977 4.983 0.712   423
295 0.123 0.148 5.667 15.309 3.585 3.967 0.567   439
300 0.153 0.101 5.961 12.181 3.339 4.173 0.596   459
305 0.165 0.139 6.035 14.723 3.635 4.224 0.603   486
310 0.106 0.203 5.937 14.872 3.562 4.156 0.594   519
315 0.164 0.160 5.647 17.515 3.922 3.953 0.565   562
320 0.143 0.122 5.367 14.840 3.477 3.757 0.537   519
325 0.253 0.269 5.995 20.722 4.116 4.196 0.599   486
330 0.176 0.209 6.320 16.688 4.209 4.424 0.632   459
335 0.087 0.120 5.446 14.501 3.393 3.812 0.545   439
340 0.137 0.142 3.893 8.222 1.488 2.725 0.389   423
345 0.177 0.173 5.808 20.318 4.379 4.066 0.581   413
350 0.203 0.194 6.036 18.825 3.041 4.225 0.604   404
355 0.195 0.166 5.949 11.347 2.326 4.164 0.595   400
