 Wd pai   fai   zH  zHmax   zHstd zd z0  noOfPixels
  0 0.070 0.041 6.007 10.145 2.120 4.205 0.601   399
  5 0.018 0.032 2.985 5.982 1.307 2.090 0.299   400
 10 0.017 0.019 4.394 7.256 2.023 3.076 0.439   404
 15 0.015 0.027 5.465 7.156 1.188 3.825 0.546   413
 20 0.017 0.031 7.897 12.067 2.963 5.528 0.790   423
 25 0.000 0.000 0.000 0.000 0.000 0.000 0.000   439
 30 0.013 0.024 10.538 11.226 0.341 7.377 1.054   459
 35 0.014 0.024 8.714 11.773 2.326 6.100 0.871   486
 40 0.008 0.014 7.008 7.502 0.523 4.905 0.701   519
 45 0.012 0.018 7.950 9.776 1.426 5.565 0.795   562
 50 0.008 0.013 2.851 4.360 0.872 1.996 0.285   519
 55 0.016 0.025 7.758 9.972 1.708 5.430 0.776   486
 60 0.039 0.065 6.259 11.404 3.163 4.381 0.626   459
 65 0.032 0.050 5.434 8.370 1.735 3.804 0.543   439
 70 0.069 0.098 5.168 9.843 2.726 3.618 0.517   423
 75 0.036 0.041 4.419 7.320 1.625 3.094 0.442   413
 80 0.042 0.045 9.727 13.674 3.930 6.809 0.973   404
 85 0.045 0.067 9.509 16.455 4.012 6.657 0.951   400
 90 0.028 0.035 6.595 12.165 3.406 4.617 0.660   399
 95 0.010 0.035 6.471 9.544 2.353 4.530 0.647   400
100 0.030 0.037 10.115 13.866 2.697 7.080 1.011   404
105 0.019 0.017 5.038 7.856 1.553 3.527 0.504   413
110 0.012 0.036 4.014 5.367 1.381 2.810 0.401   423
115 0.009 0.017 2.494 2.749 0.275 1.746 0.249   439
120 0.046 0.047 5.728 8.758 1.682 4.010 0.573   459
125 0.051 0.115 4.954 13.424 2.492 3.468 0.495   486
130 0.037 0.055 6.836 14.453 4.475 4.785 0.684   519
135 0.075 0.140 7.928 13.789 3.108 5.549 0.793   562
140 0.152 0.145 9.181 15.217 3.582 6.427 0.918   519
145 0.080 0.140 8.086 13.349 2.521 5.660 0.809   486
150 0.020 0.032 4.126 7.189 1.866 2.888 0.413   459
155 0.023 0.092 7.861 22.937 5.588 5.502 0.786   439
160 0.009 0.007 3.173 3.665 0.398 2.221 0.317   423
165 0.000 0.000 0.000 0.000 0.000 0.000 0.000   413
170 0.037 0.046 4.999 7.046 1.404 3.500 0.500   404
175 0.035 0.024 5.500 7.807 1.401 3.850 0.550   400
180 0.070 0.049 6.007 10.145 2.120 4.205 0.601   399
185 0.007 0.011 2.293 2.429 0.183 1.605 0.229   400
190 0.010 0.018 4.004 6.638 1.848 2.803 0.400   404
195 0.015 0.033 5.465 7.156 1.188 3.825 0.546   413
200 0.017 0.028 7.897 12.067 2.963 5.528 0.790   423
205 0.000 0.000 0.000 0.000 0.000 0.000 0.000   439
210 0.013 0.023 9.886 10.651 0.731 6.920 0.989   459
215 0.016 0.031 8.795 11.773 1.916 6.156 0.879   486
220 0.010 0.014 7.797 8.690 0.720 5.458 0.780   519
225 0.012 0.022 7.099 9.719 1.823 4.969 0.710   562
230 0.012 0.013 5.436 6.996 2.061 3.806 0.544   519
235 0.014 0.019 8.954 9.972 0.663 6.268 0.895   486
240 0.039 0.066 6.582 11.404 3.181 4.607 0.658   459
245 0.036 0.047 5.126 8.120 1.941 3.588 0.513   439
250 0.069 0.090 5.168 9.843 2.726 3.618 0.517   423
255 0.036 0.036 4.419 7.320 1.625 3.094 0.442   413
260 0.035 0.041 10.228 13.136 3.485 7.160 1.023   404
265 0.040 0.069 9.046 16.537 4.256 6.332 0.905   400
270 0.028 0.038 6.595 12.165 3.406 4.617 0.660   399
275 0.020 0.037 7.630 10.738 2.435 5.341 0.763   400
280 0.027 0.031 10.841 13.852 3.225 7.588 1.084   404
285 0.019 0.016 5.038 7.856 1.553 3.527 0.504   413
290 0.012 0.035 4.014 5.367 1.381 2.810 0.401   423
295 0.011 0.015 2.148 2.368 0.113 1.504 0.215   439
300 0.046 0.050 5.728 8.758 1.682 4.010 0.573   459
305 0.035 0.050 4.376 9.735 1.823 3.063 0.438   486
310 0.039 0.062 6.747 14.026 3.413 4.723 0.675   519
315 0.048 0.091 9.058 13.789 3.018 6.341 0.906   562
320 0.181 0.147 8.156 15.324 3.404 5.709 0.816   519
325 0.099 0.106 8.377 14.990 2.902 5.864 0.838   486
330 0.017 0.031 3.614 7.189 1.579 2.530 0.361   459
335 0.023 0.040 6.677 9.310 1.758 4.674 0.668   439
340 0.009 0.008 3.173 3.665 0.398 2.221 0.317   423
345 0.000 0.000 0.000 0.000 0.000 0.000 0.000   413
350 0.035 0.056 4.611 7.176 1.427 3.228 0.461   404
355 0.033 0.014 4.874 7.718 1.971 3.412 0.487   400
